2.42732
2.04345
2.32311
2.86288
2.36105
12.4953
19.2957
2.27586
4.85217
6.88257
2.13113
1.91614
2.18032
2.82475
2.63622
7.60701
4.26986
4.10474
3.52633
13.3675
2.93762
4.87582
2.28465
1.85008
3.07951
4.69299
1.91797
1.9992
3.30581
5.21152
2.32552
15.8355
3.5491
1.97353
17.3333
1.89657
3.78968
1.97932
2.13725
21.7241
2.6484
3.69652
2.51501
3.67434
5.04391
11.2153
11.7037
6.00805
4.35396
4.08677
2.16257
2.92335
1.93126
2.01018
3.66263
4.51444
2.31152
2.25178
2.25454
5.59929
4.08958
5.68241
2.12371
7.28272
2.93357
1.96162
4.12024
3.60032
2.14657
4.02811
3.65595
5.25811
3.61577
2.5955
2.15779
4.79955
17.494
2.51894
11.2028
3.23888
4.23482
4.84322
1.88786
2.88713
5.07372
4.06925
2.53081
2.30943
2.94467
2.17149
2.46934
2.57694
2.21617
2.96926
4.37847
2.72044
2.53344
3.04048
3.65443
2.28293
2.03172
4.27419
1.83221
2.40425
1.91586
2.20304
3.53548
7.92168
2.01734
2.01402
2.11447
2.10226
2.46441
10.8307
2.15876
6.63773
5.51872
2.37675
2.56768
1.95603
3.23912
2.28881
2.79294
2.26089
2.53715
10.2696
2.27817
1.95013
4.28312
7.39867
10.2903
5.72134
3.63508
2.30803
12.7449
1.90346
2.38694
2.14248
3.40232
2.16241
2.50028
2.77732
2.01537
3.42809
2.318
4.57444
1.94128
4.25095
3.50093
2.78534
2.03406
2.42095
4.6662
3.37959
2.17816
2.54372
2.24768
8.83009
2.43014
3.85071
9.04788
82.4676
2.33131
2.26656
4.94047
3.48177
2.795
1.90139
2.2799
4.25061
2.0855
3.11651
29.3012
2.52001
3.15933
6.04407
6.80659
3.35524
2.00908
7.53686
6.73792
5.75953
4.08811
1.88425
4.6218
4.61404
5.94146
2.42664
3.37758
1.99604
2.2534
5.89497
2.01637
2.45248
1.87678
1.98358
3.46469
6.54796
2.61826
2.0147
8.8402
2.0389
13.45
1.8781
1.90783
13.1347
3.463
2.77032
3.05765
2.50465
3.75796
2.00251
2.75711
2.21186
13.0001
2.70651
4.39021
6.4417
3.04763
2.57744
11.2022
2.58363
3.05546
3.4304
5.1749
2.16974
1.98764
11.9532
2.1886
2.28519
3.5666
2.98624
4.58415
3.10431
2.73461
1.93722
3.95406
3.97623
2.05071
2.38519
2.76845
1.88384
1.96673
3.4038
1.9563
18.0329
1.91861
3.00999
2.11302
6.76298
1.90126
4.228
3.43578
3.32427
2.1673
1.90529
4.15741
1.91465
2.52638
8.90573
4.28634
7.42306
2.61556
3.67986
2.06059
2.8011
2.30457
2.42361
3.15406
4.30123
3.36226
2.32375
2.6838
7.82835
2.57168
3.75156
2.40954
5.36123
2.11207
1.94647
2.10226
5.01306
2.17057
1.85072
2.28349
1.84281
3.94266
12.1497
2.20087
2.11778
4.90956
1.96652
6.77764
2.15936
1.93032
2.84276
3.21381
2.13461
4.35978
2.47782
11.0353
2.59252
6.63315
3.05001
3.85024
4.90446
4.01398
2.29598
14.9317
2.49388
1.99212
1.93142
2.005
3.16455
2.7807
5.44962
1.86385
3.1118
3.60635
2.61648
6.78733
17.8159
3.01362
3.20168
2.90277
2.86778
2.01854
10.0344
2.11941
3.85614
1.95259
3.12367
32.8822
3.39474
7.78605
3.28546
2.84131
6.52724
4.44383
2.26066
2.35356
8.64017
1.83723
1.83153
2.37227
6.21043
13.0313
3.4247
10.7932
3.91458
2.55071
1.98177
1.93857
6.21811
6.49422
4.01267
2.29206
2.13708
8.70026
2.4527
2.23621
2.20293
2.66146
3.12189
1.95529
2.52009
9.96376
10.3706
3.00753
1.98275
3.58299
2.96053
1.9546
2.02666
1.95056
2.14128
