3886.25
3829.02
13.996
9156.66
11080.1
23855.8
115199
11269.2
1332.19
1025.26
158.449
3480.97
528.698
7939.29
10170
23373.4
1443.61
9052.54
5211.16
67064.3
10915.5
32879.4
15657.7
90.1337
3614.62
1364.84
211.781
12236.5
4536.56
23863.9
40311.6
75593.1
9836.23
5271.55
134383
141.44
5633.03
1736.48
72774.3
332.256
50.9487
141.605
580.338
34750.7
12327.9
42718.2
5548.14
6079.28
2627.58
1797.24
67.2479
26490.6
1729.11
15407.2
377.871
21158.7
5100.31
2316.39
3852.1
3201.59
37055.6
18244.3
1707.08
377.008
194.597
854.551
4681.43
2731.63
6200.68
125.337
2414.38
22553.5
46762.6
122436
4168.75
19093.3
8886.27
8786.12
3016.22
9804.41
1735.22
2338.17
8046.26
46.0258
5672.37
24875.6
891.205
31237.3
21791.8
5179.35
2768.71
6173.4
45534.1
229.064
1361.34
28.7041
2183.06
1310.88
59.3502
18003.7
34019.2
8897.01
333.141
1253.61
12394.1
937.18
4263.76
6067.93
2440.56
532.209
1616.62
21128.4
521.098
6140.58
1.07713e+06
1181.52
32684.7
13653.2
31352.2
1064.82
1931.69
2958.7
57163.1
223.325
223.576
4014.6
603.426
8999.75
1754.11
64538.7
1860.15
2340.68
22158.5
1664.65
3004.57
5116.03
154.219
7214.81
23.3012
2260.52
3997.46
75.056
6580.81
1.41379e+06
3099.65
2104.6
7897.46
9907.05
17150.7
126.475
1148.56
3804.88
18.8129
91462.1
4342.25
769.669
10076.5
32741.1
3512.64
1283.99
18684.7
30746.6
10047.9
12862.3
64048.3
2795.7
3741.51
13017.6
3565.16
57.632
125.337
22593.2
578.995
10829.9
3862.62
9988.5
9931.57
25587
6695.7
47199.4
24796
2996.32
408.219
790.442
1774.31
2243.51
6586.66
2307.35
117847
7144.91
20627.7
918.505
618.626
31414.7
162.54
21541.4
2071.67
1860.15
9678.79
15149.1
23406.2
7793.03
8314.5
2919.28
28.2859
1340.65
8330.65
10079.9
6114.1
23515.2
2744.57
8852.83
930.397
60855.2
304.858
14603.5
2410.57
841.249
10344.3
7636.31
3901.44
41.5979
15797.6
8111.69
5269.08
13946.9
980.927
42748
9537.8
4582.54
1307.82
15.0853
1726.85
2404.75
21148.2
18724.8
28580.5
5192.18
4596.59
3254.25
5934.83
40.551
174.161
53678.1
102.647
2120.89
2291.72
229.377
51964.3
3325.69
1363.18
23319.7
1034.77
11302.2
19498.9
5250.83
89196.1
995.893
697.23
3815.35
7409.43
12351.4
930.658
30841.1
23733.3
9858.29
3783.28
4854.11
3265.93
747.083
4344.19
3706.13
6971.76
12679.7
1224.8
12953.7
346.407
2167.53
32428.6
973.691
42.0984
995.87
4211.45
81118.5
11205.5
11285.2
4212.62
445.128
7908.22
3125.27
9059.18
11364.3
9088.81
333.141
154269
32341.8
19728
56076.3
2034.95
901.25
12858.5
32334.7
20573.4
705.161
8188
850.193
4868.23
52612.8
11049.8
38.6685
674.237
8736.18
2617.3
548.352
56139.2
8203.35
8823.74
21.902
4531.95
908.189
45205.5
302.912
