# Singular values
2.912511975409331058e+02
1.479619686178824338e+02
1.142921334853336077e+02
9.928823917946337474e+01
9.088887041899704400e+01
8.248764192967864517e+01
8.049269585183144216e+01
7.163565718141880723e+01
6.912571393594679137e+01
6.120408112744642892e+01
5.666355322894624180e+01
4.542840484286658409e+01
4.275509923370194088e+01
4.031599160510942426e+01
3.878165915999417734e+01
3.821759894316723916e+01
3.770971543794740199e+01
3.754061357043769220e+01
3.617194607261025396e+01
3.520818762692589843e+01
3.375843973600431980e+01
3.192056627305955274e+01
3.134782418630630474e+01
3.012108316363453042e+01
3.006979604845735921e+01
2.869306648418481842e+01
2.793528323916316936e+01
2.710696590154422481e+01
2.652871427131109883e+01
2.624248217169684949e+01
2.537780583889789909e+01
2.493610240836837377e+01
2.454723280596526536e+01
2.438349456601902077e+01
2.219462305626112553e+01
2.202599938483565012e+01
2.193772018770724230e+01
2.136663289085298700e+01
2.119678318467769884e+01
2.102238443513809329e+01
2.096963432714402487e+01
2.047388469783249931e+01
2.034833254206521858e+01
2.011552018253866336e+01
2.007510167629859410e+01
1.978064497608136563e+01
1.969432461640149867e+01
1.904268772731798975e+01
1.880322601981996300e+01
1.859496670568368515e+01
1.803046628132955931e+01
1.796604708863967659e+01
1.777406575691280111e+01
1.767744741093645544e+01
1.727212468592226813e+01
1.717855569560816775e+01
1.701700864991848761e+01
1.660292591997859546e+01
1.639955365845579749e+01
1.618237948139141125e+01
1.617749598607949579e+01
1.614488146294954873e+01
1.592437226130945227e+01
1.582165548602813843e+01
1.548874388190054852e+01
1.545325992819733862e+01
1.542230490889417460e+01
1.512112422787193289e+01
1.506268506050911427e+01
1.489652415850167166e+01
1.457790997132806865e+01
1.453134584460681822e+01
1.452138205010635907e+01
1.435683293433296726e+01
1.423259333396476123e+01
1.397111103802964749e+01
1.375832461058799616e+01
1.358875189517903870e+01
1.357305736506140015e+01
1.350722452939164064e+01
1.344873826329414257e+01
1.331083090842388117e+01
1.317749432583711844e+01
1.313436086079388687e+01
1.300308785620622309e+01
1.290303288293399930e+01
1.286385914473407155e+01
1.282805315013918701e+01
1.267096233512726400e+01
1.265115217045562090e+01
1.240671234462253736e+01
1.239689139201452228e+01
1.223602019999990098e+01
1.221497766673475560e+01
1.210720120610849371e+01
1.204913869167564577e+01
1.193216132932199081e+01
1.187944271052342415e+01
1.186018744122988444e+01
1.178163535914927706e+01
1.167068191348730721e+01
1.162903464489478367e+01
1.151462011189069656e+01
1.150300698020544488e+01
1.134380759206781697e+01
1.128339539265802394e+01
1.124388764558947607e+01
1.113773083588651325e+01
1.101043247636630085e+01
1.094443367463912153e+01
1.093928866248805143e+01
1.085721598501056029e+01
1.081742651075992789e+01
1.072746399001655959e+01
1.069896920318265821e+01
1.055725320330570582e+01
1.053880783781821329e+01
1.043571695329939963e+01
1.040103852967374465e+01
1.029274111454050811e+01
1.017443377775946622e+01
1.013237811969299429e+01
1.010960136429763168e+01
1.009756334741022243e+01
9.992959707011713988e+00
9.967268149570829294e+00
9.841891961105325493e+00
9.813892277951504539e+00
9.739935973421749438e+00
9.702160191930962796e+00
9.686771504658779008e+00
9.566810825309742583e+00
9.513674079521063476e+00
9.488694861343601517e+00
9.371395105262386949e+00
9.360719589509074012e+00
9.297672098594057744e+00
9.246165296524218036e+00
9.239442894677482698e+00
9.146163160038275564e+00
9.141497205014770699e+00
9.074813663536065889e+00
9.038413344733267962e+00
9.024060072361960394e+00
8.973281695816918813e+00
8.968111126580973647e+00
8.917565121963233921e+00
8.890829051500428903e+00
8.876321886474785927e+00
8.843237995099466175e+00
8.840947880684904447e+00
8.773680282741873171e+00
8.741282792646284605e+00
8.677596636569393951e+00
8.634724721660072433e+00
8.521912993937378999e+00
8.474411652019565366e+00
8.445154446487277866e+00
8.382440222640262562e+00
8.366309121271246596e+00
8.337098653664359205e+00
8.314927146428543026e+00
8.284594302824759282e+00
8.266577081479560718e+00
8.207936091342174834e+00
8.166577145556253470e+00
8.145451859202289313e+00
8.080645727062867323e+00
8.051735510979117549e+00
8.008893262650833123e+00
7.989159801280230511e+00
7.937044283288589241e+00
7.868238320057606039e+00
7.862335321198258953e+00
7.834086278977989259e+00
7.775379660477689470e+00
7.660892969998982949e+00
7.654845408994879641e+00
7.633081100512892903e+00
7.552507850364215791e+00
7.542359382145694013e+00
7.516498472862979341e+00
7.472951223844867208e+00
7.446469855377106484e+00
7.409163306479616296e+00
7.364815319965519969e+00
7.332887961269903165e+00
7.230075159137496321e+00
7.220994879845465064e+00
7.200580276047488404e+00
7.174963532266310118e+00
7.170570320574960022e+00
7.117545733706649003e+00
7.117081072775388151e+00
7.096636198407821006e+00
7.045287629513253158e+00
7.022806798311997944e+00
7.000000000000034639e+00
6.970983694119217589e+00
6.945457946131448956e+00
6.921630919880175092e+00
6.890828935137886191e+00
6.854140136579922604e+00
6.813431233431812117e+00
6.807371238139229952e+00
6.763288951028734175e+00
6.760787953706482334e+00
6.740507922167622290e+00
6.738399791755942836e+00
6.702259146212746543e+00
6.684346957900306307e+00
6.660491414780720376e+00
6.618637513360608793e+00
6.604974702769635719e+00
6.581443678186162494e+00
6.565791991560376850e+00
6.533577439132439046e+00
6.486128202807571519e+00
6.484532124429680522e+00
6.470000796579703284e+00
6.462201697881424067e+00
6.440260664110599720e+00
6.426029006370157504e+00
6.394659221626284307e+00
6.390202121062666052e+00
6.373708031454106582e+00
6.364279142564338798e+00
6.345196094398212416e+00
6.316666510896356002e+00
6.296257333809291978e+00
6.286596677557948709e+00
6.265414804998623133e+00
6.248721293756950956e+00
6.238844373030345558e+00
6.209631178345842883e+00
6.149149934575232734e+00
6.142651565886613874e+00
6.127810087204080602e+00
6.110835339982570780e+00
6.102125249739612123e+00
6.075618872379030755e+00
6.059051442097539208e+00
6.034326042199990248e+00
6.033334728036713557e+00
6.012770726079692096e+00
5.948461038696450487e+00
5.925207251128829178e+00
5.921644565617711464e+00
5.893076649173713655e+00
5.876638248569268086e+00
5.843219544439692825e+00
5.835488078402670808e+00
5.817300443683120825e+00
5.805527901290565396e+00
5.770640180638586969e+00
5.728859628106083512e+00
5.722930872989897999e+00
5.717487714563857182e+00
5.688480529417529574e+00
5.657235105094009953e+00
5.636905432679818695e+00
5.630110164129844996e+00
5.621394948178819462e+00
5.567373300800265490e+00
5.554055014715896910e+00
5.540266580072628066e+00
5.520123806011780765e+00
5.504403710255385995e+00
5.501657269350489265e+00
5.459001407566267616e+00
5.452686615342820176e+00
5.423939711652408846e+00
5.421900089458671523e+00
5.399333561549480187e+00
5.369719531518468258e+00
5.367889182265245474e+00
5.327904222312742633e+00
5.326765455869775678e+00
5.305240969279071628e+00
5.268561840647574712e+00
5.254697364937213955e+00
5.247674376244560790e+00
5.239846076149859755e+00
5.231137790537813359e+00
5.197177750979320443e+00
5.184602084487740292e+00
5.171272975950554240e+00
5.151553087915417883e+00
5.150497581509911882e+00
5.117714436347203133e+00
5.110007503703861254e+00
5.092812824001031302e+00
5.075414023502432315e+00
5.056913252130700087e+00
5.053639986489616653e+00
5.037593361793851976e+00
5.033686268655049645e+00
5.009484847430546672e+00
4.993360144649396481e+00
4.975728113887156745e+00
4.973357055348058609e+00
4.949253217785568815e+00
4.935731571698076081e+00
4.925296290611774097e+00
4.924485905873573266e+00
4.907667747968020855e+00
4.888175282307075875e+00
4.871196445969180111e+00
4.842749391611046228e+00
4.838644837179985281e+00
4.832882729987923121e+00
4.821588065707646642e+00
4.792652450357573812e+00
4.776152223274980457e+00
4.749704778468754718e+00
4.744295793443184195e+00
4.742651675297680391e+00
4.718440516355746794e+00
4.709556258232226789e+00
4.692573849947724973e+00
4.690822938356266292e+00
4.683087968641250320e+00
4.668976590571526586e+00
4.656471379614378847e+00
4.636581159280272146e+00
4.625296613647011945e+00
4.611973216676368281e+00
4.578272351862983314e+00
4.574554326767930057e+00
4.570818786618081830e+00
4.550461558136678519e+00
4.535555509310492894e+00
4.534692711137495280e+00
4.523165215410391404e+00
4.508944126321045687e+00
4.479058808723713980e+00
4.472811630527203874e+00
4.469084708026147545e+00
4.457320638322174844e+00
4.446983174210015655e+00
4.440907491668771634e+00
4.437435693755051425e+00
4.426468750001490093e+00
4.419940720223107355e+00
4.400721220950503110e+00
4.389429361524043394e+00
4.359499107022520192e+00
4.348828146685157492e+00
4.346028364573371938e+00
4.333949113481380344e+00
4.322071994309476750e+00
4.289007629646659048e+00
4.274890903857056834e+00
4.264540723210939355e+00
4.263105927201832124e+00
4.241865388907347878e+00
4.233013267708837901e+00
4.227097301433127896e+00
4.197540670300397458e+00
4.197160021510146777e+00
4.188049377121597416e+00
4.178651864720086095e+00
4.174689285557128038e+00
4.148905617526846612e+00
4.132265906023749658e+00
4.122741965579318268e+00
4.110183875874051651e+00
4.106360616962043686e+00
4.081515261869196998e+00
4.074053003421984620e+00
4.073845875097184432e+00
4.069732540566032064e+00
4.051889903301679752e+00
4.039795049819912443e+00
4.032857990633082146e+00
4.008651385411790002e+00
4.000856611297383125e+00
3.999999999999992450e+00
3.996047859667130275e+00
3.982596354395002258e+00
3.968409416883817542e+00
3.966351669998928298e+00
3.962510362416702847e+00
3.949677926062308941e+00
3.933376825649565145e+00
3.915571107487319846e+00
3.915280263655893656e+00
3.903577324600029375e+00
3.902625197072663976e+00
3.896165303272945746e+00
3.896123108135844948e+00
3.877485622906107210e+00
3.859708206659798524e+00
3.858185187967565266e+00
3.841042824709393955e+00
3.839037905110142646e+00
3.808279552410067659e+00
3.800626930691201277e+00
3.787530402382651040e+00
3.776769069299624082e+00
3.764973786349089302e+00
3.761537311602950684e+00
3.755308029736481590e+00
3.736387081062174875e+00
3.727901761001716441e+00
3.723417863812149786e+00
3.713099724570955829e+00
3.706960413416088063e+00
3.701969873384360010e+00
3.698586027800061515e+00
3.688405281702793026e+00
3.684371141473332223e+00
3.678044589904244877e+00
3.661804491251594573e+00
3.661031455589698780e+00
3.649320145928179659e+00
3.630421709056701474e+00
3.624747676429852739e+00
3.610690372377731716e+00
3.602475583787248858e+00
3.588887404496884592e+00
3.588093102179758187e+00
3.575551336532439617e+00
3.572303219653744755e+00
3.565401665223815186e+00
3.560063940070310018e+00
3.555876221424834061e+00
3.553515135337640185e+00
3.528799889667400880e+00
3.522379046884954068e+00
3.516722938695806988e+00
3.514152355510826720e+00
3.499030059347306487e+00
3.480512100095878747e+00
3.471578779472859644e+00
3.466713371880434824e+00
3.450037047162885617e+00
3.449996635673858059e+00
3.437710787514507427e+00
3.435693232662765606e+00
3.411417580289607177e+00
3.409514817607250947e+00
3.405596355943780740e+00
3.402578411603736086e+00
3.378125464403981315e+00
3.373209757182330293e+00
3.369709242455722897e+00
3.357226209502191860e+00
3.356055679028087990e+00
3.344570031059790338e+00
3.324245169346931039e+00
3.321245252874584164e+00
3.316442332912996172e+00
3.314983437574451131e+00
3.310037470196399045e+00
3.295953767317253202e+00
3.291215817340119365e+00
3.289910286380247850e+00
3.286205636543729991e+00
3.272055158977197564e+00
3.269792425277504577e+00
3.266049366584319991e+00
3.263060671362062681e+00
3.253587751967572217e+00
3.249177012007089971e+00
3.238579477726210687e+00
3.235366963953990371e+00
3.231299097330699865e+00
3.224230342211128253e+00
3.210011886784626789e+00
3.195326167895990110e+00
3.191971384762285702e+00
3.190490767459650989e+00
3.173318239295418675e+00
3.173120846052609689e+00
3.158720836770487317e+00
3.157321125119308736e+00
3.143131559981840795e+00
3.126485949186019742e+00
3.121324637823527315e+00
3.115193839542288234e+00
3.107556364415672956e+00
3.103490176125810684e+00
3.103413056544221948e+00
3.099515550824653243e+00
3.085827023379293266e+00
3.081020388408227006e+00
3.078483967945207400e+00
3.066779758197098804e+00
3.054253279600421145e+00
3.050282264891461814e+00
3.037834015676239563e+00
3.030216310996313389e+00
3.027997059492615772e+00
3.012022873972814985e+00
3.012019987723236092e+00
3.008081793053560826e+00
3.000000000000007994e+00
3.000000000000006661e+00
3.000000000000004885e+00
3.000000000000001332e+00
3.000000000000000888e+00
2.999999999999997335e+00
2.999999999999992450e+00
2.999999999999989342e+00
2.999999999999988898e+00
2.996492238527365348e+00
2.992700508306408214e+00
2.980855099557224275e+00
2.979328132856274625e+00
2.968829688991594828e+00
2.967053921425882645e+00
2.964075171651851637e+00
2.953167556997784882e+00
2.947187435692848467e+00
2.943064874096855021e+00
2.931642942426062604e+00
2.924145623595424848e+00
2.921085643553166022e+00
2.920089315413454401e+00
2.917144523298079939e+00
2.911744472609207435e+00
2.905876222042112378e+00
2.888751553109336179e+00
2.885669516053214867e+00
2.882435615088333236e+00
2.866824836612173577e+00
2.860978851036146686e+00
2.859200064950560449e+00
2.850333021980904213e+00
2.839259239405374391e+00
2.838877359140443257e+00
2.835501664183231796e+00
2.832548644568527063e+00
2.823259396999703519e+00
2.814303524999133721e+00
2.809974646506683271e+00
2.799673793656022980e+00
2.792507506484173341e+00
2.791759129504864045e+00
2.783202871337102202e+00
2.771492688616363775e+00
2.770238700550317734e+00
2.764091989964802210e+00
2.760907830936615515e+00
2.755380544262651998e+00
2.749369502056977055e+00
2.743919523657794901e+00
2.728761848902006015e+00
2.727010923644077600e+00
2.720060455275317146e+00
2.709820857190799348e+00
2.706566947544132962e+00
2.699815597015858160e+00
2.689626142256447583e+00
2.684073200214542876e+00
2.683684251371272200e+00
2.677951580580689495e+00
2.665491453591089410e+00
2.663555738258525540e+00
2.662900926454949690e+00
2.653178067179746247e+00
2.649996505767861166e+00
2.642872483174952158e+00
2.632311299942169391e+00
2.628483079350608875e+00
2.622942909637698161e+00
2.622630343685779408e+00
2.607474633968462907e+00
2.604784647320071755e+00
2.598656237772674515e+00
2.595752221267509707e+00
2.585265704456039426e+00
2.582276397041463500e+00
2.573386376156988398e+00
2.558490224076971131e+00
2.558035800738582388e+00
2.548947534835511952e+00
2.537106493362011772e+00
2.534527739435805227e+00
2.533111709365478692e+00
2.529072378907131213e+00
2.522641647779764629e+00
2.514882823386711319e+00
2.514132019753335445e+00
2.500180811888879528e+00
2.498148509584740218e+00
2.497236735976116950e+00
2.489045338978407962e+00
2.482216380636547814e+00
2.476232663676102508e+00
2.473106284801990906e+00
2.470167737028504895e+00
2.467037991113144813e+00
2.458227457999491605e+00
2.448737447236800424e+00
2.443954979374353798e+00
2.441955457050724032e+00
2.437714668388341721e+00
2.429083284218052530e+00
2.424320175144329959e+00
2.420399269257156316e+00
2.415427038009233751e+00
2.412264451443893787e+00
2.401899244051532101e+00
2.393968085482772956e+00
2.392836065374148724e+00
2.390923848217500147e+00
2.382160267343803373e+00
2.379457937605644613e+00
2.375580067275639973e+00
2.372740464759977019e+00
2.367533385562252235e+00
2.358407549712460138e+00
2.358220293247017540e+00
2.357643255565172513e+00
2.353886983687646595e+00
2.346220684114127319e+00
2.343305484789420134e+00
2.339121681322190671e+00
2.334441108586443825e+00
2.330364556220583694e+00
2.323534288784582458e+00
2.321142757441242654e+00
2.319003153108421866e+00
2.318824283562928024e+00
2.309298163158338024e+00
2.303770269471040244e+00
2.294785648276742140e+00
2.288676602196017207e+00
2.283517522458653026e+00
2.282170026077854352e+00
2.278876706510014838e+00
2.273624268698222650e+00
2.268637045604317226e+00
2.265486333132888941e+00
2.263004553266235064e+00
2.251138818507983252e+00
2.250820258953924569e+00
2.243920352194301859e+00
2.241231636036652208e+00
2.239889212525523643e+00
2.235129161534396669e+00
2.232738226601249210e+00
2.226937831849609140e+00
2.226519017978444648e+00
2.220666091411484633e+00
2.218994540108575553e+00
2.218017972462526188e+00
2.214592434174039060e+00
2.207697757664153659e+00
2.207082758094434993e+00
2.200570003269810559e+00
2.195191232825069338e+00
2.194161499028109308e+00
2.188703363537003010e+00
2.187910687674650578e+00
2.181968826943776474e+00
2.173596603128191251e+00
2.167869856846678545e+00
2.167240701865607910e+00
2.165219672522608274e+00
2.154653027583762093e+00
2.153183642922645191e+00
2.148682186674441219e+00
2.144266692365045746e+00
2.141947548510193755e+00
2.138484878214037987e+00
2.134950077055945084e+00
2.132469902901640957e+00
2.123840318704072416e+00
2.119187828053760825e+00
2.117089671427413222e+00
2.111974148064812429e+00
2.109250439045243564e+00
2.109135547084624029e+00
2.101892161752429100e+00
2.096757754027947840e+00
2.091289862581952264e+00
2.090624308473047144e+00
2.089024255146563647e+00
2.086270568099924727e+00
2.081758403141298341e+00
2.078437987835691558e+00
2.073660497852688245e+00
2.069970736039732362e+00
2.069165751493039274e+00
2.063071682964138009e+00
2.055484320089963290e+00
2.052538189350888498e+00
2.048479983096191059e+00
2.037834965641350138e+00
2.035817071835812619e+00
2.031699137887655660e+00
2.031444209393691747e+00
2.026255265571570430e+00
2.022469234661334880e+00
2.022227448763254998e+00
2.014453578962453584e+00
2.013962163003115702e+00
2.010612345517519994e+00
2.001568637892486180e+00
2.000092270088966284e+00
2.000000000000005329e+00
2.000000000000004885e+00
2.000000000000004885e+00
2.000000000000004441e+00
2.000000000000003997e+00
2.000000000000003553e+00
2.000000000000003553e+00
2.000000000000003109e+00
2.000000000000003109e+00
2.000000000000003109e+00
2.000000000000003109e+00
2.000000000000002665e+00
2.000000000000002220e+00
2.000000000000001776e+00
2.000000000000000888e+00
2.000000000000000888e+00
2.000000000000000888e+00
2.000000000000000444e+00
2.000000000000000444e+00
2.000000000000000444e+00
2.000000000000000444e+00
2.000000000000000444e+00
2.000000000000000000e+00
2.000000000000000000e+00
2.000000000000000000e+00
1.999999999999999556e+00
1.999999999999999556e+00
1.999999999999999112e+00
1.999999999999999112e+00
1.999999999999998890e+00
1.999999999999998890e+00
1.999999999999998890e+00
1.999999999999998890e+00
1.999999999999998446e+00
1.999999999999998224e+00
1.999999999999998224e+00
1.999999999999998224e+00
1.999999999999998224e+00
1.999999999999997558e+00
1.999999999999997558e+00
1.999999999999997113e+00
1.999999999999996891e+00
1.999999999999996447e+00
1.999999999999993783e+00
1.996365548302961423e+00
1.994779865654398243e+00
1.994460129013694072e+00
1.992800159206233657e+00
1.988578299319864184e+00
1.982270194880768166e+00
1.973928670236410721e+00
1.969308499130555168e+00
1.967873506485654289e+00
1.961158040487307685e+00
1.957914389245145825e+00
1.949406759656695076e+00
1.942834208598156032e+00
1.942132710201120105e+00
1.940026312409059539e+00
1.936161000342139893e+00
1.927107834497255867e+00
1.922552549131066213e+00
1.920351825555830505e+00
1.917539168198000743e+00
1.915213704925930349e+00
1.909001726719369740e+00
1.907095404436840669e+00
1.902996393215210746e+00
1.898572342090340648e+00
1.898443909066111601e+00
1.894739270717340940e+00
1.888023934541387838e+00
1.886043395173905513e+00
1.885550234774902023e+00
1.874399184924040229e+00
1.873027352636872589e+00
1.871409600133351780e+00
1.868115586426031705e+00
1.860509023809336693e+00
1.854789188012067269e+00
1.850829075141043001e+00
1.850095411768293285e+00
1.843045186997070317e+00
1.840461658074538098e+00
1.839102427693016351e+00
1.836247745927479968e+00
1.827651448716450133e+00
1.822710118839475424e+00
1.821288676229074088e+00
1.816983081131670064e+00
1.813107628441309904e+00
1.807502632270663989e+00
1.803312973088808668e+00
1.799762288022159096e+00
1.795286337971661705e+00
1.791039038732855193e+00
1.789523858455984939e+00
1.786221430216043959e+00
1.780133461296635522e+00
1.770142952192372165e+00
1.767802180931331568e+00
1.766911883079050893e+00
1.765782198506719469e+00
1.760569165182966023e+00
1.755977955119288003e+00
1.748459752496065667e+00
1.736722978379900750e+00
1.736004038325202670e+00
1.732458801006544258e+00
1.724730880487270746e+00
1.720143539739152683e+00
1.717184939675391764e+00
1.714465056354474770e+00
1.713011801315569071e+00
1.708104113069973007e+00
1.707263536504604939e+00
1.703435415900421468e+00
1.696022993020266156e+00
1.694863338462862190e+00
1.687461682496098847e+00
1.681557236707575509e+00
1.677944402953207792e+00
1.677579051734868321e+00
1.668802418658569042e+00
1.667737066719897854e+00
1.661590748270193041e+00
1.661210957957862222e+00
1.660082443119871298e+00
1.658761163875440037e+00
1.648423002851989061e+00
1.644005829843593558e+00
1.643767220180893496e+00
1.639535836244890410e+00
1.639174311863683231e+00
1.635207507052341747e+00
1.631066496590949377e+00
1.627160743994386705e+00
1.622147091340707004e+00
1.622040434050763924e+00
1.618940847600518262e+00
1.615888277425171715e+00
1.611410035922044237e+00
1.609466265022371001e+00
1.606049558800694887e+00
1.604963536865257057e+00
1.601961675115135320e+00
1.599053382416655733e+00
1.596250815346692553e+00
1.594980835528354124e+00
1.594201878672115491e+00
1.590164501978899469e+00
1.586234954515736373e+00
1.584115440509470840e+00
1.581571266755182892e+00
1.579961035366352240e+00
1.573560192583639550e+00
1.569540391706717886e+00
1.566321247038183317e+00
1.561444015048143008e+00
1.557367388442150613e+00
1.554459005635725921e+00
1.552204798881919201e+00
1.547957980132306233e+00
1.547683170023315569e+00
1.545018329163999393e+00
1.540040413856840429e+00
1.535691963847610531e+00
1.535438400811146353e+00
1.530475572050087996e+00
1.529509263446835021e+00
1.522737789227327498e+00
1.516758222304645409e+00
1.516098964645519631e+00
1.512255295203594585e+00
1.511059297793011291e+00
1.506925405418282571e+00
1.500296067087077301e+00
1.499529072690468423e+00
1.498933726387258636e+00
1.496917718301653544e+00
1.495689891313277009e+00
1.493884799430904797e+00
1.490939034376820960e+00
1.486531792094033966e+00
1.484968677202942677e+00
1.481362497575569481e+00
1.480985499280965012e+00
1.479973479642569867e+00
1.478296317270620941e+00
1.474852722791036186e+00
1.474173466640451791e+00
1.470997519069902060e+00
1.468465446138560448e+00
1.467101011943325872e+00
1.464960756256157293e+00
1.462750497380514991e+00
1.462200883908434168e+00
1.455975443998297925e+00
1.452284286495050702e+00
1.450483190331991246e+00
1.441717131592827439e+00
1.436242441739935094e+00
1.434692648258880432e+00
1.434677629229097917e+00
1.430198359777701267e+00
1.424082834945783027e+00
1.421716029714954477e+00
1.420884066982878835e+00
1.416492893974609535e+00
1.414880101936810464e+00
1.408281570799617910e+00
1.407113866100632604e+00
1.403030190612254202e+00
1.399291286003129686e+00
1.396523432290035283e+00
1.394560675275424488e+00
1.390840047156369552e+00
1.390586888113077402e+00
1.389142809361709752e+00
1.383358194562595456e+00
1.381339653039156401e+00
1.379138659428735370e+00
1.378874237090154109e+00
1.377713518432895690e+00
1.374815450496177593e+00
1.371197654168261781e+00
1.364889459479689870e+00
1.361610617595014006e+00
1.361595979904939080e+00
1.359152446687149629e+00
1.356699777855655098e+00
1.356561642155902137e+00
1.352053448637725586e+00
1.350063952850022231e+00
1.344751673396095581e+00
1.342626609697660678e+00
1.342605401854426672e+00
1.339225489100071886e+00
1.338197842008832961e+00
1.337284709015372774e+00
1.336181477951291718e+00
1.333110041804545398e+00
1.331846908770928595e+00
1.328352032319252141e+00
1.324987585263837087e+00
1.322536196125359220e+00
1.317315932459738326e+00
1.312906877770154024e+00
1.310912745913124233e+00
1.307278929557981639e+00
1.304699996923837757e+00
1.304520128937082690e+00
1.303042299775971857e+00
1.294799323428913462e+00
1.294785058007726031e+00
1.291338770884787657e+00
1.289485964495765913e+00
1.285740303339311996e+00
1.280315103009208810e+00
1.275986621950417677e+00
1.273721476595818247e+00
1.273343318118439704e+00
1.268686291217560713e+00
1.266107820706671605e+00
1.264974744386910155e+00
1.262447556631500323e+00
1.262094541082357635e+00
1.258887345434643201e+00
1.252210123352408999e+00
1.248930816917022124e+00
1.247456985992490885e+00
1.241164293515812922e+00
1.238527375074319981e+00
1.237111480939781405e+00
1.235105123440472408e+00
1.235044255395425505e+00
1.233691977692827235e+00
1.229876550503320010e+00
1.225714148559509331e+00
1.221785243276062083e+00
1.214723937963726463e+00
1.213436288258181506e+00
1.212037362453711742e+00
1.211423829214481218e+00
1.210168975495607979e+00
1.198435167515846000e+00
1.195784705572201512e+00
1.193742360674183045e+00
1.185836335571414102e+00
1.183744614806949036e+00
1.180204832605392218e+00
1.178692945206688325e+00
1.177974053916120756e+00
1.174716414522058328e+00
1.173483452607916089e+00
1.172953766208306936e+00
1.168386054743378866e+00
1.161256863517828197e+00
1.156403506157754224e+00
1.155768968395730845e+00
1.154064147730568868e+00
1.144556252024110599e+00
1.144164284582884328e+00
1.140726282951670445e+00
1.139166032485549707e+00
1.136188076679459202e+00
1.132423546879174792e+00
1.131057156725222113e+00
1.130560766935487571e+00
1.127633728522507983e+00
1.124080048622130956e+00
1.118768804098849712e+00
1.118094552323793289e+00
1.114425083117531745e+00
1.110781595455011317e+00
1.108432003686749434e+00
1.106830208737338728e+00
1.104052908989088033e+00
1.101159602682629579e+00
1.099439136768913805e+00
1.095369742993876239e+00
1.095244839944193860e+00
1.091408730976918928e+00
1.088928328690548009e+00
1.086849441148324713e+00
1.083375196548765684e+00
1.074986238651041814e+00
1.072657099094942224e+00
1.071138196893908212e+00
1.069864859856608064e+00
1.068005210694629392e+00
1.064804870490479782e+00
1.061496197898491811e+00
1.060721136230393880e+00
1.058632808130136382e+00
1.055269370595130374e+00
1.053965018787268004e+00
1.053538665571603028e+00
1.049831906840233531e+00
1.048457212560602647e+00
1.047915597797924425e+00
1.044088042744341527e+00
1.041234027707054421e+00
1.037923766174446039e+00
1.034724281407657154e+00
1.034417004291785958e+00
1.031975947357171908e+00
1.028938265993726064e+00
1.028844969368448714e+00
1.026141145077507089e+00
1.024071774140169255e+00
1.022122575936067923e+00
1.019172320252667019e+00
1.018002358006883767e+00
1.013399190214226753e+00
1.012654413204226334e+00
1.009256072531675485e+00
1.007696609811126187e+00
1.004925922176941100e+00
1.003110019303287359e+00
1.002497189959902224e+00
1.000888957645418298e+00
1.000000000000002220e+00
1.000000000000000888e+00
1.000000000000000888e+00
1.000000000000000888e+00
1.000000000000000444e+00
1.000000000000000444e+00
1.000000000000000444e+00
1.000000000000000444e+00
1.000000000000000444e+00
1.000000000000000444e+00
1.000000000000000444e+00
1.000000000000000444e+00
1.000000000000000444e+00
1.000000000000000222e+00
1.000000000000000222e+00
1.000000000000000222e+00
1.000000000000000222e+00
1.000000000000000222e+00
1.000000000000000222e+00
1.000000000000000222e+00
1.000000000000000222e+00
1.000000000000000222e+00
1.000000000000000222e+00
1.000000000000000222e+00
1.000000000000000222e+00
1.000000000000000222e+00
1.000000000000000222e+00
1.000000000000000222e+00
1.000000000000000222e+00
1.000000000000000222e+00
1.000000000000000222e+00
1.000000000000000222e+00
1.000000000000000222e+00
1.000000000000000222e+00
1.000000000000000222e+00
1.000000000000000222e+00
1.000000000000000222e+00
1.000000000000000222e+00
1.000000000000000222e+00
1.000000000000000222e+00
1.000000000000000222e+00
1.000000000000000222e+00
1.000000000000000222e+00
1.000000000000000222e+00
1.000000000000000222e+00
1.000000000000000222e+00
1.000000000000000222e+00
1.000000000000000222e+00
1.000000000000000222e+00
1.000000000000000222e+00
1.000000000000000222e+00
1.000000000000000222e+00
1.000000000000000222e+00
1.000000000000000222e+00
1.000000000000000222e+00
1.000000000000000222e+00
1.000000000000000222e+00
1.000000000000000222e+00
1.000000000000000222e+00
1.000000000000000222e+00
1.000000000000000222e+00
1.000000000000000222e+00
1.000000000000000222e+00
1.000000000000000222e+00
1.000000000000000222e+00
1.000000000000000222e+00
1.000000000000000222e+00
1.000000000000000222e+00
1.000000000000000222e+00
1.000000000000000222e+00
1.000000000000000222e+00
1.000000000000000222e+00
1.000000000000000222e+00
1.000000000000000222e+00
1.000000000000000000e+00
1.000000000000000000e+00
1.000000000000000000e+00
1.000000000000000000e+00
1.000000000000000000e+00
1.000000000000000000e+00
1.000000000000000000e+00
1.000000000000000000e+00
1.000000000000000000e+00
1.000000000000000000e+00
1.000000000000000000e+00
1.000000000000000000e+00
1.000000000000000000e+00
1.000000000000000000e+00
1.000000000000000000e+00
1.000000000000000000e+00
1.000000000000000000e+00
1.000000000000000000e+00
1.000000000000000000e+00
1.000000000000000000e+00
1.000000000000000000e+00
1.000000000000000000e+00
1.000000000000000000e+00
1.000000000000000000e+00
1.000000000000000000e+00
1.000000000000000000e+00
1.000000000000000000e+00
1.000000000000000000e+00
1.000000000000000000e+00
1.000000000000000000e+00
1.000000000000000000e+00
1.000000000000000000e+00
1.000000000000000000e+00
1.000000000000000000e+00
1.000000000000000000e+00
1.000000000000000000e+00
1.000000000000000000e+00
1.000000000000000000e+00
1.000000000000000000e+00
1.000000000000000000e+00
1.000000000000000000e+00
1.000000000000000000e+00
1.000000000000000000e+00
1.000000000000000000e+00
1.000000000000000000e+00
1.000000000000000000e+00
1.000000000000000000e+00
1.000000000000000000e+00
1.000000000000000000e+00
1.000000000000000000e+00
1.000000000000000000e+00
1.000000000000000000e+00
1.000000000000000000e+00
1.000000000000000000e+00
1.000000000000000000e+00
1.000000000000000000e+00
1.000000000000000000e+00
1.000000000000000000e+00
1.000000000000000000e+00
1.000000000000000000e+00
1.000000000000000000e+00
1.000000000000000000e+00
1.000000000000000000e+00
1.000000000000000000e+00
1.000000000000000000e+00
9.999999999999997780e-01
9.999999999999997780e-01
9.999999999999997780e-01
9.999999999999997780e-01
9.999999999999997780e-01
9.999999999999997780e-01
9.999999999999997780e-01
9.999999999999997780e-01
9.999999999999997780e-01
9.999999999999997780e-01
9.999999999999997780e-01
9.999999999999997780e-01
9.999999999999997780e-01
9.999999999999997780e-01
9.999999999999997780e-01
9.999999999999997780e-01
9.999999999999997780e-01
9.999999999999997780e-01
9.999999999999997780e-01
9.999999999999997780e-01
9.999999999999997780e-01
9.999999999999997780e-01
9.999999999999997780e-01
9.999999999999997780e-01
9.999999999999997780e-01
9.999999999999997780e-01
9.999999999999997780e-01
9.999999999999997780e-01
9.999999999999997780e-01
9.999999999999997780e-01
9.999999999999997780e-01
9.999999999999997780e-01
9.999999999999997780e-01
9.999999999999997780e-01
9.999999999999997780e-01
9.999999999999997780e-01
9.999999999999997780e-01
9.999999999999997780e-01
9.999999999999997780e-01
9.999999999999997780e-01
9.999999999999997780e-01
9.999999999999997780e-01
9.999999999999997780e-01
9.999999999999997780e-01
9.999999999999997780e-01
9.999999999999997780e-01
9.999999999999997780e-01
9.999999999999997780e-01
9.999999999999997780e-01
9.999999999999997780e-01
9.999999999999997780e-01
9.999999999999997780e-01
9.999999999999997780e-01
9.999999999999997780e-01
9.999999999999997780e-01
9.999999999999997780e-01
9.999999999999997780e-01
9.999999999999997780e-01
9.999999999999997780e-01
9.999999999999997780e-01
9.999999999999997780e-01
9.999999999999997780e-01
9.999999999999997780e-01
9.999999999999997780e-01
9.999999999999997780e-01
9.999999999999997780e-01
9.999999999999995559e-01
9.999999999999995559e-01
9.999999999999995559e-01
9.999999999999995559e-01
9.999999999999995559e-01
9.999999999999995559e-01
9.999999999999995559e-01
9.999999999999995559e-01
9.999999999999995559e-01
9.999999999999995559e-01
9.999999999999995559e-01
9.999999999999995559e-01
9.999999999999995559e-01
9.999999999999995559e-01
9.999999999999995559e-01
9.999999999999995559e-01
9.999999999999995559e-01
9.999999999999995559e-01
9.999999999999995559e-01
9.999999999999995559e-01
9.999999999999995559e-01
9.999999999999994449e-01
9.999999999999994449e-01
9.999999999999994449e-01
9.999999999999994449e-01
9.999999999999994449e-01
9.999999999999994449e-01
9.999999999999994449e-01
9.999999999999994449e-01
9.999999999999992228e-01
9.999999999999991118e-01
9.999999999999991118e-01
9.999999999999991118e-01
9.999999999999988898e-01
9.999999999999987788e-01
9.999999999999987788e-01
9.999999999999987788e-01
9.999999999999985567e-01
9.999999999999985567e-01
9.999999999999985567e-01
9.999999999999984457e-01
9.999999999999982236e-01
9.999999999999977796e-01
9.999999999999975575e-01
9.995382132663297448e-01
9.994632761617955330e-01
9.985998033882728109e-01
9.962123186417700671e-01
9.945325782844995910e-01
9.908915723303524103e-01
9.900695148885121366e-01
9.894113043653822714e-01
9.854469916811223751e-01
9.823527709021888654e-01
9.814328944219110618e-01
9.793713000270738434e-01
9.788286556875833710e-01
9.762236533436408070e-01
9.733614927895510860e-01
9.714155726606422681e-01
9.688851801393892904e-01
9.674227075833004008e-01
9.660498979952766296e-01
9.629155462595861970e-01
9.625572639191279922e-01
9.586329270340837594e-01
9.568816819607869339e-01
9.555646905413316405e-01
9.522971840253515730e-01
9.490581342394328601e-01
9.448629812072028011e-01
9.426721859205751120e-01
9.408882994152912849e-01
9.404534759416949274e-01
9.359760068109017617e-01
9.349243664142735666e-01
9.318056950300681596e-01
9.292993749885459787e-01
9.244879703283117589e-01
9.236816151351047166e-01
9.226813542992792216e-01
9.207904838342728659e-01
9.168891597309799524e-01
9.158397965580414857e-01
9.101943412401776179e-01
9.088800018974504402e-01
9.086195782317033620e-01
9.049763848591589888e-01
9.031903400129648318e-01
8.975403771169171430e-01
8.965516670783806319e-01
8.957001946184116603e-01
8.925190178313667788e-01
8.845386237260893791e-01
8.840746039941538292e-01
8.817017751337526965e-01
8.781091949177900480e-01
8.776130087248468215e-01
8.765264475665265342e-01
8.723061146951865963e-01
8.715917945720730309e-01
8.692324696768026770e-01
8.652304800413319619e-01
8.650271459371018379e-01
8.595471538714146709e-01
8.581601379969837629e-01
8.564930494825199192e-01
8.530205246434560129e-01
8.528058146073047574e-01
8.479639597606924983e-01
8.473162011433525986e-01
8.376069090338262857e-01
8.371724879246977835e-01
8.335479966882405334e-01
8.296885362073130876e-01
8.274283426026006749e-01
8.201424902307460352e-01
8.149513678206636857e-01
8.130120568387979585e-01
8.119267566241511469e-01
8.112320078550248059e-01
8.078634262704641467e-01
8.061609461649095199e-01
8.047695266638195122e-01
7.977684952825703224e-01
7.952219519169128059e-01
7.946938725469012699e-01
7.918473714726333990e-01
7.865287887775366249e-01
7.859630283984601062e-01
7.822439991378614677e-01
7.791019086959473094e-01
7.783735220110544750e-01
7.726360711336702769e-01
7.677674266998341102e-01
7.654877364689510744e-01
7.636930093649696438e-01
7.630144462610735090e-01
7.618205254163863405e-01
7.566778372339156844e-01
7.556342659118282512e-01
7.534972248296006869e-01
7.524219412263020157e-01
7.487056218916203765e-01
7.394105733353764087e-01
7.380850129411020699e-01
7.370477664284482699e-01
7.360019376079915965e-01
7.329328896093776358e-01
7.295117442839191835e-01
7.294070383416780823e-01
7.242374367618855668e-01
7.233740651225410989e-01
7.195099198874213009e-01
7.180747615102658354e-01
7.109605261677733878e-01
7.105886639247523950e-01
7.083401588885915867e-01
7.079731333920182834e-01
7.019348031778330776e-01
6.987955454937353483e-01
6.976824398539035466e-01
6.937720431290652634e-01
6.891103941871156158e-01
6.860447753145922922e-01
6.801609221559962171e-01
6.778119519226779577e-01
6.747261735602964050e-01
6.739041769844437146e-01
6.671005275324443096e-01
6.656644533132420882e-01
6.650183827909381673e-01
6.631005317393615650e-01
6.603877890431989472e-01
6.589694101760388278e-01
6.555554294039023233e-01
6.541538046362123104e-01
6.527053356186566235e-01
6.493916076523165160e-01
6.412586981136567665e-01
6.358726905334148860e-01
6.344507465422472015e-01
6.308582913996226837e-01
6.304537285811577796e-01
6.263672030777418520e-01
6.258312758415289778e-01
6.198450615115828066e-01
6.185305746265499227e-01
6.127381676252947607e-01
6.126004466663551584e-01
6.097068058941067514e-01
6.058964173702012790e-01
6.016572203966150667e-01
5.996529717597235409e-01
5.975997126641601209e-01
5.930767584581727592e-01
5.921893665713594546e-01
5.887409376867381861e-01
5.850803144696674618e-01
5.849327634899017525e-01
5.819587767318438187e-01
5.794731274432556312e-01
5.768104783883339914e-01
5.708361980256470014e-01
5.664927910843170489e-01
5.652062366465636645e-01
5.646717656534199214e-01
5.593150827593836860e-01
5.563054542964028792e-01
5.542137851126155423e-01
5.497578861459282429e-01
5.471109169266101802e-01
5.443784643159652603e-01
5.440967986959954761e-01
5.390295000455747054e-01
5.321698054935117828e-01
5.310756596960320985e-01
5.294855360886707718e-01
5.263018090178822606e-01
5.250246257500637004e-01
5.194315979237654757e-01
5.164885633909643836e-01
5.164739246953364837e-01
5.135016763529088868e-01
5.089657918344855370e-01
5.084421146622093435e-01
5.059054051809955821e-01
5.010490031708334513e-01
5.010340198181774118e-01
4.953477227730915255e-01
4.950501657632493391e-01
4.926858164091227898e-01
4.881863074370126343e-01
4.862408171155261916e-01
4.824760821182449977e-01
4.794177617746993580e-01
4.762666536097258096e-01
4.751189914069787190e-01
4.738899228683898235e-01
4.688692150161986039e-01
4.668387290529900646e-01
4.635168316360606666e-01
4.607822877470816314e-01
4.598852094129365353e-01
4.576832177363781007e-01
4.564832592917936749e-01
4.530837146614039579e-01
4.530254616718983329e-01
4.471381860641315265e-01
4.454782635501041699e-01
4.429368284587176241e-01
4.406254762338022157e-01
4.377314159221802892e-01
4.337443950356024147e-01
4.334719249469732305e-01
4.307636758200416582e-01
4.274910856899206690e-01
4.246769113803934292e-01
4.229627810293826728e-01
4.147596060222493164e-01
4.135264788144172865e-01
4.112589239316193912e-01
4.090196403781687917e-01
4.057313106985038220e-01
4.043604160105667700e-01
4.007658790507854785e-01
3.986989936252795519e-01
3.982411910255891918e-01
3.940806649679564067e-01
3.936444903717700172e-01
3.865959098299322494e-01
3.838252578716943031e-01
3.820902476613318721e-01
3.816328195469212425e-01
3.812940249157027450e-01
3.729061025794040973e-01
3.660490824523393583e-01
3.658836935962481718e-01
3.642400787373520354e-01
3.628210267169699743e-01
3.590379184039189653e-01
3.550063297022336695e-01
3.549250267308416973e-01
3.523667305163103447e-01
3.515875555595143753e-01
3.440989043094442867e-01
3.439252150234763383e-01
3.406533558076261237e-01
3.378926867976627668e-01
3.341180181798807936e-01
3.303293489483947187e-01
3.301040367981957768e-01
3.275549407805389834e-01
3.241022989342666194e-01
3.165885675333857674e-01
3.158220817993603324e-01
3.137030381107758226e-01
3.126225420409897704e-01
3.102816590468544522e-01
3.077599103143960346e-01
3.053228624320008522e-01
3.024039543916228756e-01
3.020995295561841876e-01
2.977001302939092930e-01
2.965844946944835026e-01
2.929216992785640961e-01
2.894274200942240638e-01
2.892114862406993669e-01
2.889611538747873798e-01
2.860417161000562425e-01
2.833424596006182683e-01
2.818117140326000247e-01
2.773783847645127643e-01
2.744661184144511767e-01
2.649476590468660131e-01
2.643920122411320683e-01
2.598423727088544077e-01
2.584632010100690880e-01
2.559935443647374242e-01
2.549958270977254471e-01
2.511881814379596234e-01
2.500031035171300653e-01
2.487989392501256947e-01
2.427438703304783396e-01
2.407315308436137058e-01
2.366710345364111123e-01
2.354571569843079692e-01
2.262994397166314398e-01
2.260314222182601418e-01
2.248672947283056611e-01
2.213532870803935626e-01
2.195221135874320384e-01
2.148322179018053446e-01
2.129650353048464506e-01
2.122972028759476659e-01
2.076477956686112458e-01
2.070529838087880325e-01
2.055777304714948850e-01
2.033334508560456777e-01
2.003447310696122863e-01
2.000748454324833003e-01
1.984674700474116649e-01
1.942069762279384770e-01
1.898864374108414355e-01
1.882872308273823014e-01
1.846960693463149672e-01
1.816605561207724207e-01
1.808254842951330099e-01
1.777206057271176753e-01
1.766838550883451930e-01
1.705769826805295653e-01
1.703052339430730089e-01
1.686714939436518013e-01
1.681581051254309733e-01
1.655862132392800223e-01
1.636331389838820705e-01
1.611488413641891382e-01
1.601639972706205839e-01
1.597709416581483410e-01
1.549372196768609156e-01
1.527572256089883840e-01
1.489219319852975454e-01
1.474474128130464634e-01
1.452935332977846050e-01
1.444275868627989678e-01
1.435081852398177316e-01
1.412995090159028799e-01
1.367103394777466063e-01
1.365058608315295186e-01
1.352226801593182370e-01
1.347640742989996143e-01
1.309648715800819097e-01
1.307729354477409067e-01
1.282811828772321971e-01
1.256397997493330088e-01
1.229059294894767063e-01
1.210042516707513782e-01
1.204762310523845859e-01
1.184491456751074617e-01
1.167754120218093411e-01
1.145629743084231739e-01
1.126948370556829226e-01
1.126265729741213611e-01
1.088597136935563758e-01
1.076910055349372120e-01
1.059841785205004466e-01
1.058503559968773378e-01
1.039440264074002057e-01
1.004778080030545029e-01
1.003915276371176724e-01
9.884225455230755131e-02
9.605325302696220147e-02
9.381795068720386044e-02
9.297552702049426132e-02
9.100803029574165703e-02
9.090752844760641160e-02
8.739232492807424979e-02
8.582961520662107935e-02
8.491722830439545067e-02
8.255352335074954417e-02
8.036863020655263257e-02
7.990276817053283687e-02
7.926778475910484234e-02
7.781876810227905672e-02
7.721755110791830856e-02
7.589229050627013806e-02
7.188016801145546975e-02
7.061247118859062533e-02
6.987252029405600917e-02
6.721598885981554250e-02
6.473300207039586751e-02
6.412490839659887309e-02
6.333801592151054594e-02
6.142171803148543247e-02
6.060012019773930447e-02
5.903007860506414434e-02
5.758950825575362420e-02
5.648035281907749783e-02
5.617354693403855265e-02
5.403180219750593205e-02
5.190022588281399674e-02
5.078249511907265146e-02
4.943669129854730976e-02
4.820319655503216977e-02
4.739583512802147264e-02
4.663295318873549727e-02
4.541408208955186737e-02
4.485704107431415927e-02
4.451355897598978373e-02
4.236584027757075294e-02
4.221230400956702683e-02
4.202832234904239211e-02
4.007987764166041217e-02
3.977126281226919108e-02
3.771356423211166820e-02
3.608636380601677740e-02
3.497263371956863681e-02
3.376456009117798779e-02
3.234267259554590018e-02
2.945640638192608199e-02
2.915386507859444795e-02
2.897595873075200015e-02
2.749099963390188445e-02
2.698657468904186452e-02
2.550821708854125042e-02
2.495036096895207264e-02
2.417427057319137401e-02
2.160857050058292289e-02
2.108975844725134718e-02
2.062518384846443592e-02
2.023270421596823701e-02
1.973917601413112746e-02
1.847547190634704281e-02
1.846727539637428236e-02
1.768530122158171181e-02
1.621484439717206169e-02
1.518911828378565962e-02
1.470285844333566079e-02
1.327108338953432616e-02
1.249780603044362177e-02
1.221692321923846178e-02
1.141096937423567714e-02
1.077425808179679166e-02
9.956792787990036836e-03
9.218792969968622741e-03
8.413506894042854789e-03
7.714713812171049810e-03
6.488200587199072743e-03
5.984682534689204220e-03
5.599648640639868016e-03
4.968910915684882947e-03
4.677641246225459036e-03
4.040210611025332570e-03
3.695580051648262882e-03
3.577135108565837694e-03
3.183674747935081109e-03
2.260300435542004181e-03
2.183624333319978718e-03
2.042592817693348554e-03
1.749209814727648894e-03
9.204104670073763247e-04
8.490241938225317900e-04
6.050165423408592836e-04
2.993221904888195201e-04
2.020710005812660301e-04
1.078349137755356776e-04
2.524737403299804931e-05
