# Singular values
1.110593256461630851e+01
1.104772545473103840e+01
1.026726774693146282e+01
1.011574929789853883e+01
9.145501722553817103e+00
9.044277386806834684e+00
8.999999999999996447e+00
8.944486008307068303e+00
8.814804045513318087e+00
8.543281314339951749e+00
8.499558500224420499e+00
8.187178584811874771e+00
8.000000000000001776e+00
8.000000000000000000e+00
7.844061685567362829e+00
7.527141855432484263e+00
7.508447558589552706e+00
7.483689027014786888e+00
7.372547860516151630e+00
7.313495330021804186e+00
7.264527266759615465e+00
7.231786365006035666e+00
7.053009506730058220e+00
7.011390081462881341e+00
7.000000000000001776e+00
7.000000000000000000e+00
6.999999999999998224e+00
6.999999999999996447e+00
6.999999999999993783e+00
6.999999999999984901e+00
6.946460375297874634e+00
6.932751067948510482e+00
6.881412726986556372e+00
6.840758580768971697e+00
6.760602529743326983e+00
6.733843064203543172e+00
6.658718761437898870e+00
6.629989591951124694e+00
6.573279476418480094e+00
6.483866254909705695e+00
6.448541128741077877e+00
6.398411596509787636e+00
6.387817541223529183e+00
6.237750219822656206e+00
6.209049769721588952e+00
6.192872804209131665e+00
6.096686077872546683e+00
6.066709810505119371e+00
6.059320142656923203e+00
6.029664606027555607e+00
6.000000000000005329e+00
6.000000000000002665e+00
6.000000000000000888e+00
6.000000000000000888e+00
6.000000000000000888e+00
6.000000000000000000e+00
6.000000000000000000e+00
5.999999999999999112e+00
5.910818281114213590e+00
5.869980377452860942e+00
5.827204849944523701e+00
5.715858655424865375e+00
5.674943894126434962e+00
5.648769576140764137e+00
5.620628931650044180e+00
5.607149594816331017e+00
5.496735428457975026e+00
5.472434642912048730e+00
5.464101615137759715e+00
5.447542223910268433e+00
5.408583131197200800e+00
5.363362913472683680e+00
5.319426955620206066e+00
5.294190334128681563e+00
5.239862929387795631e+00
5.184662449706100240e+00
5.163164139838647415e+00
5.135249144604619786e+00
5.099737424469513059e+00
5.087406090299315231e+00
5.059136444965863788e+00
5.000000000000006217e+00
5.000000000000001776e+00
5.000000000000000888e+00
5.000000000000000888e+00
5.000000000000000000e+00
5.000000000000000000e+00
5.000000000000000000e+00
4.999999999999998224e+00
4.999999999999998224e+00
4.999999999999997335e+00
4.999999999999997335e+00
4.999999999999996447e+00
4.999999999999986677e+00
4.994784288874889455e+00
4.964765646972021607e+00
4.926120543506064209e+00
4.877005741074619038e+00
4.825661549772492620e+00
4.820049536742186724e+00
4.797914966372186285e+00
4.773174400597116396e+00
4.766747320274593136e+00
4.710361637857588768e+00
4.701562118716424266e+00
4.701562118716423377e+00
4.674718863367387733e+00
4.658711277778967208e+00
4.612201641675159891e+00
4.602411994232959103e+00
4.578569510479074900e+00
4.562916969574343895e+00
4.531266827832094002e+00
4.523802128914334197e+00
4.478604213686559810e+00
4.463561943625946604e+00
4.402133636731009325e+00
4.379718275890019719e+00
4.351674024071515490e+00
4.332253428334348122e+00
4.320884499447486427e+00
4.295302314408952604e+00
4.232422982232720621e+00
4.207372859011472954e+00
4.201472338219245373e+00
4.183251441127413983e+00
4.149920949084543231e+00
4.141336115655362526e+00
4.131114625528082840e+00
4.106829065913380816e+00
4.077434366606877525e+00
4.022955102381401638e+00
4.020511587509735918e+00
4.000000000000007994e+00
4.000000000000007994e+00
4.000000000000006217e+00
4.000000000000005329e+00
4.000000000000002665e+00
4.000000000000002665e+00
4.000000000000001776e+00
4.000000000000001776e+00
4.000000000000000888e+00
4.000000000000000888e+00
4.000000000000000888e+00
4.000000000000000000e+00
4.000000000000000000e+00
4.000000000000000000e+00
4.000000000000000000e+00
4.000000000000000000e+00
3.999999999999999556e+00
3.999999999999999556e+00
3.999999999999999556e+00
3.999999999999999556e+00
3.999999999999999556e+00
3.999999999999999112e+00
3.999999999999999112e+00
3.999999999999999112e+00
3.999999999999998668e+00
3.999999999999998668e+00
3.999999999999997335e+00
3.999999999999997335e+00
3.999999999999996891e+00
3.999999999999996447e+00
3.999999999999996447e+00
3.999823503548917802e+00
3.942109198474654352e+00
3.903653410743463503e+00
3.882301593052882804e+00
3.871012151553531844e+00
3.836364976602757437e+00
3.830740872817357978e+00
3.810962237441452682e+00
3.760127556671445159e+00
3.745871645787865134e+00
3.727947268260883629e+00
3.712160954740840069e+00
3.658307565148953167e+00
3.649422678985055679e+00
3.637408377649586022e+00
3.618091337832152199e+00
3.607726239029865667e+00
3.575378278196289727e+00
3.548806016060998658e+00
3.543951922104863428e+00
3.526439728494297210e+00
3.475062425973944435e+00
3.466786113443580675e+00
3.443616925563147912e+00
3.440793235735509548e+00
3.405222612436149543e+00
3.372644025356656972e+00
3.362934578102211081e+00
3.341535042560094038e+00
3.322302913065874996e+00
3.309546622183130893e+00
3.307630742751284103e+00
3.300977541795576453e+00
3.271345009341798615e+00
3.261802245259971755e+00
3.218106310175908202e+00
3.213993374220357691e+00
3.197336100189271946e+00
3.186478884048253413e+00
3.169955695469433454e+00
3.160531361353627666e+00
3.152704050916427914e+00
3.124056081953950681e+00
3.111777503074793838e+00
3.105390492613268272e+00
3.026057428049158560e+00
3.014097608281439467e+00
3.000000000000004885e+00
3.000000000000004885e+00
3.000000000000003997e+00
3.000000000000002665e+00
3.000000000000000888e+00
3.000000000000000444e+00
3.000000000000000444e+00
3.000000000000000444e+00
3.000000000000000444e+00
2.999999999999999556e+00
2.999999999999999556e+00
2.999999999999998668e+00
2.999999999999998668e+00
2.999999999999998668e+00
2.999999999999998224e+00
2.979435888524050835e+00
2.969647569376682394e+00
2.949463752525230742e+00
2.940197432687111867e+00
2.929211245882107129e+00
2.873710230254535425e+00
2.844284521675616517e+00
2.835587029150509863e+00
2.833798168829453346e+00
2.820583655455133343e+00
2.797105684453864427e+00
2.786553845136684249e+00
2.772662548411070738e+00
2.756776698811488124e+00
2.742583278644250555e+00
2.742265511519579757e+00
2.714646442060514975e+00
2.685160979705120354e+00
2.679141503884210795e+00
2.657781085052878911e+00
2.649536904676026872e+00
2.631443069759318298e+00
2.602006151148168911e+00
2.583330581454753805e+00
2.575674547099786160e+00
2.574083230560885838e+00
2.561947454068933094e+00
2.561552812808829405e+00
2.555028167392106475e+00
2.549365007684732731e+00
2.545193349552134165e+00
2.525632000521564446e+00
2.523056538591431863e+00
2.508928566555478579e+00
2.500170993160800048e+00
2.498669606940594701e+00
2.496791671154722003e+00
2.483572014351251855e+00
2.481887353071578595e+00
2.465731203465273857e+00
2.459265630568457706e+00
2.433148472133404905e+00
2.433084023787664751e+00
2.423217789879489104e+00
2.418299340486592897e+00
2.411034775175409095e+00
2.410542037646181690e+00
2.398164605532262961e+00
2.380475513580369462e+00
2.365622506795912905e+00
2.354882690949562374e+00
2.353803824002981049e+00
2.351939201553460368e+00
2.336571395608131319e+00
2.330307045102057995e+00
2.327739834280732723e+00
2.324900425742928434e+00
2.323039130038848654e+00
2.316842608680803384e+00
2.305879608646244527e+00
2.303070808272631442e+00
2.299951168516700228e+00
2.299747284534843672e+00
2.290383360655735334e+00
2.279735371037206360e+00
2.277908792622099998e+00
2.235931332948112082e+00
2.223174779135707713e+00
2.220720410821252155e+00
2.208118688289690379e+00
2.194319382697320187e+00
2.188579994955143437e+00
2.180348652533916187e+00
2.175815144062375861e+00
2.172718082647082660e+00
2.170496056984392297e+00
2.160796599963444198e+00
2.160531361353627666e+00
2.150904841124765987e+00
2.146898402441870246e+00
2.123487784919957821e+00
2.094354129192200986e+00
2.089131929856725467e+00
2.084441891909228683e+00
2.076632492979474165e+00
2.056543887965136541e+00
2.051913817582360799e+00
2.049434219019773629e+00
2.029949661383340320e+00
2.000000000000001332e+00
2.000000000000000888e+00
2.000000000000000888e+00
2.000000000000000888e+00
2.000000000000000888e+00
2.000000000000000444e+00
2.000000000000000444e+00
2.000000000000000444e+00
2.000000000000000444e+00
2.000000000000000000e+00
2.000000000000000000e+00
2.000000000000000000e+00
2.000000000000000000e+00
2.000000000000000000e+00
2.000000000000000000e+00
2.000000000000000000e+00
2.000000000000000000e+00
2.000000000000000000e+00
2.000000000000000000e+00
1.999999999999999778e+00
1.999999999999999778e+00
1.999999999999999778e+00
1.999999999999999778e+00
1.999999999999999778e+00
1.999999999999999778e+00
1.999999999999999778e+00
1.999999999999999778e+00
1.999999999999999556e+00
1.999999999999999556e+00
1.999999999999999556e+00
1.999999999999999556e+00
1.999999999999999556e+00
1.999999999999999556e+00
1.999999999999999334e+00
1.999999999999999334e+00
1.999999999999998890e+00
1.999999999999998668e+00
1.999999999999998668e+00
1.999999999999998224e+00
1.999999999999998002e+00
1.999999999999996003e+00
1.996119934266825879e+00
1.987719830855554148e+00
1.987144109012967341e+00
1.979616869543853852e+00
1.977938891060236237e+00
1.970273285395754748e+00
1.960657306170960457e+00
1.955259390893806515e+00
1.953721247444192288e+00
1.948105714802664368e+00
1.946588712094391216e+00
1.936839151960681127e+00
1.922147558759492947e+00
1.913933843421483205e+00
1.911277792135836595e+00
1.905636511162396518e+00
1.900848405413801068e+00
1.900557621186906632e+00
1.896105592991708999e+00
1.874224055559882585e+00
1.867322054008692556e+00
1.858302319425890525e+00
1.844605243614254153e+00
1.844149613406432353e+00
1.840593221039289462e+00
1.839234668356563018e+00
1.838288258612956305e+00
1.832314898647861900e+00
1.831746906488489257e+00
1.826324235912084593e+00
1.824447619108182872e+00
1.822323457937306879e+00
1.819485488316660682e+00
1.817779671591784219e+00
1.810543888388181033e+00
1.810103638634074308e+00
1.808471059257295011e+00
1.804461753811400060e+00
1.799229205223865202e+00
1.797476969433576599e+00
1.793305510231657740e+00
1.790082944445605007e+00
1.780696274744417495e+00
1.775939689721676151e+00
1.764454510664549947e+00
1.759663469848907980e+00
1.757071635892403894e+00
1.756235682974063517e+00
1.755945788452926148e+00
1.753769446980393276e+00
1.748547024430685992e+00
1.746568246995717999e+00
1.741385974811830994e+00
1.735489498215866622e+00
1.734940563333551733e+00
1.731885203743687152e+00
1.729987767040913393e+00
1.729438366511956371e+00
1.725790298868646433e+00
1.720980135534584621e+00
1.717567216032899413e+00
1.705981318608640551e+00
1.701562118716425820e+00
1.701562118716425154e+00
1.700191539027525067e+00
1.697056986360385711e+00
1.696470955860593044e+00
1.692297309924753579e+00
1.691905897180605356e+00
1.681886867024366294e+00
1.679598193214363544e+00
1.677538179768147009e+00
1.672823701000948127e+00
1.670743267800197440e+00
1.669264092418843104e+00
1.659098858991313596e+00
1.657053354369170117e+00
1.654910816464374879e+00
1.644703382725927199e+00
1.644038347731386018e+00
1.644033162652242863e+00
1.642840212511275100e+00
1.634743186300168460e+00
1.633657642400780707e+00
1.629945492751911251e+00
1.626198068527294316e+00
1.625699228839524668e+00
1.601679131883154472e+00
1.601576157505258946e+00
1.601425745677969914e+00
1.598136614263188759e+00
1.595590673807453230e+00
1.590687970235501680e+00
1.589987968452635458e+00
1.583531202453356768e+00
1.578068057160551430e+00
1.577301315813814941e+00
1.566361222750400017e+00
1.561552812808829849e+00
1.560706091244154825e+00
1.555660828904186443e+00
1.555434122211949877e+00
1.554988511409384433e+00
1.552123298987899913e+00
1.550770322133611545e+00
1.541424695985602389e+00
1.530988099175422557e+00
1.528901788182414956e+00
1.527183779949706999e+00
1.513483090164038591e+00
1.507282393913408569e+00
1.506218399462369018e+00
1.502114138803981813e+00
1.499781254502123629e+00
1.488789304273023362e+00
1.484861952871930013e+00
1.483490824700645083e+00
1.475969498724908791e+00
1.469745733596339754e+00
1.464101615137756385e+00
1.460922761221991495e+00
1.456120502700308350e+00
1.451661762283718904e+00
1.448832950683197840e+00
1.446082883469359759e+00
1.438975162401642471e+00
1.429480938147699387e+00
1.428853565750022536e+00
1.425220805399850521e+00
1.422159592960447139e+00
1.421329491274273993e+00
1.414881904298705972e+00
1.409101461133476896e+00
1.405591707208838859e+00
1.404193766958950151e+00
1.392553232995784374e+00
1.383882557911312761e+00
1.377465066195071808e+00
1.375889492546859216e+00
1.373250242124600451e+00
1.368789791332324146e+00
1.365930360267461730e+00
1.347310184996547422e+00
1.347159267548776906e+00
1.341723751858956870e+00
1.339876886623182939e+00
1.336694614286659144e+00
1.330182605293507736e+00
1.327368059443060133e+00
1.323620594768479375e+00
1.316360717493222143e+00
1.310845986946102215e+00
1.310400148768125828e+00
1.301720260855103284e+00
1.270152391021607929e+00
1.254841302692220495e+00
1.251476811626096364e+00
1.250199763740785786e+00
1.243250164631459542e+00
1.243165738028142231e+00
1.234298366017658299e+00
1.217691301428097894e+00
1.194227940197784221e+00
1.189356816327810096e+00
1.152924399060893279e+00
1.134457127081296646e+00
1.081094855608598637e+00
1.066651956484895081e+00
1.057928806047387260e+00
1.035536405686467765e+00
1.028682617324618631e+00
1.000000000000006661e+00
1.000000000000004663e+00
1.000000000000004441e+00
1.000000000000003553e+00
1.000000000000002442e+00
1.000000000000002442e+00
1.000000000000001998e+00
1.000000000000001998e+00
1.000000000000001998e+00
1.000000000000001998e+00
1.000000000000001998e+00
1.000000000000001998e+00
1.000000000000001554e+00
1.000000000000001554e+00
1.000000000000001554e+00
1.000000000000001554e+00
1.000000000000001332e+00
1.000000000000001332e+00
1.000000000000001332e+00
1.000000000000001332e+00
1.000000000000001332e+00
1.000000000000001332e+00
1.000000000000001332e+00
1.000000000000001332e+00
1.000000000000001332e+00
1.000000000000001332e+00
1.000000000000001110e+00
1.000000000000001110e+00
1.000000000000001110e+00
1.000000000000001110e+00
1.000000000000000888e+00
1.000000000000000888e+00
1.000000000000000888e+00
1.000000000000000888e+00
1.000000000000000888e+00
1.000000000000000888e+00
1.000000000000000888e+00
1.000000000000000888e+00
1.000000000000000888e+00
1.000000000000000888e+00
1.000000000000000888e+00
1.000000000000000666e+00
1.000000000000000666e+00
1.000000000000000666e+00
1.000000000000000666e+00
1.000000000000000666e+00
1.000000000000000666e+00
1.000000000000000666e+00
1.000000000000000666e+00
1.000000000000000666e+00
1.000000000000000666e+00
1.000000000000000666e+00
1.000000000000000666e+00
1.000000000000000666e+00
1.000000000000000666e+00
1.000000000000000666e+00
1.000000000000000666e+00
1.000000000000000666e+00
1.000000000000000666e+00
1.000000000000000444e+00
1.000000000000000444e+00
1.000000000000000444e+00
1.000000000000000444e+00
1.000000000000000444e+00
1.000000000000000444e+00
1.000000000000000444e+00
1.000000000000000444e+00
1.000000000000000444e+00
1.000000000000000444e+00
1.000000000000000444e+00
1.000000000000000444e+00
1.000000000000000444e+00
1.000000000000000444e+00
1.000000000000000444e+00
1.000000000000000444e+00
1.000000000000000444e+00
1.000000000000000444e+00
1.000000000000000444e+00
1.000000000000000444e+00
1.000000000000000444e+00
1.000000000000000444e+00
1.000000000000000444e+00
1.000000000000000444e+00
1.000000000000000444e+00
1.000000000000000444e+00
1.000000000000000444e+00
1.000000000000000444e+00
1.000000000000000444e+00
1.000000000000000444e+00
1.000000000000000444e+00
1.000000000000000444e+00
1.000000000000000444e+00
1.000000000000000444e+00
1.000000000000000444e+00
1.000000000000000444e+00
1.000000000000000444e+00
1.000000000000000444e+00
1.000000000000000444e+00
1.000000000000000444e+00
1.000000000000000444e+00
1.000000000000000444e+00
1.000000000000000444e+00
1.000000000000000444e+00
1.000000000000000444e+00
1.000000000000000444e+00
1.000000000000000444e+00
1.000000000000000444e+00
1.000000000000000444e+00
1.000000000000000444e+00
1.000000000000000444e+00
1.000000000000000444e+00
1.000000000000000444e+00
1.000000000000000444e+00
1.000000000000000444e+00
1.000000000000000444e+00
1.000000000000000444e+00
1.000000000000000444e+00
1.000000000000000444e+00
1.000000000000000444e+00
1.000000000000000444e+00
1.000000000000000444e+00
1.000000000000000444e+00
1.000000000000000444e+00
1.000000000000000444e+00
1.000000000000000444e+00
1.000000000000000444e+00
1.000000000000000444e+00
1.000000000000000444e+00
1.000000000000000444e+00
1.000000000000000444e+00
1.000000000000000222e+00
1.000000000000000222e+00
1.000000000000000222e+00
1.000000000000000222e+00
1.000000000000000222e+00
1.000000000000000222e+00
1.000000000000000222e+00
1.000000000000000222e+00
1.000000000000000222e+00
1.000000000000000222e+00
1.000000000000000222e+00
1.000000000000000222e+00
1.000000000000000222e+00
1.000000000000000222e+00
1.000000000000000222e+00
1.000000000000000222e+00
1.000000000000000222e+00
1.000000000000000222e+00
1.000000000000000222e+00
1.000000000000000222e+00
1.000000000000000222e+00
1.000000000000000222e+00
1.000000000000000222e+00
1.000000000000000222e+00
1.000000000000000222e+00
1.000000000000000222e+00
1.000000000000000222e+00
1.000000000000000222e+00
1.000000000000000222e+00
1.000000000000000222e+00
1.000000000000000222e+00
1.000000000000000222e+00
1.000000000000000222e+00
1.000000000000000222e+00
1.000000000000000222e+00
1.000000000000000222e+00
1.000000000000000222e+00
1.000000000000000222e+00
1.000000000000000222e+00
1.000000000000000222e+00
1.000000000000000222e+00
1.000000000000000222e+00
1.000000000000000222e+00
1.000000000000000222e+00
1.000000000000000222e+00
1.000000000000000222e+00
1.000000000000000222e+00
1.000000000000000222e+00
1.000000000000000222e+00
1.000000000000000222e+00
1.000000000000000222e+00
1.000000000000000222e+00
1.000000000000000222e+00
1.000000000000000222e+00
1.000000000000000222e+00
1.000000000000000222e+00
1.000000000000000222e+00
1.000000000000000222e+00
1.000000000000000222e+00
1.000000000000000222e+00
1.000000000000000222e+00
1.000000000000000222e+00
1.000000000000000222e+00
1.000000000000000222e+00
1.000000000000000222e+00
1.000000000000000222e+00
1.000000000000000222e+00
1.000000000000000222e+00
1.000000000000000222e+00
1.000000000000000222e+00
1.000000000000000222e+00
1.000000000000000222e+00
1.000000000000000222e+00
1.000000000000000222e+00
1.000000000000000222e+00
1.000000000000000222e+00
1.000000000000000222e+00
1.000000000000000222e+00
1.000000000000000222e+00
1.000000000000000222e+00
1.000000000000000222e+00
1.000000000000000222e+00
1.000000000000000222e+00
1.000000000000000222e+00
1.000000000000000222e+00
1.000000000000000222e+00
1.000000000000000222e+00
1.000000000000000222e+00
1.000000000000000222e+00
1.000000000000000222e+00
1.000000000000000222e+00
1.000000000000000222e+00
1.000000000000000222e+00
1.000000000000000222e+00
1.000000000000000222e+00
1.000000000000000222e+00
1.000000000000000222e+00
1.000000000000000222e+00
1.000000000000000222e+00
1.000000000000000222e+00
1.000000000000000222e+00
1.000000000000000222e+00
1.000000000000000222e+00
1.000000000000000222e+00
1.000000000000000222e+00
1.000000000000000222e+00
1.000000000000000222e+00
1.000000000000000222e+00
1.000000000000000222e+00
1.000000000000000222e+00
1.000000000000000222e+00
1.000000000000000222e+00
1.000000000000000222e+00
1.000000000000000222e+00
1.000000000000000222e+00
1.000000000000000222e+00
1.000000000000000222e+00
1.000000000000000222e+00
1.000000000000000222e+00
1.000000000000000222e+00
1.000000000000000222e+00
1.000000000000000222e+00
1.000000000000000222e+00
1.000000000000000222e+00
1.000000000000000222e+00
1.000000000000000222e+00
1.000000000000000222e+00
1.000000000000000222e+00
1.000000000000000222e+00
1.000000000000000222e+00
1.000000000000000222e+00
1.000000000000000222e+00
1.000000000000000222e+00
1.000000000000000222e+00
1.000000000000000222e+00
1.000000000000000222e+00
1.000000000000000222e+00
1.000000000000000222e+00
1.000000000000000222e+00
1.000000000000000222e+00
1.000000000000000222e+00
1.000000000000000222e+00
1.000000000000000222e+00
1.000000000000000222e+00
1.000000000000000222e+00
1.000000000000000222e+00
1.000000000000000222e+00
1.000000000000000222e+00
1.000000000000000222e+00
1.000000000000000222e+00
1.000000000000000222e+00
1.000000000000000222e+00
1.000000000000000222e+00
1.000000000000000222e+00
1.000000000000000222e+00
1.000000000000000222e+00
1.000000000000000222e+00
1.000000000000000222e+00
1.000000000000000222e+00
1.000000000000000222e+00
1.000000000000000222e+00
1.000000000000000222e+00
1.000000000000000222e+00
1.000000000000000222e+00
1.000000000000000222e+00
1.000000000000000222e+00
1.000000000000000222e+00
1.000000000000000222e+00
1.000000000000000222e+00
1.000000000000000222e+00
1.000000000000000222e+00
1.000000000000000222e+00
1.000000000000000222e+00
1.000000000000000222e+00
1.000000000000000222e+00
1.000000000000000222e+00
1.000000000000000222e+00
1.000000000000000222e+00
1.000000000000000222e+00
1.000000000000000222e+00
1.000000000000000222e+00
1.000000000000000222e+00
1.000000000000000222e+00
1.000000000000000222e+00
1.000000000000000222e+00
1.000000000000000222e+00
1.000000000000000222e+00
1.000000000000000222e+00
1.000000000000000222e+00
1.000000000000000222e+00
1.000000000000000222e+00
1.000000000000000222e+00
1.000000000000000222e+00
1.000000000000000222e+00
1.000000000000000222e+00
1.000000000000000222e+00
1.000000000000000222e+00
1.000000000000000222e+00
1.000000000000000222e+00
1.000000000000000222e+00
1.000000000000000222e+00
1.000000000000000222e+00
1.000000000000000222e+00
1.000000000000000222e+00
1.000000000000000222e+00
1.000000000000000222e+00
1.000000000000000222e+00
1.000000000000000222e+00
1.000000000000000222e+00
1.000000000000000222e+00
1.000000000000000222e+00
1.000000000000000222e+00
1.000000000000000222e+00
1.000000000000000222e+00
1.000000000000000222e+00
1.000000000000000222e+00
1.000000000000000222e+00
1.000000000000000222e+00
1.000000000000000222e+00
1.000000000000000222e+00
1.000000000000000222e+00
1.000000000000000222e+00
1.000000000000000222e+00
1.000000000000000222e+00
1.000000000000000222e+00
1.000000000000000222e+00
1.000000000000000222e+00
1.000000000000000222e+00
1.000000000000000222e+00
1.000000000000000222e+00
1.000000000000000222e+00
1.000000000000000222e+00
1.000000000000000222e+00
1.000000000000000222e+00
1.000000000000000222e+00
1.000000000000000222e+00
1.000000000000000222e+00
1.000000000000000222e+00
1.000000000000000222e+00
1.000000000000000222e+00
1.000000000000000222e+00
1.000000000000000222e+00
1.000000000000000222e+00
1.000000000000000222e+00
1.000000000000000222e+00
1.000000000000000222e+00
1.000000000000000222e+00
1.000000000000000222e+00
1.000000000000000222e+00
1.000000000000000222e+00
1.000000000000000000e+00
1.000000000000000000e+00
1.000000000000000000e+00
1.000000000000000000e+00
1.000000000000000000e+00
1.000000000000000000e+00
1.000000000000000000e+00
1.000000000000000000e+00
1.000000000000000000e+00
1.000000000000000000e+00
1.000000000000000000e+00
1.000000000000000000e+00
1.000000000000000000e+00
1.000000000000000000e+00
1.000000000000000000e+00
1.000000000000000000e+00
1.000000000000000000e+00
1.000000000000000000e+00
1.000000000000000000e+00
1.000000000000000000e+00
1.000000000000000000e+00
1.000000000000000000e+00
1.000000000000000000e+00
1.000000000000000000e+00
1.000000000000000000e+00
1.000000000000000000e+00
1.000000000000000000e+00
1.000000000000000000e+00
1.000000000000000000e+00
1.000000000000000000e+00
1.000000000000000000e+00
1.000000000000000000e+00
1.000000000000000000e+00
1.000000000000000000e+00
1.000000000000000000e+00
1.000000000000000000e+00
1.000000000000000000e+00
1.000000000000000000e+00
1.000000000000000000e+00
1.000000000000000000e+00
1.000000000000000000e+00
1.000000000000000000e+00
1.000000000000000000e+00
1.000000000000000000e+00
1.000000000000000000e+00
1.000000000000000000e+00
1.000000000000000000e+00
1.000000000000000000e+00
1.000000000000000000e+00
1.000000000000000000e+00
1.000000000000000000e+00
1.000000000000000000e+00
1.000000000000000000e+00
1.000000000000000000e+00
1.000000000000000000e+00
1.000000000000000000e+00
1.000000000000000000e+00
1.000000000000000000e+00
1.000000000000000000e+00
1.000000000000000000e+00
1.000000000000000000e+00
1.000000000000000000e+00
1.000000000000000000e+00
1.000000000000000000e+00
1.000000000000000000e+00
1.000000000000000000e+00
1.000000000000000000e+00
1.000000000000000000e+00
1.000000000000000000e+00
1.000000000000000000e+00
1.000000000000000000e+00
1.000000000000000000e+00
1.000000000000000000e+00
1.000000000000000000e+00
1.000000000000000000e+00
1.000000000000000000e+00
1.000000000000000000e+00
1.000000000000000000e+00
1.000000000000000000e+00
1.000000000000000000e+00
1.000000000000000000e+00
1.000000000000000000e+00
1.000000000000000000e+00
1.000000000000000000e+00
1.000000000000000000e+00
1.000000000000000000e+00
1.000000000000000000e+00
1.000000000000000000e+00
1.000000000000000000e+00
1.000000000000000000e+00
1.000000000000000000e+00
1.000000000000000000e+00
1.000000000000000000e+00
1.000000000000000000e+00
1.000000000000000000e+00
1.000000000000000000e+00
1.000000000000000000e+00
1.000000000000000000e+00
1.000000000000000000e+00
1.000000000000000000e+00
1.000000000000000000e+00
1.000000000000000000e+00
1.000000000000000000e+00
1.000000000000000000e+00
1.000000000000000000e+00
1.000000000000000000e+00
1.000000000000000000e+00
1.000000000000000000e+00
1.000000000000000000e+00
1.000000000000000000e+00
1.000000000000000000e+00
1.000000000000000000e+00
1.000000000000000000e+00
1.000000000000000000e+00
1.000000000000000000e+00
1.000000000000000000e+00
1.000000000000000000e+00
1.000000000000000000e+00
1.000000000000000000e+00
1.000000000000000000e+00
1.000000000000000000e+00
1.000000000000000000e+00
1.000000000000000000e+00
1.000000000000000000e+00
1.000000000000000000e+00
1.000000000000000000e+00
1.000000000000000000e+00
1.000000000000000000e+00
1.000000000000000000e+00
1.000000000000000000e+00
1.000000000000000000e+00
1.000000000000000000e+00
1.000000000000000000e+00
1.000000000000000000e+00
1.000000000000000000e+00
1.000000000000000000e+00
1.000000000000000000e+00
1.000000000000000000e+00
1.000000000000000000e+00
1.000000000000000000e+00
1.000000000000000000e+00
1.000000000000000000e+00
1.000000000000000000e+00
1.000000000000000000e+00
1.000000000000000000e+00
1.000000000000000000e+00
1.000000000000000000e+00
1.000000000000000000e+00
1.000000000000000000e+00
1.000000000000000000e+00
1.000000000000000000e+00
1.000000000000000000e+00
1.000000000000000000e+00
1.000000000000000000e+00
1.000000000000000000e+00
1.000000000000000000e+00
1.000000000000000000e+00
1.000000000000000000e+00
1.000000000000000000e+00
1.000000000000000000e+00
1.000000000000000000e+00
1.000000000000000000e+00
1.000000000000000000e+00
1.000000000000000000e+00
1.000000000000000000e+00
1.000000000000000000e+00
1.000000000000000000e+00
1.000000000000000000e+00
1.000000000000000000e+00
1.000000000000000000e+00
1.000000000000000000e+00
1.000000000000000000e+00
1.000000000000000000e+00
1.000000000000000000e+00
1.000000000000000000e+00
1.000000000000000000e+00
1.000000000000000000e+00
1.000000000000000000e+00
1.000000000000000000e+00
1.000000000000000000e+00
1.000000000000000000e+00
1.000000000000000000e+00
1.000000000000000000e+00
1.000000000000000000e+00
1.000000000000000000e+00
1.000000000000000000e+00
1.000000000000000000e+00
1.000000000000000000e+00
1.000000000000000000e+00
1.000000000000000000e+00
1.000000000000000000e+00
1.000000000000000000e+00
1.000000000000000000e+00
1.000000000000000000e+00
1.000000000000000000e+00
1.000000000000000000e+00
1.000000000000000000e+00
1.000000000000000000e+00
1.000000000000000000e+00
1.000000000000000000e+00
1.000000000000000000e+00
1.000000000000000000e+00
1.000000000000000000e+00
1.000000000000000000e+00
1.000000000000000000e+00
1.000000000000000000e+00
1.000000000000000000e+00
1.000000000000000000e+00
1.000000000000000000e+00
1.000000000000000000e+00
1.000000000000000000e+00
1.000000000000000000e+00
1.000000000000000000e+00
1.000000000000000000e+00
1.000000000000000000e+00
1.000000000000000000e+00
1.000000000000000000e+00
1.000000000000000000e+00
1.000000000000000000e+00
1.000000000000000000e+00
1.000000000000000000e+00
1.000000000000000000e+00
1.000000000000000000e+00
1.000000000000000000e+00
1.000000000000000000e+00
1.000000000000000000e+00
1.000000000000000000e+00
1.000000000000000000e+00
1.000000000000000000e+00
1.000000000000000000e+00
1.000000000000000000e+00
1.000000000000000000e+00
1.000000000000000000e+00
1.000000000000000000e+00
1.000000000000000000e+00
1.000000000000000000e+00
1.000000000000000000e+00
1.000000000000000000e+00
1.000000000000000000e+00
1.000000000000000000e+00
1.000000000000000000e+00
1.000000000000000000e+00
1.000000000000000000e+00
1.000000000000000000e+00
1.000000000000000000e+00
1.000000000000000000e+00
1.000000000000000000e+00
1.000000000000000000e+00
9.999999999999998890e-01
9.999999999999998890e-01
9.999999999999998890e-01
9.999999999999998890e-01
9.999999999999998890e-01
9.999999999999998890e-01
9.999999999999998890e-01
9.999999999999998890e-01
9.999999999999998890e-01
9.999999999999998890e-01
9.999999999999998890e-01
9.999999999999998890e-01
9.999999999999998890e-01
9.999999999999998890e-01
9.999999999999998890e-01
9.999999999999998890e-01
9.999999999999998890e-01
9.999999999999998890e-01
9.999999999999998890e-01
9.999999999999998890e-01
9.999999999999998890e-01
9.999999999999998890e-01
9.999999999999998890e-01
9.999999999999998890e-01
9.999999999999998890e-01
9.999999999999998890e-01
9.999999999999998890e-01
9.999999999999998890e-01
9.999999999999998890e-01
9.999999999999998890e-01
9.999999999999998890e-01
9.999999999999998890e-01
9.999999999999998890e-01
9.999999999999998890e-01
9.999999999999998890e-01
9.999999999999998890e-01
9.999999999999998890e-01
9.999999999999998890e-01
9.999999999999998890e-01
9.999999999999998890e-01
9.999999999999998890e-01
9.999999999999998890e-01
9.999999999999998890e-01
9.999999999999998890e-01
9.999999999999998890e-01
9.999999999999998890e-01
9.999999999999998890e-01
9.999999999999998890e-01
9.999999999999998890e-01
9.999999999999998890e-01
9.999999999999998890e-01
9.999999999999998890e-01
9.999999999999998890e-01
9.999999999999998890e-01
9.999999999999998890e-01
9.999999999999998890e-01
9.999999999999998890e-01
9.999999999999998890e-01
9.999999999999998890e-01
9.999999999999998890e-01
9.999999999999998890e-01
9.999999999999998890e-01
9.999999999999998890e-01
9.999999999999998890e-01
9.999999999999998890e-01
9.999999999999998890e-01
9.999999999999998890e-01
9.999999999999998890e-01
9.999999999999998890e-01
9.999999999999998890e-01
9.999999999999998890e-01
9.999999999999998890e-01
9.999999999999998890e-01
9.999999999999998890e-01
9.999999999999998890e-01
9.999999999999998890e-01
9.999999999999998890e-01
9.999999999999998890e-01
9.999999999999998890e-01
9.999999999999998890e-01
9.999999999999998890e-01
9.999999999999998890e-01
9.999999999999998890e-01
9.999999999999998890e-01
9.999999999999998890e-01
9.999999999999998890e-01
9.999999999999998890e-01
9.999999999999998890e-01
9.999999999999998890e-01
9.999999999999998890e-01
9.999999999999998890e-01
9.999999999999998890e-01
9.999999999999998890e-01
9.999999999999998890e-01
9.999999999999998890e-01
9.999999999999998890e-01
9.999999999999998890e-01
9.999999999999998890e-01
9.999999999999998890e-01
9.999999999999998890e-01
9.999999999999998890e-01
9.999999999999998890e-01
9.999999999999998890e-01
9.999999999999998890e-01
9.999999999999998890e-01
9.999999999999998890e-01
9.999999999999998890e-01
9.999999999999998890e-01
9.999999999999998890e-01
9.999999999999998890e-01
9.999999999999998890e-01
9.999999999999998890e-01
9.999999999999998890e-01
9.999999999999998890e-01
9.999999999999998890e-01
9.999999999999998890e-01
9.999999999999998890e-01
9.999999999999998890e-01
9.999999999999998890e-01
9.999999999999998890e-01
9.999999999999998890e-01
9.999999999999998890e-01
9.999999999999998890e-01
9.999999999999998890e-01
9.999999999999998890e-01
9.999999999999998890e-01
9.999999999999998890e-01
9.999999999999998890e-01
9.999999999999998890e-01
9.999999999999998890e-01
9.999999999999998890e-01
9.999999999999998890e-01
9.999999999999998890e-01
9.999999999999998890e-01
9.999999999999998890e-01
9.999999999999998890e-01
9.999999999999998890e-01
9.999999999999998890e-01
9.999999999999998890e-01
9.999999999999998890e-01
9.999999999999998890e-01
9.999999999999998890e-01
9.999999999999998890e-01
9.999999999999998890e-01
9.999999999999998890e-01
9.999999999999998890e-01
9.999999999999998890e-01
9.999999999999998890e-01
9.999999999999998890e-01
9.999999999999998890e-01
9.999999999999998890e-01
9.999999999999997780e-01
9.999999999999997780e-01
9.999999999999997780e-01
9.999999999999997780e-01
9.999999999999997780e-01
9.999999999999997780e-01
9.999999999999997780e-01
9.999999999999997780e-01
9.999999999999997780e-01
9.999999999999997780e-01
9.999999999999997780e-01
9.999999999999997780e-01
9.999999999999997780e-01
9.999999999999997780e-01
9.999999999999997780e-01
9.999999999999997780e-01
9.999999999999997780e-01
9.999999999999997780e-01
9.999999999999997780e-01
9.999999999999997780e-01
9.999999999999997780e-01
9.999999999999997780e-01
9.999999999999997780e-01
9.999999999999997780e-01
9.999999999999997780e-01
9.999999999999997780e-01
9.999999999999997780e-01
9.999999999999997780e-01
9.999999999999997780e-01
9.999999999999997780e-01
9.999999999999997780e-01
9.999999999999997780e-01
9.999999999999997780e-01
9.999999999999997780e-01
9.999999999999997780e-01
9.999999999999997780e-01
9.999999999999997780e-01
9.999999999999997780e-01
9.999999999999997780e-01
9.999999999999997780e-01
9.999999999999997780e-01
9.999999999999997780e-01
9.999999999999997780e-01
9.999999999999997780e-01
9.999999999999997780e-01
9.999999999999997780e-01
9.999999999999997780e-01
9.999999999999997780e-01
9.999999999999997780e-01
9.999999999999997780e-01
9.999999999999997780e-01
9.999999999999997780e-01
9.999999999999997780e-01
9.999999999999997780e-01
9.999999999999997780e-01
9.999999999999997780e-01
9.999999999999997780e-01
9.999999999999997780e-01
9.999999999999997780e-01
9.999999999999997780e-01
9.999999999999997780e-01
9.999999999999997780e-01
9.999999999999997780e-01
9.999999999999997780e-01
9.999999999999997780e-01
9.999999999999997780e-01
9.999999999999997780e-01
9.999999999999997780e-01
9.999999999999997780e-01
9.999999999999997780e-01
9.999999999999997780e-01
9.999999999999997780e-01
9.999999999999997780e-01
9.999999999999997780e-01
9.999999999999997780e-01
9.999999999999997780e-01
9.999999999999997780e-01
9.999999999999997780e-01
9.999999999999997780e-01
9.999999999999997780e-01
9.999999999999997780e-01
9.999999999999996669e-01
9.999999999999996669e-01
9.999999999999996669e-01
9.999999999999996669e-01
9.999999999999996669e-01
9.999999999999996669e-01
9.999999999999996669e-01
9.999999999999996669e-01
9.999999999999996669e-01
9.999999999999996669e-01
9.999999999999996669e-01
9.999999999999996669e-01
9.999999999999996669e-01
9.999999999999996669e-01
9.999999999999996669e-01
9.999999999999996669e-01
9.999999999999996669e-01
9.999999999999996669e-01
9.999999999999996669e-01
9.999999999999996669e-01
9.999999999999996669e-01
9.999999999999996669e-01
9.999999999999996669e-01
9.999999999999996669e-01
9.999999999999996669e-01
9.999999999999996669e-01
9.999999999999996669e-01
9.999999999999996669e-01
9.999999999999996669e-01
9.999999999999996669e-01
9.999999999999996669e-01
9.999999999999996669e-01
9.999999999999996669e-01
9.999999999999996669e-01
9.999999999999996669e-01
9.999999999999994449e-01
9.999999999999994449e-01
9.999999999999994449e-01
9.999999999999994449e-01
9.999999999999994449e-01
9.999999999999994449e-01
9.999999999999994449e-01
9.999999999999994449e-01
9.999999999999994449e-01
9.999999999999994449e-01
9.999999999999994449e-01
9.999999999999994449e-01
9.999999999999994449e-01
9.999999999999994449e-01
9.999999999999994449e-01
9.999999999999994449e-01
9.999999999999994449e-01
9.999999999999994449e-01
9.999999999999994449e-01
9.999999999999994449e-01
9.999999999999994449e-01
9.999999999999994449e-01
9.999999999999993339e-01
9.999999999999993339e-01
9.999999999999993339e-01
9.999999999999993339e-01
9.999999999999993339e-01
9.999999999999993339e-01
9.999999999999993339e-01
9.999999999999992228e-01
9.999999999999992228e-01
9.999999999999992228e-01
9.999999999999992228e-01
9.999999999999992228e-01
9.999999999999991118e-01
9.999999999999991118e-01
9.999999999999991118e-01
9.999999999999991118e-01
9.999999999999991118e-01
9.999999999999991118e-01
9.999999999999990008e-01
9.999999999999990008e-01
9.999999999999990008e-01
9.999999999999990008e-01
9.999999999999990008e-01
9.999999999999990008e-01
9.999999999999988898e-01
9.999999999999988898e-01
9.999999999999987788e-01
9.999999999999986677e-01
9.999999999999986677e-01
9.999999999999986677e-01
9.999999999999986677e-01
9.999999999999984457e-01
9.999999999999983347e-01
9.999999999999983347e-01
9.999999999999983347e-01
9.999999999999983347e-01
9.999999999999982236e-01
9.999999999999981126e-01
9.999999999999981126e-01
9.999999999999981126e-01
9.999999999999981126e-01
9.999999999999978906e-01
9.999999999999976685e-01
9.999999999999975575e-01
9.999999999999973355e-01
9.999999999999973355e-01
9.999999999999972244e-01
9.999999999999971134e-01
9.999999999999967804e-01
9.999999999999962252e-01
9.999999999999960032e-01
9.999999999999951150e-01
9.999999999999852340e-01
9.174778038104344224e-01
8.707448839544237318e-01
8.361972034944997745e-01
8.204003392492970059e-01
7.853060261228412831e-01
7.762507890212386741e-01
6.977503716326134420e-01
6.926168329452041528e-01
6.922973099247564654e-01
6.615237983379185227e-01
6.375751979868494734e-01
5.713020731416221798e-01
5.450959087764769562e-01
4.478901865494459011e-01
4.424002678509827424e-01
4.226810377209529457e-01
4.222673314470619665e-01
2.278464631848371724e-01
1.309320866813301343e-01
9.538780589588627401e-02
7.927803423507245872e-02
