# Singular values
1.104997004029275942e+01
1.040669008746896118e+01
1.014825833429329194e+01
9.145443919082582696e+00
9.025490863110311679e+00
9.000000000000001776e+00
8.814290167925090458e+00
8.721000849581171721e+00
8.564110671729908475e+00
8.278766613997518675e+00
8.114112178800027664e+00
8.094491587218730189e+00
8.000000000000003553e+00
8.000000000000000000e+00
7.799707777143733978e+00
7.733298878199466486e+00
7.508588827019949896e+00
7.452470716899678216e+00
7.444452941646334310e+00
7.385013377290599479e+00
7.366390745613931479e+00
7.233625361351042393e+00
7.124038881843043569e+00
7.052761902247552506e+00
7.000000000000014211e+00
7.000000000000002665e+00
7.000000000000000888e+00
7.000000000000000000e+00
6.999999999999999112e+00
6.999999999999997335e+00
6.999999999999996447e+00
6.977702554613416375e+00
6.912066830711203202e+00
6.865247234790157194e+00
6.777081177952495317e+00
6.772001872658766075e+00
6.670717302543971883e+00
6.644036530582008382e+00
6.597960753990243177e+00
6.597461860033037695e+00
6.528736045015668843e+00
6.431905215633477724e+00
6.299894882156788611e+00
6.292599859763720715e+00
6.270102969253772862e+00
6.247972038148069451e+00
6.209049769721576517e+00
6.204696870739132564e+00
6.131510838162371080e+00
6.026062490407026573e+00
6.015326424222626756e+00
6.000000000000010658e+00
6.000000000000001776e+00
6.000000000000001776e+00
6.000000000000000888e+00
6.000000000000000888e+00
6.000000000000000888e+00
6.000000000000000000e+00
5.999999999999999112e+00
5.999999999999999112e+00
5.999999999999998224e+00
5.989584027988732906e+00
5.988803526739295613e+00
5.930823766722809864e+00
5.911163127969190967e+00
5.843439261645773541e+00
5.796064634102644497e+00
5.749217911545097870e+00
5.685757373757574840e+00
5.637520756341960038e+00
5.592885427525316366e+00
5.535364898192937311e+00
5.490869063873545564e+00
5.403355259723026549e+00
5.361160903011105816e+00
5.352412406863311212e+00
5.264431236387363988e+00
5.188546001989402079e+00
5.180140032988957088e+00
5.158578469218186413e+00
5.120968703116417053e+00
5.087406090299329442e+00
5.076565204509170037e+00
5.042760256393959750e+00
5.015752479293969834e+00
5.006245094328908074e+00
5.000000000000005329e+00
5.000000000000001776e+00
5.000000000000001776e+00
5.000000000000000888e+00
5.000000000000000888e+00
4.999999999999999112e+00
4.999999999999999112e+00
4.999999999999999112e+00
4.999999999999998224e+00
4.999999999999998224e+00
4.999999999999997335e+00
4.999999999999988454e+00
4.983394390088219161e+00
4.889336345564431419e+00
4.865583963419299884e+00
4.859052779903116459e+00
4.833066504990123136e+00
4.763921131763503070e+00
4.756467939536271672e+00
4.743548526046622804e+00
4.711653615244650872e+00
4.706337365747645940e+00
4.701562118716425154e+00
4.694271888949097971e+00
4.624618533587036673e+00
4.623786379906234423e+00
4.586786316939876151e+00
4.485576101569334284e+00
4.481519916298530859e+00
4.471730683849339805e+00
4.440324009179715148e+00
4.419617055936684302e+00
4.405982140395500402e+00
4.393648629537642236e+00
4.369677085617748702e+00
4.330045543679804432e+00
4.312030522271607325e+00
4.289533181413839102e+00
4.263713208923999076e+00
4.237631914340398431e+00
4.207480197386292531e+00
4.201472338219232050e+00
4.175562805114517495e+00
4.149143326966029832e+00
4.122179354167751164e+00
4.074400219253153210e+00
4.067155714972251701e+00
4.063792287625386912e+00
4.049027881658969541e+00
4.000000000000010658e+00
4.000000000000004441e+00
4.000000000000000888e+00
4.000000000000000888e+00
4.000000000000000888e+00
4.000000000000000888e+00
4.000000000000000888e+00
4.000000000000000888e+00
4.000000000000000888e+00
4.000000000000000888e+00
4.000000000000000888e+00
4.000000000000000888e+00
4.000000000000000000e+00
4.000000000000000000e+00
4.000000000000000000e+00
4.000000000000000000e+00
4.000000000000000000e+00
4.000000000000000000e+00
4.000000000000000000e+00
3.999999999999999556e+00
3.999999999999999112e+00
3.999999999999999112e+00
3.999999999999999112e+00
3.999999999999999112e+00
3.999999999999999112e+00
3.999999999999998668e+00
3.999999999999998224e+00
3.999999999999998224e+00
3.999999999999997335e+00
3.999999999999995559e+00
3.999999999999993339e+00
3.999008946006322507e+00
3.970439710662960309e+00
3.903613986494006927e+00
3.884586371192721099e+00
3.835912371122959907e+00
3.790809105623584419e+00
3.780530575623771927e+00
3.775960426477612764e+00
3.737284425901402862e+00
3.731074135573867245e+00
3.701706411487111215e+00
3.660495404220944771e+00
3.642202687223988100e+00
3.613090763620097956e+00
3.567927021901388773e+00
3.553218056619833032e+00
3.542209820942825438e+00
3.532644731106822089e+00
3.526439728494297210e+00
3.489554778585467698e+00
3.459830637130899778e+00
3.442509179663619800e+00
3.440895848514427868e+00
3.434181964135744725e+00
3.432873711232240055e+00
3.418391501989567427e+00
3.401452293962043960e+00
3.401137577242648646e+00
3.387808073136818976e+00
3.383199469853687802e+00
3.377339943608713035e+00
3.356511643905234266e+00
3.320850249468408233e+00
3.297004485940053797e+00
3.277322093782859991e+00
3.244579694372257350e+00
3.215098334073109410e+00
3.202835045143393788e+00
3.173229489595082331e+00
3.154241030969774151e+00
3.133415996195500597e+00
3.086925998527044079e+00
3.076261896627392023e+00
3.056542979968182916e+00
3.034691287286122918e+00
3.000000000000007105e+00
3.000000000000003109e+00
3.000000000000000888e+00
3.000000000000000444e+00
3.000000000000000000e+00
3.000000000000000000e+00
2.999999999999999556e+00
2.999999999999999556e+00
2.999999999999999556e+00
2.999999999999998224e+00
2.999999999999998224e+00
2.994036633769377787e+00
2.991310249625389606e+00
2.984093228933636599e+00
2.976247884046621106e+00
2.918656474701581960e+00
2.907718486764250709e+00
2.907139395414508609e+00
2.887577112111119337e+00
2.870748057219014715e+00
2.857633746584685053e+00
2.838504601391565352e+00
2.817330942862426912e+00
2.804549115046391261e+00
2.803096878028089822e+00
2.795736807864353857e+00
2.791287847477920803e+00
2.753262038432173764e+00
2.746932265118518401e+00
2.733759703643905414e+00
2.708982142958188621e+00
2.694872839486074145e+00
2.691110849272149608e+00
2.668753940301500815e+00
2.666325846552001000e+00
2.654189608839397696e+00
2.646143690258297543e+00
2.571600968086082961e+00
2.569902655620724730e+00
2.561552812808830293e+00
2.561552812808830293e+00
2.559422157037860135e+00
2.538985702941318756e+00
2.530793442820853834e+00
2.524062308257944753e+00
2.518155825962086869e+00
2.511127743816468971e+00
2.492459930778967436e+00
2.489914671579340766e+00
2.483748588839705285e+00
2.478642774547531680e+00
2.456987235340930553e+00
2.454181546180485896e+00
2.440089161701982423e+00
2.434461471159709234e+00
2.432212089071031702e+00
2.407435656364385057e+00
2.405358225624571133e+00
2.396653575232671862e+00
2.368025550679601299e+00
2.365166065600995626e+00
2.352824505128935595e+00
2.349092995426766084e+00
2.344724376924176124e+00
2.328583012066864910e+00
2.310301688676173804e+00
2.304046992726094256e+00
2.300169743709811421e+00
2.294346961271221730e+00
2.285811624804682474e+00
2.278239924384429127e+00
2.271830723534207674e+00
2.271775076569466645e+00
2.265279224677766212e+00
2.257594570053867322e+00
2.257336166736370053e+00
2.247715284029988325e+00
2.237192210828040650e+00
2.224269833490903459e+00
2.224101502754089577e+00
2.213693520429030670e+00
2.207996778870406018e+00
2.198449992876774672e+00
2.191969896507590665e+00
2.190976640831803657e+00
2.188363131296206632e+00
2.184579779875487571e+00
2.173839206315631323e+00
2.159915035754391255e+00
2.145170622130312843e+00
2.141444424095781951e+00
2.136572132552904346e+00
2.134106054833222910e+00
2.099033673928652810e+00
2.090787714897324623e+00
2.068032630656404969e+00
2.049164345521254926e+00
2.043740827330565946e+00
2.034619138359808677e+00
2.033112720582669120e+00
2.026932073838053405e+00
2.016043376297316225e+00
2.000000000000001776e+00
2.000000000000001332e+00
2.000000000000001332e+00
2.000000000000000888e+00
2.000000000000000888e+00
2.000000000000000888e+00
2.000000000000000888e+00
2.000000000000000888e+00
2.000000000000000444e+00
2.000000000000000444e+00
2.000000000000000444e+00
2.000000000000000444e+00
2.000000000000000444e+00
2.000000000000000444e+00
2.000000000000000444e+00
2.000000000000000444e+00
2.000000000000000444e+00
2.000000000000000444e+00
2.000000000000000444e+00
2.000000000000000000e+00
2.000000000000000000e+00
2.000000000000000000e+00
2.000000000000000000e+00
2.000000000000000000e+00
2.000000000000000000e+00
2.000000000000000000e+00
2.000000000000000000e+00
2.000000000000000000e+00
1.999999999999999778e+00
1.999999999999999778e+00
1.999999999999999778e+00
1.999999999999999556e+00
1.999999999999999556e+00
1.999999999999999556e+00
1.999999999999999556e+00
1.999999999999999334e+00
1.999999999999999334e+00
1.999999999999999334e+00
1.999999999999999334e+00
1.999999999999999334e+00
1.999999999999999334e+00
1.999999999999999112e+00
1.984300396190578075e+00
1.983130783831491106e+00
1.980751800985490085e+00
1.974468628184724350e+00
1.971320631700019366e+00
1.969879143867696136e+00
1.963196609523416347e+00
1.941118945268483831e+00
1.937403559102971906e+00
1.937225449488919837e+00
1.919451310874927374e+00
1.917962097830701484e+00
1.911279883564031001e+00
1.910885635980099195e+00
1.909077976620827899e+00
1.896986518419386147e+00
1.893487504807832345e+00
1.882768020229950823e+00
1.881937252316153941e+00
1.871565611812072705e+00
1.865456661015777895e+00
1.862644588283690839e+00
1.854442717089078485e+00
1.844654974267867509e+00
1.844145313513158246e+00
1.838722270937730219e+00
1.832393996976041661e+00
1.831764946041112507e+00
1.827937558504908910e+00
1.825422259427682103e+00
1.820217233520879940e+00
1.813587386532734547e+00
1.809720171136135480e+00
1.797190389686910139e+00
1.792816617009961311e+00
1.791287847477917250e+00
1.785199949620101645e+00
1.772923174234269261e+00
1.772682206277972572e+00
1.772001872658766297e+00
1.771377723457380871e+00
1.766722734358508129e+00
1.761306776492571391e+00
1.759285434908076873e+00
1.756477897897724461e+00
1.755579843989090616e+00
1.754986991439677180e+00
1.746568246995717555e+00
1.744269068755961882e+00
1.743606012482527445e+00
1.740269290048344741e+00
1.736399035220392850e+00
1.735489498215867288e+00
1.733333156569767164e+00
1.730002980104412114e+00
1.729083570936277292e+00
1.725611107213725459e+00
1.724558999724211894e+00
1.717233834425600181e+00
1.708902165295225650e+00
1.703111737193739206e+00
1.701562118716424488e+00
1.693734200285266667e+00
1.691267776805426948e+00
1.690874997513292843e+00
1.683505939747198310e+00
1.682764570049375630e+00
1.679889004727465052e+00
1.677105637138850858e+00
1.674539131442599249e+00
1.673394521816790492e+00
1.670453397211864255e+00
1.663957051629455286e+00
1.662215521673801710e+00
1.657991971488363525e+00
1.651614774028536958e+00
1.648266670369624265e+00
1.647406940717217383e+00
1.644703913063807921e+00
1.643023045990742004e+00
1.642840212511271991e+00
1.640554615862590770e+00
1.634671286800947199e+00
1.629351545033241200e+00
1.626491185349829838e+00
1.622050030756610139e+00
1.618440856309204090e+00
1.616487530607574996e+00
1.615614775604795383e+00
1.603936554449976848e+00
1.598934772128055348e+00
1.597439813919053098e+00
1.585286503165131755e+00
1.579721506217549809e+00
1.578541726656111255e+00
1.571981599927889217e+00
1.570809730334985721e+00
1.569608757302947355e+00
1.564294957440635070e+00
1.561552812808831403e+00
1.561552812808830515e+00
1.555434122211948322e+00
1.555385216143833738e+00
1.549765131640628013e+00
1.537049951430470962e+00
1.529721210851999746e+00
1.527728657671544532e+00
1.526013022528771801e+00
1.523029349352775119e+00
1.521541763591529817e+00
1.519761772118638055e+00
1.517304852773924795e+00
1.505499878220786014e+00
1.504762181746559735e+00
1.499917107402709560e+00
1.496988385047728132e+00
1.493026705112665331e+00
1.489848641029887455e+00
1.487487119225662902e+00
1.479666742972250981e+00
1.478057997654717459e+00
1.455520113578979702e+00
1.452649474448652667e+00
1.450788412856498732e+00
1.448514136252478046e+00
1.445976716771448345e+00
1.440212337825325983e+00
1.425037224740328679e+00
1.424813270239886576e+00
1.423786595610592176e+00
1.421570900784898672e+00
1.416699502170848612e+00
1.416409683653083285e+00
1.411246196418087573e+00
1.405653675782791101e+00
1.403422415595613204e+00
1.395352841276663591e+00
1.394319255058466878e+00
1.391766225622976805e+00
1.388384813106440463e+00
1.387660437215606057e+00
1.382619926103848984e+00
1.380949381491812122e+00
1.375864155958180790e+00
1.373663236831437429e+00
1.369194566501888977e+00
1.355855993024522643e+00
1.346198579483557811e+00
1.334195530646639982e+00
1.331765908576006519e+00
1.324787567279006595e+00
1.324778867221849010e+00
1.322668779488727298e+00
1.320407362076262858e+00
1.295270081894484671e+00
1.293560177790919363e+00
1.255295513513787542e+00
1.242477664123619707e+00
1.228740502002666712e+00
1.197768005546603343e+00
1.193360473902139951e+00
1.182689759149289754e+00
1.106815551929297259e+00
1.091533837957628261e+00
1.080762222033734510e+00
1.016658686769152498e+00
1.013839848028567969e+00
1.000000000000008216e+00
1.000000000000007772e+00
1.000000000000004663e+00
1.000000000000003553e+00
1.000000000000003109e+00
1.000000000000002887e+00
1.000000000000002665e+00
1.000000000000002220e+00
1.000000000000002220e+00
1.000000000000001998e+00
1.000000000000001998e+00
1.000000000000001776e+00
1.000000000000001554e+00
1.000000000000001554e+00
1.000000000000001554e+00
1.000000000000001554e+00
1.000000000000001332e+00
1.000000000000001332e+00
1.000000000000001332e+00
1.000000000000001332e+00
1.000000000000001332e+00
1.000000000000001332e+00
1.000000000000001332e+00
1.000000000000001110e+00
1.000000000000001110e+00
1.000000000000001110e+00
1.000000000000001110e+00
1.000000000000001110e+00
1.000000000000001110e+00
1.000000000000001110e+00
1.000000000000001110e+00
1.000000000000000888e+00
1.000000000000000888e+00
1.000000000000000888e+00
1.000000000000000888e+00
1.000000000000000888e+00
1.000000000000000888e+00
1.000000000000000888e+00
1.000000000000000888e+00
1.000000000000000888e+00
1.000000000000000888e+00
1.000000000000000888e+00
1.000000000000000888e+00
1.000000000000000888e+00
1.000000000000000888e+00
1.000000000000000888e+00
1.000000000000000888e+00
1.000000000000000888e+00
1.000000000000000666e+00
1.000000000000000666e+00
1.000000000000000666e+00
1.000000000000000666e+00
1.000000000000000666e+00
1.000000000000000666e+00
1.000000000000000666e+00
1.000000000000000666e+00
1.000000000000000666e+00
1.000000000000000666e+00
1.000000000000000666e+00
1.000000000000000666e+00
1.000000000000000666e+00
1.000000000000000666e+00
1.000000000000000666e+00
1.000000000000000666e+00
1.000000000000000444e+00
1.000000000000000444e+00
1.000000000000000444e+00
1.000000000000000444e+00
1.000000000000000444e+00
1.000000000000000444e+00
1.000000000000000444e+00
1.000000000000000444e+00
1.000000000000000444e+00
1.000000000000000444e+00
1.000000000000000444e+00
1.000000000000000444e+00
1.000000000000000444e+00
1.000000000000000444e+00
1.000000000000000444e+00
1.000000000000000444e+00
1.000000000000000444e+00
1.000000000000000444e+00
1.000000000000000444e+00
1.000000000000000444e+00
1.000000000000000444e+00
1.000000000000000444e+00
1.000000000000000444e+00
1.000000000000000444e+00
1.000000000000000444e+00
1.000000000000000444e+00
1.000000000000000444e+00
1.000000000000000444e+00
1.000000000000000444e+00
1.000000000000000444e+00
1.000000000000000444e+00
1.000000000000000444e+00
1.000000000000000444e+00
1.000000000000000444e+00
1.000000000000000444e+00
1.000000000000000444e+00
1.000000000000000444e+00
1.000000000000000444e+00
1.000000000000000444e+00
1.000000000000000444e+00
1.000000000000000444e+00
1.000000000000000444e+00
1.000000000000000444e+00
1.000000000000000444e+00
1.000000000000000444e+00
1.000000000000000444e+00
1.000000000000000444e+00
1.000000000000000444e+00
1.000000000000000444e+00
1.000000000000000444e+00
1.000000000000000444e+00
1.000000000000000444e+00
1.000000000000000444e+00
1.000000000000000444e+00
1.000000000000000444e+00
1.000000000000000444e+00
1.000000000000000444e+00
1.000000000000000444e+00
1.000000000000000444e+00
1.000000000000000444e+00
1.000000000000000444e+00
1.000000000000000444e+00
1.000000000000000444e+00
1.000000000000000444e+00
1.000000000000000444e+00
1.000000000000000444e+00
1.000000000000000444e+00
1.000000000000000444e+00
1.000000000000000444e+00
1.000000000000000222e+00
1.000000000000000222e+00
1.000000000000000222e+00
1.000000000000000222e+00
1.000000000000000222e+00
1.000000000000000222e+00
1.000000000000000222e+00
1.000000000000000222e+00
1.000000000000000222e+00
1.000000000000000222e+00
1.000000000000000222e+00
1.000000000000000222e+00
1.000000000000000222e+00
1.000000000000000222e+00
1.000000000000000222e+00
1.000000000000000222e+00
1.000000000000000222e+00
1.000000000000000222e+00
1.000000000000000222e+00
1.000000000000000222e+00
1.000000000000000222e+00
1.000000000000000222e+00
1.000000000000000222e+00
1.000000000000000222e+00
1.000000000000000222e+00
1.000000000000000222e+00
1.000000000000000222e+00
1.000000000000000222e+00
1.000000000000000222e+00
1.000000000000000222e+00
1.000000000000000222e+00
1.000000000000000222e+00
1.000000000000000222e+00
1.000000000000000222e+00
1.000000000000000222e+00
1.000000000000000222e+00
1.000000000000000222e+00
1.000000000000000222e+00
1.000000000000000222e+00
1.000000000000000222e+00
1.000000000000000222e+00
1.000000000000000222e+00
1.000000000000000222e+00
1.000000000000000222e+00
1.000000000000000222e+00
1.000000000000000222e+00
1.000000000000000222e+00
1.000000000000000222e+00
1.000000000000000222e+00
1.000000000000000222e+00
1.000000000000000222e+00
1.000000000000000222e+00
1.000000000000000222e+00
1.000000000000000222e+00
1.000000000000000222e+00
1.000000000000000222e+00
1.000000000000000222e+00
1.000000000000000222e+00
1.000000000000000222e+00
1.000000000000000222e+00
1.000000000000000222e+00
1.000000000000000222e+00
1.000000000000000222e+00
1.000000000000000222e+00
1.000000000000000222e+00
1.000000000000000222e+00
1.000000000000000222e+00
1.000000000000000222e+00
1.000000000000000222e+00
1.000000000000000222e+00
1.000000000000000222e+00
1.000000000000000222e+00
1.000000000000000222e+00
1.000000000000000222e+00
1.000000000000000222e+00
1.000000000000000222e+00
1.000000000000000222e+00
1.000000000000000222e+00
1.000000000000000222e+00
1.000000000000000222e+00
1.000000000000000222e+00
1.000000000000000222e+00
1.000000000000000222e+00
1.000000000000000222e+00
1.000000000000000222e+00
1.000000000000000222e+00
1.000000000000000222e+00
1.000000000000000222e+00
1.000000000000000222e+00
1.000000000000000222e+00
1.000000000000000222e+00
1.000000000000000222e+00
1.000000000000000222e+00
1.000000000000000222e+00
1.000000000000000222e+00
1.000000000000000222e+00
1.000000000000000222e+00
1.000000000000000222e+00
1.000000000000000222e+00
1.000000000000000222e+00
1.000000000000000222e+00
1.000000000000000222e+00
1.000000000000000222e+00
1.000000000000000222e+00
1.000000000000000222e+00
1.000000000000000222e+00
1.000000000000000222e+00
1.000000000000000222e+00
1.000000000000000222e+00
1.000000000000000222e+00
1.000000000000000222e+00
1.000000000000000222e+00
1.000000000000000222e+00
1.000000000000000222e+00
1.000000000000000222e+00
1.000000000000000222e+00
1.000000000000000222e+00
1.000000000000000222e+00
1.000000000000000222e+00
1.000000000000000222e+00
1.000000000000000222e+00
1.000000000000000222e+00
1.000000000000000222e+00
1.000000000000000222e+00
1.000000000000000222e+00
1.000000000000000222e+00
1.000000000000000222e+00
1.000000000000000222e+00
1.000000000000000222e+00
1.000000000000000222e+00
1.000000000000000222e+00
1.000000000000000222e+00
1.000000000000000222e+00
1.000000000000000222e+00
1.000000000000000222e+00
1.000000000000000222e+00
1.000000000000000222e+00
1.000000000000000222e+00
1.000000000000000222e+00
1.000000000000000222e+00
1.000000000000000222e+00
1.000000000000000222e+00
1.000000000000000222e+00
1.000000000000000222e+00
1.000000000000000222e+00
1.000000000000000222e+00
1.000000000000000222e+00
1.000000000000000222e+00
1.000000000000000222e+00
1.000000000000000222e+00
1.000000000000000222e+00
1.000000000000000222e+00
1.000000000000000222e+00
1.000000000000000222e+00
1.000000000000000222e+00
1.000000000000000222e+00
1.000000000000000222e+00
1.000000000000000222e+00
1.000000000000000222e+00
1.000000000000000222e+00
1.000000000000000222e+00
1.000000000000000222e+00
1.000000000000000222e+00
1.000000000000000222e+00
1.000000000000000222e+00
1.000000000000000222e+00
1.000000000000000222e+00
1.000000000000000222e+00
1.000000000000000222e+00
1.000000000000000222e+00
1.000000000000000222e+00
1.000000000000000222e+00
1.000000000000000222e+00
1.000000000000000222e+00
1.000000000000000222e+00
1.000000000000000222e+00
1.000000000000000222e+00
1.000000000000000222e+00
1.000000000000000222e+00
1.000000000000000222e+00
1.000000000000000222e+00
1.000000000000000222e+00
1.000000000000000222e+00
1.000000000000000222e+00
1.000000000000000222e+00
1.000000000000000222e+00
1.000000000000000222e+00
1.000000000000000222e+00
1.000000000000000222e+00
1.000000000000000222e+00
1.000000000000000222e+00
1.000000000000000222e+00
1.000000000000000222e+00
1.000000000000000222e+00
1.000000000000000222e+00
1.000000000000000222e+00
1.000000000000000222e+00
1.000000000000000222e+00
1.000000000000000222e+00
1.000000000000000222e+00
1.000000000000000222e+00
1.000000000000000222e+00
1.000000000000000222e+00
1.000000000000000222e+00
1.000000000000000222e+00
1.000000000000000222e+00
1.000000000000000222e+00
1.000000000000000222e+00
1.000000000000000222e+00
1.000000000000000222e+00
1.000000000000000222e+00
1.000000000000000222e+00
1.000000000000000222e+00
1.000000000000000222e+00
1.000000000000000222e+00
1.000000000000000222e+00
1.000000000000000222e+00
1.000000000000000222e+00
1.000000000000000222e+00
1.000000000000000222e+00
1.000000000000000222e+00
1.000000000000000222e+00
1.000000000000000222e+00
1.000000000000000222e+00
1.000000000000000222e+00
1.000000000000000222e+00
1.000000000000000222e+00
1.000000000000000222e+00
1.000000000000000222e+00
1.000000000000000222e+00
1.000000000000000222e+00
1.000000000000000222e+00
1.000000000000000222e+00
1.000000000000000222e+00
1.000000000000000222e+00
1.000000000000000222e+00
1.000000000000000222e+00
1.000000000000000222e+00
1.000000000000000222e+00
1.000000000000000222e+00
1.000000000000000222e+00
1.000000000000000222e+00
1.000000000000000222e+00
1.000000000000000222e+00
1.000000000000000222e+00
1.000000000000000222e+00
1.000000000000000222e+00
1.000000000000000222e+00
1.000000000000000222e+00
1.000000000000000222e+00
1.000000000000000222e+00
1.000000000000000222e+00
1.000000000000000222e+00
1.000000000000000222e+00
1.000000000000000222e+00
1.000000000000000222e+00
1.000000000000000222e+00
1.000000000000000222e+00
1.000000000000000222e+00
1.000000000000000222e+00
1.000000000000000222e+00
1.000000000000000222e+00
1.000000000000000222e+00
1.000000000000000222e+00
1.000000000000000222e+00
1.000000000000000222e+00
1.000000000000000222e+00
1.000000000000000222e+00
1.000000000000000222e+00
1.000000000000000222e+00
1.000000000000000222e+00
1.000000000000000222e+00
1.000000000000000222e+00
1.000000000000000222e+00
1.000000000000000222e+00
1.000000000000000222e+00
1.000000000000000222e+00
1.000000000000000222e+00
1.000000000000000222e+00
1.000000000000000222e+00
1.000000000000000222e+00
1.000000000000000222e+00
1.000000000000000222e+00
1.000000000000000222e+00
1.000000000000000222e+00
1.000000000000000222e+00
1.000000000000000222e+00
1.000000000000000222e+00
1.000000000000000222e+00
1.000000000000000222e+00
1.000000000000000222e+00
1.000000000000000222e+00
1.000000000000000222e+00
1.000000000000000222e+00
1.000000000000000222e+00
1.000000000000000000e+00
1.000000000000000000e+00
1.000000000000000000e+00
1.000000000000000000e+00
1.000000000000000000e+00
1.000000000000000000e+00
1.000000000000000000e+00
1.000000000000000000e+00
1.000000000000000000e+00
1.000000000000000000e+00
1.000000000000000000e+00
1.000000000000000000e+00
1.000000000000000000e+00
1.000000000000000000e+00
1.000000000000000000e+00
1.000000000000000000e+00
1.000000000000000000e+00
1.000000000000000000e+00
1.000000000000000000e+00
1.000000000000000000e+00
1.000000000000000000e+00
1.000000000000000000e+00
1.000000000000000000e+00
1.000000000000000000e+00
1.000000000000000000e+00
1.000000000000000000e+00
1.000000000000000000e+00
1.000000000000000000e+00
1.000000000000000000e+00
1.000000000000000000e+00
1.000000000000000000e+00
1.000000000000000000e+00
1.000000000000000000e+00
1.000000000000000000e+00
1.000000000000000000e+00
1.000000000000000000e+00
1.000000000000000000e+00
1.000000000000000000e+00
1.000000000000000000e+00
1.000000000000000000e+00
1.000000000000000000e+00
1.000000000000000000e+00
1.000000000000000000e+00
1.000000000000000000e+00
1.000000000000000000e+00
1.000000000000000000e+00
1.000000000000000000e+00
1.000000000000000000e+00
1.000000000000000000e+00
1.000000000000000000e+00
1.000000000000000000e+00
1.000000000000000000e+00
1.000000000000000000e+00
1.000000000000000000e+00
1.000000000000000000e+00
1.000000000000000000e+00
1.000000000000000000e+00
1.000000000000000000e+00
1.000000000000000000e+00
1.000000000000000000e+00
1.000000000000000000e+00
1.000000000000000000e+00
1.000000000000000000e+00
1.000000000000000000e+00
1.000000000000000000e+00
1.000000000000000000e+00
1.000000000000000000e+00
1.000000000000000000e+00
1.000000000000000000e+00
1.000000000000000000e+00
1.000000000000000000e+00
1.000000000000000000e+00
1.000000000000000000e+00
1.000000000000000000e+00
1.000000000000000000e+00
1.000000000000000000e+00
1.000000000000000000e+00
1.000000000000000000e+00
1.000000000000000000e+00
1.000000000000000000e+00
1.000000000000000000e+00
1.000000000000000000e+00
1.000000000000000000e+00
1.000000000000000000e+00
1.000000000000000000e+00
1.000000000000000000e+00
1.000000000000000000e+00
1.000000000000000000e+00
1.000000000000000000e+00
1.000000000000000000e+00
1.000000000000000000e+00
1.000000000000000000e+00
1.000000000000000000e+00
1.000000000000000000e+00
1.000000000000000000e+00
1.000000000000000000e+00
1.000000000000000000e+00
1.000000000000000000e+00
1.000000000000000000e+00
1.000000000000000000e+00
1.000000000000000000e+00
1.000000000000000000e+00
1.000000000000000000e+00
1.000000000000000000e+00
1.000000000000000000e+00
1.000000000000000000e+00
1.000000000000000000e+00
1.000000000000000000e+00
1.000000000000000000e+00
1.000000000000000000e+00
1.000000000000000000e+00
1.000000000000000000e+00
1.000000000000000000e+00
1.000000000000000000e+00
1.000000000000000000e+00
1.000000000000000000e+00
1.000000000000000000e+00
1.000000000000000000e+00
1.000000000000000000e+00
1.000000000000000000e+00
1.000000000000000000e+00
1.000000000000000000e+00
1.000000000000000000e+00
1.000000000000000000e+00
1.000000000000000000e+00
1.000000000000000000e+00
1.000000000000000000e+00
1.000000000000000000e+00
1.000000000000000000e+00
1.000000000000000000e+00
1.000000000000000000e+00
1.000000000000000000e+00
1.000000000000000000e+00
1.000000000000000000e+00
1.000000000000000000e+00
1.000000000000000000e+00
1.000000000000000000e+00
1.000000000000000000e+00
1.000000000000000000e+00
1.000000000000000000e+00
1.000000000000000000e+00
1.000000000000000000e+00
1.000000000000000000e+00
1.000000000000000000e+00
1.000000000000000000e+00
1.000000000000000000e+00
1.000000000000000000e+00
1.000000000000000000e+00
1.000000000000000000e+00
1.000000000000000000e+00
1.000000000000000000e+00
1.000000000000000000e+00
1.000000000000000000e+00
1.000000000000000000e+00
1.000000000000000000e+00
1.000000000000000000e+00
1.000000000000000000e+00
1.000000000000000000e+00
1.000000000000000000e+00
1.000000000000000000e+00
1.000000000000000000e+00
1.000000000000000000e+00
1.000000000000000000e+00
1.000000000000000000e+00
1.000000000000000000e+00
1.000000000000000000e+00
1.000000000000000000e+00
1.000000000000000000e+00
1.000000000000000000e+00
1.000000000000000000e+00
1.000000000000000000e+00
1.000000000000000000e+00
1.000000000000000000e+00
1.000000000000000000e+00
1.000000000000000000e+00
1.000000000000000000e+00
1.000000000000000000e+00
1.000000000000000000e+00
1.000000000000000000e+00
1.000000000000000000e+00
1.000000000000000000e+00
1.000000000000000000e+00
1.000000000000000000e+00
1.000000000000000000e+00
1.000000000000000000e+00
1.000000000000000000e+00
1.000000000000000000e+00
1.000000000000000000e+00
1.000000000000000000e+00
1.000000000000000000e+00
1.000000000000000000e+00
1.000000000000000000e+00
1.000000000000000000e+00
1.000000000000000000e+00
1.000000000000000000e+00
1.000000000000000000e+00
1.000000000000000000e+00
1.000000000000000000e+00
1.000000000000000000e+00
1.000000000000000000e+00
1.000000000000000000e+00
1.000000000000000000e+00
1.000000000000000000e+00
1.000000000000000000e+00
1.000000000000000000e+00
1.000000000000000000e+00
1.000000000000000000e+00
1.000000000000000000e+00
1.000000000000000000e+00
1.000000000000000000e+00
1.000000000000000000e+00
1.000000000000000000e+00
1.000000000000000000e+00
1.000000000000000000e+00
1.000000000000000000e+00
1.000000000000000000e+00
1.000000000000000000e+00
1.000000000000000000e+00
1.000000000000000000e+00
1.000000000000000000e+00
1.000000000000000000e+00
1.000000000000000000e+00
1.000000000000000000e+00
1.000000000000000000e+00
1.000000000000000000e+00
1.000000000000000000e+00
1.000000000000000000e+00
1.000000000000000000e+00
1.000000000000000000e+00
1.000000000000000000e+00
1.000000000000000000e+00
1.000000000000000000e+00
1.000000000000000000e+00
1.000000000000000000e+00
1.000000000000000000e+00
1.000000000000000000e+00
1.000000000000000000e+00
1.000000000000000000e+00
1.000000000000000000e+00
1.000000000000000000e+00
1.000000000000000000e+00
1.000000000000000000e+00
1.000000000000000000e+00
1.000000000000000000e+00
1.000000000000000000e+00
1.000000000000000000e+00
1.000000000000000000e+00
1.000000000000000000e+00
1.000000000000000000e+00
1.000000000000000000e+00
1.000000000000000000e+00
1.000000000000000000e+00
1.000000000000000000e+00
1.000000000000000000e+00
1.000000000000000000e+00
1.000000000000000000e+00
1.000000000000000000e+00
1.000000000000000000e+00
1.000000000000000000e+00
1.000000000000000000e+00
1.000000000000000000e+00
1.000000000000000000e+00
1.000000000000000000e+00
1.000000000000000000e+00
1.000000000000000000e+00
1.000000000000000000e+00
1.000000000000000000e+00
1.000000000000000000e+00
1.000000000000000000e+00
1.000000000000000000e+00
1.000000000000000000e+00
9.999999999999998890e-01
9.999999999999998890e-01
9.999999999999998890e-01
9.999999999999998890e-01
9.999999999999998890e-01
9.999999999999998890e-01
9.999999999999998890e-01
9.999999999999998890e-01
9.999999999999998890e-01
9.999999999999998890e-01
9.999999999999998890e-01
9.999999999999998890e-01
9.999999999999998890e-01
9.999999999999998890e-01
9.999999999999998890e-01
9.999999999999998890e-01
9.999999999999998890e-01
9.999999999999998890e-01
9.999999999999998890e-01
9.999999999999998890e-01
9.999999999999998890e-01
9.999999999999998890e-01
9.999999999999998890e-01
9.999999999999998890e-01
9.999999999999998890e-01
9.999999999999998890e-01
9.999999999999998890e-01
9.999999999999998890e-01
9.999999999999998890e-01
9.999999999999998890e-01
9.999999999999998890e-01
9.999999999999998890e-01
9.999999999999998890e-01
9.999999999999998890e-01
9.999999999999998890e-01
9.999999999999998890e-01
9.999999999999998890e-01
9.999999999999998890e-01
9.999999999999998890e-01
9.999999999999998890e-01
9.999999999999998890e-01
9.999999999999998890e-01
9.999999999999998890e-01
9.999999999999998890e-01
9.999999999999998890e-01
9.999999999999998890e-01
9.999999999999998890e-01
9.999999999999998890e-01
9.999999999999998890e-01
9.999999999999998890e-01
9.999999999999998890e-01
9.999999999999998890e-01
9.999999999999998890e-01
9.999999999999998890e-01
9.999999999999998890e-01
9.999999999999998890e-01
9.999999999999998890e-01
9.999999999999998890e-01
9.999999999999998890e-01
9.999999999999998890e-01
9.999999999999998890e-01
9.999999999999998890e-01
9.999999999999998890e-01
9.999999999999998890e-01
9.999999999999998890e-01
9.999999999999998890e-01
9.999999999999998890e-01
9.999999999999998890e-01
9.999999999999998890e-01
9.999999999999998890e-01
9.999999999999998890e-01
9.999999999999998890e-01
9.999999999999998890e-01
9.999999999999998890e-01
9.999999999999998890e-01
9.999999999999998890e-01
9.999999999999998890e-01
9.999999999999998890e-01
9.999999999999998890e-01
9.999999999999998890e-01
9.999999999999998890e-01
9.999999999999998890e-01
9.999999999999998890e-01
9.999999999999998890e-01
9.999999999999998890e-01
9.999999999999998890e-01
9.999999999999998890e-01
9.999999999999998890e-01
9.999999999999998890e-01
9.999999999999998890e-01
9.999999999999998890e-01
9.999999999999998890e-01
9.999999999999998890e-01
9.999999999999998890e-01
9.999999999999998890e-01
9.999999999999998890e-01
9.999999999999998890e-01
9.999999999999998890e-01
9.999999999999998890e-01
9.999999999999998890e-01
9.999999999999998890e-01
9.999999999999998890e-01
9.999999999999998890e-01
9.999999999999998890e-01
9.999999999999998890e-01
9.999999999999998890e-01
9.999999999999998890e-01
9.999999999999998890e-01
9.999999999999998890e-01
9.999999999999998890e-01
9.999999999999998890e-01
9.999999999999998890e-01
9.999999999999998890e-01
9.999999999999998890e-01
9.999999999999998890e-01
9.999999999999998890e-01
9.999999999999998890e-01
9.999999999999998890e-01
9.999999999999998890e-01
9.999999999999998890e-01
9.999999999999998890e-01
9.999999999999998890e-01
9.999999999999998890e-01
9.999999999999998890e-01
9.999999999999998890e-01
9.999999999999997780e-01
9.999999999999997780e-01
9.999999999999997780e-01
9.999999999999997780e-01
9.999999999999997780e-01
9.999999999999997780e-01
9.999999999999997780e-01
9.999999999999997780e-01
9.999999999999997780e-01
9.999999999999997780e-01
9.999999999999997780e-01
9.999999999999997780e-01
9.999999999999997780e-01
9.999999999999997780e-01
9.999999999999997780e-01
9.999999999999997780e-01
9.999999999999997780e-01
9.999999999999997780e-01
9.999999999999997780e-01
9.999999999999997780e-01
9.999999999999997780e-01
9.999999999999997780e-01
9.999999999999997780e-01
9.999999999999997780e-01
9.999999999999997780e-01
9.999999999999997780e-01
9.999999999999997780e-01
9.999999999999997780e-01
9.999999999999997780e-01
9.999999999999997780e-01
9.999999999999997780e-01
9.999999999999997780e-01
9.999999999999997780e-01
9.999999999999997780e-01
9.999999999999997780e-01
9.999999999999997780e-01
9.999999999999997780e-01
9.999999999999997780e-01
9.999999999999997780e-01
9.999999999999997780e-01
9.999999999999997780e-01
9.999999999999997780e-01
9.999999999999997780e-01
9.999999999999997780e-01
9.999999999999997780e-01
9.999999999999997780e-01
9.999999999999997780e-01
9.999999999999997780e-01
9.999999999999997780e-01
9.999999999999997780e-01
9.999999999999997780e-01
9.999999999999997780e-01
9.999999999999997780e-01
9.999999999999997780e-01
9.999999999999997780e-01
9.999999999999997780e-01
9.999999999999997780e-01
9.999999999999996669e-01
9.999999999999996669e-01
9.999999999999996669e-01
9.999999999999996669e-01
9.999999999999996669e-01
9.999999999999996669e-01
9.999999999999996669e-01
9.999999999999996669e-01
9.999999999999996669e-01
9.999999999999996669e-01
9.999999999999996669e-01
9.999999999999996669e-01
9.999999999999996669e-01
9.999999999999996669e-01
9.999999999999996669e-01
9.999999999999996669e-01
9.999999999999996669e-01
9.999999999999996669e-01
9.999999999999996669e-01
9.999999999999996669e-01
9.999999999999996669e-01
9.999999999999996669e-01
9.999999999999996669e-01
9.999999999999996669e-01
9.999999999999996669e-01
9.999999999999996669e-01
9.999999999999996669e-01
9.999999999999996669e-01
9.999999999999996669e-01
9.999999999999996669e-01
9.999999999999996669e-01
9.999999999999996669e-01
9.999999999999995559e-01
9.999999999999995559e-01
9.999999999999995559e-01
9.999999999999995559e-01
9.999999999999995559e-01
9.999999999999995559e-01
9.999999999999995559e-01
9.999999999999995559e-01
9.999999999999995559e-01
9.999999999999995559e-01
9.999999999999995559e-01
9.999999999999995559e-01
9.999999999999995559e-01
9.999999999999995559e-01
9.999999999999995559e-01
9.999999999999995559e-01
9.999999999999995559e-01
9.999999999999995559e-01
9.999999999999994449e-01
9.999999999999994449e-01
9.999999999999994449e-01
9.999999999999994449e-01
9.999999999999994449e-01
9.999999999999994449e-01
9.999999999999994449e-01
9.999999999999994449e-01
9.999999999999993339e-01
9.999999999999993339e-01
9.999999999999993339e-01
9.999999999999992228e-01
9.999999999999992228e-01
9.999999999999992228e-01
9.999999999999992228e-01
9.999999999999992228e-01
9.999999999999992228e-01
9.999999999999990008e-01
9.999999999999990008e-01
9.999999999999990008e-01
9.999999999999990008e-01
9.999999999999990008e-01
9.999999999999990008e-01
9.999999999999988898e-01
9.999999999999988898e-01
9.999999999999988898e-01
9.999999999999988898e-01
9.999999999999986677e-01
9.999999999999985567e-01
9.999999999999984457e-01
9.999999999999984457e-01
9.999999999999984457e-01
9.999999999999984457e-01
9.999999999999984457e-01
9.999999999999984457e-01
9.999999999999983347e-01
9.999999999999983347e-01
9.999999999999982236e-01
9.999999999999976685e-01
9.999999999999975575e-01
9.999999999999956701e-01
9.999999999999955591e-01
9.999999999999952260e-01
9.167270840065506743e-01
8.952360535889903881e-01
8.250103725250383935e-01
8.194737324984627813e-01
8.017985642714257066e-01
7.283324497157345201e-01
6.907017245259011728e-01
6.732478544676108179e-01
6.601705610300306892e-01
6.304654874971071798e-01
5.871713829162925613e-01
5.450959087764757349e-01
4.453938494329617304e-01
3.962141641386243140e-01
3.035378548381112984e-01
2.916119439600606822e-01
2.538142943621328196e-01
2.309617183116411121e-01
1.990425179074590822e-01
1.185616255474893355e-01
