# Singular values
1.105104697537033687e+01
1.030792893404640331e+01
1.016154282442164103e+01
1.002053155106446702e+01
9.150172636421944006e+00
9.000000000000003553e+00
8.879733963669329100e+00
8.808252087957187726e+00
8.591274605919220875e+00
8.584317500443882309e+00
8.230168600525527012e+00
8.094491587218737294e+00
8.093018355592491275e+00
8.000000000000001776e+00
8.000000000000001776e+00
7.573960139853558537e+00
7.517675009658373320e+00
7.484019635028914763e+00
7.456446672435129486e+00
7.348747575564248180e+00
7.346765687941992695e+00
7.161946380291140279e+00
7.127741267495104616e+00
7.028604428784896108e+00
7.004154342223123386e+00
7.000000000000000888e+00
7.000000000000000888e+00
7.000000000000000888e+00
7.000000000000000888e+00
6.999999999999999112e+00
6.999999999999984901e+00
6.999999999999978684e+00
6.960971360105012273e+00
6.938981322481125424e+00
6.902051822078330012e+00
6.836813032487750519e+00
6.777808181315148062e+00
6.757029035156238095e+00
6.688882333795019619e+00
6.646972587075360650e+00
6.631963668699407677e+00
6.598330162120487508e+00
6.542807282233027877e+00
6.465684217850151683e+00
6.364001955136282973e+00
6.295663953969442339e+00
6.250914976739725404e+00
6.209049769721572076e+00
6.176307339639093286e+00
6.085060101123952236e+00
6.036315262318370678e+00
6.000000000000005329e+00
6.000000000000000888e+00
6.000000000000000888e+00
6.000000000000000000e+00
6.000000000000000000e+00
5.999999999999999112e+00
5.999999999999997335e+00
5.999999999999992006e+00
5.958935777580093962e+00
5.909628217707020958e+00
5.803269414214344835e+00
5.756597668487239083e+00
5.697994116420669997e+00
5.672440504295503061e+00
5.623405918058005604e+00
5.618998027468088630e+00
5.604936021296335724e+00
5.516608601053369476e+00
5.478558171443414615e+00
5.464101615137757051e+00
5.461196399531977441e+00
5.433440866698869165e+00
5.398368372620346634e+00
5.341904277947234547e+00
5.304317593341724368e+00
5.266764108990965809e+00
5.254514316733376766e+00
5.180140032988957977e+00
5.179655872531694349e+00
5.116541051794111894e+00
5.087406090299344541e+00
5.064745410831014816e+00
5.000000000000007994e+00
5.000000000000007994e+00
5.000000000000000000e+00
5.000000000000000000e+00
5.000000000000000000e+00
5.000000000000000000e+00
4.999999999999999112e+00
4.999999999999999112e+00
4.999999999999998224e+00
4.999999999999998224e+00
4.999999999999997335e+00
4.999999999999996447e+00
4.996434467134122315e+00
4.982394146303065874e+00
4.920895501392773319e+00
4.914765039191982154e+00
4.876947080045215266e+00
4.861884656189119802e+00
4.847377281129092275e+00
4.779057403263712089e+00
4.754179727352416229e+00
4.748087712904658808e+00
4.701562118716427818e+00
4.701562118716424266e+00
4.684825938580511995e+00
4.635083658470199985e+00
4.617049986836553543e+00
4.604362604331325493e+00
4.578900571830843980e+00
4.551605632498958443e+00
4.531359987438613679e+00
4.506182572867478697e+00
4.499271426606732405e+00
4.483510483973780048e+00
4.428717572324370799e+00
4.363001442869904878e+00
4.325436533570813147e+00
4.297888776056993265e+00
4.284802854239025294e+00
4.267460430971369512e+00
4.226731302518491162e+00
4.201472338219241820e+00
4.186038905855969716e+00
4.141336115655363415e+00
4.127400716593120578e+00
4.076192700545773206e+00
4.044340466503315135e+00
4.019638276673624944e+00
4.017801664732430389e+00
4.012385326391624041e+00
4.000000000000005329e+00
4.000000000000002665e+00
4.000000000000001776e+00
4.000000000000001776e+00
4.000000000000001776e+00
4.000000000000001776e+00
4.000000000000000888e+00
4.000000000000000888e+00
4.000000000000000888e+00
4.000000000000000888e+00
4.000000000000000888e+00
4.000000000000000888e+00
4.000000000000000888e+00
4.000000000000000888e+00
4.000000000000000888e+00
4.000000000000000888e+00
4.000000000000000888e+00
4.000000000000000000e+00
3.999999999999999556e+00
3.999999999999999556e+00
3.999999999999999556e+00
3.999999999999999556e+00
3.999999999999999556e+00
3.999999999999999556e+00
3.999999999999999112e+00
3.999999999999999112e+00
3.999999999999999112e+00
3.999999999999999112e+00
3.999999999999998668e+00
3.999999999999998668e+00
3.999999999999998224e+00
3.999999999999994227e+00
3.980817408982798344e+00
3.957651368550424209e+00
3.901208642357675060e+00
3.884849108484732749e+00
3.858476307965315488e+00
3.846680399512463211e+00
3.831270897909605289e+00
3.795298731033120987e+00
3.774624525613296644e+00
3.757054923739980179e+00
3.752296409388031773e+00
3.709136580882210321e+00
3.684717700324194212e+00
3.660495404220951876e+00
3.648298664988021134e+00
3.635503344575057305e+00
3.613234650851194107e+00
3.592477990199764992e+00
3.586285869865764475e+00
3.563338097221778522e+00
3.526439728494297210e+00
3.488084231495600207e+00
3.465700614797218471e+00
3.461819160867324552e+00
3.444333047868090691e+00
3.429515471074974453e+00
3.421964984124951759e+00
3.416335744388672158e+00
3.404558500070012261e+00
3.389237553672840075e+00
3.366065605692475593e+00
3.305406737483478352e+00
3.275913223571363275e+00
3.253703284095325277e+00
3.231963871968643431e+00
3.195968578065870869e+00
3.195097587366800607e+00
3.189185030973713086e+00
3.160531361353626778e+00
3.156802101795010085e+00
3.136822356002732626e+00
3.132813723946407336e+00
3.100877426917489910e+00
3.048429511411085091e+00
3.040239387227235301e+00
3.031891467362933135e+00
3.000000000000006661e+00
3.000000000000002220e+00
3.000000000000001776e+00
3.000000000000001776e+00
3.000000000000000444e+00
3.000000000000000444e+00
3.000000000000000444e+00
3.000000000000000000e+00
2.999999999999999556e+00
2.999999999999999556e+00
2.999999999999999112e+00
2.999999999999999112e+00
2.999999999999998224e+00
2.999999999999998224e+00
2.999999999999996891e+00
2.999621845790000574e+00
2.999415894524078752e+00
2.973394890083148390e+00
2.947543620129211561e+00
2.928773606778876992e+00
2.912794363712543078e+00
2.910308234433085062e+00
2.882143972535361698e+00
2.861683495159075719e+00
2.834358561351399075e+00
2.829952954172302526e+00
2.794044987779295219e+00
2.771284844549198656e+00
2.756628136515192562e+00
2.742324723022501409e+00
2.732376965247108824e+00
2.717541965514234548e+00
2.709330405649693407e+00
2.689550874167570882e+00
2.664582122279822052e+00
2.643336283461743985e+00
2.637475637715793741e+00
2.596089269511349773e+00
2.584644296654330375e+00
2.580084357114944549e+00
2.575503590789318675e+00
2.571470807946426351e+00
2.567872444477720340e+00
2.561552812808831181e+00
2.560949114204446264e+00
2.550573203907732456e+00
2.543416315193047783e+00
2.531312062470508106e+00
2.524009481508763031e+00
2.511127743816468527e+00
2.504146615580984836e+00
2.503921897366074845e+00
2.497876810938519210e+00
2.484507329760350824e+00
2.482654267391639191e+00
2.468464902757661950e+00
2.465771770865791357e+00
2.441761375262899048e+00
2.431412749705911036e+00
2.407199609191103651e+00
2.405546658640162594e+00
2.403279641969840785e+00
2.376001961064489798e+00
2.371510018124065589e+00
2.362833386887216225e+00
2.353039300811372581e+00
2.345376380277435668e+00
2.341366150934161450e+00
2.339172742947246419e+00
2.329983347596514154e+00
2.324715221786599173e+00
2.322059780991017064e+00
2.312289621859729749e+00
2.306024079603766097e+00
2.300565591715392877e+00
2.300022082252730193e+00
2.289898234774234709e+00
2.285529244562146012e+00
2.281790812258980949e+00
2.269114467292284942e+00
2.266104548748495873e+00
2.251718404794742057e+00
2.242739943991655327e+00
2.242516379136870075e+00
2.239827450048923918e+00
2.215540227249690020e+00
2.198775502001476312e+00
2.189714281726878653e+00
2.187533906633388980e+00
2.181379874406048636e+00
2.171178974302826248e+00
2.168253980421448457e+00
2.164237411071936013e+00
2.160531361353627666e+00
2.149075181138945911e+00
2.146880540609585442e+00
2.145782243184922944e+00
2.131106724447878964e+00
2.109711817272275525e+00
2.107935566823532003e+00
2.085091095366370606e+00
2.083203725421292951e+00
2.074060145972880242e+00
2.046595736880477912e+00
2.040757106370917118e+00
2.029097601586429711e+00
2.027405381086573755e+00
2.000000000000001776e+00
2.000000000000001776e+00
2.000000000000001776e+00
2.000000000000001332e+00
2.000000000000001332e+00
2.000000000000000888e+00
2.000000000000000888e+00
2.000000000000000888e+00
2.000000000000000888e+00
2.000000000000000444e+00
2.000000000000000444e+00
2.000000000000000444e+00
2.000000000000000444e+00
2.000000000000000444e+00
2.000000000000000444e+00
2.000000000000000444e+00
2.000000000000000444e+00
2.000000000000000444e+00
2.000000000000000444e+00
2.000000000000000444e+00
2.000000000000000000e+00
2.000000000000000000e+00
1.999999999999999778e+00
1.999999999999999778e+00
1.999999999999999778e+00
1.999999999999999778e+00
1.999999999999999778e+00
1.999999999999999778e+00
1.999999999999999778e+00
1.999999999999999778e+00
1.999999999999999556e+00
1.999999999999999556e+00
1.999999999999999112e+00
1.999999999999999112e+00
1.999999999999999112e+00
1.999999999999999112e+00
1.999999999999998446e+00
1.999999999999998002e+00
1.999999999999997780e+00
1.992436458714939684e+00
1.979380532449181995e+00
1.977948595803978193e+00
1.968927442424092789e+00
1.962393328028374517e+00
1.961956625998448889e+00
1.957988011403095419e+00
1.954295393414628323e+00
1.946634416694442038e+00
1.941322139282606996e+00
1.936639347144863299e+00
1.917007058821821097e+00
1.911505962179519624e+00
1.910261311459258371e+00
1.900527576489283721e+00
1.897964336504349925e+00
1.896224688905284284e+00
1.889104769287903052e+00
1.884114552306030754e+00
1.864658295740912797e+00
1.858163882479445528e+00
1.857754563280453963e+00
1.846631587121679852e+00
1.844544942622744488e+00
1.844122647178926711e+00
1.839081578185221888e+00
1.832471317670619992e+00
1.826538083026612025e+00
1.822977405248086491e+00
1.819525772378163930e+00
1.815851885145812084e+00
1.811185429323855178e+00
1.809090294401783483e+00
1.806231863027344398e+00
1.802412432365914974e+00
1.797313622757841012e+00
1.794235195736681332e+00
1.790781671288185439e+00
1.786138885854566150e+00
1.774558038931823845e+00
1.764452893614280260e+00
1.761576665964197153e+00
1.759361324892805944e+00
1.756362790668031693e+00
1.755813154511785878e+00
1.754986991439678512e+00
1.752189150292770448e+00
1.746568246995714446e+00
1.743622669712938889e+00
1.741050631582959696e+00
1.735489498215868398e+00
1.731442066269795799e+00
1.728317625203643404e+00
1.721633864132189107e+00
1.718241380497972592e+00
1.717821985691840192e+00
1.706778585282382243e+00
1.704714354210364657e+00
1.701562118716423821e+00
1.701562118716423599e+00
1.699537057027308062e+00
1.698160155664814708e+00
1.697984679297748656e+00
1.692297309924756021e+00
1.691267776805426504e+00
1.685309143900078688e+00
1.681902198596016085e+00
1.679453061120766977e+00
1.670600705365366201e+00
1.661370647531547062e+00
1.660524450657040463e+00
1.659248562608899080e+00
1.658540976946786705e+00
1.644703099553884273e+00
1.644115312537527407e+00
1.643975657345563279e+00
1.642840212511273768e+00
1.634748686893697123e+00
1.633720334098947680e+00
1.630524760273505569e+00
1.626198068527293650e+00
1.625984084869071200e+00
1.621137706156279057e+00
1.618855754992728935e+00
1.613787687492214573e+00
1.609171818360356943e+00
1.601548575234893912e+00
1.598021819110095221e+00
1.596518119874319019e+00
1.590596946741364315e+00
1.585713696300261377e+00
1.581393634737305653e+00
1.578707743091950721e+00
1.576478883850098489e+00
1.576127504452925709e+00
1.571830738271391859e+00
1.570831968367112585e+00
1.564992203564997020e+00
1.564294773319601761e+00
1.561552812808830071e+00
1.559640273528942078e+00
1.555434122211947212e+00
1.551184146120525353e+00
1.532293283240828030e+00
1.531324236598638144e+00
1.528836019068910090e+00
1.527173528832908911e+00
1.523939212599090487e+00
1.516402600276541834e+00
1.515724040578342979e+00
1.507743803216187839e+00
1.502245389889536709e+00
1.493664992436146477e+00
1.490690748071526794e+00
1.484861952871929347e+00
1.477738179938691498e+00
1.475755352344811255e+00
1.470352167395984511e+00
1.464101615137752388e+00
1.463155821654794408e+00
1.462092874971694823e+00
1.455730539870999873e+00
1.440690476256850427e+00
1.440292908441481723e+00
1.433696924540622808e+00
1.432651931767048969e+00
1.431969186242915582e+00
1.429495810612076978e+00
1.428684347758323536e+00
1.413511453259350015e+00
1.412362949476404950e+00
1.404955690686097158e+00
1.402995489416293706e+00
1.400008642832253569e+00
1.396731158996292299e+00
1.395350578497493110e+00
1.393013670130389237e+00
1.390952688377592450e+00
1.389337174081029636e+00
1.383869294016856655e+00
1.381117132295894390e+00
1.376791841756578982e+00
1.374120453395956343e+00
1.367447583499576069e+00
1.346634311878880608e+00
1.345601667881563657e+00
1.342752244327398259e+00
1.341694021765115208e+00
1.335713574235376955e+00
1.323904446591493977e+00
1.320729247251938965e+00
1.310823930673815196e+00
1.294945024580998361e+00
1.294719328746115838e+00
1.269276666026851297e+00
1.254838604261765189e+00
1.250017475766991737e+00
1.249204024197166696e+00
1.243280503058025843e+00
1.242841594403828021e+00
1.233676341200008464e+00
1.215692262058909234e+00
1.190376653797780904e+00
1.179106969598815224e+00
1.133755027134186744e+00
1.128115339951770713e+00
1.080762237599776299e+00
1.058325092193167061e+00
1.029086457171059843e+00
1.000000000000006217e+00
1.000000000000004441e+00
1.000000000000003775e+00
1.000000000000002665e+00
1.000000000000002665e+00
1.000000000000002442e+00
1.000000000000001776e+00
1.000000000000001776e+00
1.000000000000001554e+00
1.000000000000001554e+00
1.000000000000001554e+00
1.000000000000001332e+00
1.000000000000001332e+00
1.000000000000001110e+00
1.000000000000001110e+00
1.000000000000001110e+00
1.000000000000001110e+00
1.000000000000001110e+00
1.000000000000001110e+00
1.000000000000001110e+00
1.000000000000001110e+00
1.000000000000000888e+00
1.000000000000000888e+00
1.000000000000000888e+00
1.000000000000000888e+00
1.000000000000000888e+00
1.000000000000000888e+00
1.000000000000000888e+00
1.000000000000000888e+00
1.000000000000000666e+00
1.000000000000000666e+00
1.000000000000000666e+00
1.000000000000000666e+00
1.000000000000000666e+00
1.000000000000000666e+00
1.000000000000000666e+00
1.000000000000000666e+00
1.000000000000000666e+00
1.000000000000000666e+00
1.000000000000000666e+00
1.000000000000000666e+00
1.000000000000000666e+00
1.000000000000000666e+00
1.000000000000000666e+00
1.000000000000000666e+00
1.000000000000000666e+00
1.000000000000000666e+00
1.000000000000000666e+00
1.000000000000000666e+00
1.000000000000000666e+00
1.000000000000000666e+00
1.000000000000000666e+00
1.000000000000000666e+00
1.000000000000000666e+00
1.000000000000000666e+00
1.000000000000000666e+00
1.000000000000000666e+00
1.000000000000000666e+00
1.000000000000000444e+00
1.000000000000000444e+00
1.000000000000000444e+00
1.000000000000000444e+00
1.000000000000000444e+00
1.000000000000000444e+00
1.000000000000000444e+00
1.000000000000000444e+00
1.000000000000000444e+00
1.000000000000000444e+00
1.000000000000000444e+00
1.000000000000000444e+00
1.000000000000000444e+00
1.000000000000000444e+00
1.000000000000000444e+00
1.000000000000000444e+00
1.000000000000000444e+00
1.000000000000000444e+00
1.000000000000000444e+00
1.000000000000000444e+00
1.000000000000000444e+00
1.000000000000000444e+00
1.000000000000000444e+00
1.000000000000000444e+00
1.000000000000000444e+00
1.000000000000000444e+00
1.000000000000000444e+00
1.000000000000000444e+00
1.000000000000000444e+00
1.000000000000000444e+00
1.000000000000000444e+00
1.000000000000000444e+00
1.000000000000000444e+00
1.000000000000000444e+00
1.000000000000000444e+00
1.000000000000000444e+00
1.000000000000000444e+00
1.000000000000000444e+00
1.000000000000000444e+00
1.000000000000000444e+00
1.000000000000000444e+00
1.000000000000000444e+00
1.000000000000000444e+00
1.000000000000000444e+00
1.000000000000000444e+00
1.000000000000000444e+00
1.000000000000000444e+00
1.000000000000000444e+00
1.000000000000000444e+00
1.000000000000000444e+00
1.000000000000000444e+00
1.000000000000000444e+00
1.000000000000000444e+00
1.000000000000000444e+00
1.000000000000000444e+00
1.000000000000000444e+00
1.000000000000000444e+00
1.000000000000000444e+00
1.000000000000000444e+00
1.000000000000000444e+00
1.000000000000000444e+00
1.000000000000000444e+00
1.000000000000000444e+00
1.000000000000000444e+00
1.000000000000000444e+00
1.000000000000000444e+00
1.000000000000000444e+00
1.000000000000000444e+00
1.000000000000000444e+00
1.000000000000000444e+00
1.000000000000000444e+00
1.000000000000000444e+00
1.000000000000000444e+00
1.000000000000000444e+00
1.000000000000000444e+00
1.000000000000000444e+00
1.000000000000000444e+00
1.000000000000000444e+00
1.000000000000000444e+00
1.000000000000000444e+00
1.000000000000000444e+00
1.000000000000000444e+00
1.000000000000000444e+00
1.000000000000000444e+00
1.000000000000000444e+00
1.000000000000000444e+00
1.000000000000000444e+00
1.000000000000000444e+00
1.000000000000000444e+00
1.000000000000000444e+00
1.000000000000000444e+00
1.000000000000000444e+00
1.000000000000000444e+00
1.000000000000000444e+00
1.000000000000000444e+00
1.000000000000000444e+00
1.000000000000000222e+00
1.000000000000000222e+00
1.000000000000000222e+00
1.000000000000000222e+00
1.000000000000000222e+00
1.000000000000000222e+00
1.000000000000000222e+00
1.000000000000000222e+00
1.000000000000000222e+00
1.000000000000000222e+00
1.000000000000000222e+00
1.000000000000000222e+00
1.000000000000000222e+00
1.000000000000000222e+00
1.000000000000000222e+00
1.000000000000000222e+00
1.000000000000000222e+00
1.000000000000000222e+00
1.000000000000000222e+00
1.000000000000000222e+00
1.000000000000000222e+00
1.000000000000000222e+00
1.000000000000000222e+00
1.000000000000000222e+00
1.000000000000000222e+00
1.000000000000000222e+00
1.000000000000000222e+00
1.000000000000000222e+00
1.000000000000000222e+00
1.000000000000000222e+00
1.000000000000000222e+00
1.000000000000000222e+00
1.000000000000000222e+00
1.000000000000000222e+00
1.000000000000000222e+00
1.000000000000000222e+00
1.000000000000000222e+00
1.000000000000000222e+00
1.000000000000000222e+00
1.000000000000000222e+00
1.000000000000000222e+00
1.000000000000000222e+00
1.000000000000000222e+00
1.000000000000000222e+00
1.000000000000000222e+00
1.000000000000000222e+00
1.000000000000000222e+00
1.000000000000000222e+00
1.000000000000000222e+00
1.000000000000000222e+00
1.000000000000000222e+00
1.000000000000000222e+00
1.000000000000000222e+00
1.000000000000000222e+00
1.000000000000000222e+00
1.000000000000000222e+00
1.000000000000000222e+00
1.000000000000000222e+00
1.000000000000000222e+00
1.000000000000000222e+00
1.000000000000000222e+00
1.000000000000000222e+00
1.000000000000000222e+00
1.000000000000000222e+00
1.000000000000000222e+00
1.000000000000000222e+00
1.000000000000000222e+00
1.000000000000000222e+00
1.000000000000000222e+00
1.000000000000000222e+00
1.000000000000000222e+00
1.000000000000000222e+00
1.000000000000000222e+00
1.000000000000000222e+00
1.000000000000000222e+00
1.000000000000000222e+00
1.000000000000000222e+00
1.000000000000000222e+00
1.000000000000000222e+00
1.000000000000000222e+00
1.000000000000000222e+00
1.000000000000000222e+00
1.000000000000000222e+00
1.000000000000000222e+00
1.000000000000000222e+00
1.000000000000000222e+00
1.000000000000000222e+00
1.000000000000000222e+00
1.000000000000000222e+00
1.000000000000000222e+00
1.000000000000000222e+00
1.000000000000000222e+00
1.000000000000000222e+00
1.000000000000000222e+00
1.000000000000000222e+00
1.000000000000000222e+00
1.000000000000000222e+00
1.000000000000000222e+00
1.000000000000000222e+00
1.000000000000000222e+00
1.000000000000000222e+00
1.000000000000000222e+00
1.000000000000000222e+00
1.000000000000000222e+00
1.000000000000000222e+00
1.000000000000000222e+00
1.000000000000000222e+00
1.000000000000000222e+00
1.000000000000000222e+00
1.000000000000000222e+00
1.000000000000000222e+00
1.000000000000000222e+00
1.000000000000000222e+00
1.000000000000000222e+00
1.000000000000000222e+00
1.000000000000000222e+00
1.000000000000000222e+00
1.000000000000000222e+00
1.000000000000000222e+00
1.000000000000000222e+00
1.000000000000000222e+00
1.000000000000000222e+00
1.000000000000000222e+00
1.000000000000000222e+00
1.000000000000000222e+00
1.000000000000000222e+00
1.000000000000000222e+00
1.000000000000000222e+00
1.000000000000000222e+00
1.000000000000000222e+00
1.000000000000000222e+00
1.000000000000000222e+00
1.000000000000000222e+00
1.000000000000000222e+00
1.000000000000000222e+00
1.000000000000000222e+00
1.000000000000000222e+00
1.000000000000000222e+00
1.000000000000000222e+00
1.000000000000000222e+00
1.000000000000000222e+00
1.000000000000000222e+00
1.000000000000000222e+00
1.000000000000000222e+00
1.000000000000000222e+00
1.000000000000000222e+00
1.000000000000000222e+00
1.000000000000000222e+00
1.000000000000000222e+00
1.000000000000000222e+00
1.000000000000000222e+00
1.000000000000000222e+00
1.000000000000000222e+00
1.000000000000000222e+00
1.000000000000000222e+00
1.000000000000000222e+00
1.000000000000000222e+00
1.000000000000000222e+00
1.000000000000000222e+00
1.000000000000000222e+00
1.000000000000000222e+00
1.000000000000000222e+00
1.000000000000000222e+00
1.000000000000000222e+00
1.000000000000000222e+00
1.000000000000000222e+00
1.000000000000000222e+00
1.000000000000000222e+00
1.000000000000000222e+00
1.000000000000000222e+00
1.000000000000000222e+00
1.000000000000000222e+00
1.000000000000000222e+00
1.000000000000000222e+00
1.000000000000000222e+00
1.000000000000000222e+00
1.000000000000000222e+00
1.000000000000000222e+00
1.000000000000000222e+00
1.000000000000000222e+00
1.000000000000000222e+00
1.000000000000000222e+00
1.000000000000000222e+00
1.000000000000000222e+00
1.000000000000000222e+00
1.000000000000000222e+00
1.000000000000000222e+00
1.000000000000000222e+00
1.000000000000000222e+00
1.000000000000000222e+00
1.000000000000000222e+00
1.000000000000000222e+00
1.000000000000000222e+00
1.000000000000000222e+00
1.000000000000000222e+00
1.000000000000000222e+00
1.000000000000000222e+00
1.000000000000000222e+00
1.000000000000000222e+00
1.000000000000000222e+00
1.000000000000000222e+00
1.000000000000000222e+00
1.000000000000000222e+00
1.000000000000000222e+00
1.000000000000000222e+00
1.000000000000000222e+00
1.000000000000000222e+00
1.000000000000000222e+00
1.000000000000000222e+00
1.000000000000000222e+00
1.000000000000000222e+00
1.000000000000000222e+00
1.000000000000000222e+00
1.000000000000000222e+00
1.000000000000000222e+00
1.000000000000000222e+00
1.000000000000000222e+00
1.000000000000000222e+00
1.000000000000000222e+00
1.000000000000000222e+00
1.000000000000000222e+00
1.000000000000000222e+00
1.000000000000000222e+00
1.000000000000000222e+00
1.000000000000000222e+00
1.000000000000000222e+00
1.000000000000000222e+00
1.000000000000000222e+00
1.000000000000000222e+00
1.000000000000000222e+00
1.000000000000000222e+00
1.000000000000000222e+00
1.000000000000000222e+00
1.000000000000000222e+00
1.000000000000000222e+00
1.000000000000000222e+00
1.000000000000000222e+00
1.000000000000000222e+00
1.000000000000000222e+00
1.000000000000000222e+00
1.000000000000000222e+00
1.000000000000000222e+00
1.000000000000000222e+00
1.000000000000000222e+00
1.000000000000000222e+00
1.000000000000000222e+00
1.000000000000000222e+00
1.000000000000000222e+00
1.000000000000000222e+00
1.000000000000000222e+00
1.000000000000000222e+00
1.000000000000000222e+00
1.000000000000000222e+00
1.000000000000000222e+00
1.000000000000000222e+00
1.000000000000000222e+00
1.000000000000000222e+00
1.000000000000000222e+00
1.000000000000000222e+00
1.000000000000000222e+00
1.000000000000000222e+00
1.000000000000000222e+00
1.000000000000000222e+00
1.000000000000000222e+00
1.000000000000000222e+00
1.000000000000000222e+00
1.000000000000000222e+00
1.000000000000000222e+00
1.000000000000000222e+00
1.000000000000000222e+00
1.000000000000000222e+00
1.000000000000000222e+00
1.000000000000000222e+00
1.000000000000000222e+00
1.000000000000000222e+00
1.000000000000000222e+00
1.000000000000000222e+00
1.000000000000000222e+00
1.000000000000000222e+00
1.000000000000000222e+00
1.000000000000000222e+00
1.000000000000000222e+00
1.000000000000000222e+00
1.000000000000000222e+00
1.000000000000000222e+00
1.000000000000000222e+00
1.000000000000000222e+00
1.000000000000000000e+00
1.000000000000000000e+00
1.000000000000000000e+00
1.000000000000000000e+00
1.000000000000000000e+00
1.000000000000000000e+00
1.000000000000000000e+00
1.000000000000000000e+00
1.000000000000000000e+00
1.000000000000000000e+00
1.000000000000000000e+00
1.000000000000000000e+00
1.000000000000000000e+00
1.000000000000000000e+00
1.000000000000000000e+00
1.000000000000000000e+00
1.000000000000000000e+00
1.000000000000000000e+00
1.000000000000000000e+00
1.000000000000000000e+00
1.000000000000000000e+00
1.000000000000000000e+00
1.000000000000000000e+00
1.000000000000000000e+00
1.000000000000000000e+00
1.000000000000000000e+00
1.000000000000000000e+00
1.000000000000000000e+00
1.000000000000000000e+00
1.000000000000000000e+00
1.000000000000000000e+00
1.000000000000000000e+00
1.000000000000000000e+00
1.000000000000000000e+00
1.000000000000000000e+00
1.000000000000000000e+00
1.000000000000000000e+00
1.000000000000000000e+00
1.000000000000000000e+00
1.000000000000000000e+00
1.000000000000000000e+00
1.000000000000000000e+00
1.000000000000000000e+00
1.000000000000000000e+00
1.000000000000000000e+00
1.000000000000000000e+00
1.000000000000000000e+00
1.000000000000000000e+00
1.000000000000000000e+00
1.000000000000000000e+00
1.000000000000000000e+00
1.000000000000000000e+00
1.000000000000000000e+00
1.000000000000000000e+00
1.000000000000000000e+00
1.000000000000000000e+00
1.000000000000000000e+00
1.000000000000000000e+00
1.000000000000000000e+00
1.000000000000000000e+00
1.000000000000000000e+00
1.000000000000000000e+00
1.000000000000000000e+00
1.000000000000000000e+00
1.000000000000000000e+00
1.000000000000000000e+00
1.000000000000000000e+00
1.000000000000000000e+00
1.000000000000000000e+00
1.000000000000000000e+00
1.000000000000000000e+00
1.000000000000000000e+00
1.000000000000000000e+00
1.000000000000000000e+00
1.000000000000000000e+00
1.000000000000000000e+00
1.000000000000000000e+00
1.000000000000000000e+00
1.000000000000000000e+00
1.000000000000000000e+00
1.000000000000000000e+00
1.000000000000000000e+00
1.000000000000000000e+00
1.000000000000000000e+00
1.000000000000000000e+00
1.000000000000000000e+00
1.000000000000000000e+00
1.000000000000000000e+00
1.000000000000000000e+00
1.000000000000000000e+00
1.000000000000000000e+00
1.000000000000000000e+00
1.000000000000000000e+00
1.000000000000000000e+00
1.000000000000000000e+00
1.000000000000000000e+00
1.000000000000000000e+00
1.000000000000000000e+00
1.000000000000000000e+00
1.000000000000000000e+00
1.000000000000000000e+00
1.000000000000000000e+00
1.000000000000000000e+00
1.000000000000000000e+00
1.000000000000000000e+00
1.000000000000000000e+00
1.000000000000000000e+00
1.000000000000000000e+00
1.000000000000000000e+00
1.000000000000000000e+00
1.000000000000000000e+00
1.000000000000000000e+00
1.000000000000000000e+00
1.000000000000000000e+00
1.000000000000000000e+00
1.000000000000000000e+00
1.000000000000000000e+00
1.000000000000000000e+00
1.000000000000000000e+00
1.000000000000000000e+00
1.000000000000000000e+00
1.000000000000000000e+00
1.000000000000000000e+00
1.000000000000000000e+00
1.000000000000000000e+00
1.000000000000000000e+00
1.000000000000000000e+00
1.000000000000000000e+00
1.000000000000000000e+00
1.000000000000000000e+00
1.000000000000000000e+00
1.000000000000000000e+00
1.000000000000000000e+00
1.000000000000000000e+00
1.000000000000000000e+00
1.000000000000000000e+00
1.000000000000000000e+00
1.000000000000000000e+00
1.000000000000000000e+00
1.000000000000000000e+00
1.000000000000000000e+00
1.000000000000000000e+00
1.000000000000000000e+00
1.000000000000000000e+00
1.000000000000000000e+00
1.000000000000000000e+00
1.000000000000000000e+00
1.000000000000000000e+00
1.000000000000000000e+00
1.000000000000000000e+00
1.000000000000000000e+00
1.000000000000000000e+00
1.000000000000000000e+00
1.000000000000000000e+00
1.000000000000000000e+00
1.000000000000000000e+00
1.000000000000000000e+00
1.000000000000000000e+00
1.000000000000000000e+00
1.000000000000000000e+00
1.000000000000000000e+00
1.000000000000000000e+00
1.000000000000000000e+00
1.000000000000000000e+00
1.000000000000000000e+00
1.000000000000000000e+00
1.000000000000000000e+00
1.000000000000000000e+00
1.000000000000000000e+00
1.000000000000000000e+00
1.000000000000000000e+00
1.000000000000000000e+00
1.000000000000000000e+00
1.000000000000000000e+00
1.000000000000000000e+00
1.000000000000000000e+00
1.000000000000000000e+00
1.000000000000000000e+00
1.000000000000000000e+00
1.000000000000000000e+00
1.000000000000000000e+00
1.000000000000000000e+00
1.000000000000000000e+00
1.000000000000000000e+00
1.000000000000000000e+00
1.000000000000000000e+00
1.000000000000000000e+00
1.000000000000000000e+00
1.000000000000000000e+00
1.000000000000000000e+00
1.000000000000000000e+00
1.000000000000000000e+00
1.000000000000000000e+00
1.000000000000000000e+00
1.000000000000000000e+00
1.000000000000000000e+00
1.000000000000000000e+00
1.000000000000000000e+00
1.000000000000000000e+00
1.000000000000000000e+00
1.000000000000000000e+00
1.000000000000000000e+00
1.000000000000000000e+00
1.000000000000000000e+00
1.000000000000000000e+00
1.000000000000000000e+00
1.000000000000000000e+00
1.000000000000000000e+00
1.000000000000000000e+00
1.000000000000000000e+00
1.000000000000000000e+00
1.000000000000000000e+00
1.000000000000000000e+00
1.000000000000000000e+00
1.000000000000000000e+00
1.000000000000000000e+00
1.000000000000000000e+00
1.000000000000000000e+00
1.000000000000000000e+00
1.000000000000000000e+00
1.000000000000000000e+00
1.000000000000000000e+00
1.000000000000000000e+00
1.000000000000000000e+00
1.000000000000000000e+00
1.000000000000000000e+00
1.000000000000000000e+00
1.000000000000000000e+00
1.000000000000000000e+00
1.000000000000000000e+00
1.000000000000000000e+00
1.000000000000000000e+00
9.999999999999998890e-01
9.999999999999998890e-01
9.999999999999998890e-01
9.999999999999998890e-01
9.999999999999998890e-01
9.999999999999998890e-01
9.999999999999998890e-01
9.999999999999998890e-01
9.999999999999998890e-01
9.999999999999998890e-01
9.999999999999998890e-01
9.999999999999998890e-01
9.999999999999998890e-01
9.999999999999998890e-01
9.999999999999998890e-01
9.999999999999998890e-01
9.999999999999998890e-01
9.999999999999998890e-01
9.999999999999998890e-01
9.999999999999998890e-01
9.999999999999998890e-01
9.999999999999998890e-01
9.999999999999998890e-01
9.999999999999998890e-01
9.999999999999998890e-01
9.999999999999998890e-01
9.999999999999998890e-01
9.999999999999998890e-01
9.999999999999998890e-01
9.999999999999998890e-01
9.999999999999998890e-01
9.999999999999998890e-01
9.999999999999998890e-01
9.999999999999998890e-01
9.999999999999998890e-01
9.999999999999998890e-01
9.999999999999998890e-01
9.999999999999998890e-01
9.999999999999998890e-01
9.999999999999998890e-01
9.999999999999998890e-01
9.999999999999998890e-01
9.999999999999998890e-01
9.999999999999998890e-01
9.999999999999998890e-01
9.999999999999998890e-01
9.999999999999998890e-01
9.999999999999998890e-01
9.999999999999998890e-01
9.999999999999998890e-01
9.999999999999998890e-01
9.999999999999998890e-01
9.999999999999998890e-01
9.999999999999998890e-01
9.999999999999998890e-01
9.999999999999998890e-01
9.999999999999998890e-01
9.999999999999998890e-01
9.999999999999998890e-01
9.999999999999998890e-01
9.999999999999998890e-01
9.999999999999998890e-01
9.999999999999998890e-01
9.999999999999998890e-01
9.999999999999998890e-01
9.999999999999998890e-01
9.999999999999998890e-01
9.999999999999998890e-01
9.999999999999998890e-01
9.999999999999998890e-01
9.999999999999998890e-01
9.999999999999998890e-01
9.999999999999998890e-01
9.999999999999998890e-01
9.999999999999998890e-01
9.999999999999998890e-01
9.999999999999998890e-01
9.999999999999998890e-01
9.999999999999998890e-01
9.999999999999998890e-01
9.999999999999998890e-01
9.999999999999998890e-01
9.999999999999998890e-01
9.999999999999998890e-01
9.999999999999998890e-01
9.999999999999998890e-01
9.999999999999998890e-01
9.999999999999998890e-01
9.999999999999998890e-01
9.999999999999998890e-01
9.999999999999998890e-01
9.999999999999998890e-01
9.999999999999998890e-01
9.999999999999998890e-01
9.999999999999998890e-01
9.999999999999998890e-01
9.999999999999998890e-01
9.999999999999998890e-01
9.999999999999998890e-01
9.999999999999998890e-01
9.999999999999998890e-01
9.999999999999998890e-01
9.999999999999998890e-01
9.999999999999998890e-01
9.999999999999998890e-01
9.999999999999998890e-01
9.999999999999998890e-01
9.999999999999998890e-01
9.999999999999998890e-01
9.999999999999998890e-01
9.999999999999998890e-01
9.999999999999998890e-01
9.999999999999998890e-01
9.999999999999998890e-01
9.999999999999998890e-01
9.999999999999998890e-01
9.999999999999998890e-01
9.999999999999998890e-01
9.999999999999998890e-01
9.999999999999998890e-01
9.999999999999998890e-01
9.999999999999998890e-01
9.999999999999998890e-01
9.999999999999998890e-01
9.999999999999998890e-01
9.999999999999997780e-01
9.999999999999997780e-01
9.999999999999997780e-01
9.999999999999997780e-01
9.999999999999997780e-01
9.999999999999997780e-01
9.999999999999997780e-01
9.999999999999997780e-01
9.999999999999997780e-01
9.999999999999997780e-01
9.999999999999997780e-01
9.999999999999997780e-01
9.999999999999997780e-01
9.999999999999997780e-01
9.999999999999997780e-01
9.999999999999997780e-01
9.999999999999997780e-01
9.999999999999997780e-01
9.999999999999997780e-01
9.999999999999997780e-01
9.999999999999997780e-01
9.999999999999997780e-01
9.999999999999997780e-01
9.999999999999997780e-01
9.999999999999997780e-01
9.999999999999997780e-01
9.999999999999997780e-01
9.999999999999997780e-01
9.999999999999997780e-01
9.999999999999997780e-01
9.999999999999997780e-01
9.999999999999997780e-01
9.999999999999997780e-01
9.999999999999997780e-01
9.999999999999997780e-01
9.999999999999997780e-01
9.999999999999997780e-01
9.999999999999997780e-01
9.999999999999997780e-01
9.999999999999997780e-01
9.999999999999997780e-01
9.999999999999997780e-01
9.999999999999997780e-01
9.999999999999997780e-01
9.999999999999997780e-01
9.999999999999997780e-01
9.999999999999997780e-01
9.999999999999997780e-01
9.999999999999997780e-01
9.999999999999997780e-01
9.999999999999997780e-01
9.999999999999997780e-01
9.999999999999997780e-01
9.999999999999997780e-01
9.999999999999997780e-01
9.999999999999997780e-01
9.999999999999997780e-01
9.999999999999997780e-01
9.999999999999997780e-01
9.999999999999997780e-01
9.999999999999997780e-01
9.999999999999997780e-01
9.999999999999997780e-01
9.999999999999997780e-01
9.999999999999997780e-01
9.999999999999997780e-01
9.999999999999997780e-01
9.999999999999997780e-01
9.999999999999997780e-01
9.999999999999997780e-01
9.999999999999996669e-01
9.999999999999996669e-01
9.999999999999996669e-01
9.999999999999996669e-01
9.999999999999996669e-01
9.999999999999996669e-01
9.999999999999996669e-01
9.999999999999996669e-01
9.999999999999996669e-01
9.999999999999996669e-01
9.999999999999996669e-01
9.999999999999996669e-01
9.999999999999996669e-01
9.999999999999996669e-01
9.999999999999996669e-01
9.999999999999996669e-01
9.999999999999996669e-01
9.999999999999996669e-01
9.999999999999996669e-01
9.999999999999996669e-01
9.999999999999996669e-01
9.999999999999996669e-01
9.999999999999996669e-01
9.999999999999996669e-01
9.999999999999996669e-01
9.999999999999996669e-01
9.999999999999996669e-01
9.999999999999996669e-01
9.999999999999996669e-01
9.999999999999996669e-01
9.999999999999996669e-01
9.999999999999996669e-01
9.999999999999996669e-01
9.999999999999996669e-01
9.999999999999996669e-01
9.999999999999996669e-01
9.999999999999996669e-01
9.999999999999996669e-01
9.999999999999996669e-01
9.999999999999996669e-01
9.999999999999996669e-01
9.999999999999995559e-01
9.999999999999995559e-01
9.999999999999995559e-01
9.999999999999995559e-01
9.999999999999995559e-01
9.999999999999995559e-01
9.999999999999995559e-01
9.999999999999995559e-01
9.999999999999995559e-01
9.999999999999995559e-01
9.999999999999995559e-01
9.999999999999995559e-01
9.999999999999995559e-01
9.999999999999995559e-01
9.999999999999995559e-01
9.999999999999995559e-01
9.999999999999995559e-01
9.999999999999994449e-01
9.999999999999994449e-01
9.999999999999994449e-01
9.999999999999994449e-01
9.999999999999994449e-01
9.999999999999994449e-01
9.999999999999994449e-01
9.999999999999992228e-01
9.999999999999992228e-01
9.999999999999992228e-01
9.999999999999992228e-01
9.999999999999992228e-01
9.999999999999992228e-01
9.999999999999992228e-01
9.999999999999992228e-01
9.999999999999992228e-01
9.999999999999992228e-01
9.999999999999992228e-01
9.999999999999992228e-01
9.999999999999991118e-01
9.999999999999991118e-01
9.999999999999991118e-01
9.999999999999991118e-01
9.999999999999991118e-01
9.999999999999990008e-01
9.999999999999990008e-01
9.999999999999988898e-01
9.999999999999987788e-01
9.999999999999987788e-01
9.999999999999987788e-01
9.999999999999986677e-01
9.999999999999986677e-01
9.999999999999985567e-01
9.999999999999983347e-01
9.999999999999977796e-01
9.999999999999977796e-01
9.999999999999976685e-01
9.999999999999976685e-01
9.999999999999972244e-01
9.999999999999968914e-01
9.999999999999967804e-01
9.999999999999965583e-01
9.999999999999954481e-01
9.544107081836431528e-01
9.332676294512978199e-01
9.178566589380136032e-01
8.727810099070125727e-01
8.285494670129226469e-01
8.216199193941631229e-01
7.852113906654222264e-01
7.708030430220033091e-01
6.922973099247557993e-01
6.747394154515972131e-01
6.386020270864321002e-01
5.902840955063082262e-01
5.712395802630562125e-01
5.450959087764761790e-01
4.499001416184681967e-01
4.313703937780274389e-01
3.920462883310668056e-01
3.508666023076341678e-01
2.277104356977166788e-01
1.284407508883789739e-01
7.646213138461697978e-02
