# Singular values
1.035545562896565741e+01
1.003207391294519546e+01
9.751750826713232456e+00
9.120732358001507833e+00
9.070021577528562418e+00
9.025490863110313455e+00
9.000000000000023093e+00
9.000000000000001776e+00
8.533157052650970797e+00
8.506272795686889765e+00
8.347710331967622466e+00
8.144525848388223466e+00
8.000000000000001776e+00
8.000000000000001776e+00
7.847444781940813741e+00
7.842162382139806098e+00
7.704015719111017901e+00
7.701168529019680520e+00
7.468915796931996809e+00
7.423460918610722103e+00
7.300921170401558413e+00
7.161450079433256732e+00
7.000000000000002665e+00
7.000000000000000888e+00
7.000000000000000888e+00
6.999999999999999112e+00
6.967846196594470243e+00
6.957446498119738365e+00
6.867172188984703496e+00
6.848818100298097455e+00
6.793785689825332597e+00
6.776940083004112658e+00
6.772001872658765187e+00
6.718150305107781328e+00
6.639409510181118357e+00
6.592014094884570241e+00
6.528072187879539356e+00
6.503705450122893694e+00
6.456759722671882251e+00
6.432219823716646800e+00
6.363034282426197841e+00
6.296266519619152291e+00
6.284923706762834961e+00
6.209049769721573853e+00
6.176468324252105013e+00
6.143683866263625504e+00
6.095169420020374318e+00
6.069730705071523680e+00
6.000000000000001776e+00
6.000000000000000888e+00
6.000000000000000888e+00
6.000000000000000000e+00
6.000000000000000000e+00
5.999999999999999112e+00
5.999999999999999112e+00
5.999999999999998224e+00
5.999999999999998224e+00
5.995601889816054353e+00
5.990398532436953971e+00
5.988803526739295613e+00
5.927647147268136685e+00
5.900654715031840247e+00
5.834096326766767149e+00
5.822571740490404935e+00
5.786898952072564661e+00
5.733306565727824378e+00
5.700491611944361381e+00
5.685757373757583721e+00
5.614775903654305012e+00
5.589035636257891682e+00
5.538754058530864555e+00
5.430484068266476783e+00
5.280248344163186225e+00
5.269986439654839927e+00
5.184021466409752144e+00
5.180140032988959753e+00
5.174316556089875618e+00
5.089407421072501769e+00
5.087406090299320560e+00
5.069863983195703305e+00
5.043765637523664580e+00
5.042760256393960638e+00
5.014697715153242363e+00
5.005676143761640162e+00
5.000000000000007105e+00
5.000000000000001776e+00
5.000000000000001776e+00
5.000000000000001776e+00
5.000000000000000000e+00
5.000000000000000000e+00
5.000000000000000000e+00
4.999999999999999112e+00
4.999999999999999112e+00
4.999999999999999112e+00
4.999999999999998224e+00
4.999999999999998224e+00
4.999999999999989342e+00
4.929047854507605742e+00
4.865583963419298996e+00
4.862521744256611989e+00
4.835113452470407580e+00
4.766662984514516310e+00
4.731852849649639481e+00
4.718423052525801964e+00
4.713954599153531433e+00
4.701562118716425154e+00
4.681025996083130636e+00
4.651138097816590822e+00
4.637816989143598079e+00
4.586743770619331251e+00
4.580140781874712630e+00
4.515929328702076972e+00
4.507946415449819000e+00
4.485576101569332508e+00
4.457942233037160307e+00
4.443691864215320919e+00
4.409927240474215360e+00
4.394832411835721153e+00
4.360506162437685518e+00
4.353699002616011171e+00
4.316073266743969405e+00
4.263973451908312562e+00
4.229595601413050687e+00
4.201472338219238267e+00
4.179856114788470300e+00
4.178974742373239515e+00
4.141336115655364303e+00
4.124525953803475531e+00
4.098996531586436731e+00
4.089839764683930845e+00
4.069173970830896714e+00
4.065151597664801386e+00
4.037087670572592657e+00
4.000000000000011546e+00
4.000000000000003553e+00
4.000000000000001776e+00
4.000000000000001776e+00
4.000000000000001776e+00
4.000000000000001776e+00
4.000000000000000888e+00
4.000000000000000888e+00
4.000000000000000888e+00
4.000000000000000888e+00
4.000000000000000000e+00
4.000000000000000000e+00
4.000000000000000000e+00
4.000000000000000000e+00
4.000000000000000000e+00
4.000000000000000000e+00
3.999999999999999556e+00
3.999999999999999556e+00
3.999999999999999556e+00
3.999999999999999556e+00
3.999999999999999556e+00
3.999999999999999112e+00
3.999999999999999112e+00
3.999999999999999112e+00
3.999999999999999112e+00
3.999999999999998668e+00
3.999999999999998668e+00
3.999999999999997780e+00
3.999999999999995115e+00
3.999999999999992895e+00
3.993921528154239287e+00
3.941793876517439621e+00
3.885698053405315378e+00
3.870690115796514785e+00
3.828427124746199617e+00
3.804739359418008782e+00
3.761885748003525709e+00
3.742018398444417304e+00
3.731074135573869022e+00
3.725940832324743823e+00
3.691919740930582616e+00
3.652401180328486596e+00
3.640583083721916413e+00
3.623387637560175012e+00
3.569606484799346280e+00
3.552383298144803359e+00
3.547707591195153221e+00
3.530247288094661595e+00
3.526439728494297210e+00
3.496129301146942314e+00
3.472457664297399216e+00
3.456893115970363084e+00
3.432922599609323111e+00
3.425501488458925881e+00
3.407476599740872469e+00
3.396805897787796180e+00
3.387808073136817644e+00
3.383373682353471690e+00
3.368730496518367090e+00
3.366991652466905904e+00
3.356799151283121674e+00
3.336035150502934865e+00
3.288743249590648787e+00
3.273450651466975003e+00
3.260731291913339991e+00
3.220991931523017104e+00
3.210005571783798306e+00
3.138162226399417332e+00
3.092146111668686359e+00
3.056542979968182028e+00
3.044662099662359900e+00
3.035461185893663760e+00
3.009304380731358197e+00
3.005384178543322182e+00
3.000000000000006661e+00
3.000000000000002220e+00
3.000000000000001776e+00
3.000000000000000888e+00
3.000000000000000888e+00
3.000000000000000888e+00
3.000000000000000444e+00
3.000000000000000444e+00
3.000000000000000444e+00
3.000000000000000000e+00
2.999999999999999556e+00
2.999999999999999556e+00
2.999999999999999556e+00
2.980361342943266489e+00
2.970574938169393775e+00
2.964334778751724908e+00
2.920720663846796405e+00
2.918345666951398076e+00
2.892059977291974171e+00
2.891949682729325843e+00
2.856216471795807177e+00
2.847870948299487726e+00
2.821959254651517313e+00
2.812467131645826512e+00
2.799328057848500251e+00
2.791287847477924355e+00
2.788256114664034335e+00
2.782862484175442574e+00
2.754624271233383936e+00
2.744565285979231550e+00
2.743518995189301091e+00
2.694872839486069704e+00
2.676285629358688745e+00
2.666589274721276492e+00
2.655918724205953207e+00
2.654056710352907800e+00
2.643481274825083993e+00
2.580427573068905911e+00
2.576147292395760235e+00
2.561552812808829849e+00
2.561552812808829405e+00
2.559856881324909850e+00
2.559515506830532861e+00
2.549280601712418992e+00
2.538918694155234856e+00
2.523757573592541270e+00
2.512806319179707426e+00
2.511127743816468083e+00
2.507458703044120885e+00
2.492207612008140227e+00
2.491958464741946155e+00
2.487817517203104511e+00
2.479291856042465270e+00
2.451459433477481298e+00
2.447248687821072632e+00
2.436529730678605343e+00
2.434206886426027339e+00
2.420478345159468248e+00
2.410866673959488615e+00
2.407854934935591551e+00
2.381136620118475378e+00
2.378239917509687995e+00
2.372042316785824223e+00
2.357841684168379359e+00
2.355053612362759008e+00
2.345709134197602630e+00
2.325365011568581330e+00
2.304217398015099061e+00
2.299057967836765304e+00
2.295106936494088590e+00
2.283979603570750250e+00
2.283038952442126845e+00
2.278310116825071230e+00
2.269186083895169848e+00
2.267512292183191835e+00
2.254322936907259489e+00
2.247337987935154047e+00
2.239179022781432771e+00
2.224269833490902126e+00
2.203102849987509604e+00
2.195458134449085552e+00
2.188363131296204411e+00
2.186067840168496090e+00
2.184579779875487571e+00
2.182491899006579139e+00
2.172668835691949241e+00
2.167525708472295864e+00
2.160887686667163798e+00
2.157028300707243940e+00
2.141805890228167808e+00
2.111091777050764229e+00
2.104973996333801445e+00
2.089615132075674619e+00
2.072678195794416034e+00
2.041971497466386953e+00
2.040186775949634157e+00
2.030250290327983098e+00
2.026932073838054738e+00
2.016057485053090570e+00
2.000000000000002220e+00
2.000000000000001332e+00
2.000000000000001332e+00
2.000000000000001332e+00
2.000000000000000888e+00
2.000000000000000888e+00
2.000000000000000888e+00
2.000000000000000888e+00
2.000000000000000444e+00
2.000000000000000444e+00
2.000000000000000444e+00
2.000000000000000444e+00
2.000000000000000444e+00
2.000000000000000444e+00
2.000000000000000444e+00
2.000000000000000444e+00
2.000000000000000444e+00
2.000000000000000444e+00
2.000000000000000444e+00
2.000000000000000444e+00
2.000000000000000444e+00
2.000000000000000444e+00
2.000000000000000444e+00
2.000000000000000000e+00
2.000000000000000000e+00
2.000000000000000000e+00
1.999999999999999778e+00
1.999999999999999778e+00
1.999999999999999778e+00
1.999999999999999778e+00
1.999999999999999778e+00
1.999999999999999778e+00
1.999999999999999778e+00
1.999999999999999556e+00
1.999999999999999556e+00
1.999999999999999556e+00
1.999999999999999556e+00
1.999999999999999556e+00
1.999999999999999556e+00
1.999999999999999334e+00
1.999999999999998890e+00
1.999999999999998668e+00
1.992481917364734567e+00
1.980951421335892970e+00
1.980580223233391113e+00
1.972429937297976554e+00
1.969219178646395951e+00
1.966346598548695201e+00
1.955593338185762864e+00
1.951888964759461720e+00
1.942499711661887840e+00
1.934419053390183718e+00
1.924101587557860427e+00
1.917962097830704149e+00
1.914039118233419101e+00
1.909508238560412963e+00
1.903153021952341595e+00
1.896802410911265335e+00
1.893228498010828043e+00
1.881969774196349698e+00
1.879660424789456830e+00
1.879428603250105523e+00
1.869492988239390696e+00
1.865624528709755703e+00
1.863248768637182362e+00
1.857636899371087891e+00
1.856240290495350109e+00
1.850690787166883178e+00
1.842020867837452558e+00
1.833771841391639734e+00
1.828427124746190957e+00
1.825859836205337094e+00
1.816971562435357512e+00
1.816509184693398060e+00
1.814479254881508741e+00
1.798212391040427072e+00
1.791824826751065247e+00
1.791287847477920803e+00
1.785458607013696408e+00
1.777605314989743723e+00
1.772793903942049942e+00
1.772001872658766075e+00
1.763630465134868652e+00
1.761941318459131267e+00
1.761306776492570947e+00
1.759467839840783254e+00
1.756531766514693338e+00
1.750227896652846393e+00
1.746568246995716445e+00
1.746368551299960936e+00
1.743069926044784168e+00
1.737874236559292074e+00
1.736399035220392184e+00
1.735489498215869952e+00
1.732492898850275909e+00
1.731777366374775973e+00
1.727841857834441219e+00
1.717596345404585279e+00
1.717232561498095222e+00
1.715820152949045996e+00
1.704970039050819564e+00
1.701562118716424044e+00
1.700847314998755744e+00
1.692018588793639644e+00
1.691267776805426726e+00
1.690676396978192164e+00
1.678299713894821243e+00
1.677105637138850192e+00
1.673409081879127847e+00
1.671385619961926139e+00
1.651614774028537180e+00
1.650601262052123985e+00
1.648512476397748117e+00
1.644881805824523813e+00
1.643615240437366287e+00
1.643004568624844230e+00
1.642965960109578738e+00
1.642840212511274656e+00
1.641771577916449676e+00
1.636219913003818638e+00
1.632483798777911943e+00
1.631375758255862118e+00
1.627832750796754713e+00
1.627341531382632933e+00
1.626198068527290763e+00
1.621825075533149141e+00
1.620835389044890551e+00
1.618307888912678516e+00
1.617999349046897795e+00
1.614458517722677566e+00
1.596913276517614610e+00
1.594477568690828573e+00
1.589719201883149413e+00
1.585286503165131977e+00
1.575324070318116609e+00
1.569444205597905206e+00
1.568007092197289065e+00
1.565224045354630444e+00
1.561552812808832069e+00
1.561552812808829849e+00
1.557646323498395491e+00
1.555434122211948988e+00
1.546112457013624208e+00
1.540847309401720766e+00
1.538280236309151228e+00
1.536108837231726865e+00
1.535007320516067475e+00
1.528715542648116044e+00
1.526370368635979302e+00
1.524647392965167825e+00
1.521541763591530927e+00
1.519498938916655328e+00
1.517304852773925017e+00
1.505890205240006052e+00
1.505025746134737163e+00
1.501298671927020045e+00
1.501115211169714803e+00
1.498835379886563901e+00
1.497543226702735097e+00
1.490217300636916598e+00
1.489104274439315478e+00
1.484861952871930013e+00
1.474101732684206301e+00
1.462890163282189793e+00
1.456522007850417744e+00
1.453817148102849011e+00
1.451612857201386664e+00
1.445013952918063227e+00
1.443248516619391575e+00
1.430781351718327654e+00
1.425712523288486189e+00
1.424846545709255397e+00
1.419156347226943504e+00
1.418213069819106886e+00
1.410169976769237055e+00
1.408903184888738114e+00
1.405016417381228067e+00
1.397828536178633119e+00
1.394388665739149324e+00
1.394319255058467544e+00
1.390391314673614431e+00
1.389024673465837578e+00
1.387435548903911631e+00
1.385831978453315072e+00
1.385433988522019266e+00
1.375849929428878182e+00
1.368917276405126948e+00
1.359183365987501890e+00
1.352515432355406721e+00
1.337021668573104227e+00
1.334064839450258333e+00
1.325769531163500714e+00
1.322202881388707674e+00
1.297217171225850896e+00
1.293709291852516374e+00
1.288431740554474070e+00
1.268611801534413219e+00
1.266060239626984885e+00
1.252713735537290374e+00
1.228871566963453343e+00
1.198287007199536625e+00
1.192273268260479746e+00
1.150980048341845308e+00
1.138075181699180760e+00
1.095191942626211112e+00
1.080765407164497427e+00
1.064936194506274303e+00
1.056951714887758298e+00
1.043789260331320357e+00
1.000000000000003775e+00
1.000000000000003331e+00
1.000000000000003109e+00
1.000000000000002220e+00
1.000000000000001998e+00
1.000000000000001998e+00
1.000000000000001776e+00
1.000000000000001554e+00
1.000000000000001554e+00
1.000000000000001554e+00
1.000000000000001332e+00
1.000000000000001332e+00
1.000000000000001332e+00
1.000000000000001332e+00
1.000000000000001332e+00
1.000000000000001110e+00
1.000000000000001110e+00
1.000000000000001110e+00
1.000000000000001110e+00
1.000000000000001110e+00
1.000000000000001110e+00
1.000000000000001110e+00
1.000000000000000888e+00
1.000000000000000888e+00
1.000000000000000888e+00
1.000000000000000888e+00
1.000000000000000888e+00
1.000000000000000888e+00
1.000000000000000888e+00
1.000000000000000888e+00
1.000000000000000888e+00
1.000000000000000888e+00
1.000000000000000666e+00
1.000000000000000666e+00
1.000000000000000666e+00
1.000000000000000666e+00
1.000000000000000666e+00
1.000000000000000666e+00
1.000000000000000666e+00
1.000000000000000666e+00
1.000000000000000666e+00
1.000000000000000666e+00
1.000000000000000666e+00
1.000000000000000666e+00
1.000000000000000666e+00
1.000000000000000666e+00
1.000000000000000444e+00
1.000000000000000444e+00
1.000000000000000444e+00
1.000000000000000444e+00
1.000000000000000444e+00
1.000000000000000444e+00
1.000000000000000444e+00
1.000000000000000444e+00
1.000000000000000444e+00
1.000000000000000444e+00
1.000000000000000444e+00
1.000000000000000444e+00
1.000000000000000444e+00
1.000000000000000444e+00
1.000000000000000444e+00
1.000000000000000444e+00
1.000000000000000444e+00
1.000000000000000444e+00
1.000000000000000444e+00
1.000000000000000444e+00
1.000000000000000444e+00
1.000000000000000444e+00
1.000000000000000444e+00
1.000000000000000444e+00
1.000000000000000444e+00
1.000000000000000444e+00
1.000000000000000444e+00
1.000000000000000444e+00
1.000000000000000444e+00
1.000000000000000444e+00
1.000000000000000444e+00
1.000000000000000444e+00
1.000000000000000444e+00
1.000000000000000444e+00
1.000000000000000444e+00
1.000000000000000444e+00
1.000000000000000444e+00
1.000000000000000444e+00
1.000000000000000444e+00
1.000000000000000444e+00
1.000000000000000444e+00
1.000000000000000444e+00
1.000000000000000444e+00
1.000000000000000444e+00
1.000000000000000444e+00
1.000000000000000444e+00
1.000000000000000444e+00
1.000000000000000444e+00
1.000000000000000444e+00
1.000000000000000444e+00
1.000000000000000444e+00
1.000000000000000222e+00
1.000000000000000222e+00
1.000000000000000222e+00
1.000000000000000222e+00
1.000000000000000222e+00
1.000000000000000222e+00
1.000000000000000222e+00
1.000000000000000222e+00
1.000000000000000222e+00
1.000000000000000222e+00
1.000000000000000222e+00
1.000000000000000222e+00
1.000000000000000222e+00
1.000000000000000222e+00
1.000000000000000222e+00
1.000000000000000222e+00
1.000000000000000222e+00
1.000000000000000222e+00
1.000000000000000222e+00
1.000000000000000222e+00
1.000000000000000222e+00
1.000000000000000222e+00
1.000000000000000222e+00
1.000000000000000222e+00
1.000000000000000222e+00
1.000000000000000222e+00
1.000000000000000222e+00
1.000000000000000222e+00
1.000000000000000222e+00
1.000000000000000222e+00
1.000000000000000222e+00
1.000000000000000222e+00
1.000000000000000222e+00
1.000000000000000222e+00
1.000000000000000222e+00
1.000000000000000222e+00
1.000000000000000222e+00
1.000000000000000222e+00
1.000000000000000222e+00
1.000000000000000222e+00
1.000000000000000222e+00
1.000000000000000222e+00
1.000000000000000222e+00
1.000000000000000222e+00
1.000000000000000222e+00
1.000000000000000222e+00
1.000000000000000222e+00
1.000000000000000222e+00
1.000000000000000222e+00
1.000000000000000222e+00
1.000000000000000222e+00
1.000000000000000222e+00
1.000000000000000222e+00
1.000000000000000222e+00
1.000000000000000222e+00
1.000000000000000222e+00
1.000000000000000222e+00
1.000000000000000222e+00
1.000000000000000222e+00
1.000000000000000222e+00
1.000000000000000222e+00
1.000000000000000222e+00
1.000000000000000222e+00
1.000000000000000222e+00
1.000000000000000222e+00
1.000000000000000222e+00
1.000000000000000222e+00
1.000000000000000222e+00
1.000000000000000222e+00
1.000000000000000222e+00
1.000000000000000222e+00
1.000000000000000222e+00
1.000000000000000222e+00
1.000000000000000222e+00
1.000000000000000222e+00
1.000000000000000222e+00
1.000000000000000222e+00
1.000000000000000222e+00
1.000000000000000222e+00
1.000000000000000222e+00
1.000000000000000222e+00
1.000000000000000222e+00
1.000000000000000222e+00
1.000000000000000222e+00
1.000000000000000222e+00
1.000000000000000222e+00
1.000000000000000222e+00
1.000000000000000222e+00
1.000000000000000222e+00
1.000000000000000222e+00
1.000000000000000222e+00
1.000000000000000222e+00
1.000000000000000222e+00
1.000000000000000222e+00
1.000000000000000222e+00
1.000000000000000222e+00
1.000000000000000222e+00
1.000000000000000222e+00
1.000000000000000222e+00
1.000000000000000222e+00
1.000000000000000222e+00
1.000000000000000222e+00
1.000000000000000222e+00
1.000000000000000222e+00
1.000000000000000222e+00
1.000000000000000222e+00
1.000000000000000222e+00
1.000000000000000222e+00
1.000000000000000222e+00
1.000000000000000222e+00
1.000000000000000222e+00
1.000000000000000222e+00
1.000000000000000222e+00
1.000000000000000222e+00
1.000000000000000222e+00
1.000000000000000222e+00
1.000000000000000222e+00
1.000000000000000222e+00
1.000000000000000222e+00
1.000000000000000222e+00
1.000000000000000222e+00
1.000000000000000222e+00
1.000000000000000222e+00
1.000000000000000222e+00
1.000000000000000222e+00
1.000000000000000222e+00
1.000000000000000222e+00
1.000000000000000222e+00
1.000000000000000222e+00
1.000000000000000222e+00
1.000000000000000222e+00
1.000000000000000222e+00
1.000000000000000222e+00
1.000000000000000222e+00
1.000000000000000222e+00
1.000000000000000222e+00
1.000000000000000222e+00
1.000000000000000222e+00
1.000000000000000222e+00
1.000000000000000222e+00
1.000000000000000222e+00
1.000000000000000222e+00
1.000000000000000222e+00
1.000000000000000222e+00
1.000000000000000222e+00
1.000000000000000222e+00
1.000000000000000222e+00
1.000000000000000222e+00
1.000000000000000222e+00
1.000000000000000222e+00
1.000000000000000222e+00
1.000000000000000222e+00
1.000000000000000222e+00
1.000000000000000222e+00
1.000000000000000222e+00
1.000000000000000222e+00
1.000000000000000222e+00
1.000000000000000222e+00
1.000000000000000222e+00
1.000000000000000222e+00
1.000000000000000222e+00
1.000000000000000222e+00
1.000000000000000222e+00
1.000000000000000222e+00
1.000000000000000222e+00
1.000000000000000222e+00
1.000000000000000222e+00
1.000000000000000222e+00
1.000000000000000222e+00
1.000000000000000222e+00
1.000000000000000222e+00
1.000000000000000222e+00
1.000000000000000222e+00
1.000000000000000222e+00
1.000000000000000222e+00
1.000000000000000222e+00
1.000000000000000222e+00
1.000000000000000222e+00
1.000000000000000222e+00
1.000000000000000222e+00
1.000000000000000222e+00
1.000000000000000222e+00
1.000000000000000222e+00
1.000000000000000222e+00
1.000000000000000222e+00
1.000000000000000222e+00
1.000000000000000222e+00
1.000000000000000222e+00
1.000000000000000222e+00
1.000000000000000222e+00
1.000000000000000222e+00
1.000000000000000222e+00
1.000000000000000222e+00
1.000000000000000222e+00
1.000000000000000222e+00
1.000000000000000222e+00
1.000000000000000222e+00
1.000000000000000222e+00
1.000000000000000222e+00
1.000000000000000222e+00
1.000000000000000222e+00
1.000000000000000222e+00
1.000000000000000222e+00
1.000000000000000222e+00
1.000000000000000222e+00
1.000000000000000222e+00
1.000000000000000222e+00
1.000000000000000000e+00
1.000000000000000000e+00
1.000000000000000000e+00
1.000000000000000000e+00
1.000000000000000000e+00
1.000000000000000000e+00
1.000000000000000000e+00
1.000000000000000000e+00
1.000000000000000000e+00
1.000000000000000000e+00
1.000000000000000000e+00
1.000000000000000000e+00
1.000000000000000000e+00
1.000000000000000000e+00
1.000000000000000000e+00
1.000000000000000000e+00
1.000000000000000000e+00
1.000000000000000000e+00
1.000000000000000000e+00
1.000000000000000000e+00
1.000000000000000000e+00
1.000000000000000000e+00
1.000000000000000000e+00
1.000000000000000000e+00
1.000000000000000000e+00
1.000000000000000000e+00
1.000000000000000000e+00
1.000000000000000000e+00
1.000000000000000000e+00
1.000000000000000000e+00
1.000000000000000000e+00
1.000000000000000000e+00
1.000000000000000000e+00
1.000000000000000000e+00
1.000000000000000000e+00
1.000000000000000000e+00
1.000000000000000000e+00
1.000000000000000000e+00
1.000000000000000000e+00
1.000000000000000000e+00
1.000000000000000000e+00
1.000000000000000000e+00
1.000000000000000000e+00
1.000000000000000000e+00
1.000000000000000000e+00
1.000000000000000000e+00
1.000000000000000000e+00
1.000000000000000000e+00
1.000000000000000000e+00
1.000000000000000000e+00
1.000000000000000000e+00
1.000000000000000000e+00
1.000000000000000000e+00
1.000000000000000000e+00
1.000000000000000000e+00
1.000000000000000000e+00
1.000000000000000000e+00
1.000000000000000000e+00
1.000000000000000000e+00
1.000000000000000000e+00
1.000000000000000000e+00
1.000000000000000000e+00
1.000000000000000000e+00
1.000000000000000000e+00
1.000000000000000000e+00
1.000000000000000000e+00
1.000000000000000000e+00
1.000000000000000000e+00
1.000000000000000000e+00
1.000000000000000000e+00
1.000000000000000000e+00
1.000000000000000000e+00
1.000000000000000000e+00
1.000000000000000000e+00
1.000000000000000000e+00
1.000000000000000000e+00
1.000000000000000000e+00
1.000000000000000000e+00
1.000000000000000000e+00
1.000000000000000000e+00
1.000000000000000000e+00
1.000000000000000000e+00
1.000000000000000000e+00
1.000000000000000000e+00
1.000000000000000000e+00
1.000000000000000000e+00
1.000000000000000000e+00
1.000000000000000000e+00
1.000000000000000000e+00
1.000000000000000000e+00
1.000000000000000000e+00
1.000000000000000000e+00
1.000000000000000000e+00
1.000000000000000000e+00
1.000000000000000000e+00
1.000000000000000000e+00
1.000000000000000000e+00
1.000000000000000000e+00
1.000000000000000000e+00
1.000000000000000000e+00
1.000000000000000000e+00
1.000000000000000000e+00
1.000000000000000000e+00
1.000000000000000000e+00
1.000000000000000000e+00
1.000000000000000000e+00
1.000000000000000000e+00
1.000000000000000000e+00
1.000000000000000000e+00
1.000000000000000000e+00
1.000000000000000000e+00
1.000000000000000000e+00
1.000000000000000000e+00
1.000000000000000000e+00
1.000000000000000000e+00
1.000000000000000000e+00
1.000000000000000000e+00
1.000000000000000000e+00
1.000000000000000000e+00
1.000000000000000000e+00
1.000000000000000000e+00
1.000000000000000000e+00
1.000000000000000000e+00
1.000000000000000000e+00
1.000000000000000000e+00
1.000000000000000000e+00
1.000000000000000000e+00
1.000000000000000000e+00
1.000000000000000000e+00
1.000000000000000000e+00
1.000000000000000000e+00
1.000000000000000000e+00
1.000000000000000000e+00
1.000000000000000000e+00
1.000000000000000000e+00
1.000000000000000000e+00
1.000000000000000000e+00
1.000000000000000000e+00
1.000000000000000000e+00
1.000000000000000000e+00
1.000000000000000000e+00
1.000000000000000000e+00
1.000000000000000000e+00
1.000000000000000000e+00
1.000000000000000000e+00
1.000000000000000000e+00
1.000000000000000000e+00
1.000000000000000000e+00
1.000000000000000000e+00
1.000000000000000000e+00
1.000000000000000000e+00
1.000000000000000000e+00
1.000000000000000000e+00
1.000000000000000000e+00
1.000000000000000000e+00
1.000000000000000000e+00
1.000000000000000000e+00
1.000000000000000000e+00
1.000000000000000000e+00
1.000000000000000000e+00
1.000000000000000000e+00
1.000000000000000000e+00
1.000000000000000000e+00
1.000000000000000000e+00
1.000000000000000000e+00
1.000000000000000000e+00
1.000000000000000000e+00
1.000000000000000000e+00
1.000000000000000000e+00
1.000000000000000000e+00
1.000000000000000000e+00
1.000000000000000000e+00
1.000000000000000000e+00
1.000000000000000000e+00
1.000000000000000000e+00
1.000000000000000000e+00
1.000000000000000000e+00
1.000000000000000000e+00
1.000000000000000000e+00
1.000000000000000000e+00
1.000000000000000000e+00
1.000000000000000000e+00
1.000000000000000000e+00
1.000000000000000000e+00
1.000000000000000000e+00
1.000000000000000000e+00
1.000000000000000000e+00
1.000000000000000000e+00
1.000000000000000000e+00
1.000000000000000000e+00
1.000000000000000000e+00
1.000000000000000000e+00
1.000000000000000000e+00
1.000000000000000000e+00
1.000000000000000000e+00
1.000000000000000000e+00
1.000000000000000000e+00
1.000000000000000000e+00
1.000000000000000000e+00
1.000000000000000000e+00
1.000000000000000000e+00
1.000000000000000000e+00
1.000000000000000000e+00
1.000000000000000000e+00
1.000000000000000000e+00
1.000000000000000000e+00
1.000000000000000000e+00
1.000000000000000000e+00
1.000000000000000000e+00
1.000000000000000000e+00
1.000000000000000000e+00
1.000000000000000000e+00
1.000000000000000000e+00
1.000000000000000000e+00
1.000000000000000000e+00
1.000000000000000000e+00
1.000000000000000000e+00
1.000000000000000000e+00
1.000000000000000000e+00
1.000000000000000000e+00
1.000000000000000000e+00
1.000000000000000000e+00
1.000000000000000000e+00
1.000000000000000000e+00
1.000000000000000000e+00
1.000000000000000000e+00
1.000000000000000000e+00
1.000000000000000000e+00
1.000000000000000000e+00
1.000000000000000000e+00
1.000000000000000000e+00
1.000000000000000000e+00
1.000000000000000000e+00
1.000000000000000000e+00
1.000000000000000000e+00
1.000000000000000000e+00
1.000000000000000000e+00
1.000000000000000000e+00
1.000000000000000000e+00
1.000000000000000000e+00
1.000000000000000000e+00
1.000000000000000000e+00
1.000000000000000000e+00
1.000000000000000000e+00
1.000000000000000000e+00
1.000000000000000000e+00
1.000000000000000000e+00
1.000000000000000000e+00
1.000000000000000000e+00
1.000000000000000000e+00
1.000000000000000000e+00
1.000000000000000000e+00
1.000000000000000000e+00
1.000000000000000000e+00
1.000000000000000000e+00
1.000000000000000000e+00
1.000000000000000000e+00
1.000000000000000000e+00
1.000000000000000000e+00
1.000000000000000000e+00
1.000000000000000000e+00
1.000000000000000000e+00
1.000000000000000000e+00
1.000000000000000000e+00
1.000000000000000000e+00
1.000000000000000000e+00
9.999999999999998890e-01
9.999999999999998890e-01
9.999999999999998890e-01
9.999999999999998890e-01
9.999999999999998890e-01
9.999999999999998890e-01
9.999999999999998890e-01
9.999999999999998890e-01
9.999999999999998890e-01
9.999999999999998890e-01
9.999999999999998890e-01
9.999999999999998890e-01
9.999999999999998890e-01
9.999999999999998890e-01
9.999999999999998890e-01
9.999999999999998890e-01
9.999999999999998890e-01
9.999999999999998890e-01
9.999999999999998890e-01
9.999999999999998890e-01
9.999999999999998890e-01
9.999999999999998890e-01
9.999999999999998890e-01
9.999999999999998890e-01
9.999999999999998890e-01
9.999999999999998890e-01
9.999999999999998890e-01
9.999999999999998890e-01
9.999999999999998890e-01
9.999999999999998890e-01
9.999999999999998890e-01
9.999999999999998890e-01
9.999999999999998890e-01
9.999999999999998890e-01
9.999999999999998890e-01
9.999999999999998890e-01
9.999999999999998890e-01
9.999999999999998890e-01
9.999999999999998890e-01
9.999999999999998890e-01
9.999999999999998890e-01
9.999999999999998890e-01
9.999999999999998890e-01
9.999999999999998890e-01
9.999999999999998890e-01
9.999999999999998890e-01
9.999999999999998890e-01
9.999999999999998890e-01
9.999999999999998890e-01
9.999999999999998890e-01
9.999999999999998890e-01
9.999999999999998890e-01
9.999999999999998890e-01
9.999999999999998890e-01
9.999999999999998890e-01
9.999999999999998890e-01
9.999999999999998890e-01
9.999999999999998890e-01
9.999999999999998890e-01
9.999999999999998890e-01
9.999999999999998890e-01
9.999999999999998890e-01
9.999999999999998890e-01
9.999999999999998890e-01
9.999999999999998890e-01
9.999999999999998890e-01
9.999999999999998890e-01
9.999999999999998890e-01
9.999999999999998890e-01
9.999999999999998890e-01
9.999999999999998890e-01
9.999999999999998890e-01
9.999999999999998890e-01
9.999999999999998890e-01
9.999999999999998890e-01
9.999999999999998890e-01
9.999999999999998890e-01
9.999999999999998890e-01
9.999999999999998890e-01
9.999999999999998890e-01
9.999999999999998890e-01
9.999999999999998890e-01
9.999999999999998890e-01
9.999999999999998890e-01
9.999999999999998890e-01
9.999999999999998890e-01
9.999999999999998890e-01
9.999999999999998890e-01
9.999999999999998890e-01
9.999999999999998890e-01
9.999999999999998890e-01
9.999999999999998890e-01
9.999999999999998890e-01
9.999999999999998890e-01
9.999999999999998890e-01
9.999999999999998890e-01
9.999999999999998890e-01
9.999999999999998890e-01
9.999999999999998890e-01
9.999999999999998890e-01
9.999999999999998890e-01
9.999999999999998890e-01
9.999999999999998890e-01
9.999999999999998890e-01
9.999999999999998890e-01
9.999999999999998890e-01
9.999999999999998890e-01
9.999999999999998890e-01
9.999999999999998890e-01
9.999999999999998890e-01
9.999999999999998890e-01
9.999999999999998890e-01
9.999999999999998890e-01
9.999999999999998890e-01
9.999999999999998890e-01
9.999999999999998890e-01
9.999999999999998890e-01
9.999999999999998890e-01
9.999999999999998890e-01
9.999999999999998890e-01
9.999999999999998890e-01
9.999999999999998890e-01
9.999999999999998890e-01
9.999999999999998890e-01
9.999999999999998890e-01
9.999999999999998890e-01
9.999999999999998890e-01
9.999999999999998890e-01
9.999999999999998890e-01
9.999999999999998890e-01
9.999999999999998890e-01
9.999999999999998890e-01
9.999999999999998890e-01
9.999999999999998890e-01
9.999999999999998890e-01
9.999999999999998890e-01
9.999999999999998890e-01
9.999999999999998890e-01
9.999999999999998890e-01
9.999999999999998890e-01
9.999999999999998890e-01
9.999999999999997780e-01
9.999999999999997780e-01
9.999999999999997780e-01
9.999999999999997780e-01
9.999999999999997780e-01
9.999999999999997780e-01
9.999999999999997780e-01
9.999999999999997780e-01
9.999999999999997780e-01
9.999999999999997780e-01
9.999999999999997780e-01
9.999999999999997780e-01
9.999999999999997780e-01
9.999999999999997780e-01
9.999999999999997780e-01
9.999999999999997780e-01
9.999999999999997780e-01
9.999999999999997780e-01
9.999999999999997780e-01
9.999999999999997780e-01
9.999999999999997780e-01
9.999999999999997780e-01
9.999999999999997780e-01
9.999999999999997780e-01
9.999999999999997780e-01
9.999999999999997780e-01
9.999999999999997780e-01
9.999999999999997780e-01
9.999999999999997780e-01
9.999999999999997780e-01
9.999999999999997780e-01
9.999999999999997780e-01
9.999999999999997780e-01
9.999999999999997780e-01
9.999999999999997780e-01
9.999999999999997780e-01
9.999999999999997780e-01
9.999999999999997780e-01
9.999999999999997780e-01
9.999999999999997780e-01
9.999999999999997780e-01
9.999999999999997780e-01
9.999999999999997780e-01
9.999999999999997780e-01
9.999999999999997780e-01
9.999999999999997780e-01
9.999999999999997780e-01
9.999999999999997780e-01
9.999999999999997780e-01
9.999999999999997780e-01
9.999999999999997780e-01
9.999999999999997780e-01
9.999999999999997780e-01
9.999999999999997780e-01
9.999999999999997780e-01
9.999999999999997780e-01
9.999999999999997780e-01
9.999999999999997780e-01
9.999999999999997780e-01
9.999999999999997780e-01
9.999999999999997780e-01
9.999999999999997780e-01
9.999999999999997780e-01
9.999999999999997780e-01
9.999999999999997780e-01
9.999999999999997780e-01
9.999999999999997780e-01
9.999999999999997780e-01
9.999999999999997780e-01
9.999999999999997780e-01
9.999999999999997780e-01
9.999999999999997780e-01
9.999999999999997780e-01
9.999999999999997780e-01
9.999999999999997780e-01
9.999999999999997780e-01
9.999999999999997780e-01
9.999999999999997780e-01
9.999999999999997780e-01
9.999999999999997780e-01
9.999999999999997780e-01
9.999999999999997780e-01
9.999999999999997780e-01
9.999999999999997780e-01
9.999999999999997780e-01
9.999999999999997780e-01
9.999999999999997780e-01
9.999999999999997780e-01
9.999999999999996669e-01
9.999999999999996669e-01
9.999999999999996669e-01
9.999999999999996669e-01
9.999999999999996669e-01
9.999999999999996669e-01
9.999999999999996669e-01
9.999999999999996669e-01
9.999999999999996669e-01
9.999999999999996669e-01
9.999999999999996669e-01
9.999999999999996669e-01
9.999999999999996669e-01
9.999999999999996669e-01
9.999999999999996669e-01
9.999999999999996669e-01
9.999999999999996669e-01
9.999999999999996669e-01
9.999999999999996669e-01
9.999999999999996669e-01
9.999999999999996669e-01
9.999999999999996669e-01
9.999999999999996669e-01
9.999999999999996669e-01
9.999999999999996669e-01
9.999999999999996669e-01
9.999999999999996669e-01
9.999999999999996669e-01
9.999999999999996669e-01
9.999999999999996669e-01
9.999999999999996669e-01
9.999999999999996669e-01
9.999999999999996669e-01
9.999999999999996669e-01
9.999999999999996669e-01
9.999999999999996669e-01
9.999999999999996669e-01
9.999999999999996669e-01
9.999999999999996669e-01
9.999999999999996669e-01
9.999999999999996669e-01
9.999999999999996669e-01
9.999999999999996669e-01
9.999999999999996669e-01
9.999999999999996669e-01
9.999999999999996669e-01
9.999999999999996669e-01
9.999999999999996669e-01
9.999999999999996669e-01
9.999999999999996669e-01
9.999999999999996669e-01
9.999999999999996669e-01
9.999999999999996669e-01
9.999999999999996669e-01
9.999999999999996669e-01
9.999999999999996669e-01
9.999999999999996669e-01
9.999999999999994449e-01
9.999999999999994449e-01
9.999999999999994449e-01
9.999999999999994449e-01
9.999999999999994449e-01
9.999999999999994449e-01
9.999999999999994449e-01
9.999999999999994449e-01
9.999999999999994449e-01
9.999999999999994449e-01
9.999999999999994449e-01
9.999999999999994449e-01
9.999999999999994449e-01
9.999999999999994449e-01
9.999999999999994449e-01
9.999999999999994449e-01
9.999999999999994449e-01
9.999999999999994449e-01
9.999999999999994449e-01
9.999999999999994449e-01
9.999999999999994449e-01
9.999999999999994449e-01
9.999999999999994449e-01
9.999999999999994449e-01
9.999999999999994449e-01
9.999999999999994449e-01
9.999999999999994449e-01
9.999999999999994449e-01
9.999999999999994449e-01
9.999999999999994449e-01
9.999999999999994449e-01
9.999999999999994449e-01
9.999999999999994449e-01
9.999999999999994449e-01
9.999999999999994449e-01
9.999999999999994449e-01
9.999999999999994449e-01
9.999999999999994449e-01
9.999999999999994449e-01
9.999999999999994449e-01
9.999999999999994449e-01
9.999999999999994449e-01
9.999999999999994449e-01
9.999999999999994449e-01
9.999999999999994449e-01
9.999999999999994449e-01
9.999999999999993339e-01
9.999999999999993339e-01
9.999999999999993339e-01
9.999999999999993339e-01
9.999999999999993339e-01
9.999999999999993339e-01
9.999999999999993339e-01
9.999999999999993339e-01
9.999999999999993339e-01
9.999999999999993339e-01
9.999999999999993339e-01
9.999999999999993339e-01
9.999999999999993339e-01
9.999999999999993339e-01
9.999999999999992228e-01
9.999999999999992228e-01
9.999999999999992228e-01
9.999999999999992228e-01
9.999999999999991118e-01
9.999999999999991118e-01
9.999999999999991118e-01
9.999999999999991118e-01
9.999999999999991118e-01
9.999999999999991118e-01
9.999999999999990008e-01
9.999999999999990008e-01
9.999999999999990008e-01
9.999999999999990008e-01
9.999999999999990008e-01
9.999999999999988898e-01
9.999999999999988898e-01
9.999999999999988898e-01
9.999999999999988898e-01
9.999999999999988898e-01
9.999999999999987788e-01
9.999999999999986677e-01
9.999999999999986677e-01
9.999999999999986677e-01
9.999999999999986677e-01
9.999999999999984457e-01
9.999999999999984457e-01
9.999999999999984457e-01
9.999999999999984457e-01
9.999999999999984457e-01
9.999999999999984457e-01
9.999999999999982236e-01
9.999999999999981126e-01
9.999999999999981126e-01
9.999999999999980016e-01
9.999999999999975575e-01
9.999999999999971134e-01
9.999999999999970024e-01
9.999999999999968914e-01
9.999999999999968914e-01
9.999999999999964473e-01
9.999999999999962252e-01
9.999999999999960032e-01
9.230318922357363398e-01
8.966504824212939706e-01
8.241284651020776009e-01
8.068169405482535916e-01
7.317856109442631984e-01
6.939102992149628335e-01
6.886087708999409918e-01
6.591337105705095123e-01
6.299915960175875851e-01
6.289907003276199449e-01
5.864476771140189060e-01
5.450959087764767341e-01
4.432326359819552808e-01
3.941418255332198584e-01
3.035378548381112984e-01
3.013490848707331415e-01
2.309605801805912351e-01
1.983551328626460275e-01
1.448860688897350146e-01
