# Singular values
1.032348227479877423e+01
1.003390176758555974e+01
9.618469849232626601e+00
9.314276598072048330e+00
9.128147868967019463e+00
9.070021577528555312e+00
9.025490863110309903e+00
9.000000000000008882e+00
9.000000000000000000e+00
8.979697303185483648e+00
8.815584699236936217e+00
8.652207765049032773e+00
8.612888669291656640e+00
8.173818271428492821e+00
8.052421023853549187e+00
7.947491556819322511e+00
7.889117644936326279e+00
7.578412338253056824e+00
7.498992148209606690e+00
7.333436985482792991e+00
7.312789289879392030e+00
7.245652207333320050e+00
7.134080317467869747e+00
7.000000000000000000e+00
7.000000000000000000e+00
6.999999999999994671e+00
6.983227265086082269e+00
6.970845405946000106e+00
6.898578758377321485e+00
6.838360346239307219e+00
6.805852648056635701e+00
6.791094493873893967e+00
6.711718893995613833e+00
6.655040228482449471e+00
6.629411968258272836e+00
6.532229454863749396e+00
6.520495167363736577e+00
6.471855561437596549e+00
6.445550465694708464e+00
6.402206509414759772e+00
6.307728154215100247e+00
6.241563747140093099e+00
6.209049769721586287e+00
6.173230326977336979e+00
6.153659814902526115e+00
6.130793814103589590e+00
6.114201909319748829e+00
6.075425950721775159e+00
6.051696450366798707e+00
6.041082057700228880e+00
6.000000000000005329e+00
6.000000000000000000e+00
6.000000000000000000e+00
5.999999999999999112e+00
5.999999999999999112e+00
5.999999999999998224e+00
5.999999999999998224e+00
5.999999999999998224e+00
5.999999999999998224e+00
5.988803526739294725e+00
5.937627412530265048e+00
5.862565706284073030e+00
5.801541060619860524e+00
5.784936023969184049e+00
5.694859291404509527e+00
5.593565474080688382e+00
5.567438408141857309e+00
5.510867787610943758e+00
5.504301056218988464e+00
5.445268906499177497e+00
5.389701579786987828e+00
5.334214497726352811e+00
5.236342761299907167e+00
5.213943020163771536e+00
5.199485365503325518e+00
5.180140032988957088e+00
5.170552566808970241e+00
5.158733184190575471e+00
5.129626461194074949e+00
5.087406090299325001e+00
5.087406090299318784e+00
5.042760256393962415e+00
5.010397136870386348e+00
5.000000000000000000e+00
5.000000000000000000e+00
5.000000000000000000e+00
5.000000000000000000e+00
5.000000000000000000e+00
4.999999999999999112e+00
4.999999999999999112e+00
4.999999999999998224e+00
4.999999999999993783e+00
4.983489766933117515e+00
4.970302419416468886e+00
4.964917330474850843e+00
4.921019284462260224e+00
4.884290197402831879e+00
4.862952478853440397e+00
4.841813195628278166e+00
4.740904991051828610e+00
4.725413942535658940e+00
4.701562118716423377e+00
4.701562118716423377e+00
4.673840782001599692e+00
4.623477844821897165e+00
4.601096226667310773e+00
4.563462421369421484e+00
4.527459424271534694e+00
4.524695181648906939e+00
4.502654368801784379e+00
4.495023833196671426e+00
4.484135117230535705e+00
4.464938984965673541e+00
4.360258242743764612e+00
4.348673388119522087e+00
4.320884499447488203e+00
4.303364727195482686e+00
4.248334538894682488e+00
4.216554440223212019e+00
4.201472338219233826e+00
4.184793731584196763e+00
4.161396251376713984e+00
4.160526345217049560e+00
4.150646671117129038e+00
4.148059838479663419e+00
4.141336115655368744e+00
4.141336115655364303e+00
4.099739449189302221e+00
4.063633027862221248e+00
4.015975267620036426e+00
4.001601466363253756e+00
4.000000000000007994e+00
4.000000000000006217e+00
4.000000000000003553e+00
4.000000000000002665e+00
4.000000000000002665e+00
4.000000000000000888e+00
4.000000000000000888e+00
4.000000000000000888e+00
4.000000000000000888e+00
4.000000000000000888e+00
4.000000000000000888e+00
4.000000000000000888e+00
4.000000000000000888e+00
4.000000000000000888e+00
4.000000000000000000e+00
4.000000000000000000e+00
4.000000000000000000e+00
4.000000000000000000e+00
4.000000000000000000e+00
4.000000000000000000e+00
4.000000000000000000e+00
3.999999999999999556e+00
3.999999999999999556e+00
3.999999999999999112e+00
3.999999999999999112e+00
3.999999999999999112e+00
3.999999999999999112e+00
3.999999999999999112e+00
3.999999999999998668e+00
3.999999999999996891e+00
3.999999999999995559e+00
3.965562851897637575e+00
3.895843699729592213e+00
3.876219479772307075e+00
3.864918325872691351e+00
3.840012763412107066e+00
3.828427124746192511e+00
3.828427124746183630e+00
3.816022790567973111e+00
3.782905048042872753e+00
3.739105517378164212e+00
3.724986769431569922e+00
3.719166437002270786e+00
3.696902032293700735e+00
3.691919740930575511e+00
3.623641331293097512e+00
3.619550604365491697e+00
3.571038688959954133e+00
3.544823740484514651e+00
3.541923515277689560e+00
3.526439728494291881e+00
3.519469312691757779e+00
3.486323793247693814e+00
3.467441296432068221e+00
3.451583307803896883e+00
3.439131417346922515e+00
3.429364889976056485e+00
3.418777292880814223e+00
3.392238292802997268e+00
3.387808073136819420e+00
3.387441261471503040e+00
3.370805652092664140e+00
3.299359299342536023e+00
3.280913851787827351e+00
3.237385710527608484e+00
3.234574820695979902e+00
3.206598559705149842e+00
3.179266221378802548e+00
3.150156117493075225e+00
3.135251700336353586e+00
3.102949804499600006e+00
3.056456293956503867e+00
3.044569884752145850e+00
3.040297296287872264e+00
3.036895702844564227e+00
3.027760639390068231e+00
3.000000000000001776e+00
3.000000000000001332e+00
3.000000000000000888e+00
3.000000000000000888e+00
3.000000000000000888e+00
3.000000000000000000e+00
2.999999999999999556e+00
2.999999999999999112e+00
2.999999999999999112e+00
2.999999999999999112e+00
2.999999999999998668e+00
2.999999999999997335e+00
2.999999999999997335e+00
2.999999999999995115e+00
2.986869767057130698e+00
2.954361443383669350e+00
2.953255728248606271e+00
2.947412642480456313e+00
2.925162874435118354e+00
2.913196271579994168e+00
2.904832769979286855e+00
2.854477156725236497e+00
2.848400942179118989e+00
2.843531343369208209e+00
2.835923795044217766e+00
2.801793385467934883e+00
2.791287847477918582e+00
2.769988697790010779e+00
2.753937447823235463e+00
2.731137262468245730e+00
2.721643635391189697e+00
2.691075921980066621e+00
2.686939748825388552e+00
2.628844631568289625e+00
2.627827256313639115e+00
2.620385704179419850e+00
2.608749924265316711e+00
2.603840489605499631e+00
2.590480927753964657e+00
2.568450482777993482e+00
2.561552812808830293e+00
2.541705157786463776e+00
2.535033700650628052e+00
2.533634783952194880e+00
2.520458365047753446e+00
2.511127743816468527e+00
2.505167994042098556e+00
2.489448261416432384e+00
2.488238585296397076e+00
2.482197114419470552e+00
2.461719617309960029e+00
2.440431987865552710e+00
2.438196205990653453e+00
2.433604643756585695e+00
2.421971303860328995e+00
2.404042405917548919e+00
2.390771459129737320e+00
2.387411844866498711e+00
2.375658532566531811e+00
2.355981156140272148e+00
2.351939201553463921e+00
2.351904060734338664e+00
2.345391488169290994e+00
2.341949646694118758e+00
2.331708673820169775e+00
2.323009306583601941e+00
2.312477560115018704e+00
2.312116333239913946e+00
2.301532805294920436e+00
2.293099114600527955e+00
2.281121560883854649e+00
2.268168962835215741e+00
2.262458345009638272e+00
2.249618519048286025e+00
2.240121398525404484e+00
2.218325684649139262e+00
2.213105489937043924e+00
2.208521089841273266e+00
2.204147261133233116e+00
2.203698238867645376e+00
2.191433022309913436e+00
2.189713668685235426e+00
2.188363131296205744e+00
2.185152230984223287e+00
2.173346196427066168e+00
2.146480076415395732e+00
2.145169371532845037e+00
2.117338299485674646e+00
2.106309806225980186e+00
2.073165498374174742e+00
2.068480956398033310e+00
2.066611980368734613e+00
2.043997784051303945e+00
2.042713026208199611e+00
2.032678958834330807e+00
2.026932073838053849e+00
2.020099144512339517e+00
2.014238760494549751e+00
2.000000000000000888e+00
2.000000000000000888e+00
2.000000000000000888e+00
2.000000000000000444e+00
2.000000000000000444e+00
2.000000000000000444e+00
2.000000000000000444e+00
2.000000000000000444e+00
2.000000000000000444e+00
2.000000000000000444e+00
2.000000000000000000e+00
2.000000000000000000e+00
2.000000000000000000e+00
2.000000000000000000e+00
2.000000000000000000e+00
2.000000000000000000e+00
2.000000000000000000e+00
2.000000000000000000e+00
2.000000000000000000e+00
2.000000000000000000e+00
2.000000000000000000e+00
2.000000000000000000e+00
2.000000000000000000e+00
1.999999999999999778e+00
1.999999999999999778e+00
1.999999999999999556e+00
1.999999999999999556e+00
1.999999999999999556e+00
1.999999999999999556e+00
1.999999999999999556e+00
1.999999999999999334e+00
1.999999999999999334e+00
1.999999999999999334e+00
1.999999999999999334e+00
1.999999999999999334e+00
1.999999999999999112e+00
1.999999999999998890e+00
1.999999999999998446e+00
1.999999999999998002e+00
1.999999999999997558e+00
1.994452618117184439e+00
1.987147228467037952e+00
1.979711158336295407e+00
1.964133499293096774e+00
1.961928432617742635e+00
1.955879839093429551e+00
1.942178086624454236e+00
1.939582354760075011e+00
1.937128428130532320e+00
1.931923032523798600e+00
1.928140948256872322e+00
1.925327221232405295e+00
1.914241745422130103e+00
1.911699557962240004e+00
1.908033470385386732e+00
1.901451513486031253e+00
1.899356109301039375e+00
1.891638508994639700e+00
1.885721092477452121e+00
1.877505888882371465e+00
1.877276418790919887e+00
1.869345773105900888e+00
1.845483648159875978e+00
1.842994934158532327e+00
1.841788015219787411e+00
1.838248219677744766e+00
1.833522798119405106e+00
1.830845808802583630e+00
1.828427124746192067e+00
1.828427124746190957e+00
1.825904404187097763e+00
1.820822275882205465e+00
1.819684002744252904e+00
1.818077845143568849e+00
1.809345265741846953e+00
1.808799264709668897e+00
1.804320683126074298e+00
1.791287847477921247e+00
1.786336816423375939e+00
1.780937631780118879e+00
1.778641724854160167e+00
1.777493827877830057e+00
1.770921605086670292e+00
1.767806598598060885e+00
1.764089898495185160e+00
1.761941318459133043e+00
1.757062843813691710e+00
1.756415670025574416e+00
1.748883241082500595e+00
1.746568246995719553e+00
1.742748338000867703e+00
1.740440980252941250e+00
1.736399035220392406e+00
1.735489498215870396e+00
1.733152383582549083e+00
1.723705360915955165e+00
1.722401217728129597e+00
1.719657594479006235e+00
1.716640324161591291e+00
1.714367698265500950e+00
1.706519079771660063e+00
1.704682837073715262e+00
1.702318572105214090e+00
1.701562118716424710e+00
1.701562118716423155e+00
1.698909708669427809e+00
1.696523114398465149e+00
1.696094756015629867e+00
1.692951642503216947e+00
1.691267776805426726e+00
1.677105637138851080e+00
1.674739869941122672e+00
1.673262065950084088e+00
1.672823701000948793e+00
1.670981693395304335e+00
1.666302123687572578e+00
1.663639246637268254e+00
1.659765133849830487e+00
1.658510655124715294e+00
1.654359765606102206e+00
1.653135658150625797e+00
1.651614774028539401e+00
1.650545246830806612e+00
1.644501511268931182e+00
1.643580999792249031e+00
1.642840212511274434e+00
1.642840212511273323e+00
1.637232291149240737e+00
1.634958494625331493e+00
1.631322845668805810e+00
1.626408558845925834e+00
1.626198068527294760e+00
1.626198068527293872e+00
1.618887757233527180e+00
1.616908529668714678e+00
1.612861869913195356e+00
1.602126051268356610e+00
1.601479364886337242e+00
1.597843898134144291e+00
1.591708185304135048e+00
1.585507126155790480e+00
1.577297705175122688e+00
1.575953269248380639e+00
1.574794281264184859e+00
1.570140871573129759e+00
1.568758190215044701e+00
1.562843776804822671e+00
1.561552812808829849e+00
1.558530072556187251e+00
1.555760011808165144e+00
1.555434122211949877e+00
1.555434122211949433e+00
1.547820042326248924e+00
1.540900834714923562e+00
1.536842842052713154e+00
1.534891931631193529e+00
1.530278229631866660e+00
1.521541763591532259e+00
1.518599079642714900e+00
1.517930830186930979e+00
1.515141323468337964e+00
1.513145711846269004e+00
1.512882245659582292e+00
1.505317964582348456e+00
1.501377127851705184e+00
1.498148097394096601e+00
1.495377522417371763e+00
1.492826611714106688e+00
1.490617713562648827e+00
1.484861952871932012e+00
1.484861952871929569e+00
1.479870746965805450e+00
1.475310208267220480e+00
1.470775620418076413e+00
1.455295926589953881e+00
1.453433857395384887e+00
1.449024514680832487e+00
1.442623821449536159e+00
1.440675281304859778e+00
1.438227560994166820e+00
1.434365972610445628e+00
1.433888478078001016e+00
1.431286066339185981e+00
1.424207957328579521e+00
1.422701529581435365e+00
1.418167574558841126e+00
1.418082393622680515e+00
1.413141088753422814e+00
1.411019810397531771e+00
1.404532327559721461e+00
1.404328980972604057e+00
1.397128126100212864e+00
1.393930496441725175e+00
1.383953823130033678e+00
1.379975975489009077e+00
1.359996346308251391e+00
1.355434530967524864e+00
1.349842911330090933e+00
1.338406615888230178e+00
1.324277387854137622e+00
1.312718903947208471e+00
1.285864689327265609e+00
1.272304221685442327e+00
1.266056079741076923e+00
1.249081859021778484e+00
1.238501215732674021e+00
1.228621699924811850e+00
1.214199189268926560e+00
1.212037637895692965e+00
1.159274322729015871e+00
1.155316069261776102e+00
1.143891958368397743e+00
1.123725931148518598e+00
1.107120297528666031e+00
1.095341750419963400e+00
1.068476828743219365e+00
1.040421483409671444e+00
1.009483372226700704e+00
1.000000000000006883e+00
1.000000000000005551e+00
1.000000000000004885e+00
1.000000000000003109e+00
1.000000000000002665e+00
1.000000000000001776e+00
1.000000000000001776e+00
1.000000000000001554e+00
1.000000000000001554e+00
1.000000000000001332e+00
1.000000000000001332e+00
1.000000000000001110e+00
1.000000000000001110e+00
1.000000000000001110e+00
1.000000000000000888e+00
1.000000000000000888e+00
1.000000000000000888e+00
1.000000000000000888e+00
1.000000000000000888e+00
1.000000000000000888e+00
1.000000000000000666e+00
1.000000000000000666e+00
1.000000000000000666e+00
1.000000000000000666e+00
1.000000000000000666e+00
1.000000000000000666e+00
1.000000000000000666e+00
1.000000000000000666e+00
1.000000000000000666e+00
1.000000000000000666e+00
1.000000000000000666e+00
1.000000000000000666e+00
1.000000000000000666e+00
1.000000000000000666e+00
1.000000000000000666e+00
1.000000000000000666e+00
1.000000000000000666e+00
1.000000000000000666e+00
1.000000000000000666e+00
1.000000000000000666e+00
1.000000000000000666e+00
1.000000000000000666e+00
1.000000000000000444e+00
1.000000000000000444e+00
1.000000000000000444e+00
1.000000000000000444e+00
1.000000000000000444e+00
1.000000000000000444e+00
1.000000000000000444e+00
1.000000000000000444e+00
1.000000000000000444e+00
1.000000000000000444e+00
1.000000000000000444e+00
1.000000000000000444e+00
1.000000000000000444e+00
1.000000000000000444e+00
1.000000000000000444e+00
1.000000000000000444e+00
1.000000000000000444e+00
1.000000000000000444e+00
1.000000000000000444e+00
1.000000000000000444e+00
1.000000000000000444e+00
1.000000000000000444e+00
1.000000000000000444e+00
1.000000000000000444e+00
1.000000000000000444e+00
1.000000000000000444e+00
1.000000000000000444e+00
1.000000000000000444e+00
1.000000000000000444e+00
1.000000000000000444e+00
1.000000000000000444e+00
1.000000000000000444e+00
1.000000000000000444e+00
1.000000000000000444e+00
1.000000000000000444e+00
1.000000000000000444e+00
1.000000000000000444e+00
1.000000000000000444e+00
1.000000000000000444e+00
1.000000000000000444e+00
1.000000000000000444e+00
1.000000000000000444e+00
1.000000000000000444e+00
1.000000000000000444e+00
1.000000000000000444e+00
1.000000000000000444e+00
1.000000000000000444e+00
1.000000000000000444e+00
1.000000000000000444e+00
1.000000000000000444e+00
1.000000000000000444e+00
1.000000000000000444e+00
1.000000000000000444e+00
1.000000000000000222e+00
1.000000000000000222e+00
1.000000000000000222e+00
1.000000000000000222e+00
1.000000000000000222e+00
1.000000000000000222e+00
1.000000000000000222e+00
1.000000000000000222e+00
1.000000000000000222e+00
1.000000000000000222e+00
1.000000000000000222e+00
1.000000000000000222e+00
1.000000000000000222e+00
1.000000000000000222e+00
1.000000000000000222e+00
1.000000000000000222e+00
1.000000000000000222e+00
1.000000000000000222e+00
1.000000000000000222e+00
1.000000000000000222e+00
1.000000000000000222e+00
1.000000000000000222e+00
1.000000000000000222e+00
1.000000000000000222e+00
1.000000000000000222e+00
1.000000000000000222e+00
1.000000000000000222e+00
1.000000000000000222e+00
1.000000000000000222e+00
1.000000000000000222e+00
1.000000000000000222e+00
1.000000000000000222e+00
1.000000000000000222e+00
1.000000000000000222e+00
1.000000000000000222e+00
1.000000000000000222e+00
1.000000000000000222e+00
1.000000000000000222e+00
1.000000000000000222e+00
1.000000000000000222e+00
1.000000000000000222e+00
1.000000000000000222e+00
1.000000000000000222e+00
1.000000000000000222e+00
1.000000000000000222e+00
1.000000000000000222e+00
1.000000000000000222e+00
1.000000000000000222e+00
1.000000000000000222e+00
1.000000000000000222e+00
1.000000000000000222e+00
1.000000000000000222e+00
1.000000000000000222e+00
1.000000000000000222e+00
1.000000000000000222e+00
1.000000000000000222e+00
1.000000000000000222e+00
1.000000000000000222e+00
1.000000000000000222e+00
1.000000000000000222e+00
1.000000000000000222e+00
1.000000000000000222e+00
1.000000000000000222e+00
1.000000000000000222e+00
1.000000000000000222e+00
1.000000000000000222e+00
1.000000000000000222e+00
1.000000000000000222e+00
1.000000000000000222e+00
1.000000000000000222e+00
1.000000000000000222e+00
1.000000000000000222e+00
1.000000000000000222e+00
1.000000000000000222e+00
1.000000000000000222e+00
1.000000000000000222e+00
1.000000000000000222e+00
1.000000000000000222e+00
1.000000000000000222e+00
1.000000000000000222e+00
1.000000000000000222e+00
1.000000000000000222e+00
1.000000000000000222e+00
1.000000000000000222e+00
1.000000000000000222e+00
1.000000000000000222e+00
1.000000000000000222e+00
1.000000000000000222e+00
1.000000000000000222e+00
1.000000000000000222e+00
1.000000000000000222e+00
1.000000000000000222e+00
1.000000000000000222e+00
1.000000000000000222e+00
1.000000000000000222e+00
1.000000000000000222e+00
1.000000000000000222e+00
1.000000000000000222e+00
1.000000000000000222e+00
1.000000000000000222e+00
1.000000000000000222e+00
1.000000000000000222e+00
1.000000000000000222e+00
1.000000000000000222e+00
1.000000000000000222e+00
1.000000000000000222e+00
1.000000000000000222e+00
1.000000000000000222e+00
1.000000000000000222e+00
1.000000000000000222e+00
1.000000000000000222e+00
1.000000000000000222e+00
1.000000000000000222e+00
1.000000000000000222e+00
1.000000000000000222e+00
1.000000000000000222e+00
1.000000000000000222e+00
1.000000000000000222e+00
1.000000000000000222e+00
1.000000000000000222e+00
1.000000000000000222e+00
1.000000000000000222e+00
1.000000000000000222e+00
1.000000000000000222e+00
1.000000000000000222e+00
1.000000000000000222e+00
1.000000000000000222e+00
1.000000000000000222e+00
1.000000000000000222e+00
1.000000000000000222e+00
1.000000000000000222e+00
1.000000000000000222e+00
1.000000000000000222e+00
1.000000000000000222e+00
1.000000000000000222e+00
1.000000000000000222e+00
1.000000000000000222e+00
1.000000000000000222e+00
1.000000000000000222e+00
1.000000000000000222e+00
1.000000000000000222e+00
1.000000000000000222e+00
1.000000000000000222e+00
1.000000000000000222e+00
1.000000000000000222e+00
1.000000000000000222e+00
1.000000000000000222e+00
1.000000000000000222e+00
1.000000000000000222e+00
1.000000000000000222e+00
1.000000000000000222e+00
1.000000000000000222e+00
1.000000000000000222e+00
1.000000000000000222e+00
1.000000000000000222e+00
1.000000000000000222e+00
1.000000000000000222e+00
1.000000000000000222e+00
1.000000000000000222e+00
1.000000000000000222e+00
1.000000000000000222e+00
1.000000000000000222e+00
1.000000000000000222e+00
1.000000000000000222e+00
1.000000000000000222e+00
1.000000000000000222e+00
1.000000000000000222e+00
1.000000000000000222e+00
1.000000000000000222e+00
1.000000000000000222e+00
1.000000000000000222e+00
1.000000000000000222e+00
1.000000000000000222e+00
1.000000000000000222e+00
1.000000000000000222e+00
1.000000000000000222e+00
1.000000000000000222e+00
1.000000000000000222e+00
1.000000000000000222e+00
1.000000000000000222e+00
1.000000000000000222e+00
1.000000000000000222e+00
1.000000000000000222e+00
1.000000000000000222e+00
1.000000000000000222e+00
1.000000000000000000e+00
1.000000000000000000e+00
1.000000000000000000e+00
1.000000000000000000e+00
1.000000000000000000e+00
1.000000000000000000e+00
1.000000000000000000e+00
1.000000000000000000e+00
1.000000000000000000e+00
1.000000000000000000e+00
1.000000000000000000e+00
1.000000000000000000e+00
1.000000000000000000e+00
1.000000000000000000e+00
1.000000000000000000e+00
1.000000000000000000e+00
1.000000000000000000e+00
1.000000000000000000e+00
1.000000000000000000e+00
1.000000000000000000e+00
1.000000000000000000e+00
1.000000000000000000e+00
1.000000000000000000e+00
1.000000000000000000e+00
1.000000000000000000e+00
1.000000000000000000e+00
1.000000000000000000e+00
1.000000000000000000e+00
1.000000000000000000e+00
1.000000000000000000e+00
1.000000000000000000e+00
1.000000000000000000e+00
1.000000000000000000e+00
1.000000000000000000e+00
1.000000000000000000e+00
1.000000000000000000e+00
1.000000000000000000e+00
1.000000000000000000e+00
1.000000000000000000e+00
1.000000000000000000e+00
1.000000000000000000e+00
1.000000000000000000e+00
1.000000000000000000e+00
1.000000000000000000e+00
1.000000000000000000e+00
1.000000000000000000e+00
1.000000000000000000e+00
1.000000000000000000e+00
1.000000000000000000e+00
1.000000000000000000e+00
1.000000000000000000e+00
1.000000000000000000e+00
1.000000000000000000e+00
1.000000000000000000e+00
1.000000000000000000e+00
1.000000000000000000e+00
1.000000000000000000e+00
1.000000000000000000e+00
1.000000000000000000e+00
1.000000000000000000e+00
1.000000000000000000e+00
1.000000000000000000e+00
1.000000000000000000e+00
1.000000000000000000e+00
1.000000000000000000e+00
1.000000000000000000e+00
1.000000000000000000e+00
1.000000000000000000e+00
1.000000000000000000e+00
1.000000000000000000e+00
1.000000000000000000e+00
1.000000000000000000e+00
1.000000000000000000e+00
1.000000000000000000e+00
1.000000000000000000e+00
1.000000000000000000e+00
1.000000000000000000e+00
1.000000000000000000e+00
1.000000000000000000e+00
1.000000000000000000e+00
1.000000000000000000e+00
1.000000000000000000e+00
1.000000000000000000e+00
1.000000000000000000e+00
1.000000000000000000e+00
1.000000000000000000e+00
1.000000000000000000e+00
1.000000000000000000e+00
1.000000000000000000e+00
1.000000000000000000e+00
1.000000000000000000e+00
1.000000000000000000e+00
1.000000000000000000e+00
1.000000000000000000e+00
1.000000000000000000e+00
1.000000000000000000e+00
1.000000000000000000e+00
1.000000000000000000e+00
1.000000000000000000e+00
1.000000000000000000e+00
1.000000000000000000e+00
1.000000000000000000e+00
1.000000000000000000e+00
1.000000000000000000e+00
1.000000000000000000e+00
1.000000000000000000e+00
1.000000000000000000e+00
1.000000000000000000e+00
1.000000000000000000e+00
1.000000000000000000e+00
1.000000000000000000e+00
1.000000000000000000e+00
1.000000000000000000e+00
1.000000000000000000e+00
1.000000000000000000e+00
1.000000000000000000e+00
1.000000000000000000e+00
1.000000000000000000e+00
1.000000000000000000e+00
1.000000000000000000e+00
1.000000000000000000e+00
1.000000000000000000e+00
1.000000000000000000e+00
1.000000000000000000e+00
1.000000000000000000e+00
1.000000000000000000e+00
1.000000000000000000e+00
1.000000000000000000e+00
1.000000000000000000e+00
1.000000000000000000e+00
1.000000000000000000e+00
1.000000000000000000e+00
1.000000000000000000e+00
1.000000000000000000e+00
1.000000000000000000e+00
1.000000000000000000e+00
1.000000000000000000e+00
1.000000000000000000e+00
1.000000000000000000e+00
1.000000000000000000e+00
1.000000000000000000e+00
1.000000000000000000e+00
1.000000000000000000e+00
1.000000000000000000e+00
1.000000000000000000e+00
1.000000000000000000e+00
1.000000000000000000e+00
1.000000000000000000e+00
1.000000000000000000e+00
1.000000000000000000e+00
1.000000000000000000e+00
1.000000000000000000e+00
1.000000000000000000e+00
1.000000000000000000e+00
1.000000000000000000e+00
1.000000000000000000e+00
1.000000000000000000e+00
1.000000000000000000e+00
1.000000000000000000e+00
1.000000000000000000e+00
1.000000000000000000e+00
1.000000000000000000e+00
1.000000000000000000e+00
1.000000000000000000e+00
1.000000000000000000e+00
1.000000000000000000e+00
1.000000000000000000e+00
1.000000000000000000e+00
1.000000000000000000e+00
1.000000000000000000e+00
1.000000000000000000e+00
1.000000000000000000e+00
1.000000000000000000e+00
1.000000000000000000e+00
1.000000000000000000e+00
1.000000000000000000e+00
1.000000000000000000e+00
1.000000000000000000e+00
1.000000000000000000e+00
1.000000000000000000e+00
1.000000000000000000e+00
1.000000000000000000e+00
1.000000000000000000e+00
1.000000000000000000e+00
1.000000000000000000e+00
1.000000000000000000e+00
1.000000000000000000e+00
1.000000000000000000e+00
1.000000000000000000e+00
1.000000000000000000e+00
1.000000000000000000e+00
1.000000000000000000e+00
1.000000000000000000e+00
1.000000000000000000e+00
1.000000000000000000e+00
1.000000000000000000e+00
1.000000000000000000e+00
1.000000000000000000e+00
1.000000000000000000e+00
1.000000000000000000e+00
1.000000000000000000e+00
1.000000000000000000e+00
1.000000000000000000e+00
1.000000000000000000e+00
1.000000000000000000e+00
1.000000000000000000e+00
1.000000000000000000e+00
1.000000000000000000e+00
1.000000000000000000e+00
1.000000000000000000e+00
1.000000000000000000e+00
1.000000000000000000e+00
1.000000000000000000e+00
1.000000000000000000e+00
1.000000000000000000e+00
1.000000000000000000e+00
1.000000000000000000e+00
1.000000000000000000e+00
1.000000000000000000e+00
1.000000000000000000e+00
1.000000000000000000e+00
1.000000000000000000e+00
1.000000000000000000e+00
1.000000000000000000e+00
1.000000000000000000e+00
1.000000000000000000e+00
1.000000000000000000e+00
1.000000000000000000e+00
1.000000000000000000e+00
1.000000000000000000e+00
1.000000000000000000e+00
1.000000000000000000e+00
1.000000000000000000e+00
1.000000000000000000e+00
1.000000000000000000e+00
1.000000000000000000e+00
1.000000000000000000e+00
1.000000000000000000e+00
1.000000000000000000e+00
1.000000000000000000e+00
1.000000000000000000e+00
1.000000000000000000e+00
1.000000000000000000e+00
1.000000000000000000e+00
1.000000000000000000e+00
1.000000000000000000e+00
1.000000000000000000e+00
1.000000000000000000e+00
1.000000000000000000e+00
1.000000000000000000e+00
1.000000000000000000e+00
1.000000000000000000e+00
1.000000000000000000e+00
1.000000000000000000e+00
1.000000000000000000e+00
9.999999999999998890e-01
9.999999999999998890e-01
9.999999999999998890e-01
9.999999999999998890e-01
9.999999999999998890e-01
9.999999999999998890e-01
9.999999999999998890e-01
9.999999999999998890e-01
9.999999999999998890e-01
9.999999999999998890e-01
9.999999999999998890e-01
9.999999999999998890e-01
9.999999999999998890e-01
9.999999999999998890e-01
9.999999999999998890e-01
9.999999999999998890e-01
9.999999999999998890e-01
9.999999999999998890e-01
9.999999999999998890e-01
9.999999999999998890e-01
9.999999999999998890e-01
9.999999999999998890e-01
9.999999999999998890e-01
9.999999999999998890e-01
9.999999999999998890e-01
9.999999999999998890e-01
9.999999999999998890e-01
9.999999999999998890e-01
9.999999999999998890e-01
9.999999999999998890e-01
9.999999999999998890e-01
9.999999999999998890e-01
9.999999999999998890e-01
9.999999999999998890e-01
9.999999999999998890e-01
9.999999999999998890e-01
9.999999999999998890e-01
9.999999999999998890e-01
9.999999999999998890e-01
9.999999999999998890e-01
9.999999999999998890e-01
9.999999999999998890e-01
9.999999999999998890e-01
9.999999999999998890e-01
9.999999999999998890e-01
9.999999999999998890e-01
9.999999999999998890e-01
9.999999999999998890e-01
9.999999999999998890e-01
9.999999999999998890e-01
9.999999999999998890e-01
9.999999999999998890e-01
9.999999999999998890e-01
9.999999999999998890e-01
9.999999999999998890e-01
9.999999999999998890e-01
9.999999999999998890e-01
9.999999999999998890e-01
9.999999999999998890e-01
9.999999999999998890e-01
9.999999999999998890e-01
9.999999999999998890e-01
9.999999999999998890e-01
9.999999999999998890e-01
9.999999999999998890e-01
9.999999999999998890e-01
9.999999999999998890e-01
9.999999999999998890e-01
9.999999999999998890e-01
9.999999999999998890e-01
9.999999999999998890e-01
9.999999999999998890e-01
9.999999999999998890e-01
9.999999999999998890e-01
9.999999999999998890e-01
9.999999999999998890e-01
9.999999999999998890e-01
9.999999999999998890e-01
9.999999999999998890e-01
9.999999999999998890e-01
9.999999999999998890e-01
9.999999999999998890e-01
9.999999999999998890e-01
9.999999999999998890e-01
9.999999999999998890e-01
9.999999999999998890e-01
9.999999999999998890e-01
9.999999999999998890e-01
9.999999999999998890e-01
9.999999999999998890e-01
9.999999999999998890e-01
9.999999999999998890e-01
9.999999999999998890e-01
9.999999999999998890e-01
9.999999999999998890e-01
9.999999999999998890e-01
9.999999999999998890e-01
9.999999999999998890e-01
9.999999999999998890e-01
9.999999999999998890e-01
9.999999999999998890e-01
9.999999999999998890e-01
9.999999999999998890e-01
9.999999999999998890e-01
9.999999999999998890e-01
9.999999999999998890e-01
9.999999999999998890e-01
9.999999999999998890e-01
9.999999999999998890e-01
9.999999999999998890e-01
9.999999999999998890e-01
9.999999999999998890e-01
9.999999999999998890e-01
9.999999999999998890e-01
9.999999999999998890e-01
9.999999999999998890e-01
9.999999999999998890e-01
9.999999999999998890e-01
9.999999999999998890e-01
9.999999999999998890e-01
9.999999999999998890e-01
9.999999999999998890e-01
9.999999999999998890e-01
9.999999999999998890e-01
9.999999999999998890e-01
9.999999999999998890e-01
9.999999999999998890e-01
9.999999999999998890e-01
9.999999999999998890e-01
9.999999999999998890e-01
9.999999999999998890e-01
9.999999999999998890e-01
9.999999999999998890e-01
9.999999999999998890e-01
9.999999999999998890e-01
9.999999999999998890e-01
9.999999999999998890e-01
9.999999999999998890e-01
9.999999999999998890e-01
9.999999999999998890e-01
9.999999999999998890e-01
9.999999999999998890e-01
9.999999999999998890e-01
9.999999999999998890e-01
9.999999999999998890e-01
9.999999999999998890e-01
9.999999999999998890e-01
9.999999999999998890e-01
9.999999999999998890e-01
9.999999999999998890e-01
9.999999999999998890e-01
9.999999999999998890e-01
9.999999999999998890e-01
9.999999999999998890e-01
9.999999999999998890e-01
9.999999999999998890e-01
9.999999999999997780e-01
9.999999999999997780e-01
9.999999999999997780e-01
9.999999999999997780e-01
9.999999999999997780e-01
9.999999999999997780e-01
9.999999999999997780e-01
9.999999999999997780e-01
9.999999999999997780e-01
9.999999999999997780e-01
9.999999999999997780e-01
9.999999999999997780e-01
9.999999999999997780e-01
9.999999999999997780e-01
9.999999999999997780e-01
9.999999999999997780e-01
9.999999999999997780e-01
9.999999999999997780e-01
9.999999999999997780e-01
9.999999999999997780e-01
9.999999999999997780e-01
9.999999999999997780e-01
9.999999999999997780e-01
9.999999999999997780e-01
9.999999999999997780e-01
9.999999999999997780e-01
9.999999999999997780e-01
9.999999999999997780e-01
9.999999999999997780e-01
9.999999999999997780e-01
9.999999999999997780e-01
9.999999999999997780e-01
9.999999999999997780e-01
9.999999999999997780e-01
9.999999999999997780e-01
9.999999999999997780e-01
9.999999999999997780e-01
9.999999999999997780e-01
9.999999999999997780e-01
9.999999999999997780e-01
9.999999999999997780e-01
9.999999999999997780e-01
9.999999999999997780e-01
9.999999999999997780e-01
9.999999999999997780e-01
9.999999999999997780e-01
9.999999999999997780e-01
9.999999999999997780e-01
9.999999999999997780e-01
9.999999999999997780e-01
9.999999999999997780e-01
9.999999999999997780e-01
9.999999999999997780e-01
9.999999999999997780e-01
9.999999999999997780e-01
9.999999999999997780e-01
9.999999999999997780e-01
9.999999999999997780e-01
9.999999999999997780e-01
9.999999999999997780e-01
9.999999999999997780e-01
9.999999999999997780e-01
9.999999999999997780e-01
9.999999999999997780e-01
9.999999999999997780e-01
9.999999999999997780e-01
9.999999999999997780e-01
9.999999999999997780e-01
9.999999999999997780e-01
9.999999999999997780e-01
9.999999999999997780e-01
9.999999999999997780e-01
9.999999999999997780e-01
9.999999999999997780e-01
9.999999999999997780e-01
9.999999999999997780e-01
9.999999999999997780e-01
9.999999999999997780e-01
9.999999999999997780e-01
9.999999999999997780e-01
9.999999999999997780e-01
9.999999999999997780e-01
9.999999999999997780e-01
9.999999999999997780e-01
9.999999999999997780e-01
9.999999999999997780e-01
9.999999999999997780e-01
9.999999999999997780e-01
9.999999999999997780e-01
9.999999999999997780e-01
9.999999999999997780e-01
9.999999999999997780e-01
9.999999999999997780e-01
9.999999999999997780e-01
9.999999999999997780e-01
9.999999999999997780e-01
9.999999999999997780e-01
9.999999999999997780e-01
9.999999999999997780e-01
9.999999999999997780e-01
9.999999999999997780e-01
9.999999999999997780e-01
9.999999999999997780e-01
9.999999999999997780e-01
9.999999999999997780e-01
9.999999999999996669e-01
9.999999999999996669e-01
9.999999999999996669e-01
9.999999999999996669e-01
9.999999999999996669e-01
9.999999999999996669e-01
9.999999999999996669e-01
9.999999999999996669e-01
9.999999999999996669e-01
9.999999999999996669e-01
9.999999999999996669e-01
9.999999999999996669e-01
9.999999999999996669e-01
9.999999999999996669e-01
9.999999999999996669e-01
9.999999999999996669e-01
9.999999999999996669e-01
9.999999999999996669e-01
9.999999999999996669e-01
9.999999999999996669e-01
9.999999999999996669e-01
9.999999999999996669e-01
9.999999999999996669e-01
9.999999999999996669e-01
9.999999999999996669e-01
9.999999999999996669e-01
9.999999999999996669e-01
9.999999999999996669e-01
9.999999999999996669e-01
9.999999999999996669e-01
9.999999999999996669e-01
9.999999999999996669e-01
9.999999999999996669e-01
9.999999999999996669e-01
9.999999999999996669e-01
9.999999999999996669e-01
9.999999999999996669e-01
9.999999999999996669e-01
9.999999999999996669e-01
9.999999999999996669e-01
9.999999999999996669e-01
9.999999999999996669e-01
9.999999999999996669e-01
9.999999999999996669e-01
9.999999999999996669e-01
9.999999999999996669e-01
9.999999999999996669e-01
9.999999999999996669e-01
9.999999999999996669e-01
9.999999999999996669e-01
9.999999999999996669e-01
9.999999999999996669e-01
9.999999999999996669e-01
9.999999999999996669e-01
9.999999999999996669e-01
9.999999999999996669e-01
9.999999999999996669e-01
9.999999999999996669e-01
9.999999999999996669e-01
9.999999999999996669e-01
9.999999999999996669e-01
9.999999999999996669e-01
9.999999999999995559e-01
9.999999999999995559e-01
9.999999999999995559e-01
9.999999999999995559e-01
9.999999999999995559e-01
9.999999999999995559e-01
9.999999999999995559e-01
9.999999999999995559e-01
9.999999999999995559e-01
9.999999999999995559e-01
9.999999999999995559e-01
9.999999999999995559e-01
9.999999999999995559e-01
9.999999999999995559e-01
9.999999999999995559e-01
9.999999999999995559e-01
9.999999999999995559e-01
9.999999999999995559e-01
9.999999999999995559e-01
9.999999999999995559e-01
9.999999999999995559e-01
9.999999999999995559e-01
9.999999999999995559e-01
9.999999999999995559e-01
9.999999999999995559e-01
9.999999999999995559e-01
9.999999999999995559e-01
9.999999999999995559e-01
9.999999999999995559e-01
9.999999999999995559e-01
9.999999999999995559e-01
9.999999999999995559e-01
9.999999999999995559e-01
9.999999999999995559e-01
9.999999999999995559e-01
9.999999999999995559e-01
9.999999999999995559e-01
9.999999999999995559e-01
9.999999999999995559e-01
9.999999999999995559e-01
9.999999999999995559e-01
9.999999999999995559e-01
9.999999999999995559e-01
9.999999999999995559e-01
9.999999999999995559e-01
9.999999999999995559e-01
9.999999999999995559e-01
9.999999999999995559e-01
9.999999999999995559e-01
9.999999999999994449e-01
9.999999999999994449e-01
9.999999999999994449e-01
9.999999999999994449e-01
9.999999999999994449e-01
9.999999999999994449e-01
9.999999999999994449e-01
9.999999999999994449e-01
9.999999999999994449e-01
9.999999999999994449e-01
9.999999999999992228e-01
9.999999999999992228e-01
9.999999999999992228e-01
9.999999999999992228e-01
9.999999999999992228e-01
9.999999999999991118e-01
9.999999999999991118e-01
9.999999999999991118e-01
9.999999999999991118e-01
9.999999999999990008e-01
9.999999999999990008e-01
9.999999999999987788e-01
9.999999999999987788e-01
9.999999999999987788e-01
9.999999999999987788e-01
9.999999999999985567e-01
9.999999999999985567e-01
9.999999999999985567e-01
9.999999999999984457e-01
9.999999999999984457e-01
9.999999999999984457e-01
9.999999999999982236e-01
9.999999999999981126e-01
9.999999999999981126e-01
9.999999999999981126e-01
9.999999999999974465e-01
9.999999999999968914e-01
9.999999999999936717e-01
9.999999999999907851e-01
9.945545547864921287e-01
9.135655650391126814e-01
8.778887612839070265e-01
8.106643163322772017e-01
7.696950055947386904e-01
7.623741732493288792e-01
7.549940069133616038e-01
7.406431778540335520e-01
7.172553157246800426e-01
6.694365661700610870e-01
6.464565023558540569e-01
6.457143035306052159e-01
6.358626427307240148e-01
6.257797648486816966e-01
5.895016627835513168e-01
5.475997950581810159e-01
5.450959087764761790e-01
3.917813709127045962e-01
3.092247205612062011e-01
2.119705474582224691e-01
1.877308046979584977e-01
