# Singular values
1.406709242786277692e+01
1.300000000000000000e+01
1.258046697929057167e+01
1.176025005424522618e+01
1.116890748499453956e+01
9.969936018516872167e+00
9.598699497737968045e+00
9.285762244258762621e+00
9.000000000000000000e+00
8.996259183621438282e+00
8.923458896727424872e+00
8.698154600966010008e+00
8.254190393518674895e+00
8.186269970534516105e+00
8.183037410809898660e+00
8.018560402543041477e+00
8.000000000000000000e+00
7.999999999999999112e+00
7.999999999999999112e+00
7.827412180507138828e+00
7.805711150816725841e+00
7.657152788566777168e+00
7.628700625528476387e+00
7.406332119152197357e+00
7.383371809608101799e+00
7.353255337430659289e+00
7.139057206280636336e+00
7.134962920463130409e+00
7.069495319017859991e+00
7.009544351914704485e+00
7.000000000000000000e+00
6.999999999999999112e+00
6.999999999999999112e+00
6.999999999999995559e+00
6.921819211365428437e+00
6.864062062786090657e+00
6.783650932542000689e+00
6.759564494899150233e+00
6.697614871177519191e+00
6.668517617690657318e+00
6.563393897457985737e+00
6.528108517382095854e+00
6.476530849512514010e+00
6.356262517304751114e+00
6.265894941058542500e+00
6.211221256042942507e+00
6.203736007169370126e+00
6.139402411814806726e+00
6.133464672964538345e+00
6.022367060731903088e+00
6.000000000000011546e+00
6.000000000000000888e+00
6.000000000000000888e+00
6.000000000000000888e+00
5.999999999999998224e+00
5.999999999999998224e+00
5.975293141795675389e+00
5.930893248839002929e+00
5.877664606163993000e+00
5.868936754608144568e+00
5.827638018646142726e+00
5.803119164471878477e+00
5.754039705864914644e+00
5.659325887801216481e+00
5.654910816464382428e+00
5.613947404639460181e+00
5.595381277517776475e+00
5.494686923088644370e+00
5.464101615137758827e+00
5.381879094126342800e+00
5.369458458442452731e+00
5.363913856654035861e+00
5.362578565668248309e+00
5.362578565668245645e+00
5.323361284038161223e+00
5.249419872146626531e+00
5.238024410057554370e+00
5.175078844989338123e+00
5.122728418345706025e+00
5.079094623865471725e+00
5.009099777001081222e+00
5.000000000000001776e+00
5.000000000000001776e+00
5.000000000000000888e+00
5.000000000000000888e+00
5.000000000000000000e+00
5.000000000000000000e+00
5.000000000000000000e+00
5.000000000000000000e+00
5.000000000000000000e+00
5.000000000000000000e+00
4.999999999999998224e+00
4.990948342887548073e+00
4.983187417546496967e+00
4.945012885021907501e+00
4.921721223609142548e+00
4.899842248647114928e+00
4.871567232312185247e+00
4.853057903571319720e+00
4.819021097813343424e+00
4.811386733291343809e+00
4.770457093471246246e+00
4.724504173789996209e+00
4.701562118716425154e+00
4.701562118716424266e+00
4.657236488703736299e+00
4.648368525886579228e+00
4.622923722212370023e+00
4.591814159178450261e+00
4.571280289598411706e+00
4.514758086800854997e+00
4.512502742972330338e+00
4.471167492149959344e+00
4.458069185008764812e+00
4.415499276799695672e+00
4.362144998864064149e+00
4.329379309504231443e+00
4.323732417324559485e+00
4.320884499447495308e+00
4.320884499447487315e+00
4.292445747713202309e+00
4.258126606274928783e+00
4.223192625333695993e+00
4.201472338219240932e+00
4.201472338219233826e+00
4.189671468664359466e+00
4.157613461292479329e+00
4.141336115655363415e+00
4.104508840675595849e+00
4.087482528698137330e+00
4.083060394440193086e+00
4.048373625900118178e+00
4.000000000000004441e+00
4.000000000000004441e+00
4.000000000000001776e+00
4.000000000000001776e+00
4.000000000000001776e+00
4.000000000000000888e+00
4.000000000000000888e+00
4.000000000000000888e+00
4.000000000000000888e+00
4.000000000000000888e+00
4.000000000000000000e+00
4.000000000000000000e+00
3.999999999999999556e+00
3.999999999999999556e+00
3.999999999999999556e+00
3.999999999999999556e+00
3.999999999999999556e+00
3.999999999999999112e+00
3.999999999999999112e+00
3.999999999999999112e+00
3.999999999999999112e+00
3.999999999999999112e+00
3.999999999999998224e+00
3.999999999999998224e+00
3.999999999999998224e+00
3.999999999999998224e+00
3.999999999999996447e+00
3.999999999999996003e+00
3.999999999999995559e+00
3.956415022063440201e+00
3.955934172996775189e+00
3.938874283052022474e+00
3.921831851588017059e+00
3.867610271354765761e+00
3.864367368115714019e+00
3.841909168037501932e+00
3.828427124746191623e+00
3.817561198673637968e+00
3.727562551161358151e+00
3.678375961251966864e+00
3.647461168574384072e+00
3.645751311064591160e+00
3.638392589402978494e+00
3.611428996427310523e+00
3.598858336367285471e+00
3.587072364784268164e+00
3.555665359509089463e+00
3.540317769038413331e+00
3.454293286569931176e+00
3.409373193952443426e+00
3.362132793240221851e+00
3.358609991766246861e+00
3.358609991766246861e+00
3.353591901916820106e+00
3.312562111553902344e+00
3.296874790068329730e+00
3.271975553592855412e+00
3.261802245259973088e+00
3.261802245259971755e+00
3.256943351213229754e+00
3.227597215470248138e+00
3.226106879640350034e+00
3.215607037588861239e+00
3.182424085261368329e+00
3.174631573880398960e+00
3.170170542044525419e+00
3.162964573087156506e+00
3.152686360767245510e+00
3.093054419152005519e+00
3.070203358637743296e+00
3.061503717569606930e+00
3.020500451609757331e+00
3.016945212308901336e+00
3.015020758821579605e+00
3.000000000000000888e+00
3.000000000000000888e+00
3.000000000000000888e+00
3.000000000000000888e+00
3.000000000000000888e+00
3.000000000000000888e+00
3.000000000000000888e+00
3.000000000000000444e+00
3.000000000000000444e+00
3.000000000000000444e+00
2.999999999999999556e+00
2.999999999999999556e+00
2.999999999999999556e+00
2.999999999999999112e+00
2.999999999999999112e+00
2.999999999999998668e+00
2.999999999999998224e+00
2.999999999999997335e+00
2.984246958729852572e+00
2.978399655363163756e+00
2.978090206941448326e+00
2.950868560459896983e+00
2.936904994062402796e+00
2.917019669009113692e+00
2.865467893512206210e+00
2.855371904188858334e+00
2.849451109008578786e+00
2.846810913665506426e+00
2.844554932449596230e+00
2.833464888471198595e+00
2.803878454978972812e+00
2.800266669613512782e+00
2.747898344719354125e+00
2.715932396378977653e+00
2.711160238311218329e+00
2.710383297836153726e+00
2.671152970838145624e+00
2.645260582664886506e+00
2.638754803659558501e+00
2.627754669899204032e+00
2.601876186313824668e+00
2.598146246322092789e+00
2.595001054740499580e+00
2.589419549514756724e+00
2.576481087357730626e+00
2.561552812808830737e+00
2.561552812808830737e+00
2.561552812808829849e+00
2.561552812808828961e+00
2.551149711936417930e+00
2.542006584931901347e+00
2.541359837719519899e+00
2.533574543183761296e+00
2.529289277646192602e+00
2.528846983519740910e+00
2.520555448492968864e+00
2.506010387566793618e+00
2.487529667456497950e+00
2.471243304192553225e+00
2.447686306376711141e+00
2.438165057166617355e+00
2.426014415524216705e+00
2.414849525065525526e+00
2.414462840453877490e+00
2.408094203694195468e+00
2.406479608407793958e+00
2.404409326192548324e+00
2.396449993416242652e+00
2.392006362958005727e+00
2.385309706326570023e+00
2.375913780330780600e+00
2.357594443389568362e+00
2.351939201553462144e+00
2.351939201553461256e+00
2.326597197941279394e+00
2.324567959417803475e+00
2.312548642153559708e+00
2.303034896399415388e+00
2.302916438727706794e+00
2.291507620641106691e+00
2.287437648960938485e+00
2.285495083775690439e+00
2.262081794482159403e+00
2.247228124583475317e+00
2.229104342227525848e+00
2.226617092428452516e+00
2.218022182048248858e+00
2.196347742906359368e+00
2.190018387934989708e+00
2.155839845927020715e+00
2.153664250983757800e+00
2.151204128611407196e+00
2.150363732198971256e+00
2.147164403575312353e+00
2.143227483669043920e+00
2.130240517196636318e+00
2.120601993491773474e+00
2.077973300791454037e+00
2.074357376930303865e+00
2.073895710720631502e+00
2.067256769263336125e+00
2.062396224951827506e+00
2.059320142656923203e+00
2.000000000000002665e+00
2.000000000000002665e+00
2.000000000000001332e+00
2.000000000000000888e+00
2.000000000000000888e+00
2.000000000000000888e+00
2.000000000000000888e+00
2.000000000000000888e+00
2.000000000000000444e+00
2.000000000000000444e+00
2.000000000000000444e+00
2.000000000000000444e+00
2.000000000000000444e+00
2.000000000000000444e+00
2.000000000000000444e+00
2.000000000000000444e+00
2.000000000000000444e+00
2.000000000000000444e+00
2.000000000000000444e+00
2.000000000000000000e+00
2.000000000000000000e+00
2.000000000000000000e+00
2.000000000000000000e+00
1.999999999999999778e+00
1.999999999999999778e+00
1.999999999999999778e+00
1.999999999999999778e+00
1.999999999999999778e+00
1.999999999999999556e+00
1.999999999999999556e+00
1.999999999999999556e+00
1.999999999999999556e+00
1.999999999999999112e+00
1.999999999999999112e+00
1.999999999999998890e+00
1.999999999999998668e+00
1.999999999999998668e+00
1.999999999999998002e+00
1.985059556159942007e+00
1.983647925357588937e+00
1.971602734189082717e+00
1.970651302046395381e+00
1.970593020741684631e+00
1.965640119672459996e+00
1.962492735902521490e+00
1.936044648185376138e+00
1.926545574592067878e+00
1.914185496819226895e+00
1.908544916538188252e+00
1.904459667795423972e+00
1.894943547597931266e+00
1.894183231642885046e+00
1.893898176936808841e+00
1.893760319279332638e+00
1.881844984334319015e+00
1.877899348170696925e+00
1.874177900034962763e+00
1.866366903455046300e+00
1.864055555772279771e+00
1.856885694079325466e+00
1.851495516945612874e+00
1.849309503969609914e+00
1.843405278075651577e+00
1.840904648436667790e+00
1.839294082490335436e+00
1.838378725335920061e+00
1.832599177113449995e+00
1.828427124746189847e+00
1.819722080221392924e+00
1.815657467696887961e+00
1.815516126341038872e+00
1.814019079324170169e+00
1.810655170292382321e+00
1.806297130145117835e+00
1.804875109822220214e+00
1.797622473125537690e+00
1.796418796281560759e+00
1.795410588380247141e+00
1.785022165643851633e+00
1.783850434782555450e+00
1.778544168460836294e+00
1.776436403744690695e+00
1.768825570194444197e+00
1.759311980934785025e+00
1.756738018430659354e+00
1.753331419884376352e+00
1.747352932403077208e+00
1.746568246995718887e+00
1.746568246995718221e+00
1.746391916890440710e+00
1.740968545074621288e+00
1.732642051381226400e+00
1.732050807568877859e+00
1.732050807568877415e+00
1.722473631347493317e+00
1.721188557434496058e+00
1.721188557434492283e+00
1.716603406895825579e+00
1.708560878008764883e+00
1.707478760975670973e+00
1.701562118716426486e+00
1.701562118716425376e+00
1.698954925841921648e+00
1.693811601492898999e+00
1.687968013206571971e+00
1.683561352219807628e+00
1.680099114240969804e+00
1.675612426761463603e+00
1.672823701000950125e+00
1.672823701000947461e+00
1.671632348658561806e+00
1.669223017216010962e+00
1.658370296001547395e+00
1.653314046957119254e+00
1.647015891210093841e+00
1.645751311064589828e+00
1.645203932118251444e+00
1.643048283504925156e+00
1.639737624258791326e+00
1.639365453903237402e+00
1.632277747968831516e+00
1.631098469140102036e+00
1.628955513298279811e+00
1.626198068527293428e+00
1.622694500096054648e+00
1.622202539328449378e+00
1.614452334958083712e+00
1.603382109084731333e+00
1.602260880365556028e+00
1.601679131883154694e+00
1.601679131883154028e+00
1.598819412288818409e+00
1.596809589414841080e+00
1.593753997760048779e+00
1.587349479818759068e+00
1.585719647980308844e+00
1.584360512898095097e+00
1.577565382529621196e+00
1.569165745309765381e+00
1.565819468486717048e+00
1.563241922520737459e+00
1.561552812808831403e+00
1.561552812808830515e+00
1.561552812808830293e+00
1.561552812808829627e+00
1.558621340772871067e+00
1.557704583178225466e+00
1.540820335863596124e+00
1.533444630430606859e+00
1.523574852231907473e+00
1.520360260736244529e+00
1.514150395427972251e+00
1.510998863892756061e+00
1.509304852298304134e+00
1.504761492539235190e+00
1.493550878530174542e+00
1.487680806164830338e+00
1.484861952871929569e+00
1.484513790976312420e+00
1.470705012018252988e+00
1.466980410513066380e+00
1.464101615137755052e+00
1.463646311305727865e+00
1.453370969186929207e+00
1.448774007416892884e+00
1.442706704274639984e+00
1.431905637240624030e+00
1.430798121252601751e+00
1.419145512681555976e+00
1.418029288953589040e+00
1.414280506770680290e+00
1.413053218719173110e+00
1.409557502129673567e+00
1.400028058831130462e+00
1.399108046501730707e+00
1.387938864947168005e+00
1.385872042308737395e+00
1.381398305401699389e+00
1.372435283648043125e+00
1.357733395228480022e+00
1.351520644143355154e+00
1.350763583187549299e+00
1.347314056923607950e+00
1.346792799871069368e+00
1.339876886623182717e+00
1.339876886623182495e+00
1.331499772209917554e+00
1.330659418992540255e+00
1.328690847583681611e+00
1.317332016027313868e+00
1.309383917483859072e+00
1.292914344296381746e+00
1.287899727881328893e+00
1.272750488209676734e+00
1.265023824039880118e+00
1.253933627300108711e+00
1.246091215460282120e+00
1.231070216767018666e+00
1.228034325144097494e+00
1.224231401137344522e+00
1.213891700699541332e+00
1.208049682552502002e+00
1.203411461716866526e+00
1.179572222755625344e+00
1.164485146168070973e+00
1.148725591641460486e+00
1.141527165595542570e+00
1.126519769800561122e+00
1.093508226456232357e+00
1.055189865266038307e+00
1.000000000000010880e+00
1.000000000000007105e+00
1.000000000000005773e+00
1.000000000000004219e+00
1.000000000000003109e+00
1.000000000000002887e+00
1.000000000000002887e+00
1.000000000000002887e+00
1.000000000000002665e+00
1.000000000000002665e+00
1.000000000000002442e+00
1.000000000000002220e+00
1.000000000000002220e+00
1.000000000000001998e+00
1.000000000000001776e+00
1.000000000000001554e+00
1.000000000000001554e+00
1.000000000000001554e+00
1.000000000000001554e+00
1.000000000000001332e+00
1.000000000000001332e+00
1.000000000000001332e+00
1.000000000000001332e+00
1.000000000000001332e+00
1.000000000000001332e+00
1.000000000000001332e+00
1.000000000000001332e+00
1.000000000000001332e+00
1.000000000000001332e+00
1.000000000000001332e+00
1.000000000000001332e+00
1.000000000000001332e+00
1.000000000000001332e+00
1.000000000000001110e+00
1.000000000000001110e+00
1.000000000000001110e+00
1.000000000000001110e+00
1.000000000000001110e+00
1.000000000000001110e+00
1.000000000000001110e+00
1.000000000000001110e+00
1.000000000000001110e+00
1.000000000000001110e+00
1.000000000000000888e+00
1.000000000000000888e+00
1.000000000000000888e+00
1.000000000000000888e+00
1.000000000000000888e+00
1.000000000000000888e+00
1.000000000000000888e+00
1.000000000000000888e+00
1.000000000000000888e+00
1.000000000000000888e+00
1.000000000000000888e+00
1.000000000000000888e+00
1.000000000000000888e+00
1.000000000000000888e+00
1.000000000000000888e+00
1.000000000000000888e+00
1.000000000000000888e+00
1.000000000000000666e+00
1.000000000000000666e+00
1.000000000000000666e+00
1.000000000000000666e+00
1.000000000000000666e+00
1.000000000000000666e+00
1.000000000000000666e+00
1.000000000000000666e+00
1.000000000000000666e+00
1.000000000000000666e+00
1.000000000000000666e+00
1.000000000000000666e+00
1.000000000000000666e+00
1.000000000000000666e+00
1.000000000000000666e+00
1.000000000000000666e+00
1.000000000000000666e+00
1.000000000000000444e+00
1.000000000000000444e+00
1.000000000000000444e+00
1.000000000000000444e+00
1.000000000000000444e+00
1.000000000000000444e+00
1.000000000000000444e+00
1.000000000000000444e+00
1.000000000000000444e+00
1.000000000000000444e+00
1.000000000000000444e+00
1.000000000000000444e+00
1.000000000000000444e+00
1.000000000000000444e+00
1.000000000000000444e+00
1.000000000000000444e+00
1.000000000000000444e+00
1.000000000000000444e+00
1.000000000000000444e+00
1.000000000000000444e+00
1.000000000000000444e+00
1.000000000000000444e+00
1.000000000000000444e+00
1.000000000000000444e+00
1.000000000000000444e+00
1.000000000000000444e+00
1.000000000000000444e+00
1.000000000000000444e+00
1.000000000000000444e+00
1.000000000000000444e+00
1.000000000000000444e+00
1.000000000000000444e+00
1.000000000000000444e+00
1.000000000000000444e+00
1.000000000000000444e+00
1.000000000000000444e+00
1.000000000000000444e+00
1.000000000000000444e+00
1.000000000000000444e+00
1.000000000000000444e+00
1.000000000000000444e+00
1.000000000000000444e+00
1.000000000000000444e+00
1.000000000000000444e+00
1.000000000000000444e+00
1.000000000000000444e+00
1.000000000000000444e+00
1.000000000000000444e+00
1.000000000000000444e+00
1.000000000000000444e+00
1.000000000000000444e+00
1.000000000000000444e+00
1.000000000000000444e+00
1.000000000000000444e+00
1.000000000000000444e+00
1.000000000000000444e+00
1.000000000000000444e+00
1.000000000000000444e+00
1.000000000000000444e+00
1.000000000000000444e+00
1.000000000000000444e+00
1.000000000000000444e+00
1.000000000000000444e+00
1.000000000000000444e+00
1.000000000000000444e+00
1.000000000000000444e+00
1.000000000000000222e+00
1.000000000000000222e+00
1.000000000000000222e+00
1.000000000000000222e+00
1.000000000000000222e+00
1.000000000000000222e+00
1.000000000000000222e+00
1.000000000000000222e+00
1.000000000000000222e+00
1.000000000000000222e+00
1.000000000000000222e+00
1.000000000000000222e+00
1.000000000000000222e+00
1.000000000000000222e+00
1.000000000000000222e+00
1.000000000000000222e+00
1.000000000000000222e+00
1.000000000000000222e+00
1.000000000000000222e+00
1.000000000000000222e+00
1.000000000000000222e+00
1.000000000000000222e+00
1.000000000000000222e+00
1.000000000000000222e+00
1.000000000000000222e+00
1.000000000000000222e+00
1.000000000000000222e+00
1.000000000000000222e+00
1.000000000000000222e+00
1.000000000000000222e+00
1.000000000000000222e+00
1.000000000000000222e+00
1.000000000000000222e+00
1.000000000000000222e+00
1.000000000000000222e+00
1.000000000000000222e+00
1.000000000000000222e+00
1.000000000000000222e+00
1.000000000000000222e+00
1.000000000000000222e+00
1.000000000000000222e+00
1.000000000000000222e+00
1.000000000000000222e+00
1.000000000000000222e+00
1.000000000000000222e+00
1.000000000000000222e+00
1.000000000000000222e+00
1.000000000000000222e+00
1.000000000000000222e+00
1.000000000000000222e+00
1.000000000000000222e+00
1.000000000000000222e+00
1.000000000000000222e+00
1.000000000000000222e+00
1.000000000000000222e+00
1.000000000000000222e+00
1.000000000000000222e+00
1.000000000000000222e+00
1.000000000000000222e+00
1.000000000000000222e+00
1.000000000000000222e+00
1.000000000000000222e+00
1.000000000000000222e+00
1.000000000000000222e+00
1.000000000000000222e+00
1.000000000000000222e+00
1.000000000000000222e+00
1.000000000000000222e+00
1.000000000000000222e+00
1.000000000000000222e+00
1.000000000000000222e+00
1.000000000000000222e+00
1.000000000000000222e+00
1.000000000000000222e+00
1.000000000000000222e+00
1.000000000000000222e+00
1.000000000000000222e+00
1.000000000000000222e+00
1.000000000000000222e+00
1.000000000000000222e+00
1.000000000000000222e+00
1.000000000000000222e+00
1.000000000000000222e+00
1.000000000000000222e+00
1.000000000000000222e+00
1.000000000000000222e+00
1.000000000000000222e+00
1.000000000000000222e+00
1.000000000000000222e+00
1.000000000000000222e+00
1.000000000000000222e+00
1.000000000000000222e+00
1.000000000000000222e+00
1.000000000000000222e+00
1.000000000000000222e+00
1.000000000000000222e+00
1.000000000000000222e+00
1.000000000000000222e+00
1.000000000000000222e+00
1.000000000000000222e+00
1.000000000000000222e+00
1.000000000000000222e+00
1.000000000000000222e+00
1.000000000000000222e+00
1.000000000000000222e+00
1.000000000000000222e+00
1.000000000000000222e+00
1.000000000000000222e+00
1.000000000000000222e+00
1.000000000000000222e+00
1.000000000000000222e+00
1.000000000000000222e+00
1.000000000000000222e+00
1.000000000000000222e+00
1.000000000000000222e+00
1.000000000000000222e+00
1.000000000000000222e+00
1.000000000000000222e+00
1.000000000000000222e+00
1.000000000000000222e+00
1.000000000000000222e+00
1.000000000000000222e+00
1.000000000000000222e+00
1.000000000000000222e+00
1.000000000000000222e+00
1.000000000000000222e+00
1.000000000000000222e+00
1.000000000000000222e+00
1.000000000000000222e+00
1.000000000000000222e+00
1.000000000000000222e+00
1.000000000000000222e+00
1.000000000000000222e+00
1.000000000000000222e+00
1.000000000000000222e+00
1.000000000000000222e+00
1.000000000000000222e+00
1.000000000000000222e+00
1.000000000000000222e+00
1.000000000000000222e+00
1.000000000000000222e+00
1.000000000000000222e+00
1.000000000000000222e+00
1.000000000000000222e+00
1.000000000000000222e+00
1.000000000000000222e+00
1.000000000000000222e+00
1.000000000000000222e+00
1.000000000000000222e+00
1.000000000000000222e+00
1.000000000000000222e+00
1.000000000000000222e+00
1.000000000000000222e+00
1.000000000000000222e+00
1.000000000000000222e+00
1.000000000000000222e+00
1.000000000000000222e+00
1.000000000000000222e+00
1.000000000000000222e+00
1.000000000000000222e+00
1.000000000000000222e+00
1.000000000000000222e+00
1.000000000000000222e+00
1.000000000000000222e+00
1.000000000000000222e+00
1.000000000000000222e+00
1.000000000000000222e+00
1.000000000000000222e+00
1.000000000000000222e+00
1.000000000000000222e+00
1.000000000000000222e+00
1.000000000000000222e+00
1.000000000000000222e+00
1.000000000000000222e+00
1.000000000000000222e+00
1.000000000000000222e+00
1.000000000000000222e+00
1.000000000000000222e+00
1.000000000000000222e+00
1.000000000000000222e+00
1.000000000000000222e+00
1.000000000000000222e+00
1.000000000000000222e+00
1.000000000000000222e+00
1.000000000000000222e+00
1.000000000000000222e+00
1.000000000000000222e+00
1.000000000000000222e+00
1.000000000000000222e+00
1.000000000000000222e+00
1.000000000000000222e+00
1.000000000000000222e+00
1.000000000000000222e+00
1.000000000000000222e+00
1.000000000000000222e+00
1.000000000000000222e+00
1.000000000000000222e+00
1.000000000000000222e+00
1.000000000000000222e+00
1.000000000000000222e+00
1.000000000000000222e+00
1.000000000000000222e+00
1.000000000000000222e+00
1.000000000000000222e+00
1.000000000000000222e+00
1.000000000000000222e+00
1.000000000000000222e+00
1.000000000000000222e+00
1.000000000000000222e+00
1.000000000000000222e+00
1.000000000000000222e+00
1.000000000000000222e+00
1.000000000000000222e+00
1.000000000000000222e+00
1.000000000000000222e+00
1.000000000000000222e+00
1.000000000000000222e+00
1.000000000000000222e+00
1.000000000000000222e+00
1.000000000000000222e+00
1.000000000000000222e+00
1.000000000000000222e+00
1.000000000000000222e+00
1.000000000000000222e+00
1.000000000000000222e+00
1.000000000000000222e+00
1.000000000000000222e+00
1.000000000000000222e+00
1.000000000000000222e+00
1.000000000000000222e+00
1.000000000000000222e+00
1.000000000000000222e+00
1.000000000000000222e+00
1.000000000000000222e+00
1.000000000000000222e+00
1.000000000000000222e+00
1.000000000000000000e+00
1.000000000000000000e+00
1.000000000000000000e+00
1.000000000000000000e+00
1.000000000000000000e+00
1.000000000000000000e+00
1.000000000000000000e+00
1.000000000000000000e+00
1.000000000000000000e+00
1.000000000000000000e+00
1.000000000000000000e+00
1.000000000000000000e+00
1.000000000000000000e+00
1.000000000000000000e+00
1.000000000000000000e+00
1.000000000000000000e+00
1.000000000000000000e+00
1.000000000000000000e+00
1.000000000000000000e+00
1.000000000000000000e+00
1.000000000000000000e+00
1.000000000000000000e+00
1.000000000000000000e+00
1.000000000000000000e+00
1.000000000000000000e+00
1.000000000000000000e+00
1.000000000000000000e+00
1.000000000000000000e+00
1.000000000000000000e+00
1.000000000000000000e+00
1.000000000000000000e+00
1.000000000000000000e+00
1.000000000000000000e+00
1.000000000000000000e+00
1.000000000000000000e+00
1.000000000000000000e+00
1.000000000000000000e+00
1.000000000000000000e+00
1.000000000000000000e+00
1.000000000000000000e+00
1.000000000000000000e+00
1.000000000000000000e+00
1.000000000000000000e+00
1.000000000000000000e+00
1.000000000000000000e+00
1.000000000000000000e+00
1.000000000000000000e+00
1.000000000000000000e+00
1.000000000000000000e+00
1.000000000000000000e+00
1.000000000000000000e+00
1.000000000000000000e+00
1.000000000000000000e+00
1.000000000000000000e+00
1.000000000000000000e+00
1.000000000000000000e+00
1.000000000000000000e+00
1.000000000000000000e+00
1.000000000000000000e+00
1.000000000000000000e+00
1.000000000000000000e+00
1.000000000000000000e+00
1.000000000000000000e+00
1.000000000000000000e+00
1.000000000000000000e+00
1.000000000000000000e+00
1.000000000000000000e+00
1.000000000000000000e+00
1.000000000000000000e+00
1.000000000000000000e+00
1.000000000000000000e+00
1.000000000000000000e+00
1.000000000000000000e+00
1.000000000000000000e+00
1.000000000000000000e+00
1.000000000000000000e+00
1.000000000000000000e+00
1.000000000000000000e+00
1.000000000000000000e+00
1.000000000000000000e+00
1.000000000000000000e+00
1.000000000000000000e+00
1.000000000000000000e+00
1.000000000000000000e+00
1.000000000000000000e+00
1.000000000000000000e+00
1.000000000000000000e+00
1.000000000000000000e+00
1.000000000000000000e+00
1.000000000000000000e+00
1.000000000000000000e+00
1.000000000000000000e+00
1.000000000000000000e+00
1.000000000000000000e+00
1.000000000000000000e+00
1.000000000000000000e+00
1.000000000000000000e+00
1.000000000000000000e+00
1.000000000000000000e+00
1.000000000000000000e+00
1.000000000000000000e+00
1.000000000000000000e+00
1.000000000000000000e+00
1.000000000000000000e+00
1.000000000000000000e+00
1.000000000000000000e+00
1.000000000000000000e+00
1.000000000000000000e+00
1.000000000000000000e+00
1.000000000000000000e+00
1.000000000000000000e+00
1.000000000000000000e+00
1.000000000000000000e+00
1.000000000000000000e+00
1.000000000000000000e+00
1.000000000000000000e+00
1.000000000000000000e+00
1.000000000000000000e+00
1.000000000000000000e+00
1.000000000000000000e+00
1.000000000000000000e+00
1.000000000000000000e+00
1.000000000000000000e+00
1.000000000000000000e+00
1.000000000000000000e+00
1.000000000000000000e+00
1.000000000000000000e+00
1.000000000000000000e+00
1.000000000000000000e+00
1.000000000000000000e+00
1.000000000000000000e+00
1.000000000000000000e+00
1.000000000000000000e+00
1.000000000000000000e+00
1.000000000000000000e+00
1.000000000000000000e+00
1.000000000000000000e+00
1.000000000000000000e+00
1.000000000000000000e+00
1.000000000000000000e+00
1.000000000000000000e+00
1.000000000000000000e+00
1.000000000000000000e+00
1.000000000000000000e+00
1.000000000000000000e+00
1.000000000000000000e+00
1.000000000000000000e+00
1.000000000000000000e+00
1.000000000000000000e+00
1.000000000000000000e+00
1.000000000000000000e+00
1.000000000000000000e+00
1.000000000000000000e+00
1.000000000000000000e+00
1.000000000000000000e+00
1.000000000000000000e+00
1.000000000000000000e+00
1.000000000000000000e+00
1.000000000000000000e+00
1.000000000000000000e+00
1.000000000000000000e+00
1.000000000000000000e+00
1.000000000000000000e+00
1.000000000000000000e+00
1.000000000000000000e+00
1.000000000000000000e+00
1.000000000000000000e+00
1.000000000000000000e+00
1.000000000000000000e+00
1.000000000000000000e+00
1.000000000000000000e+00
1.000000000000000000e+00
1.000000000000000000e+00
1.000000000000000000e+00
1.000000000000000000e+00
1.000000000000000000e+00
1.000000000000000000e+00
1.000000000000000000e+00
1.000000000000000000e+00
1.000000000000000000e+00
1.000000000000000000e+00
1.000000000000000000e+00
1.000000000000000000e+00
1.000000000000000000e+00
1.000000000000000000e+00
1.000000000000000000e+00
1.000000000000000000e+00
1.000000000000000000e+00
1.000000000000000000e+00
1.000000000000000000e+00
1.000000000000000000e+00
1.000000000000000000e+00
1.000000000000000000e+00
1.000000000000000000e+00
1.000000000000000000e+00
1.000000000000000000e+00
1.000000000000000000e+00
1.000000000000000000e+00
1.000000000000000000e+00
1.000000000000000000e+00
1.000000000000000000e+00
1.000000000000000000e+00
1.000000000000000000e+00
1.000000000000000000e+00
1.000000000000000000e+00
1.000000000000000000e+00
1.000000000000000000e+00
1.000000000000000000e+00
1.000000000000000000e+00
1.000000000000000000e+00
1.000000000000000000e+00
1.000000000000000000e+00
1.000000000000000000e+00
1.000000000000000000e+00
1.000000000000000000e+00
1.000000000000000000e+00
1.000000000000000000e+00
1.000000000000000000e+00
1.000000000000000000e+00
1.000000000000000000e+00
1.000000000000000000e+00
1.000000000000000000e+00
1.000000000000000000e+00
1.000000000000000000e+00
1.000000000000000000e+00
1.000000000000000000e+00
1.000000000000000000e+00
1.000000000000000000e+00
1.000000000000000000e+00
1.000000000000000000e+00
1.000000000000000000e+00
9.999999999999998890e-01
9.999999999999998890e-01
9.999999999999998890e-01
9.999999999999998890e-01
9.999999999999998890e-01
9.999999999999998890e-01
9.999999999999998890e-01
9.999999999999998890e-01
9.999999999999998890e-01
9.999999999999998890e-01
9.999999999999998890e-01
9.999999999999998890e-01
9.999999999999998890e-01
9.999999999999998890e-01
9.999999999999998890e-01
9.999999999999998890e-01
9.999999999999998890e-01
9.999999999999998890e-01
9.999999999999998890e-01
9.999999999999998890e-01
9.999999999999998890e-01
9.999999999999998890e-01
9.999999999999998890e-01
9.999999999999998890e-01
9.999999999999998890e-01
9.999999999999998890e-01
9.999999999999998890e-01
9.999999999999998890e-01
9.999999999999998890e-01
9.999999999999998890e-01
9.999999999999998890e-01
9.999999999999998890e-01
9.999999999999998890e-01
9.999999999999998890e-01
9.999999999999998890e-01
9.999999999999998890e-01
9.999999999999998890e-01
9.999999999999998890e-01
9.999999999999998890e-01
9.999999999999998890e-01
9.999999999999998890e-01
9.999999999999998890e-01
9.999999999999998890e-01
9.999999999999998890e-01
9.999999999999998890e-01
9.999999999999998890e-01
9.999999999999998890e-01
9.999999999999998890e-01
9.999999999999998890e-01
9.999999999999998890e-01
9.999999999999998890e-01
9.999999999999998890e-01
9.999999999999998890e-01
9.999999999999998890e-01
9.999999999999998890e-01
9.999999999999998890e-01
9.999999999999998890e-01
9.999999999999998890e-01
9.999999999999998890e-01
9.999999999999998890e-01
9.999999999999998890e-01
9.999999999999998890e-01
9.999999999999998890e-01
9.999999999999998890e-01
9.999999999999998890e-01
9.999999999999998890e-01
9.999999999999998890e-01
9.999999999999998890e-01
9.999999999999998890e-01
9.999999999999998890e-01
9.999999999999998890e-01
9.999999999999998890e-01
9.999999999999998890e-01
9.999999999999998890e-01
9.999999999999998890e-01
9.999999999999998890e-01
9.999999999999998890e-01
9.999999999999998890e-01
9.999999999999998890e-01
9.999999999999998890e-01
9.999999999999998890e-01
9.999999999999998890e-01
9.999999999999998890e-01
9.999999999999998890e-01
9.999999999999998890e-01
9.999999999999998890e-01
9.999999999999998890e-01
9.999999999999998890e-01
9.999999999999998890e-01
9.999999999999998890e-01
9.999999999999998890e-01
9.999999999999998890e-01
9.999999999999998890e-01
9.999999999999998890e-01
9.999999999999998890e-01
9.999999999999998890e-01
9.999999999999998890e-01
9.999999999999998890e-01
9.999999999999998890e-01
9.999999999999998890e-01
9.999999999999998890e-01
9.999999999999998890e-01
9.999999999999998890e-01
9.999999999999998890e-01
9.999999999999998890e-01
9.999999999999998890e-01
9.999999999999998890e-01
9.999999999999998890e-01
9.999999999999998890e-01
9.999999999999998890e-01
9.999999999999998890e-01
9.999999999999998890e-01
9.999999999999998890e-01
9.999999999999998890e-01
9.999999999999998890e-01
9.999999999999998890e-01
9.999999999999998890e-01
9.999999999999998890e-01
9.999999999999998890e-01
9.999999999999998890e-01
9.999999999999998890e-01
9.999999999999998890e-01
9.999999999999998890e-01
9.999999999999998890e-01
9.999999999999998890e-01
9.999999999999998890e-01
9.999999999999998890e-01
9.999999999999998890e-01
9.999999999999998890e-01
9.999999999999998890e-01
9.999999999999998890e-01
9.999999999999998890e-01
9.999999999999998890e-01
9.999999999999998890e-01
9.999999999999998890e-01
9.999999999999998890e-01
9.999999999999998890e-01
9.999999999999998890e-01
9.999999999999998890e-01
9.999999999999998890e-01
9.999999999999998890e-01
9.999999999999998890e-01
9.999999999999998890e-01
9.999999999999998890e-01
9.999999999999998890e-01
9.999999999999997780e-01
9.999999999999997780e-01
9.999999999999997780e-01
9.999999999999997780e-01
9.999999999999997780e-01
9.999999999999997780e-01
9.999999999999997780e-01
9.999999999999997780e-01
9.999999999999997780e-01
9.999999999999997780e-01
9.999999999999997780e-01
9.999999999999997780e-01
9.999999999999997780e-01
9.999999999999997780e-01
9.999999999999997780e-01
9.999999999999997780e-01
9.999999999999997780e-01
9.999999999999997780e-01
9.999999999999997780e-01
9.999999999999997780e-01
9.999999999999997780e-01
9.999999999999997780e-01
9.999999999999997780e-01
9.999999999999997780e-01
9.999999999999997780e-01
9.999999999999997780e-01
9.999999999999997780e-01
9.999999999999997780e-01
9.999999999999997780e-01
9.999999999999997780e-01
9.999999999999997780e-01
9.999999999999997780e-01
9.999999999999997780e-01
9.999999999999997780e-01
9.999999999999997780e-01
9.999999999999997780e-01
9.999999999999997780e-01
9.999999999999997780e-01
9.999999999999997780e-01
9.999999999999997780e-01
9.999999999999997780e-01
9.999999999999997780e-01
9.999999999999997780e-01
9.999999999999997780e-01
9.999999999999997780e-01
9.999999999999997780e-01
9.999999999999997780e-01
9.999999999999997780e-01
9.999999999999997780e-01
9.999999999999997780e-01
9.999999999999997780e-01
9.999999999999997780e-01
9.999999999999997780e-01
9.999999999999997780e-01
9.999999999999997780e-01
9.999999999999997780e-01
9.999999999999997780e-01
9.999999999999997780e-01
9.999999999999997780e-01
9.999999999999997780e-01
9.999999999999997780e-01
9.999999999999997780e-01
9.999999999999997780e-01
9.999999999999997780e-01
9.999999999999997780e-01
9.999999999999997780e-01
9.999999999999997780e-01
9.999999999999997780e-01
9.999999999999997780e-01
9.999999999999997780e-01
9.999999999999997780e-01
9.999999999999997780e-01
9.999999999999997780e-01
9.999999999999997780e-01
9.999999999999997780e-01
9.999999999999997780e-01
9.999999999999997780e-01
9.999999999999997780e-01
9.999999999999997780e-01
9.999999999999997780e-01
9.999999999999997780e-01
9.999999999999997780e-01
9.999999999999997780e-01
9.999999999999997780e-01
9.999999999999997780e-01
9.999999999999997780e-01
9.999999999999997780e-01
9.999999999999997780e-01
9.999999999999997780e-01
9.999999999999997780e-01
9.999999999999997780e-01
9.999999999999997780e-01
9.999999999999997780e-01
9.999999999999997780e-01
9.999999999999997780e-01
9.999999999999997780e-01
9.999999999999997780e-01
9.999999999999997780e-01
9.999999999999997780e-01
9.999999999999997780e-01
9.999999999999997780e-01
9.999999999999997780e-01
9.999999999999997780e-01
9.999999999999997780e-01
9.999999999999997780e-01
9.999999999999997780e-01
9.999999999999997780e-01
9.999999999999997780e-01
9.999999999999997780e-01
9.999999999999997780e-01
9.999999999999997780e-01
9.999999999999997780e-01
9.999999999999997780e-01
9.999999999999997780e-01
9.999999999999997780e-01
9.999999999999997780e-01
9.999999999999997780e-01
9.999999999999997780e-01
9.999999999999997780e-01
9.999999999999997780e-01
9.999999999999997780e-01
9.999999999999997780e-01
9.999999999999997780e-01
9.999999999999997780e-01
9.999999999999997780e-01
9.999999999999997780e-01
9.999999999999997780e-01
9.999999999999997780e-01
9.999999999999997780e-01
9.999999999999995559e-01
9.999999999999995559e-01
9.999999999999995559e-01
9.999999999999995559e-01
9.999999999999995559e-01
9.999999999999995559e-01
9.999999999999995559e-01
9.999999999999995559e-01
9.999999999999995559e-01
9.999999999999995559e-01
9.999999999999995559e-01
9.999999999999995559e-01
9.999999999999995559e-01
9.999999999999995559e-01
9.999999999999995559e-01
9.999999999999995559e-01
9.999999999999995559e-01
9.999999999999995559e-01
9.999999999999995559e-01
9.999999999999995559e-01
9.999999999999995559e-01
9.999999999999995559e-01
9.999999999999995559e-01
9.999999999999995559e-01
9.999999999999995559e-01
9.999999999999995559e-01
9.999999999999995559e-01
9.999999999999995559e-01
9.999999999999995559e-01
9.999999999999995559e-01
9.999999999999994449e-01
9.999999999999994449e-01
9.999999999999994449e-01
9.999999999999994449e-01
9.999999999999994449e-01
9.999999999999994449e-01
9.999999999999994449e-01
9.999999999999994449e-01
9.999999999999994449e-01
9.999999999999994449e-01
9.999999999999994449e-01
9.999999999999994449e-01
9.999999999999994449e-01
9.999999999999994449e-01
9.999999999999994449e-01
9.999999999999994449e-01
9.999999999999994449e-01
9.999999999999994449e-01
9.999999999999993339e-01
9.999999999999993339e-01
9.999999999999993339e-01
9.999999999999993339e-01
9.999999999999993339e-01
9.999999999999993339e-01
9.999999999999993339e-01
9.999999999999993339e-01
9.999999999999993339e-01
9.999999999999993339e-01
9.999999999999993339e-01
9.999999999999993339e-01
9.999999999999993339e-01
9.999999999999991118e-01
9.999999999999991118e-01
9.999999999999991118e-01
9.999999999999991118e-01
9.999999999999991118e-01
9.999999999999990008e-01
9.999999999999990008e-01
9.999999999999990008e-01
9.999999999999990008e-01
9.999999999999990008e-01
9.999999999999988898e-01
9.999999999999988898e-01
9.999999999999988898e-01
9.999999999999986677e-01
9.999999999999986677e-01
9.999999999999985567e-01
9.999999999999985567e-01
9.999999999999985567e-01
9.999999999999984457e-01
9.999999999999984457e-01
9.999999999999982236e-01
9.999999999999981126e-01
9.999999999999981126e-01
9.999999999999981126e-01
9.999999999999981126e-01
9.999999999999980016e-01
9.999999999999980016e-01
9.999999999999977796e-01
9.999999999999976685e-01
9.999999999999976685e-01
9.999999999999975575e-01
9.999999999999974465e-01
8.640831214695917639e-01
8.498491636563189067e-01
8.421291666583489155e-01
8.023812309270882404e-01
6.613639271019685628e-01
6.542226762086963410e-01
6.298364069833388701e-01
5.450959087764770672e-01
5.450959087764764011e-01
5.342114151701695679e-01
5.177591402166940027e-01
5.057074036438389264e-01
4.026732424906752095e-01
3.184584909434464151e-01
2.256765368892109935e-01
1.175300693554479636e-01
1.086442836740891121e-01
