# Singular values
1.036879784765423196e+01
1.003049836818343188e+01
9.793735879678560963e+00
9.122468509270634129e+00
9.070021577528555312e+00
9.025490863110317008e+00
9.000000000000014211e+00
9.000000000000000000e+00
8.841272008884441647e+00
8.693365419696439389e+00
8.610941900479479827e+00
8.531756823112740307e+00
8.147590382885764981e+00
8.119594552726370651e+00
8.023688765109525889e+00
7.864479407942089217e+00
7.746534166307792013e+00
7.602645669416026486e+00
7.564717710327049538e+00
7.458594172757581298e+00
7.369339439878356934e+00
7.220473079800179050e+00
7.039713050704566655e+00
7.000000000000000000e+00
6.999999999999998224e+00
6.999999999999993783e+00
6.983329307723010970e+00
6.919858947150316020e+00
6.915594922558142343e+00
6.880808437017988943e+00
6.788493225215193050e+00
6.754013284346522816e+00
6.662010105196812582e+00
6.634357597773307802e+00
6.517904471413192624e+00
6.498196632903028735e+00
6.466049111860624699e+00
6.431670461060970290e+00
6.372243429465860309e+00
6.333496179205728716e+00
6.303138245764192682e+00
6.236479863182951000e+00
6.209049769721572964e+00
6.114201909319748829e+00
6.102344121572109259e+00
6.063788779260967488e+00
6.011039499732227398e+00
6.002229303583141551e+00
6.000000000000003553e+00
6.000000000000000888e+00
6.000000000000000000e+00
6.000000000000000000e+00
5.999999999999999112e+00
5.999999999999999112e+00
5.999999999999999112e+00
5.999999999999997335e+00
5.999999999999986677e+00
5.988803526739293837e+00
5.954508946687021798e+00
5.884856883472015632e+00
5.870531025508149980e+00
5.834339936460149367e+00
5.756334928505853377e+00
5.694859291404506862e+00
5.665814676869486810e+00
5.628717310497679982e+00
5.613488841342853419e+00
5.571504131115259995e+00
5.531315788090869212e+00
5.503461916245756314e+00
5.411049794577625249e+00
5.262167275323174742e+00
5.243049980004488297e+00
5.186513329515495485e+00
5.180140032988957088e+00
5.170477439380607443e+00
5.157871531589097280e+00
5.134836300270603004e+00
5.087406090299324113e+00
5.087406090299316119e+00
5.042760256393961527e+00
5.021805259998046722e+00
5.000000000000000888e+00
5.000000000000000000e+00
5.000000000000000000e+00
5.000000000000000000e+00
5.000000000000000000e+00
5.000000000000000000e+00
5.000000000000000000e+00
4.999999999999999112e+00
4.999999999999999112e+00
4.999999999999989342e+00
4.999999999999981348e+00
4.997522005127774669e+00
4.983920108018558892e+00
4.912417508339871119e+00
4.865583963419298108e+00
4.861147547800423574e+00
4.829827538636531692e+00
4.754249853329445941e+00
4.738978038354395572e+00
4.708210178184009109e+00
4.701562118716425154e+00
4.701562118716421601e+00
4.679662429065780671e+00
4.665043247019451833e+00
4.649897763794476724e+00
4.606339439821625525e+00
4.567736580995393147e+00
4.542944130475619957e+00
4.507612681378087238e+00
4.502654368801779938e+00
4.470865403111543124e+00
4.407516132804373044e+00
4.370875658153034138e+00
4.330874833299292348e+00
4.320884499447487315e+00
4.312395081587184542e+00
4.308982593037737452e+00
4.258457199393133052e+00
4.241612405162571875e+00
4.219198557174148156e+00
4.207053062773822738e+00
4.201472338219250702e+00
4.194737047767583604e+00
4.141336115655364303e+00
4.108494071655446334e+00
4.094698130009421178e+00
4.083088321921841235e+00
4.069971607204061037e+00
4.059410430406222403e+00
4.043086914140803678e+00
4.026924643508142054e+00
4.004806736041283344e+00
4.000000000000002665e+00
4.000000000000001776e+00
4.000000000000001776e+00
4.000000000000000888e+00
4.000000000000000888e+00
4.000000000000000888e+00
4.000000000000000888e+00
4.000000000000000888e+00
4.000000000000000888e+00
4.000000000000000888e+00
4.000000000000000888e+00
4.000000000000000888e+00
4.000000000000000888e+00
4.000000000000000000e+00
4.000000000000000000e+00
4.000000000000000000e+00
4.000000000000000000e+00
4.000000000000000000e+00
4.000000000000000000e+00
4.000000000000000000e+00
3.999999999999999556e+00
3.999999999999999556e+00
3.999999999999999556e+00
3.999999999999999556e+00
3.999999999999999556e+00
3.999999999999999112e+00
3.999999999999999112e+00
3.999999999999999112e+00
3.999999999999999112e+00
3.999999999999998668e+00
3.999999999999997780e+00
3.999999999999997335e+00
3.999999999999993783e+00
3.949136780656743451e+00
3.923943663989119646e+00
3.830058482951675725e+00
3.828427124746190291e+00
3.828427124746180965e+00
3.808326237651620705e+00
3.762517388899022208e+00
3.739785470463697248e+00
3.709222214068030876e+00
3.691919740930578175e+00
3.682072246435625917e+00
3.600344024301025847e+00
3.570683766416534510e+00
3.551835187632404800e+00
3.541660733556020624e+00
3.526439728494301207e+00
3.524925211481614085e+00
3.516411091237698905e+00
3.489704514585762141e+00
3.470821137150685409e+00
3.467441296432068665e+00
3.459557802469935606e+00
3.439223414833148862e+00
3.438170571624904692e+00
3.423934504857192529e+00
3.387808073136819864e+00
3.378412847850563505e+00
3.361165536618486271e+00
3.333268922938540602e+00
3.326906480460004811e+00
3.308848928705257819e+00
3.248292371977590243e+00
3.215297521795529967e+00
3.182645707912400201e+00
3.155075913743260685e+00
3.135251700336364689e+00
3.130984243688586410e+00
3.083474938402085641e+00
3.060129700531568187e+00
3.056542979968182472e+00
3.048360922062134382e+00
3.000000000000005329e+00
3.000000000000004885e+00
3.000000000000001332e+00
3.000000000000001332e+00
3.000000000000000444e+00
3.000000000000000444e+00
3.000000000000000000e+00
3.000000000000000000e+00
2.999999999999999556e+00
2.999999999999999556e+00
2.999999999999997780e+00
2.973621269881885354e+00
2.949886690108298293e+00
2.947412642480456313e+00
2.940818882986822036e+00
2.926753504869865186e+00
2.922276602923433497e+00
2.909304960396133399e+00
2.904042192145651402e+00
2.878619648736358894e+00
2.858569336566601837e+00
2.845192288962259397e+00
2.823082541730757900e+00
2.806376536570988733e+00
2.791287847477924355e+00
2.779079121956512299e+00
2.773137805550882629e+00
2.757709817619447445e+00
2.743520294182490105e+00
2.725516900416215638e+00
2.722455344703208713e+00
2.700053684035228052e+00
2.686591642082787779e+00
2.665801110906857563e+00
2.649917682040334732e+00
2.628345481397330818e+00
2.612259572175114730e+00
2.607771843723072358e+00
2.590480927753967322e+00
2.587238398623419755e+00
2.577779421062481369e+00
2.573143711698504088e+00
2.561552812808829849e+00
2.553955415746894886e+00
2.541729668655761554e+00
2.525727747007040058e+00
2.511127743816469415e+00
2.498364578161162974e+00
2.497555460787135306e+00
2.485412133410092039e+00
2.480907821186800533e+00
2.472812957400653655e+00
2.456130355520683484e+00
2.451623983095353232e+00
2.438032931860128816e+00
2.430078035983557427e+00
2.420554287206812649e+00
2.410410941880372082e+00
2.390033210867330560e+00
2.383717344287608064e+00
2.383035164952819418e+00
2.365738256307964527e+00
2.351939201553460812e+00
2.350140689879861355e+00
2.342647238971737433e+00
2.332307473204129344e+00
2.329952184845519358e+00
2.321496633578980617e+00
2.318573820686050890e+00
2.310252121447301299e+00
2.278694994997382484e+00
2.275863862133570947e+00
2.271004215549324634e+00
2.260093694819794941e+00
2.255117668566301692e+00
2.245918237863810507e+00
2.241471930573115667e+00
2.241043431100607108e+00
2.228879706749216094e+00
2.224269833490904347e+00
2.221099728999170964e+00
2.209154531622272266e+00
2.205119550043660226e+00
2.194709661833931680e+00
2.190017871059808829e+00
2.188363131296206188e+00
2.143524026412092720e+00
2.136691433997834011e+00
2.112136154966085311e+00
2.096500922233205166e+00
2.095271864605828593e+00
2.059316604814872775e+00
2.053611669539492368e+00
2.047938447352825708e+00
2.033309574570266065e+00
2.032910592094719693e+00
2.026932073838053849e+00
2.017243545765283308e+00
2.012773202690061325e+00
2.002182213740119288e+00
2.000000000000001332e+00
2.000000000000000888e+00
2.000000000000000888e+00
2.000000000000000888e+00
2.000000000000000888e+00
2.000000000000000444e+00
2.000000000000000444e+00
2.000000000000000444e+00
2.000000000000000444e+00
2.000000000000000444e+00
2.000000000000000000e+00
2.000000000000000000e+00
2.000000000000000000e+00
2.000000000000000000e+00
2.000000000000000000e+00
2.000000000000000000e+00
2.000000000000000000e+00
2.000000000000000000e+00
2.000000000000000000e+00
2.000000000000000000e+00
2.000000000000000000e+00
1.999999999999999778e+00
1.999999999999999778e+00
1.999999999999999778e+00
1.999999999999999778e+00
1.999999999999999556e+00
1.999999999999999556e+00
1.999999999999999556e+00
1.999999999999999556e+00
1.999999999999999556e+00
1.999999999999999334e+00
1.999999999999999334e+00
1.999999999999999334e+00
1.999999999999999334e+00
1.999999999999999112e+00
1.999999999999999112e+00
1.999999999999998446e+00
1.999999999999998002e+00
1.999999999999998002e+00
1.999999999999997558e+00
1.989398858486417732e+00
1.980793332443681720e+00
1.971024751928982299e+00
1.964838082021277854e+00
1.964133499293096774e+00
1.950260397321540884e+00
1.939440560616009668e+00
1.936961968279183877e+00
1.928100235390298955e+00
1.922480407632203958e+00
1.919897663865945514e+00
1.916175415177409525e+00
1.904651137377420644e+00
1.899611231651882504e+00
1.899356109301040041e+00
1.898538162339324931e+00
1.896848022433052838e+00
1.895622997696239986e+00
1.895242414608108827e+00
1.878023251105543023e+00
1.875386213042424366e+00
1.875090101207517623e+00
1.867519493047254286e+00
1.859044279593198068e+00
1.856165747761051144e+00
1.844467406984562352e+00
1.840648974431180251e+00
1.838492444342248566e+00
1.832749489891417838e+00
1.828427124746189181e+00
1.828427124746188737e+00
1.824449827219872144e+00
1.820822275882205910e+00
1.809345265741845843e+00
1.791287847477919248e+00
1.787002426128140531e+00
1.786325488277608509e+00
1.785794332468150669e+00
1.773383987206967438e+00
1.770649093359641713e+00
1.768589529432123220e+00
1.767979735798578478e+00
1.761941318459135486e+00
1.759412729849102019e+00
1.756570882900192698e+00
1.753387978909972889e+00
1.746568246995717999e+00
1.744839101935775405e+00
1.743187060574242331e+00
1.736399035220392184e+00
1.736240355682663106e+00
1.735489498215869286e+00
1.735279039796105538e+00
1.733169709934136549e+00
1.720503029214567325e+00
1.715162795928784734e+00
1.714868097852157547e+00
1.708103299076433546e+00
1.704682837073713930e+00
1.701562118716427818e+00
1.701562118716424710e+00
1.698879669879307164e+00
1.695267854063944757e+00
1.693773225565131435e+00
1.693314342203313894e+00
1.691267776805426948e+00
1.681413144215149424e+00
1.677105637138852412e+00
1.674413035936489491e+00
1.674134973074779653e+00
1.672823701000950347e+00
1.665103336443638504e+00
1.658510655124717958e+00
1.655874338151767988e+00
1.655334086926561588e+00
1.654674464086272057e+00
1.651614774028537402e+00
1.649758259823064011e+00
1.643104960463631858e+00
1.642840212511274878e+00
1.642840212511273323e+00
1.641069059319746337e+00
1.635365350866803569e+00
1.626198068527299645e+00
1.622926973166854303e+00
1.618885417449240638e+00
1.618281585914049803e+00
1.615270236989908570e+00
1.603946157840479447e+00
1.603238573116745114e+00
1.601064981970038881e+00
1.600202129317115807e+00
1.596066299101697172e+00
1.593462163688835531e+00
1.588332695749977264e+00
1.581361834898965091e+00
1.579261558510771435e+00
1.577882858406877142e+00
1.575743424874814558e+00
1.573372479947876101e+00
1.570157431362195544e+00
1.566081409195078322e+00
1.565360823109557931e+00
1.563709366866257389e+00
1.561552812808830293e+00
1.555434122211950765e+00
1.555434122211948100e+00
1.553294381323212292e+00
1.544846419317026154e+00
1.532370567084921475e+00
1.531670316131816145e+00
1.529632662935017873e+00
1.522262742338228225e+00
1.521740122799483785e+00
1.521541763591532703e+00
1.517209948555881649e+00
1.512229695736238222e+00
1.502553132207860243e+00
1.498783991565439289e+00
1.498296691982988982e+00
1.493985948475492487e+00
1.492909983608307511e+00
1.488146387444172714e+00
1.484861952871929125e+00
1.483392265412250666e+00
1.483153135744420981e+00
1.475413757811452342e+00
1.475371484408628309e+00
1.465415297398948935e+00
1.462975210926330316e+00
1.460430094664142198e+00
1.453693724117468555e+00
1.452385747466500288e+00
1.452117309520121413e+00
1.436880988911103385e+00
1.432464936346800277e+00
1.424834646465053867e+00
1.423504167435143852e+00
1.414839653544864628e+00
1.412712984096366142e+00
1.411187340478810004e+00
1.409373850807127404e+00
1.404490893095025283e+00
1.397128126100211531e+00
1.395624615110324207e+00
1.394319255058467766e+00
1.390027374940436600e+00
1.386266661363623420e+00
1.365438187680540594e+00
1.364940486695398691e+00
1.361875804855025907e+00
1.353330462492414066e+00
1.352215965944356446e+00
1.333561016735064886e+00
1.330109484847686874e+00
1.322631246717836717e+00
1.312621794224744898e+00
1.292263246928009313e+00
1.290700949777542572e+00
1.285864689327265387e+00
1.272325890620995104e+00
1.266060662762426015e+00
1.262430161407487095e+00
1.251415073375516052e+00
1.246357755098335129e+00
1.237991181079761693e+00
1.228514845503645647e+00
1.221173128656933393e+00
1.201803899600360381e+00
1.178339237240809245e+00
1.159274322729014983e+00
1.156187034520220980e+00
1.140656586221540758e+00
1.102154577350587417e+00
1.092375376069955495e+00
1.064153760028460960e+00
1.060851124324576400e+00
1.000000000000003997e+00
1.000000000000003553e+00
1.000000000000003331e+00
1.000000000000003331e+00
1.000000000000003109e+00
1.000000000000002665e+00
1.000000000000002665e+00
1.000000000000002665e+00
1.000000000000001998e+00
1.000000000000001998e+00
1.000000000000001998e+00
1.000000000000001776e+00
1.000000000000001776e+00
1.000000000000001776e+00
1.000000000000001776e+00
1.000000000000001776e+00
1.000000000000001554e+00
1.000000000000001554e+00
1.000000000000001332e+00
1.000000000000001332e+00
1.000000000000001110e+00
1.000000000000001110e+00
1.000000000000001110e+00
1.000000000000001110e+00
1.000000000000001110e+00
1.000000000000001110e+00
1.000000000000001110e+00
1.000000000000000888e+00
1.000000000000000888e+00
1.000000000000000888e+00
1.000000000000000888e+00
1.000000000000000888e+00
1.000000000000000888e+00
1.000000000000000888e+00
1.000000000000000888e+00
1.000000000000000888e+00
1.000000000000000888e+00
1.000000000000000888e+00
1.000000000000000888e+00
1.000000000000000888e+00
1.000000000000000666e+00
1.000000000000000666e+00
1.000000000000000666e+00
1.000000000000000666e+00
1.000000000000000666e+00
1.000000000000000666e+00
1.000000000000000666e+00
1.000000000000000666e+00
1.000000000000000666e+00
1.000000000000000666e+00
1.000000000000000666e+00
1.000000000000000666e+00
1.000000000000000666e+00
1.000000000000000666e+00
1.000000000000000666e+00
1.000000000000000666e+00
1.000000000000000666e+00
1.000000000000000666e+00
1.000000000000000666e+00
1.000000000000000666e+00
1.000000000000000444e+00
1.000000000000000444e+00
1.000000000000000444e+00
1.000000000000000444e+00
1.000000000000000444e+00
1.000000000000000444e+00
1.000000000000000444e+00
1.000000000000000444e+00
1.000000000000000444e+00
1.000000000000000444e+00
1.000000000000000444e+00
1.000000000000000444e+00
1.000000000000000444e+00
1.000000000000000444e+00
1.000000000000000444e+00
1.000000000000000444e+00
1.000000000000000444e+00
1.000000000000000444e+00
1.000000000000000444e+00
1.000000000000000444e+00
1.000000000000000444e+00
1.000000000000000444e+00
1.000000000000000444e+00
1.000000000000000444e+00
1.000000000000000444e+00
1.000000000000000444e+00
1.000000000000000444e+00
1.000000000000000444e+00
1.000000000000000444e+00
1.000000000000000444e+00
1.000000000000000444e+00
1.000000000000000444e+00
1.000000000000000444e+00
1.000000000000000444e+00
1.000000000000000444e+00
1.000000000000000444e+00
1.000000000000000444e+00
1.000000000000000444e+00
1.000000000000000444e+00
1.000000000000000444e+00
1.000000000000000444e+00
1.000000000000000444e+00
1.000000000000000444e+00
1.000000000000000444e+00
1.000000000000000444e+00
1.000000000000000444e+00
1.000000000000000444e+00
1.000000000000000444e+00
1.000000000000000444e+00
1.000000000000000444e+00
1.000000000000000444e+00
1.000000000000000444e+00
1.000000000000000444e+00
1.000000000000000444e+00
1.000000000000000444e+00
1.000000000000000444e+00
1.000000000000000444e+00
1.000000000000000444e+00
1.000000000000000444e+00
1.000000000000000444e+00
1.000000000000000444e+00
1.000000000000000444e+00
1.000000000000000444e+00
1.000000000000000444e+00
1.000000000000000444e+00
1.000000000000000444e+00
1.000000000000000444e+00
1.000000000000000444e+00
1.000000000000000444e+00
1.000000000000000444e+00
1.000000000000000222e+00
1.000000000000000222e+00
1.000000000000000222e+00
1.000000000000000222e+00
1.000000000000000222e+00
1.000000000000000222e+00
1.000000000000000222e+00
1.000000000000000222e+00
1.000000000000000222e+00
1.000000000000000222e+00
1.000000000000000222e+00
1.000000000000000222e+00
1.000000000000000222e+00
1.000000000000000222e+00
1.000000000000000222e+00
1.000000000000000222e+00
1.000000000000000222e+00
1.000000000000000222e+00
1.000000000000000222e+00
1.000000000000000222e+00
1.000000000000000222e+00
1.000000000000000222e+00
1.000000000000000222e+00
1.000000000000000222e+00
1.000000000000000222e+00
1.000000000000000222e+00
1.000000000000000222e+00
1.000000000000000222e+00
1.000000000000000222e+00
1.000000000000000222e+00
1.000000000000000222e+00
1.000000000000000222e+00
1.000000000000000222e+00
1.000000000000000222e+00
1.000000000000000222e+00
1.000000000000000222e+00
1.000000000000000222e+00
1.000000000000000222e+00
1.000000000000000222e+00
1.000000000000000222e+00
1.000000000000000222e+00
1.000000000000000222e+00
1.000000000000000222e+00
1.000000000000000222e+00
1.000000000000000222e+00
1.000000000000000222e+00
1.000000000000000222e+00
1.000000000000000222e+00
1.000000000000000222e+00
1.000000000000000222e+00
1.000000000000000222e+00
1.000000000000000222e+00
1.000000000000000222e+00
1.000000000000000222e+00
1.000000000000000222e+00
1.000000000000000222e+00
1.000000000000000222e+00
1.000000000000000222e+00
1.000000000000000222e+00
1.000000000000000222e+00
1.000000000000000222e+00
1.000000000000000222e+00
1.000000000000000222e+00
1.000000000000000222e+00
1.000000000000000222e+00
1.000000000000000222e+00
1.000000000000000222e+00
1.000000000000000222e+00
1.000000000000000222e+00
1.000000000000000222e+00
1.000000000000000222e+00
1.000000000000000222e+00
1.000000000000000222e+00
1.000000000000000222e+00
1.000000000000000222e+00
1.000000000000000222e+00
1.000000000000000222e+00
1.000000000000000222e+00
1.000000000000000222e+00
1.000000000000000222e+00
1.000000000000000222e+00
1.000000000000000222e+00
1.000000000000000222e+00
1.000000000000000222e+00
1.000000000000000222e+00
1.000000000000000222e+00
1.000000000000000222e+00
1.000000000000000222e+00
1.000000000000000222e+00
1.000000000000000222e+00
1.000000000000000222e+00
1.000000000000000222e+00
1.000000000000000222e+00
1.000000000000000222e+00
1.000000000000000222e+00
1.000000000000000222e+00
1.000000000000000222e+00
1.000000000000000222e+00
1.000000000000000222e+00
1.000000000000000222e+00
1.000000000000000222e+00
1.000000000000000222e+00
1.000000000000000222e+00
1.000000000000000222e+00
1.000000000000000222e+00
1.000000000000000222e+00
1.000000000000000222e+00
1.000000000000000222e+00
1.000000000000000222e+00
1.000000000000000222e+00
1.000000000000000222e+00
1.000000000000000222e+00
1.000000000000000222e+00
1.000000000000000222e+00
1.000000000000000222e+00
1.000000000000000222e+00
1.000000000000000222e+00
1.000000000000000222e+00
1.000000000000000222e+00
1.000000000000000222e+00
1.000000000000000222e+00
1.000000000000000222e+00
1.000000000000000222e+00
1.000000000000000222e+00
1.000000000000000222e+00
1.000000000000000222e+00
1.000000000000000222e+00
1.000000000000000222e+00
1.000000000000000222e+00
1.000000000000000222e+00
1.000000000000000222e+00
1.000000000000000222e+00
1.000000000000000222e+00
1.000000000000000222e+00
1.000000000000000222e+00
1.000000000000000222e+00
1.000000000000000222e+00
1.000000000000000222e+00
1.000000000000000222e+00
1.000000000000000222e+00
1.000000000000000222e+00
1.000000000000000222e+00
1.000000000000000222e+00
1.000000000000000222e+00
1.000000000000000222e+00
1.000000000000000222e+00
1.000000000000000222e+00
1.000000000000000222e+00
1.000000000000000222e+00
1.000000000000000222e+00
1.000000000000000222e+00
1.000000000000000222e+00
1.000000000000000222e+00
1.000000000000000222e+00
1.000000000000000222e+00
1.000000000000000222e+00
1.000000000000000222e+00
1.000000000000000222e+00
1.000000000000000222e+00
1.000000000000000222e+00
1.000000000000000222e+00
1.000000000000000222e+00
1.000000000000000222e+00
1.000000000000000222e+00
1.000000000000000222e+00
1.000000000000000222e+00
1.000000000000000222e+00
1.000000000000000222e+00
1.000000000000000222e+00
1.000000000000000222e+00
1.000000000000000222e+00
1.000000000000000222e+00
1.000000000000000222e+00
1.000000000000000222e+00
1.000000000000000222e+00
1.000000000000000222e+00
1.000000000000000222e+00
1.000000000000000222e+00
1.000000000000000222e+00
1.000000000000000222e+00
1.000000000000000222e+00
1.000000000000000222e+00
1.000000000000000222e+00
1.000000000000000222e+00
1.000000000000000222e+00
1.000000000000000222e+00
1.000000000000000222e+00
1.000000000000000222e+00
1.000000000000000222e+00
1.000000000000000222e+00
1.000000000000000222e+00
1.000000000000000222e+00
1.000000000000000222e+00
1.000000000000000222e+00
1.000000000000000222e+00
1.000000000000000222e+00
1.000000000000000222e+00
1.000000000000000222e+00
1.000000000000000222e+00
1.000000000000000222e+00
1.000000000000000222e+00
1.000000000000000222e+00
1.000000000000000222e+00
1.000000000000000222e+00
1.000000000000000222e+00
1.000000000000000222e+00
1.000000000000000222e+00
1.000000000000000222e+00
1.000000000000000222e+00
1.000000000000000222e+00
1.000000000000000222e+00
1.000000000000000222e+00
1.000000000000000222e+00
1.000000000000000222e+00
1.000000000000000222e+00
1.000000000000000222e+00
1.000000000000000222e+00
1.000000000000000222e+00
1.000000000000000222e+00
1.000000000000000222e+00
1.000000000000000222e+00
1.000000000000000222e+00
1.000000000000000222e+00
1.000000000000000222e+00
1.000000000000000222e+00
1.000000000000000222e+00
1.000000000000000222e+00
1.000000000000000222e+00
1.000000000000000222e+00
1.000000000000000222e+00
1.000000000000000222e+00
1.000000000000000222e+00
1.000000000000000222e+00
1.000000000000000222e+00
1.000000000000000222e+00
1.000000000000000222e+00
1.000000000000000222e+00
1.000000000000000000e+00
1.000000000000000000e+00
1.000000000000000000e+00
1.000000000000000000e+00
1.000000000000000000e+00
1.000000000000000000e+00
1.000000000000000000e+00
1.000000000000000000e+00
1.000000000000000000e+00
1.000000000000000000e+00
1.000000000000000000e+00
1.000000000000000000e+00
1.000000000000000000e+00
1.000000000000000000e+00
1.000000000000000000e+00
1.000000000000000000e+00
1.000000000000000000e+00
1.000000000000000000e+00
1.000000000000000000e+00
1.000000000000000000e+00
1.000000000000000000e+00
1.000000000000000000e+00
1.000000000000000000e+00
1.000000000000000000e+00
1.000000000000000000e+00
1.000000000000000000e+00
1.000000000000000000e+00
1.000000000000000000e+00
1.000000000000000000e+00
1.000000000000000000e+00
1.000000000000000000e+00
1.000000000000000000e+00
1.000000000000000000e+00
1.000000000000000000e+00
1.000000000000000000e+00
1.000000000000000000e+00
1.000000000000000000e+00
1.000000000000000000e+00
1.000000000000000000e+00
1.000000000000000000e+00
1.000000000000000000e+00
1.000000000000000000e+00
1.000000000000000000e+00
1.000000000000000000e+00
1.000000000000000000e+00
1.000000000000000000e+00
1.000000000000000000e+00
1.000000000000000000e+00
1.000000000000000000e+00
1.000000000000000000e+00
1.000000000000000000e+00
1.000000000000000000e+00
1.000000000000000000e+00
1.000000000000000000e+00
1.000000000000000000e+00
1.000000000000000000e+00
1.000000000000000000e+00
1.000000000000000000e+00
1.000000000000000000e+00
1.000000000000000000e+00
1.000000000000000000e+00
1.000000000000000000e+00
1.000000000000000000e+00
1.000000000000000000e+00
1.000000000000000000e+00
1.000000000000000000e+00
1.000000000000000000e+00
1.000000000000000000e+00
1.000000000000000000e+00
1.000000000000000000e+00
1.000000000000000000e+00
1.000000000000000000e+00
1.000000000000000000e+00
1.000000000000000000e+00
1.000000000000000000e+00
1.000000000000000000e+00
1.000000000000000000e+00
1.000000000000000000e+00
1.000000000000000000e+00
1.000000000000000000e+00
1.000000000000000000e+00
1.000000000000000000e+00
1.000000000000000000e+00
1.000000000000000000e+00
1.000000000000000000e+00
1.000000000000000000e+00
1.000000000000000000e+00
1.000000000000000000e+00
1.000000000000000000e+00
1.000000000000000000e+00
1.000000000000000000e+00
1.000000000000000000e+00
1.000000000000000000e+00
1.000000000000000000e+00
1.000000000000000000e+00
1.000000000000000000e+00
1.000000000000000000e+00
1.000000000000000000e+00
1.000000000000000000e+00
1.000000000000000000e+00
1.000000000000000000e+00
1.000000000000000000e+00
1.000000000000000000e+00
1.000000000000000000e+00
1.000000000000000000e+00
1.000000000000000000e+00
1.000000000000000000e+00
1.000000000000000000e+00
1.000000000000000000e+00
1.000000000000000000e+00
1.000000000000000000e+00
1.000000000000000000e+00
1.000000000000000000e+00
1.000000000000000000e+00
1.000000000000000000e+00
1.000000000000000000e+00
1.000000000000000000e+00
1.000000000000000000e+00
1.000000000000000000e+00
1.000000000000000000e+00
1.000000000000000000e+00
1.000000000000000000e+00
1.000000000000000000e+00
1.000000000000000000e+00
1.000000000000000000e+00
1.000000000000000000e+00
1.000000000000000000e+00
1.000000000000000000e+00
1.000000000000000000e+00
1.000000000000000000e+00
1.000000000000000000e+00
1.000000000000000000e+00
1.000000000000000000e+00
1.000000000000000000e+00
1.000000000000000000e+00
1.000000000000000000e+00
1.000000000000000000e+00
1.000000000000000000e+00
1.000000000000000000e+00
1.000000000000000000e+00
1.000000000000000000e+00
1.000000000000000000e+00
1.000000000000000000e+00
1.000000000000000000e+00
1.000000000000000000e+00
1.000000000000000000e+00
1.000000000000000000e+00
1.000000000000000000e+00
1.000000000000000000e+00
1.000000000000000000e+00
1.000000000000000000e+00
1.000000000000000000e+00
1.000000000000000000e+00
1.000000000000000000e+00
1.000000000000000000e+00
1.000000000000000000e+00
1.000000000000000000e+00
1.000000000000000000e+00
1.000000000000000000e+00
1.000000000000000000e+00
1.000000000000000000e+00
1.000000000000000000e+00
1.000000000000000000e+00
1.000000000000000000e+00
1.000000000000000000e+00
1.000000000000000000e+00
1.000000000000000000e+00
1.000000000000000000e+00
1.000000000000000000e+00
1.000000000000000000e+00
1.000000000000000000e+00
1.000000000000000000e+00
1.000000000000000000e+00
1.000000000000000000e+00
1.000000000000000000e+00
1.000000000000000000e+00
1.000000000000000000e+00
1.000000000000000000e+00
1.000000000000000000e+00
1.000000000000000000e+00
1.000000000000000000e+00
1.000000000000000000e+00
1.000000000000000000e+00
1.000000000000000000e+00
1.000000000000000000e+00
1.000000000000000000e+00
1.000000000000000000e+00
1.000000000000000000e+00
1.000000000000000000e+00
1.000000000000000000e+00
1.000000000000000000e+00
1.000000000000000000e+00
1.000000000000000000e+00
1.000000000000000000e+00
1.000000000000000000e+00
1.000000000000000000e+00
1.000000000000000000e+00
1.000000000000000000e+00
1.000000000000000000e+00
1.000000000000000000e+00
1.000000000000000000e+00
1.000000000000000000e+00
1.000000000000000000e+00
1.000000000000000000e+00
1.000000000000000000e+00
1.000000000000000000e+00
1.000000000000000000e+00
1.000000000000000000e+00
1.000000000000000000e+00
1.000000000000000000e+00
1.000000000000000000e+00
1.000000000000000000e+00
1.000000000000000000e+00
1.000000000000000000e+00
1.000000000000000000e+00
1.000000000000000000e+00
1.000000000000000000e+00
1.000000000000000000e+00
1.000000000000000000e+00
1.000000000000000000e+00
1.000000000000000000e+00
1.000000000000000000e+00
1.000000000000000000e+00
1.000000000000000000e+00
1.000000000000000000e+00
1.000000000000000000e+00
1.000000000000000000e+00
1.000000000000000000e+00
1.000000000000000000e+00
1.000000000000000000e+00
1.000000000000000000e+00
1.000000000000000000e+00
1.000000000000000000e+00
1.000000000000000000e+00
1.000000000000000000e+00
1.000000000000000000e+00
1.000000000000000000e+00
1.000000000000000000e+00
1.000000000000000000e+00
1.000000000000000000e+00
1.000000000000000000e+00
1.000000000000000000e+00
1.000000000000000000e+00
1.000000000000000000e+00
1.000000000000000000e+00
1.000000000000000000e+00
1.000000000000000000e+00
1.000000000000000000e+00
1.000000000000000000e+00
1.000000000000000000e+00
1.000000000000000000e+00
1.000000000000000000e+00
1.000000000000000000e+00
1.000000000000000000e+00
1.000000000000000000e+00
1.000000000000000000e+00
1.000000000000000000e+00
1.000000000000000000e+00
1.000000000000000000e+00
9.999999999999998890e-01
9.999999999999998890e-01
9.999999999999998890e-01
9.999999999999998890e-01
9.999999999999998890e-01
9.999999999999998890e-01
9.999999999999998890e-01
9.999999999999998890e-01
9.999999999999998890e-01
9.999999999999998890e-01
9.999999999999998890e-01
9.999999999999998890e-01
9.999999999999998890e-01
9.999999999999998890e-01
9.999999999999998890e-01
9.999999999999998890e-01
9.999999999999998890e-01
9.999999999999998890e-01
9.999999999999998890e-01
9.999999999999998890e-01
9.999999999999998890e-01
9.999999999999998890e-01
9.999999999999998890e-01
9.999999999999998890e-01
9.999999999999998890e-01
9.999999999999998890e-01
9.999999999999998890e-01
9.999999999999998890e-01
9.999999999999998890e-01
9.999999999999998890e-01
9.999999999999998890e-01
9.999999999999998890e-01
9.999999999999998890e-01
9.999999999999998890e-01
9.999999999999998890e-01
9.999999999999998890e-01
9.999999999999998890e-01
9.999999999999998890e-01
9.999999999999998890e-01
9.999999999999998890e-01
9.999999999999998890e-01
9.999999999999998890e-01
9.999999999999998890e-01
9.999999999999998890e-01
9.999999999999998890e-01
9.999999999999998890e-01
9.999999999999998890e-01
9.999999999999998890e-01
9.999999999999998890e-01
9.999999999999998890e-01
9.999999999999998890e-01
9.999999999999998890e-01
9.999999999999998890e-01
9.999999999999998890e-01
9.999999999999998890e-01
9.999999999999998890e-01
9.999999999999998890e-01
9.999999999999998890e-01
9.999999999999998890e-01
9.999999999999998890e-01
9.999999999999998890e-01
9.999999999999998890e-01
9.999999999999998890e-01
9.999999999999998890e-01
9.999999999999998890e-01
9.999999999999998890e-01
9.999999999999998890e-01
9.999999999999998890e-01
9.999999999999998890e-01
9.999999999999998890e-01
9.999999999999998890e-01
9.999999999999998890e-01
9.999999999999998890e-01
9.999999999999998890e-01
9.999999999999998890e-01
9.999999999999998890e-01
9.999999999999998890e-01
9.999999999999998890e-01
9.999999999999998890e-01
9.999999999999998890e-01
9.999999999999998890e-01
9.999999999999998890e-01
9.999999999999998890e-01
9.999999999999998890e-01
9.999999999999998890e-01
9.999999999999998890e-01
9.999999999999998890e-01
9.999999999999998890e-01
9.999999999999998890e-01
9.999999999999998890e-01
9.999999999999998890e-01
9.999999999999998890e-01
9.999999999999998890e-01
9.999999999999998890e-01
9.999999999999998890e-01
9.999999999999998890e-01
9.999999999999998890e-01
9.999999999999998890e-01
9.999999999999998890e-01
9.999999999999998890e-01
9.999999999999998890e-01
9.999999999999998890e-01
9.999999999999998890e-01
9.999999999999998890e-01
9.999999999999998890e-01
9.999999999999998890e-01
9.999999999999998890e-01
9.999999999999998890e-01
9.999999999999998890e-01
9.999999999999998890e-01
9.999999999999998890e-01
9.999999999999998890e-01
9.999999999999998890e-01
9.999999999999998890e-01
9.999999999999998890e-01
9.999999999999998890e-01
9.999999999999998890e-01
9.999999999999998890e-01
9.999999999999998890e-01
9.999999999999998890e-01
9.999999999999998890e-01
9.999999999999998890e-01
9.999999999999998890e-01
9.999999999999998890e-01
9.999999999999998890e-01
9.999999999999998890e-01
9.999999999999998890e-01
9.999999999999998890e-01
9.999999999999998890e-01
9.999999999999998890e-01
9.999999999999998890e-01
9.999999999999998890e-01
9.999999999999998890e-01
9.999999999999998890e-01
9.999999999999998890e-01
9.999999999999998890e-01
9.999999999999998890e-01
9.999999999999998890e-01
9.999999999999998890e-01
9.999999999999998890e-01
9.999999999999997780e-01
9.999999999999997780e-01
9.999999999999997780e-01
9.999999999999997780e-01
9.999999999999997780e-01
9.999999999999997780e-01
9.999999999999997780e-01
9.999999999999997780e-01
9.999999999999997780e-01
9.999999999999997780e-01
9.999999999999997780e-01
9.999999999999997780e-01
9.999999999999997780e-01
9.999999999999997780e-01
9.999999999999997780e-01
9.999999999999997780e-01
9.999999999999997780e-01
9.999999999999997780e-01
9.999999999999997780e-01
9.999999999999997780e-01
9.999999999999997780e-01
9.999999999999997780e-01
9.999999999999997780e-01
9.999999999999997780e-01
9.999999999999997780e-01
9.999999999999997780e-01
9.999999999999997780e-01
9.999999999999997780e-01
9.999999999999997780e-01
9.999999999999997780e-01
9.999999999999997780e-01
9.999999999999997780e-01
9.999999999999997780e-01
9.999999999999997780e-01
9.999999999999997780e-01
9.999999999999997780e-01
9.999999999999997780e-01
9.999999999999997780e-01
9.999999999999997780e-01
9.999999999999997780e-01
9.999999999999997780e-01
9.999999999999997780e-01
9.999999999999997780e-01
9.999999999999997780e-01
9.999999999999997780e-01
9.999999999999997780e-01
9.999999999999997780e-01
9.999999999999997780e-01
9.999999999999997780e-01
9.999999999999997780e-01
9.999999999999997780e-01
9.999999999999997780e-01
9.999999999999997780e-01
9.999999999999997780e-01
9.999999999999997780e-01
9.999999999999997780e-01
9.999999999999997780e-01
9.999999999999997780e-01
9.999999999999997780e-01
9.999999999999997780e-01
9.999999999999997780e-01
9.999999999999997780e-01
9.999999999999997780e-01
9.999999999999997780e-01
9.999999999999997780e-01
9.999999999999997780e-01
9.999999999999997780e-01
9.999999999999997780e-01
9.999999999999997780e-01
9.999999999999997780e-01
9.999999999999997780e-01
9.999999999999997780e-01
9.999999999999997780e-01
9.999999999999997780e-01
9.999999999999997780e-01
9.999999999999997780e-01
9.999999999999997780e-01
9.999999999999997780e-01
9.999999999999997780e-01
9.999999999999997780e-01
9.999999999999996669e-01
9.999999999999996669e-01
9.999999999999996669e-01
9.999999999999996669e-01
9.999999999999996669e-01
9.999999999999996669e-01
9.999999999999996669e-01
9.999999999999996669e-01
9.999999999999996669e-01
9.999999999999996669e-01
9.999999999999996669e-01
9.999999999999996669e-01
9.999999999999996669e-01
9.999999999999996669e-01
9.999999999999996669e-01
9.999999999999996669e-01
9.999999999999996669e-01
9.999999999999996669e-01
9.999999999999996669e-01
9.999999999999996669e-01
9.999999999999996669e-01
9.999999999999996669e-01
9.999999999999996669e-01
9.999999999999996669e-01
9.999999999999996669e-01
9.999999999999996669e-01
9.999999999999996669e-01
9.999999999999996669e-01
9.999999999999996669e-01
9.999999999999996669e-01
9.999999999999996669e-01
9.999999999999996669e-01
9.999999999999996669e-01
9.999999999999996669e-01
9.999999999999996669e-01
9.999999999999996669e-01
9.999999999999996669e-01
9.999999999999996669e-01
9.999999999999995559e-01
9.999999999999995559e-01
9.999999999999995559e-01
9.999999999999995559e-01
9.999999999999995559e-01
9.999999999999995559e-01
9.999999999999995559e-01
9.999999999999995559e-01
9.999999999999995559e-01
9.999999999999995559e-01
9.999999999999995559e-01
9.999999999999995559e-01
9.999999999999995559e-01
9.999999999999995559e-01
9.999999999999995559e-01
9.999999999999995559e-01
9.999999999999995559e-01
9.999999999999995559e-01
9.999999999999995559e-01
9.999999999999995559e-01
9.999999999999995559e-01
9.999999999999995559e-01
9.999999999999995559e-01
9.999999999999995559e-01
9.999999999999995559e-01
9.999999999999995559e-01
9.999999999999995559e-01
9.999999999999994449e-01
9.999999999999994449e-01
9.999999999999994449e-01
9.999999999999994449e-01
9.999999999999993339e-01
9.999999999999993339e-01
9.999999999999993339e-01
9.999999999999993339e-01
9.999999999999993339e-01
9.999999999999992228e-01
9.999999999999992228e-01
9.999999999999990008e-01
9.999999999999990008e-01
9.999999999999990008e-01
9.999999999999990008e-01
9.999999999999988898e-01
9.999999999999988898e-01
9.999999999999988898e-01
9.999999999999988898e-01
9.999999999999987788e-01
9.999999999999987788e-01
9.999999999999987788e-01
9.999999999999987788e-01
9.999999999999986677e-01
9.999999999999986677e-01
9.999999999999985567e-01
9.999999999999985567e-01
9.999999999999984457e-01
9.999999999999984457e-01
9.999999999999984457e-01
9.999999999999982236e-01
9.999999999999980016e-01
9.999999999999978906e-01
9.999999999999975575e-01
9.999999999999967804e-01
9.999999999999963363e-01
9.968690730580629378e-01
9.906431305229534967e-01
9.545182849847734241e-01
8.934096612268923598e-01
7.897998996310796604e-01
7.575708890519061711e-01
7.500091330208092932e-01
7.203853748569811755e-01
6.805864458347353763e-01
6.369221391202877225e-01
6.280035624278597073e-01
6.251151230556781790e-01
5.888715763364440470e-01
5.875529326266250019e-01
5.450959087764761790e-01
3.952432117119203392e-01
3.068158296302136434e-01
3.035378548381113539e-01
2.153695857345726272e-01
1.926647741174612183e-01
