# Singular values
1.526979452418982142e+01
1.097968065806875693e+01
1.007021012058648601e+01
9.570296393926676970e+00
9.352349955359800404e+00
9.264787210787003957e+00
9.113409172135263248e+00
9.025490863110311679e+00
9.000000000000014211e+00
8.999999999999998224e+00
8.999999999999982236e+00
8.937890315135494035e+00
8.736729241507731558e+00
8.416799972317463130e+00
8.287240799849293182e+00
8.225799861117694789e+00
8.165646186937857820e+00
7.937459502977573855e+00
7.780543279103482313e+00
7.678960758786353757e+00
7.619510343819439591e+00
7.503491892793737961e+00
7.466816028865397747e+00
7.198402988189863905e+00
7.100909620095106511e+00
7.021055876545522878e+00
7.000000000000005329e+00
7.000000000000000888e+00
6.999999999999997335e+00
6.937568549001174034e+00
6.889382580829433778e+00
6.875496800399546693e+00
6.709078546318969494e+00
6.600295606268896442e+00
6.514904820771995730e+00
6.479185744068385766e+00
6.351080499992548312e+00
6.232895988047265412e+00
6.209049769721581846e+00
6.181085574095565249e+00
6.145845025343579238e+00
6.114201909319749717e+00
6.112002753030850499e+00
6.098269054148630630e+00
6.000000000000002665e+00
6.000000000000001776e+00
6.000000000000000000e+00
6.000000000000000000e+00
5.999999999999999112e+00
5.999999999999998224e+00
5.999999999999998224e+00
5.999999999999998224e+00
5.999999999999994671e+00
5.988803526739293837e+00
5.988090184963696494e+00
5.927866843474819625e+00
5.794827242097877473e+00
5.773063962323596421e+00
5.723467414731193692e+00
5.683958056513765733e+00
5.660816245926954871e+00
5.630334343954109144e+00
5.617674431006587810e+00
5.552965070514215284e+00
5.530797836699107073e+00
5.426443577802700702e+00
5.367219204282015710e+00
5.362578565668247421e+00
5.310444903915244375e+00
5.292721129467133245e+00
5.277487503309050254e+00
5.256131360998016255e+00
5.181779525036629863e+00
5.159073791025772238e+00
5.152406983159157683e+00
5.130798124987848929e+00
5.115712021272840637e+00
5.087406090299323225e+00
5.046871626768481889e+00
5.042760256393962415e+00
5.000000000000000888e+00
5.000000000000000888e+00
5.000000000000000000e+00
5.000000000000000000e+00
5.000000000000000000e+00
4.999999999999999112e+00
4.999999999999999112e+00
4.999999999999999112e+00
4.999999999999999112e+00
4.999999999999999112e+00
4.999999999999992895e+00
4.999999999999991118e+00
4.992617181153931050e+00
4.885087393619365059e+00
4.791563909204572980e+00
4.770248992145947220e+00
4.763057668491995855e+00
4.733558275498483958e+00
4.713974047083863361e+00
4.701562118716425154e+00
4.701562118716425154e+00
4.645130564703471521e+00
4.601956448791884036e+00
4.573846935106428369e+00
4.524834182696769957e+00
4.518816693272293961e+00
4.473555436918478456e+00
4.466386182274831640e+00
4.437819856157813270e+00
4.370855522027021323e+00
4.362425985302494702e+00
4.320884499447489979e+00
4.315913607455282630e+00
4.302710802085420561e+00
4.246061657432263381e+00
4.232469647815306324e+00
4.221564667150403238e+00
4.214222830847881518e+00
4.211274131503183860e+00
4.193602012236425480e+00
4.155859351936367574e+00
4.141336115655365191e+00
4.141336115655362526e+00
4.137262012762402463e+00
4.114073393230080811e+00
4.092651055381869796e+00
4.049264132456243281e+00
4.000000000000006217e+00
4.000000000000004441e+00
4.000000000000001776e+00
4.000000000000000888e+00
4.000000000000000888e+00
4.000000000000000888e+00
4.000000000000000888e+00
4.000000000000000888e+00
4.000000000000000888e+00
4.000000000000000888e+00
4.000000000000000888e+00
4.000000000000000000e+00
4.000000000000000000e+00
4.000000000000000000e+00
4.000000000000000000e+00
3.999999999999999556e+00
3.999999999999999556e+00
3.999999999999999556e+00
3.999999999999999556e+00
3.999999999999999556e+00
3.999999999999999556e+00
3.999999999999999112e+00
3.999999999999998668e+00
3.999999999999998668e+00
3.999999999999998668e+00
3.999999999999998668e+00
3.999999999999996447e+00
3.999999999999996447e+00
3.999999999999996003e+00
3.999999999999994671e+00
3.985158817993858626e+00
3.912777134721284966e+00
3.902067225607866785e+00
3.864707198822240120e+00
3.828427124746196952e+00
3.828427124746192955e+00
3.786921584290547482e+00
3.720340388105769502e+00
3.697594751296847893e+00
3.655291400100301846e+00
3.620372820797521207e+00
3.614539392644067650e+00
3.614064678300718647e+00
3.591136869379776275e+00
3.571652706650504161e+00
3.536504607348712970e+00
3.526439728494295878e+00
3.523423384323062901e+00
3.472511622906471640e+00
3.458376547234129017e+00
3.446057042845474871e+00
3.401261346556462950e+00
3.387808073136819864e+00
3.358609991766245528e+00
3.341856139801305581e+00
3.336846583547639522e+00
3.329456896205019945e+00
3.301041224768339166e+00
3.261802245259972199e+00
3.257657475837386851e+00
3.195008266351692328e+00
3.193741816383429022e+00
3.187655531409222753e+00
3.179422839417152868e+00
3.176935581556658228e+00
3.100605347382093147e+00
3.097294142785373516e+00
3.080897710562887859e+00
3.012051395611555993e+00
3.010558034510766756e+00
3.000000000000002220e+00
3.000000000000001332e+00
3.000000000000000888e+00
3.000000000000000888e+00
3.000000000000000888e+00
3.000000000000000888e+00
3.000000000000000000e+00
3.000000000000000000e+00
3.000000000000000000e+00
3.000000000000000000e+00
2.999999999999999556e+00
2.999999999999999556e+00
2.999999999999999112e+00
2.999999999999999112e+00
2.999999999999999112e+00
2.999999999999998224e+00
2.999999999999994671e+00
2.978277255282262281e+00
2.960278619417493484e+00
2.949213202625942554e+00
2.918120537425516137e+00
2.911816006856486894e+00
2.903357361315940910e+00
2.897991984197686222e+00
2.866629445074748705e+00
2.855916088505617179e+00
2.838932624328419418e+00
2.822217326771911505e+00
2.797199980491372973e+00
2.791287847477920359e+00
2.784451162898248455e+00
2.780890780986763566e+00
2.763505929625346358e+00
2.759320278671818283e+00
2.747916068389256949e+00
2.740930476821662243e+00
2.728897259737496306e+00
2.692394661347238483e+00
2.676598669804583608e+00
2.650287084663475401e+00
2.649488174989663491e+00
2.608314144038362592e+00
2.596535336346452727e+00
2.591773975141554054e+00
2.590480927753965990e+00
2.570103146493660784e+00
2.562200481665737772e+00
2.561552812808830737e+00
2.561552812808830293e+00
2.538009976032380433e+00
2.537134527212633550e+00
2.522701190490796108e+00
2.521353388296007747e+00
2.466384343384103506e+00
2.463314869396013407e+00
2.458448315636946102e+00
2.451031992277682647e+00
2.444569012888452519e+00
2.439619313702408032e+00
2.438036875109169443e+00
2.413627777602396218e+00
2.401687477004971871e+00
2.389053813492411305e+00
2.387991359900890842e+00
2.385798980488898824e+00
2.377298725848294936e+00
2.374792570165674022e+00
2.352349955359813727e+00
2.351939201553460812e+00
2.342543288408251101e+00
2.332814879568803068e+00
2.315957032362652601e+00
2.296117433515967310e+00
2.291536828864616737e+00
2.278633868799961437e+00
2.265188780644471489e+00
2.264276712572159234e+00
2.248737616199186995e+00
2.244445728980420274e+00
2.233359528104956748e+00
2.224757514376548784e+00
2.212888964003258963e+00
2.206077338136164467e+00
2.193506265544407974e+00
2.190610930847796123e+00
2.188363131296206632e+00
2.180553981300002775e+00
2.180391912757704276e+00
2.164588119095442575e+00
2.158077752992491494e+00
2.156514348342363885e+00
2.144901115845551764e+00
2.134614220514228222e+00
2.113399245412030503e+00
2.111861222001346405e+00
2.101851727208482234e+00
2.083810721501377472e+00
2.032928390457182211e+00
2.026932073838054738e+00
2.021960339963934761e+00
2.000000000000000888e+00
2.000000000000000888e+00
2.000000000000000888e+00
2.000000000000000888e+00
2.000000000000000444e+00
2.000000000000000444e+00
2.000000000000000444e+00
2.000000000000000444e+00
2.000000000000000444e+00
2.000000000000000444e+00
2.000000000000000444e+00
2.000000000000000444e+00
2.000000000000000444e+00
2.000000000000000444e+00
2.000000000000000444e+00
2.000000000000000444e+00
2.000000000000000444e+00
2.000000000000000444e+00
2.000000000000000444e+00
2.000000000000000000e+00
2.000000000000000000e+00
2.000000000000000000e+00
2.000000000000000000e+00
2.000000000000000000e+00
2.000000000000000000e+00
1.999999999999999778e+00
1.999999999999999778e+00
1.999999999999999778e+00
1.999999999999999778e+00
1.999999999999999778e+00
1.999999999999999778e+00
1.999999999999999778e+00
1.999999999999999778e+00
1.999999999999999556e+00
1.999999999999999334e+00
1.999999999999999334e+00
1.999999999999999334e+00
1.999999999999999334e+00
1.999999999999998668e+00
1.999999999999998668e+00
1.999999999999998446e+00
1.999999999999997558e+00
1.995543793841809688e+00
1.993921985253086948e+00
1.991636636805942606e+00
1.977675089027179700e+00
1.968582693740227318e+00
1.966518070769303073e+00
1.947530514853026196e+00
1.941553721106026531e+00
1.938632577339123975e+00
1.936035924700479915e+00
1.932270152430000998e+00
1.931440321741018540e+00
1.931407849938994836e+00
1.926850025286855894e+00
1.926498045493820532e+00
1.918221049918079624e+00
1.915978538839040457e+00
1.911073048750606018e+00
1.909515966155955979e+00
1.904669409250854706e+00
1.899517573873404253e+00
1.898509802088477638e+00
1.892725161681894086e+00
1.890471127597575629e+00
1.881970916153901996e+00
1.878024105027245927e+00
1.869407985934336658e+00
1.857338646285662476e+00
1.843025328606962665e+00
1.842253423758829944e+00
1.839126655112704123e+00
1.828427124746191845e+00
1.828427124746190957e+00
1.818856963518793446e+00
1.815211729357927517e+00
1.810464064496495773e+00
1.810051222071023203e+00
1.809809599494240917e+00
1.793962159550576585e+00
1.791976618059522464e+00
1.791471830887098715e+00
1.791287847477919692e+00
1.786420226230603037e+00
1.785598564937828758e+00
1.779940602078311285e+00
1.777744614397219314e+00
1.771971036338138683e+00
1.771956495724325675e+00
1.770058352839502414e+00
1.763556401986277722e+00
1.757160434696243945e+00
1.753168647531612834e+00
1.746207713599564615e+00
1.739473680564636915e+00
1.737806607640073997e+00
1.736399035220393516e+00
1.735489498215870174e+00
1.727799809460359715e+00
1.726390209535761500e+00
1.725646654498958377e+00
1.724413567509856415e+00
1.721188557434491395e+00
1.719383022355886803e+00
1.715738316276798070e+00
1.708811957342060150e+00
1.704682837073715262e+00
1.701562118716427596e+00
1.701562118716424932e+00
1.698995930781434183e+00
1.692720278643276677e+00
1.692333987607407497e+00
1.686572079620295206e+00
1.683502475403965803e+00
1.677105637138850858e+00
1.672823701000949015e+00
1.671966554924175563e+00
1.668055712902297705e+00
1.661891448582272224e+00
1.660595916381170101e+00
1.658545827773996617e+00
1.651614774028538069e+00
1.649523421563061865e+00
1.642840212511272879e+00
1.635748480287731788e+00
1.631523845800540551e+00
1.626859605979999790e+00
1.626198068527301421e+00
1.626198068527290541e+00
1.619006678881193650e+00
1.609372853181061824e+00
1.608913453610211208e+00
1.607779431165245576e+00
1.602212214894943809e+00
1.601679131883153584e+00
1.596177000518352651e+00
1.595350876663903072e+00
1.592972857978715684e+00
1.591665728578659511e+00
1.591486598522112272e+00
1.586055651175784398e+00
1.579454898054093892e+00
1.576752693337443612e+00
1.575971527455850563e+00
1.570033510596344328e+00
1.566378374302111132e+00
1.565504315110890055e+00
1.561552812808830071e+00
1.561552812808829849e+00
1.557240278021450708e+00
1.555434122211948988e+00
1.544386523904744957e+00
1.542000636047190509e+00
1.540767053570943013e+00
1.540420308310505249e+00
1.535311139305791217e+00
1.529500023883602733e+00
1.527621086270792183e+00
1.525232298010960053e+00
1.521541763591529817e+00
1.519543872820835029e+00
1.513134066345191098e+00
1.511352782460592348e+00
1.502357512037657550e+00
1.494350338045951299e+00
1.484861952871930013e+00
1.484861952871928681e+00
1.479141924472927361e+00
1.478398099484729444e+00
1.476680622240739371e+00
1.462587489291627074e+00
1.461661859033988264e+00
1.459599513265288584e+00
1.456375665665604391e+00
1.455586236718330317e+00
1.452516135118477436e+00
1.450341958021520439e+00
1.449556981215842200e+00
1.444320186585190680e+00
1.430481560565609600e+00
1.428398472967541188e+00
1.423062934048832995e+00
1.421951369364200302e+00
1.406964207318684990e+00
1.399376844927516572e+00
1.395711871317561137e+00
1.392640930095145224e+00
1.390699272883652249e+00
1.381977534456555912e+00
1.374159124238334195e+00
1.373639869831166704e+00
1.370670446759075345e+00
1.364772850480050259e+00
1.360823805158683619e+00
1.356553545531223204e+00
1.352945987044773091e+00
1.339876886623183161e+00
1.331902148464271907e+00
1.330171190750516264e+00
1.314912790327817271e+00
1.312708955982196057e+00
1.310641083592536837e+00
1.308307233479891529e+00
1.282067115554668124e+00
1.275796925819062233e+00
1.265869911128652658e+00
1.261968539043665460e+00
1.256070179046606894e+00
1.255432106840512985e+00
1.253974098022441641e+00
1.243224750879099005e+00
1.232296675034138422e+00
1.216418139826618283e+00
1.188358493060736043e+00
1.163463293972271773e+00
1.155891024506546794e+00
1.135174149381437125e+00
1.096220942624571260e+00
1.046389448369334563e+00
1.027386574426686350e+00
1.025009512274616785e+00
1.006512062227157278e+00
1.000000000000004885e+00
1.000000000000004663e+00
1.000000000000003331e+00
1.000000000000003331e+00
1.000000000000002887e+00
1.000000000000002665e+00
1.000000000000002442e+00
1.000000000000001776e+00
1.000000000000001776e+00
1.000000000000001776e+00
1.000000000000001554e+00
1.000000000000001554e+00
1.000000000000001554e+00
1.000000000000001554e+00
1.000000000000001332e+00
1.000000000000001332e+00
1.000000000000001332e+00
1.000000000000001332e+00
1.000000000000001332e+00
1.000000000000001110e+00
1.000000000000001110e+00
1.000000000000001110e+00
1.000000000000001110e+00
1.000000000000001110e+00
1.000000000000001110e+00
1.000000000000001110e+00
1.000000000000001110e+00
1.000000000000001110e+00
1.000000000000000888e+00
1.000000000000000888e+00
1.000000000000000888e+00
1.000000000000000888e+00
1.000000000000000888e+00
1.000000000000000888e+00
1.000000000000000888e+00
1.000000000000000888e+00
1.000000000000000888e+00
1.000000000000000888e+00
1.000000000000000888e+00
1.000000000000000666e+00
1.000000000000000666e+00
1.000000000000000666e+00
1.000000000000000666e+00
1.000000000000000666e+00
1.000000000000000666e+00
1.000000000000000666e+00
1.000000000000000666e+00
1.000000000000000666e+00
1.000000000000000666e+00
1.000000000000000666e+00
1.000000000000000666e+00
1.000000000000000666e+00
1.000000000000000666e+00
1.000000000000000666e+00
1.000000000000000666e+00
1.000000000000000666e+00
1.000000000000000666e+00
1.000000000000000666e+00
1.000000000000000666e+00
1.000000000000000666e+00
1.000000000000000666e+00
1.000000000000000666e+00
1.000000000000000666e+00
1.000000000000000666e+00
1.000000000000000444e+00
1.000000000000000444e+00
1.000000000000000444e+00
1.000000000000000444e+00
1.000000000000000444e+00
1.000000000000000444e+00
1.000000000000000444e+00
1.000000000000000444e+00
1.000000000000000444e+00
1.000000000000000444e+00
1.000000000000000444e+00
1.000000000000000444e+00
1.000000000000000444e+00
1.000000000000000444e+00
1.000000000000000444e+00
1.000000000000000444e+00
1.000000000000000444e+00
1.000000000000000444e+00
1.000000000000000444e+00
1.000000000000000444e+00
1.000000000000000444e+00
1.000000000000000444e+00
1.000000000000000444e+00
1.000000000000000444e+00
1.000000000000000444e+00
1.000000000000000444e+00
1.000000000000000444e+00
1.000000000000000444e+00
1.000000000000000444e+00
1.000000000000000444e+00
1.000000000000000444e+00
1.000000000000000444e+00
1.000000000000000444e+00
1.000000000000000444e+00
1.000000000000000444e+00
1.000000000000000444e+00
1.000000000000000444e+00
1.000000000000000444e+00
1.000000000000000444e+00
1.000000000000000444e+00
1.000000000000000444e+00
1.000000000000000444e+00
1.000000000000000444e+00
1.000000000000000444e+00
1.000000000000000444e+00
1.000000000000000444e+00
1.000000000000000444e+00
1.000000000000000444e+00
1.000000000000000444e+00
1.000000000000000444e+00
1.000000000000000444e+00
1.000000000000000444e+00
1.000000000000000444e+00
1.000000000000000444e+00
1.000000000000000444e+00
1.000000000000000444e+00
1.000000000000000444e+00
1.000000000000000444e+00
1.000000000000000444e+00
1.000000000000000444e+00
1.000000000000000444e+00
1.000000000000000444e+00
1.000000000000000444e+00
1.000000000000000444e+00
1.000000000000000444e+00
1.000000000000000444e+00
1.000000000000000444e+00
1.000000000000000444e+00
1.000000000000000444e+00
1.000000000000000444e+00
1.000000000000000444e+00
1.000000000000000444e+00
1.000000000000000444e+00
1.000000000000000222e+00
1.000000000000000222e+00
1.000000000000000222e+00
1.000000000000000222e+00
1.000000000000000222e+00
1.000000000000000222e+00
1.000000000000000222e+00
1.000000000000000222e+00
1.000000000000000222e+00
1.000000000000000222e+00
1.000000000000000222e+00
1.000000000000000222e+00
1.000000000000000222e+00
1.000000000000000222e+00
1.000000000000000222e+00
1.000000000000000222e+00
1.000000000000000222e+00
1.000000000000000222e+00
1.000000000000000222e+00
1.000000000000000222e+00
1.000000000000000222e+00
1.000000000000000222e+00
1.000000000000000222e+00
1.000000000000000222e+00
1.000000000000000222e+00
1.000000000000000222e+00
1.000000000000000222e+00
1.000000000000000222e+00
1.000000000000000222e+00
1.000000000000000222e+00
1.000000000000000222e+00
1.000000000000000222e+00
1.000000000000000222e+00
1.000000000000000222e+00
1.000000000000000222e+00
1.000000000000000222e+00
1.000000000000000222e+00
1.000000000000000222e+00
1.000000000000000222e+00
1.000000000000000222e+00
1.000000000000000222e+00
1.000000000000000222e+00
1.000000000000000222e+00
1.000000000000000222e+00
1.000000000000000222e+00
1.000000000000000222e+00
1.000000000000000222e+00
1.000000000000000222e+00
1.000000000000000222e+00
1.000000000000000222e+00
1.000000000000000222e+00
1.000000000000000222e+00
1.000000000000000222e+00
1.000000000000000222e+00
1.000000000000000222e+00
1.000000000000000222e+00
1.000000000000000222e+00
1.000000000000000222e+00
1.000000000000000222e+00
1.000000000000000222e+00
1.000000000000000222e+00
1.000000000000000222e+00
1.000000000000000222e+00
1.000000000000000222e+00
1.000000000000000222e+00
1.000000000000000222e+00
1.000000000000000222e+00
1.000000000000000222e+00
1.000000000000000222e+00
1.000000000000000222e+00
1.000000000000000222e+00
1.000000000000000222e+00
1.000000000000000222e+00
1.000000000000000222e+00
1.000000000000000222e+00
1.000000000000000222e+00
1.000000000000000222e+00
1.000000000000000222e+00
1.000000000000000222e+00
1.000000000000000222e+00
1.000000000000000222e+00
1.000000000000000222e+00
1.000000000000000222e+00
1.000000000000000222e+00
1.000000000000000222e+00
1.000000000000000222e+00
1.000000000000000222e+00
1.000000000000000222e+00
1.000000000000000222e+00
1.000000000000000222e+00
1.000000000000000222e+00
1.000000000000000222e+00
1.000000000000000222e+00
1.000000000000000222e+00
1.000000000000000222e+00
1.000000000000000222e+00
1.000000000000000222e+00
1.000000000000000222e+00
1.000000000000000222e+00
1.000000000000000222e+00
1.000000000000000222e+00
1.000000000000000222e+00
1.000000000000000222e+00
1.000000000000000222e+00
1.000000000000000222e+00
1.000000000000000222e+00
1.000000000000000222e+00
1.000000000000000222e+00
1.000000000000000222e+00
1.000000000000000222e+00
1.000000000000000222e+00
1.000000000000000222e+00
1.000000000000000222e+00
1.000000000000000222e+00
1.000000000000000222e+00
1.000000000000000222e+00
1.000000000000000222e+00
1.000000000000000222e+00
1.000000000000000222e+00
1.000000000000000222e+00
1.000000000000000222e+00
1.000000000000000222e+00
1.000000000000000222e+00
1.000000000000000222e+00
1.000000000000000222e+00
1.000000000000000222e+00
1.000000000000000222e+00
1.000000000000000222e+00
1.000000000000000222e+00
1.000000000000000222e+00
1.000000000000000222e+00
1.000000000000000222e+00
1.000000000000000222e+00
1.000000000000000222e+00
1.000000000000000222e+00
1.000000000000000222e+00
1.000000000000000222e+00
1.000000000000000222e+00
1.000000000000000222e+00
1.000000000000000222e+00
1.000000000000000222e+00
1.000000000000000222e+00
1.000000000000000222e+00
1.000000000000000222e+00
1.000000000000000222e+00
1.000000000000000222e+00
1.000000000000000222e+00
1.000000000000000222e+00
1.000000000000000222e+00
1.000000000000000222e+00
1.000000000000000222e+00
1.000000000000000222e+00
1.000000000000000222e+00
1.000000000000000222e+00
1.000000000000000222e+00
1.000000000000000222e+00
1.000000000000000222e+00
1.000000000000000222e+00
1.000000000000000222e+00
1.000000000000000222e+00
1.000000000000000222e+00
1.000000000000000222e+00
1.000000000000000222e+00
1.000000000000000222e+00
1.000000000000000222e+00
1.000000000000000222e+00
1.000000000000000222e+00
1.000000000000000222e+00
1.000000000000000222e+00
1.000000000000000222e+00
1.000000000000000222e+00
1.000000000000000222e+00
1.000000000000000222e+00
1.000000000000000222e+00
1.000000000000000222e+00
1.000000000000000222e+00
1.000000000000000222e+00
1.000000000000000222e+00
1.000000000000000222e+00
1.000000000000000222e+00
1.000000000000000222e+00
1.000000000000000222e+00
1.000000000000000222e+00
1.000000000000000222e+00
1.000000000000000222e+00
1.000000000000000222e+00
1.000000000000000222e+00
1.000000000000000222e+00
1.000000000000000222e+00
1.000000000000000222e+00
1.000000000000000222e+00
1.000000000000000222e+00
1.000000000000000222e+00
1.000000000000000222e+00
1.000000000000000222e+00
1.000000000000000222e+00
1.000000000000000222e+00
1.000000000000000222e+00
1.000000000000000222e+00
1.000000000000000222e+00
1.000000000000000222e+00
1.000000000000000222e+00
1.000000000000000222e+00
1.000000000000000222e+00
1.000000000000000222e+00
1.000000000000000222e+00
1.000000000000000222e+00
1.000000000000000222e+00
1.000000000000000222e+00
1.000000000000000222e+00
1.000000000000000222e+00
1.000000000000000222e+00
1.000000000000000222e+00
1.000000000000000222e+00
1.000000000000000222e+00
1.000000000000000222e+00
1.000000000000000222e+00
1.000000000000000222e+00
1.000000000000000222e+00
1.000000000000000222e+00
1.000000000000000222e+00
1.000000000000000222e+00
1.000000000000000222e+00
1.000000000000000222e+00
1.000000000000000222e+00
1.000000000000000222e+00
1.000000000000000222e+00
1.000000000000000222e+00
1.000000000000000222e+00
1.000000000000000222e+00
1.000000000000000222e+00
1.000000000000000222e+00
1.000000000000000222e+00
1.000000000000000222e+00
1.000000000000000222e+00
1.000000000000000222e+00
1.000000000000000222e+00
1.000000000000000222e+00
1.000000000000000222e+00
1.000000000000000222e+00
1.000000000000000222e+00
1.000000000000000000e+00
1.000000000000000000e+00
1.000000000000000000e+00
1.000000000000000000e+00
1.000000000000000000e+00
1.000000000000000000e+00
1.000000000000000000e+00
1.000000000000000000e+00
1.000000000000000000e+00
1.000000000000000000e+00
1.000000000000000000e+00
1.000000000000000000e+00
1.000000000000000000e+00
1.000000000000000000e+00
1.000000000000000000e+00
1.000000000000000000e+00
1.000000000000000000e+00
1.000000000000000000e+00
1.000000000000000000e+00
1.000000000000000000e+00
1.000000000000000000e+00
1.000000000000000000e+00
1.000000000000000000e+00
1.000000000000000000e+00
1.000000000000000000e+00
1.000000000000000000e+00
1.000000000000000000e+00
1.000000000000000000e+00
1.000000000000000000e+00
1.000000000000000000e+00
1.000000000000000000e+00
1.000000000000000000e+00
1.000000000000000000e+00
1.000000000000000000e+00
1.000000000000000000e+00
1.000000000000000000e+00
1.000000000000000000e+00
1.000000000000000000e+00
1.000000000000000000e+00
1.000000000000000000e+00
1.000000000000000000e+00
1.000000000000000000e+00
1.000000000000000000e+00
1.000000000000000000e+00
1.000000000000000000e+00
1.000000000000000000e+00
1.000000000000000000e+00
1.000000000000000000e+00
1.000000000000000000e+00
1.000000000000000000e+00
1.000000000000000000e+00
1.000000000000000000e+00
1.000000000000000000e+00
1.000000000000000000e+00
1.000000000000000000e+00
1.000000000000000000e+00
1.000000000000000000e+00
1.000000000000000000e+00
1.000000000000000000e+00
1.000000000000000000e+00
1.000000000000000000e+00
1.000000000000000000e+00
1.000000000000000000e+00
1.000000000000000000e+00
1.000000000000000000e+00
1.000000000000000000e+00
1.000000000000000000e+00
1.000000000000000000e+00
1.000000000000000000e+00
1.000000000000000000e+00
1.000000000000000000e+00
1.000000000000000000e+00
1.000000000000000000e+00
1.000000000000000000e+00
1.000000000000000000e+00
1.000000000000000000e+00
1.000000000000000000e+00
1.000000000000000000e+00
1.000000000000000000e+00
1.000000000000000000e+00
1.000000000000000000e+00
1.000000000000000000e+00
1.000000000000000000e+00
1.000000000000000000e+00
1.000000000000000000e+00
1.000000000000000000e+00
1.000000000000000000e+00
1.000000000000000000e+00
1.000000000000000000e+00
1.000000000000000000e+00
1.000000000000000000e+00
1.000000000000000000e+00
1.000000000000000000e+00
1.000000000000000000e+00
1.000000000000000000e+00
1.000000000000000000e+00
1.000000000000000000e+00
1.000000000000000000e+00
1.000000000000000000e+00
1.000000000000000000e+00
1.000000000000000000e+00
1.000000000000000000e+00
1.000000000000000000e+00
1.000000000000000000e+00
1.000000000000000000e+00
1.000000000000000000e+00
1.000000000000000000e+00
1.000000000000000000e+00
1.000000000000000000e+00
1.000000000000000000e+00
1.000000000000000000e+00
1.000000000000000000e+00
1.000000000000000000e+00
1.000000000000000000e+00
1.000000000000000000e+00
1.000000000000000000e+00
1.000000000000000000e+00
1.000000000000000000e+00
1.000000000000000000e+00
1.000000000000000000e+00
1.000000000000000000e+00
1.000000000000000000e+00
1.000000000000000000e+00
1.000000000000000000e+00
1.000000000000000000e+00
1.000000000000000000e+00
1.000000000000000000e+00
1.000000000000000000e+00
1.000000000000000000e+00
1.000000000000000000e+00
1.000000000000000000e+00
1.000000000000000000e+00
1.000000000000000000e+00
1.000000000000000000e+00
1.000000000000000000e+00
1.000000000000000000e+00
1.000000000000000000e+00
1.000000000000000000e+00
1.000000000000000000e+00
1.000000000000000000e+00
1.000000000000000000e+00
1.000000000000000000e+00
1.000000000000000000e+00
1.000000000000000000e+00
1.000000000000000000e+00
1.000000000000000000e+00
1.000000000000000000e+00
1.000000000000000000e+00
1.000000000000000000e+00
1.000000000000000000e+00
1.000000000000000000e+00
1.000000000000000000e+00
1.000000000000000000e+00
1.000000000000000000e+00
1.000000000000000000e+00
1.000000000000000000e+00
1.000000000000000000e+00
1.000000000000000000e+00
1.000000000000000000e+00
1.000000000000000000e+00
1.000000000000000000e+00
1.000000000000000000e+00
1.000000000000000000e+00
1.000000000000000000e+00
1.000000000000000000e+00
1.000000000000000000e+00
1.000000000000000000e+00
1.000000000000000000e+00
1.000000000000000000e+00
1.000000000000000000e+00
1.000000000000000000e+00
1.000000000000000000e+00
1.000000000000000000e+00
1.000000000000000000e+00
1.000000000000000000e+00
1.000000000000000000e+00
1.000000000000000000e+00
1.000000000000000000e+00
1.000000000000000000e+00
1.000000000000000000e+00
1.000000000000000000e+00
1.000000000000000000e+00
1.000000000000000000e+00
1.000000000000000000e+00
1.000000000000000000e+00
1.000000000000000000e+00
1.000000000000000000e+00
1.000000000000000000e+00
1.000000000000000000e+00
1.000000000000000000e+00
1.000000000000000000e+00
1.000000000000000000e+00
1.000000000000000000e+00
1.000000000000000000e+00
1.000000000000000000e+00
1.000000000000000000e+00
1.000000000000000000e+00
1.000000000000000000e+00
1.000000000000000000e+00
1.000000000000000000e+00
1.000000000000000000e+00
1.000000000000000000e+00
1.000000000000000000e+00
1.000000000000000000e+00
1.000000000000000000e+00
1.000000000000000000e+00
1.000000000000000000e+00
1.000000000000000000e+00
1.000000000000000000e+00
1.000000000000000000e+00
1.000000000000000000e+00
1.000000000000000000e+00
1.000000000000000000e+00
1.000000000000000000e+00
1.000000000000000000e+00
1.000000000000000000e+00
1.000000000000000000e+00
1.000000000000000000e+00
1.000000000000000000e+00
1.000000000000000000e+00
1.000000000000000000e+00
1.000000000000000000e+00
1.000000000000000000e+00
1.000000000000000000e+00
1.000000000000000000e+00
1.000000000000000000e+00
1.000000000000000000e+00
1.000000000000000000e+00
1.000000000000000000e+00
1.000000000000000000e+00
1.000000000000000000e+00
9.999999999999998890e-01
9.999999999999998890e-01
9.999999999999998890e-01
9.999999999999998890e-01
9.999999999999998890e-01
9.999999999999998890e-01
9.999999999999998890e-01
9.999999999999998890e-01
9.999999999999998890e-01
9.999999999999998890e-01
9.999999999999998890e-01
9.999999999999998890e-01
9.999999999999998890e-01
9.999999999999998890e-01
9.999999999999998890e-01
9.999999999999998890e-01
9.999999999999998890e-01
9.999999999999998890e-01
9.999999999999998890e-01
9.999999999999998890e-01
9.999999999999998890e-01
9.999999999999998890e-01
9.999999999999998890e-01
9.999999999999998890e-01
9.999999999999998890e-01
9.999999999999998890e-01
9.999999999999998890e-01
9.999999999999998890e-01
9.999999999999998890e-01
9.999999999999998890e-01
9.999999999999998890e-01
9.999999999999998890e-01
9.999999999999998890e-01
9.999999999999998890e-01
9.999999999999998890e-01
9.999999999999998890e-01
9.999999999999998890e-01
9.999999999999998890e-01
9.999999999999998890e-01
9.999999999999998890e-01
9.999999999999998890e-01
9.999999999999998890e-01
9.999999999999998890e-01
9.999999999999998890e-01
9.999999999999998890e-01
9.999999999999998890e-01
9.999999999999998890e-01
9.999999999999998890e-01
9.999999999999998890e-01
9.999999999999998890e-01
9.999999999999998890e-01
9.999999999999998890e-01
9.999999999999998890e-01
9.999999999999998890e-01
9.999999999999998890e-01
9.999999999999998890e-01
9.999999999999998890e-01
9.999999999999998890e-01
9.999999999999998890e-01
9.999999999999998890e-01
9.999999999999998890e-01
9.999999999999998890e-01
9.999999999999998890e-01
9.999999999999998890e-01
9.999999999999998890e-01
9.999999999999998890e-01
9.999999999999998890e-01
9.999999999999998890e-01
9.999999999999998890e-01
9.999999999999998890e-01
9.999999999999998890e-01
9.999999999999998890e-01
9.999999999999998890e-01
9.999999999999998890e-01
9.999999999999998890e-01
9.999999999999998890e-01
9.999999999999998890e-01
9.999999999999998890e-01
9.999999999999998890e-01
9.999999999999998890e-01
9.999999999999998890e-01
9.999999999999998890e-01
9.999999999999998890e-01
9.999999999999998890e-01
9.999999999999998890e-01
9.999999999999998890e-01
9.999999999999998890e-01
9.999999999999998890e-01
9.999999999999998890e-01
9.999999999999998890e-01
9.999999999999998890e-01
9.999999999999998890e-01
9.999999999999998890e-01
9.999999999999998890e-01
9.999999999999998890e-01
9.999999999999998890e-01
9.999999999999998890e-01
9.999999999999998890e-01
9.999999999999998890e-01
9.999999999999998890e-01
9.999999999999998890e-01
9.999999999999998890e-01
9.999999999999998890e-01
9.999999999999998890e-01
9.999999999999998890e-01
9.999999999999998890e-01
9.999999999999998890e-01
9.999999999999998890e-01
9.999999999999998890e-01
9.999999999999998890e-01
9.999999999999998890e-01
9.999999999999998890e-01
9.999999999999998890e-01
9.999999999999998890e-01
9.999999999999998890e-01
9.999999999999998890e-01
9.999999999999998890e-01
9.999999999999998890e-01
9.999999999999998890e-01
9.999999999999998890e-01
9.999999999999998890e-01
9.999999999999998890e-01
9.999999999999998890e-01
9.999999999999998890e-01
9.999999999999998890e-01
9.999999999999998890e-01
9.999999999999998890e-01
9.999999999999998890e-01
9.999999999999998890e-01
9.999999999999998890e-01
9.999999999999998890e-01
9.999999999999998890e-01
9.999999999999998890e-01
9.999999999999998890e-01
9.999999999999998890e-01
9.999999999999998890e-01
9.999999999999998890e-01
9.999999999999998890e-01
9.999999999999998890e-01
9.999999999999998890e-01
9.999999999999998890e-01
9.999999999999998890e-01
9.999999999999998890e-01
9.999999999999998890e-01
9.999999999999998890e-01
9.999999999999998890e-01
9.999999999999998890e-01
9.999999999999998890e-01
9.999999999999998890e-01
9.999999999999998890e-01
9.999999999999998890e-01
9.999999999999998890e-01
9.999999999999998890e-01
9.999999999999998890e-01
9.999999999999998890e-01
9.999999999999998890e-01
9.999999999999997780e-01
9.999999999999997780e-01
9.999999999999997780e-01
9.999999999999997780e-01
9.999999999999997780e-01
9.999999999999997780e-01
9.999999999999997780e-01
9.999999999999997780e-01
9.999999999999997780e-01
9.999999999999997780e-01
9.999999999999997780e-01
9.999999999999997780e-01
9.999999999999997780e-01
9.999999999999997780e-01
9.999999999999997780e-01
9.999999999999997780e-01
9.999999999999997780e-01
9.999999999999997780e-01
9.999999999999997780e-01
9.999999999999997780e-01
9.999999999999997780e-01
9.999999999999997780e-01
9.999999999999997780e-01
9.999999999999997780e-01
9.999999999999997780e-01
9.999999999999997780e-01
9.999999999999997780e-01
9.999999999999997780e-01
9.999999999999997780e-01
9.999999999999997780e-01
9.999999999999997780e-01
9.999999999999997780e-01
9.999999999999997780e-01
9.999999999999997780e-01
9.999999999999997780e-01
9.999999999999997780e-01
9.999999999999997780e-01
9.999999999999997780e-01
9.999999999999997780e-01
9.999999999999997780e-01
9.999999999999997780e-01
9.999999999999997780e-01
9.999999999999997780e-01
9.999999999999997780e-01
9.999999999999997780e-01
9.999999999999997780e-01
9.999999999999997780e-01
9.999999999999997780e-01
9.999999999999997780e-01
9.999999999999997780e-01
9.999999999999997780e-01
9.999999999999997780e-01
9.999999999999997780e-01
9.999999999999997780e-01
9.999999999999997780e-01
9.999999999999997780e-01
9.999999999999997780e-01
9.999999999999997780e-01
9.999999999999997780e-01
9.999999999999997780e-01
9.999999999999997780e-01
9.999999999999997780e-01
9.999999999999997780e-01
9.999999999999997780e-01
9.999999999999997780e-01
9.999999999999997780e-01
9.999999999999997780e-01
9.999999999999997780e-01
9.999999999999997780e-01
9.999999999999997780e-01
9.999999999999997780e-01
9.999999999999997780e-01
9.999999999999997780e-01
9.999999999999997780e-01
9.999999999999997780e-01
9.999999999999997780e-01
9.999999999999997780e-01
9.999999999999997780e-01
9.999999999999997780e-01
9.999999999999997780e-01
9.999999999999997780e-01
9.999999999999997780e-01
9.999999999999997780e-01
9.999999999999997780e-01
9.999999999999997780e-01
9.999999999999997780e-01
9.999999999999997780e-01
9.999999999999997780e-01
9.999999999999997780e-01
9.999999999999997780e-01
9.999999999999997780e-01
9.999999999999997780e-01
9.999999999999997780e-01
9.999999999999997780e-01
9.999999999999997780e-01
9.999999999999997780e-01
9.999999999999997780e-01
9.999999999999997780e-01
9.999999999999997780e-01
9.999999999999997780e-01
9.999999999999997780e-01
9.999999999999997780e-01
9.999999999999997780e-01
9.999999999999997780e-01
9.999999999999997780e-01
9.999999999999997780e-01
9.999999999999997780e-01
9.999999999999997780e-01
9.999999999999997780e-01
9.999999999999997780e-01
9.999999999999997780e-01
9.999999999999996669e-01
9.999999999999996669e-01
9.999999999999996669e-01
9.999999999999996669e-01
9.999999999999996669e-01
9.999999999999996669e-01
9.999999999999996669e-01
9.999999999999996669e-01
9.999999999999996669e-01
9.999999999999996669e-01
9.999999999999996669e-01
9.999999999999996669e-01
9.999999999999996669e-01
9.999999999999996669e-01
9.999999999999996669e-01
9.999999999999996669e-01
9.999999999999996669e-01
9.999999999999996669e-01
9.999999999999996669e-01
9.999999999999996669e-01
9.999999999999996669e-01
9.999999999999996669e-01
9.999999999999996669e-01
9.999999999999996669e-01
9.999999999999994449e-01
9.999999999999994449e-01
9.999999999999994449e-01
9.999999999999994449e-01
9.999999999999994449e-01
9.999999999999994449e-01
9.999999999999994449e-01
9.999999999999994449e-01
9.999999999999994449e-01
9.999999999999994449e-01
9.999999999999994449e-01
9.999999999999993339e-01
9.999999999999993339e-01
9.999999999999993339e-01
9.999999999999993339e-01
9.999999999999993339e-01
9.999999999999993339e-01
9.999999999999992228e-01
9.999999999999992228e-01
9.999999999999992228e-01
9.999999999999992228e-01
9.999999999999992228e-01
9.999999999999991118e-01
9.999999999999991118e-01
9.999999999999991118e-01
9.999999999999991118e-01
9.999999999999990008e-01
9.999999999999990008e-01
9.999999999999990008e-01
9.999999999999987788e-01
9.999999999999987788e-01
9.999999999999987788e-01
9.999999999999987788e-01
9.999999999999987788e-01
9.999999999999986677e-01
9.999999999999986677e-01
9.999999999999986677e-01
9.999999999999986677e-01
9.999999999999985567e-01
9.999999999999984457e-01
9.999999999999984457e-01
9.999999999999984457e-01
9.999999999999981126e-01
9.999999999999980016e-01
9.999999999999978906e-01
9.999999999999977796e-01
9.999999999999977796e-01
9.999999999999972244e-01
9.999999999999971134e-01
9.999999999999966693e-01
9.501864100621659759e-01
9.153089793109618899e-01
8.306264052027888534e-01
7.686167484198468403e-01
7.651222863066949875e-01
7.318817922580779234e-01
7.192788888893230093e-01
6.957470662113544035e-01
6.119672169204363188e-01
5.500203603424100862e-01
5.318568411625270720e-01
5.006557056192352251e-01
4.925090777969805544e-01
4.598770393153238101e-01
4.512246151844296893e-01
3.579244551789359519e-01
2.890254570532444500e-01
1.970339817345125033e-01
