# Singular values
1.530426520288012604e+01
1.099989190937990102e+01
9.771535700932599156e+00
9.702719168607387701e+00
9.352349955359821720e+00
9.269229004909838920e+00
9.107356606968606272e+00
9.025490863110311679e+00
9.000000000000001776e+00
9.000000000000000000e+00
8.999999999999992895e+00
8.938120260995185973e+00
8.431668103656917879e+00
8.314212632600098019e+00
8.248595978655675509e+00
8.213323701246387998e+00
8.167851562920374064e+00
8.089377155201161074e+00
7.944105731702591378e+00
7.840258167210756746e+00
7.615380039114408639e+00
7.532797642096392465e+00
7.438637365765339737e+00
7.210027061213873267e+00
7.146381152402946135e+00
7.066518775394688312e+00
7.025390032109695149e+00
7.000000000000011546e+00
6.999999999999998224e+00
6.995888246081722883e+00
6.858750703431272022e+00
6.743917488582758857e+00
6.691329109039225287e+00
6.506088811289586715e+00
6.471906921174188199e+00
6.436860413974854644e+00
6.422053943925221553e+00
6.305243134859602527e+00
6.241216129920536204e+00
6.215575265071789701e+00
6.209049769721556977e+00
6.188252036393181221e+00
6.114201909319750605e+00
6.088750469786115893e+00
6.059207169144131377e+00
6.000000000000003553e+00
6.000000000000003553e+00
6.000000000000002665e+00
6.000000000000000000e+00
6.000000000000000000e+00
6.000000000000000000e+00
6.000000000000000000e+00
5.999999999999999112e+00
5.999999999999999112e+00
5.999999999999996447e+00
5.991750559037920532e+00
5.988803526739294725e+00
5.869130646406380158e+00
5.817649801461568515e+00
5.740497014232049722e+00
5.726648652257782857e+00
5.665138309175574705e+00
5.610881723525182885e+00
5.601882505140242330e+00
5.555844550935441717e+00
5.543081043417497078e+00
5.411743750987260348e+00
5.382897427309432992e+00
5.362578565668249198e+00
5.264919742756624110e+00
5.232749377153482762e+00
5.207793230617827618e+00
5.186602176079894377e+00
5.159073791025774902e+00
5.143866489711188983e+00
5.129703307569838167e+00
5.087406090299323225e+00
5.078971568721000196e+00
5.042760256393958862e+00
5.000000000000001776e+00
5.000000000000000888e+00
5.000000000000000888e+00
5.000000000000000888e+00
5.000000000000000000e+00
5.000000000000000000e+00
5.000000000000000000e+00
5.000000000000000000e+00
4.999999999999999112e+00
4.999999999999998224e+00
4.999999999999994671e+00
4.999999999999981348e+00
4.996844443332285834e+00
4.829060488663293960e+00
4.769130771172166661e+00
4.756771867116255770e+00
4.701562118716424266e+00
4.676869545924466465e+00
4.639219720598700469e+00
4.620393791187625609e+00
4.606395885406644020e+00
4.587334302836937994e+00
4.544143432980274788e+00
4.525028072306392701e+00
4.518816693272298401e+00
4.500699003370801421e+00
4.463791295963043915e+00
4.449676159328390668e+00
4.421856698409770026e+00
4.382586968058890697e+00
4.373497271874507319e+00
4.353047165425119935e+00
4.320884499447485538e+00
4.248038637815062302e+00
4.231643244589277764e+00
4.229675023994953875e+00
4.215560627922913639e+00
4.194487848889037807e+00
4.168234800091372705e+00
4.141336115655363415e+00
4.141336115655363415e+00
4.100249093135512446e+00
4.092383689713972039e+00
4.049264132456245058e+00
4.047071288168414327e+00
4.005223815810429855e+00
4.000000000000002665e+00
4.000000000000000888e+00
4.000000000000000888e+00
4.000000000000000888e+00
4.000000000000000888e+00
4.000000000000000888e+00
4.000000000000000888e+00
4.000000000000000888e+00
4.000000000000000000e+00
4.000000000000000000e+00
4.000000000000000000e+00
4.000000000000000000e+00
4.000000000000000000e+00
4.000000000000000000e+00
3.999999999999999556e+00
3.999999999999999556e+00
3.999999999999999556e+00
3.999999999999999556e+00
3.999999999999999556e+00
3.999999999999999556e+00
3.999999999999999556e+00
3.999999999999999112e+00
3.999999999999999112e+00
3.999999999999999112e+00
3.999999999999999112e+00
3.999999999999998224e+00
3.999999999999998224e+00
3.999999999999998224e+00
3.999999999999992006e+00
3.999999999999988454e+00
3.999999999999986233e+00
3.955156561665219339e+00
3.947449585672614170e+00
3.888456770001168739e+00
3.863907049145700601e+00
3.838854627193051705e+00
3.828427124746195620e+00
3.828427124746188071e+00
3.739576518754714307e+00
3.731930392243262062e+00
3.694609211343741872e+00
3.650880609116860853e+00
3.626854998532563545e+00
3.619091666712290767e+00
3.612463730231089354e+00
3.548140696511342895e+00
3.538139383566270446e+00
3.526439728494295878e+00
3.469985612514681517e+00
3.462823908606482259e+00
3.437608314683165744e+00
3.387808073136818976e+00
3.358609991766245528e+00
3.334473077405067265e+00
3.312772202495090745e+00
3.307725221105999314e+00
3.301041224768339166e+00
3.299928738649215543e+00
3.261802245259971755e+00
3.233063001500318556e+00
3.217254832779310014e+00
3.124279387789439255e+00
3.119725843765153162e+00
3.100772490029091166e+00
3.099085116310268173e+00
3.063366133476160158e+00
3.057941327435556911e+00
3.056966075944076433e+00
3.053057863176579900e+00
3.006657520886972801e+00
3.000000000000005773e+00
3.000000000000003997e+00
3.000000000000001776e+00
3.000000000000001776e+00
3.000000000000000444e+00
3.000000000000000444e+00
3.000000000000000444e+00
3.000000000000000000e+00
3.000000000000000000e+00
3.000000000000000000e+00
3.000000000000000000e+00
3.000000000000000000e+00
3.000000000000000000e+00
2.999999999999999556e+00
2.999999999999999556e+00
2.999999999999999556e+00
2.964780785196013735e+00
2.948382888351935627e+00
2.934074830791867150e+00
2.924682104529257032e+00
2.922398974730600507e+00
2.918120537425516137e+00
2.900950665220129565e+00
2.898678882319472905e+00
2.881779949028238530e+00
2.822281350879198847e+00
2.817017808010533475e+00
2.810365383380702298e+00
2.795167860206747346e+00
2.791287847477926132e+00
2.754807768315783445e+00
2.751918901873340317e+00
2.745647851390480731e+00
2.730490426872644427e+00
2.724972172662756265e+00
2.691910107422115672e+00
2.685898442750552562e+00
2.667857363978749063e+00
2.651818576516507875e+00
2.618818383713579667e+00
2.604455562984915318e+00
2.594837011980059671e+00
2.590480927753964657e+00
2.585535789790232464e+00
2.576584232954524989e+00
2.563457567080824173e+00
2.561709822728027053e+00
2.561552812808829849e+00
2.561552812808829849e+00
2.557199804413068378e+00
2.548959651789799885e+00
2.537279197469671121e+00
2.519078019452065664e+00
2.489264935730214123e+00
2.463658952945249503e+00
2.451893921008247546e+00
2.444762976798254606e+00
2.425802420604460607e+00
2.404855667368948957e+00
2.387453608949320571e+00
2.386001648459808333e+00
2.385749622397780989e+00
2.385351406900947158e+00
2.352349955359814171e+00
2.351939201553462144e+00
2.335030738876675560e+00
2.331983470705395245e+00
2.331662601112086453e+00
2.315912170167570228e+00
2.302677078799214794e+00
2.295696558127647613e+00
2.280325229564838185e+00
2.278620802363495734e+00
2.275351354121179615e+00
2.262231033482573483e+00
2.260518101357705145e+00
2.254434707315381203e+00
2.244445728980419830e+00
2.244412865360858600e+00
2.233751063193036401e+00
2.233596240849274217e+00
2.219512642813647130e+00
2.213002821096996531e+00
2.207043584308458595e+00
2.202390943377368515e+00
2.189420641132980183e+00
2.188363131296203079e+00
2.180391912757703832e+00
2.171323542692246811e+00
2.167039851828021391e+00
2.150042900701879311e+00
2.117620242721413248e+00
2.111861222001344185e+00
2.105269436821332274e+00
2.099651356518194234e+00
2.095487607686226550e+00
2.092423538863351418e+00
2.057487324711483545e+00
2.050542040256637222e+00
2.026932073838055182e+00
2.016385975094963978e+00
2.000000000000003553e+00
2.000000000000002220e+00
2.000000000000001332e+00
2.000000000000000888e+00
2.000000000000000888e+00
2.000000000000000888e+00
2.000000000000000888e+00
2.000000000000000888e+00
2.000000000000000888e+00
2.000000000000000444e+00
2.000000000000000444e+00
2.000000000000000444e+00
2.000000000000000444e+00
2.000000000000000444e+00
2.000000000000000444e+00
2.000000000000000444e+00
2.000000000000000444e+00
2.000000000000000444e+00
2.000000000000000000e+00
2.000000000000000000e+00
2.000000000000000000e+00
2.000000000000000000e+00
2.000000000000000000e+00
2.000000000000000000e+00
1.999999999999999778e+00
1.999999999999999778e+00
1.999999999999999778e+00
1.999999999999999778e+00
1.999999999999999778e+00
1.999999999999999778e+00
1.999999999999999778e+00
1.999999999999999778e+00
1.999999999999999556e+00
1.999999999999999556e+00
1.999999999999999112e+00
1.999999999999999112e+00
1.999999999999998890e+00
1.999999999999998890e+00
1.999999999999998668e+00
1.999999999999998668e+00
1.999999999999998668e+00
1.999999999999998668e+00
1.998614741382671589e+00
1.986385150725152426e+00
1.974663554198955673e+00
1.968013769625162279e+00
1.956174117618245445e+00
1.949163811977032479e+00
1.947969263259101025e+00
1.945649383129111953e+00
1.942811706178745990e+00
1.936748022440654360e+00
1.932399421419426444e+00
1.932309550567215206e+00
1.921392592705600366e+00
1.920658532069589919e+00
1.916849782661150359e+00
1.914697231012063794e+00
1.911541267332843574e+00
1.909515966155949984e+00
1.908941308717862384e+00
1.904093777919349861e+00
1.898313390119235278e+00
1.896848820548022951e+00
1.890480271796589617e+00
1.882885369425799649e+00
1.867599628816228874e+00
1.862967869633809448e+00
1.860695897091912299e+00
1.860345202134553011e+00
1.842936111667830446e+00
1.841351122403304119e+00
1.836298360982300037e+00
1.828427124746190735e+00
1.828427124746189625e+00
1.821561904804551268e+00
1.820794290078374456e+00
1.809719288025973150e+00
1.809365119333121497e+00
1.803537986923942515e+00
1.802519194156929849e+00
1.802079206502795516e+00
1.793955238052815426e+00
1.791287847477921469e+00
1.787867895983530131e+00
1.786414747232591749e+00
1.779764693148280452e+00
1.777986917115289334e+00
1.773890397473846470e+00
1.765805054624780990e+00
1.756949350042171787e+00
1.739192560392640363e+00
1.738162447651656395e+00
1.737250520526289588e+00
1.737123443530430578e+00
1.736399035220392406e+00
1.735489498215867288e+00
1.725417438661747127e+00
1.721188557434491617e+00
1.719532400046509535e+00
1.718720507843158440e+00
1.716198676207578933e+00
1.712448052218474848e+00
1.705925758937377745e+00
1.704682837073712820e+00
1.701562118716424488e+00
1.695391156920311948e+00
1.693965615390199630e+00
1.685326293098465822e+00
1.678140543417971697e+00
1.677105637138861516e+00
1.672823701000948127e+00
1.667993729528727487e+00
1.665405972920121158e+00
1.665239290805109018e+00
1.661891448582271780e+00
1.660825690564839530e+00
1.653713147306888231e+00
1.651614774028535848e+00
1.649532572561691390e+00
1.646467528061541508e+00
1.642840212511273545e+00
1.642412499244661372e+00
1.632746845778559219e+00
1.626198068527293428e+00
1.626198068527293206e+00
1.624812710178961783e+00
1.623786817144037053e+00
1.623769480354669392e+00
1.621614351399886855e+00
1.607779431165245132e+00
1.601679131883154028e+00
1.598439522949916425e+00
1.596883849986287407e+00
1.595460965484063465e+00
1.592620123472253235e+00
1.588920457912104567e+00
1.579691436997206155e+00
1.577284211465389774e+00
1.570244046002886362e+00
1.569755323151907245e+00
1.566733726025205220e+00
1.561930797103584512e+00
1.561552812808830737e+00
1.561552812808829849e+00
1.560288410778507107e+00
1.556684472782551287e+00
1.555434122211949655e+00
1.546735663462788235e+00
1.540525451004075563e+00
1.538681500208630704e+00
1.533705706995241336e+00
1.531341477877644186e+00
1.528976316836322846e+00
1.521541763591531149e+00
1.520502725890288565e+00
1.518228474388932714e+00
1.513792826595321106e+00
1.511968222880510249e+00
1.501667745775441931e+00
1.494732813142137573e+00
1.486373797582537071e+00
1.484861952871929347e+00
1.484861952871928903e+00
1.481716108624015371e+00
1.478594334969077106e+00
1.468926418988792282e+00
1.458565459986677970e+00
1.456822270517431406e+00
1.454635496583218224e+00
1.453414036138006127e+00
1.443842840877221478e+00
1.429545235698916228e+00
1.427925938863349176e+00
1.427500041978797984e+00
1.423334222931020854e+00
1.416519751481663203e+00
1.395852482182651011e+00
1.390699272883654691e+00
1.390327395163512447e+00
1.383396216690644831e+00
1.380590876767212150e+00
1.380216051470317007e+00
1.373413725009982933e+00
1.370063126843673817e+00
1.367110024264193813e+00
1.355131800600190006e+00
1.352945987044773313e+00
1.348799362819791403e+00
1.343132701070639534e+00
1.339876886623182495e+00
1.327636842463850275e+00
1.326767528375901062e+00
1.325387625039611939e+00
1.299370301897417646e+00
1.287087612302903361e+00
1.285701061221097063e+00
1.275796925819061567e+00
1.274593542039601068e+00
1.269005405814565446e+00
1.265867087980164785e+00
1.263850832510934552e+00
1.259948613670032858e+00
1.253522656352266340e+00
1.232296675034138422e+00
1.224685214838062475e+00
1.217611292605994766e+00
1.216826313496804701e+00
1.157681411929539994e+00
1.155666497660939429e+00
1.143991054838182642e+00
1.104969080198217490e+00
1.097008355359903709e+00
1.095849108370311908e+00
1.068335514770497596e+00
1.052623458151498603e+00
1.017954685306770912e+00
1.000000000000003997e+00
1.000000000000003109e+00
1.000000000000002442e+00
1.000000000000002442e+00
1.000000000000002442e+00
1.000000000000002442e+00
1.000000000000002220e+00
1.000000000000002220e+00
1.000000000000001998e+00
1.000000000000001998e+00
1.000000000000001776e+00
1.000000000000001776e+00
1.000000000000001776e+00
1.000000000000001554e+00
1.000000000000001554e+00
1.000000000000001554e+00
1.000000000000001554e+00
1.000000000000001554e+00
1.000000000000001332e+00
1.000000000000001332e+00
1.000000000000001332e+00
1.000000000000001332e+00
1.000000000000001332e+00
1.000000000000001332e+00
1.000000000000001332e+00
1.000000000000001332e+00
1.000000000000001110e+00
1.000000000000001110e+00
1.000000000000001110e+00
1.000000000000001110e+00
1.000000000000001110e+00
1.000000000000001110e+00
1.000000000000001110e+00
1.000000000000001110e+00
1.000000000000001110e+00
1.000000000000001110e+00
1.000000000000001110e+00
1.000000000000001110e+00
1.000000000000001110e+00
1.000000000000000888e+00
1.000000000000000888e+00
1.000000000000000888e+00
1.000000000000000888e+00
1.000000000000000888e+00
1.000000000000000888e+00
1.000000000000000888e+00
1.000000000000000888e+00
1.000000000000000888e+00
1.000000000000000888e+00
1.000000000000000888e+00
1.000000000000000666e+00
1.000000000000000666e+00
1.000000000000000666e+00
1.000000000000000666e+00
1.000000000000000666e+00
1.000000000000000666e+00
1.000000000000000666e+00
1.000000000000000666e+00
1.000000000000000666e+00
1.000000000000000666e+00
1.000000000000000666e+00
1.000000000000000666e+00
1.000000000000000666e+00
1.000000000000000666e+00
1.000000000000000666e+00
1.000000000000000666e+00
1.000000000000000666e+00
1.000000000000000666e+00
1.000000000000000666e+00
1.000000000000000666e+00
1.000000000000000666e+00
1.000000000000000666e+00
1.000000000000000666e+00
1.000000000000000666e+00
1.000000000000000444e+00
1.000000000000000444e+00
1.000000000000000444e+00
1.000000000000000444e+00
1.000000000000000444e+00
1.000000000000000444e+00
1.000000000000000444e+00
1.000000000000000444e+00
1.000000000000000444e+00
1.000000000000000444e+00
1.000000000000000444e+00
1.000000000000000444e+00
1.000000000000000444e+00
1.000000000000000444e+00
1.000000000000000444e+00
1.000000000000000444e+00
1.000000000000000444e+00
1.000000000000000444e+00
1.000000000000000444e+00
1.000000000000000444e+00
1.000000000000000444e+00
1.000000000000000444e+00
1.000000000000000444e+00
1.000000000000000444e+00
1.000000000000000444e+00
1.000000000000000444e+00
1.000000000000000444e+00
1.000000000000000444e+00
1.000000000000000444e+00
1.000000000000000444e+00
1.000000000000000444e+00
1.000000000000000444e+00
1.000000000000000444e+00
1.000000000000000444e+00
1.000000000000000444e+00
1.000000000000000444e+00
1.000000000000000444e+00
1.000000000000000444e+00
1.000000000000000444e+00
1.000000000000000444e+00
1.000000000000000444e+00
1.000000000000000444e+00
1.000000000000000444e+00
1.000000000000000444e+00
1.000000000000000444e+00
1.000000000000000444e+00
1.000000000000000444e+00
1.000000000000000444e+00
1.000000000000000444e+00
1.000000000000000444e+00
1.000000000000000444e+00
1.000000000000000444e+00
1.000000000000000444e+00
1.000000000000000444e+00
1.000000000000000444e+00
1.000000000000000444e+00
1.000000000000000444e+00
1.000000000000000444e+00
1.000000000000000444e+00
1.000000000000000444e+00
1.000000000000000444e+00
1.000000000000000444e+00
1.000000000000000444e+00
1.000000000000000444e+00
1.000000000000000444e+00
1.000000000000000444e+00
1.000000000000000444e+00
1.000000000000000444e+00
1.000000000000000444e+00
1.000000000000000444e+00
1.000000000000000444e+00
1.000000000000000444e+00
1.000000000000000444e+00
1.000000000000000444e+00
1.000000000000000444e+00
1.000000000000000444e+00
1.000000000000000444e+00
1.000000000000000444e+00
1.000000000000000444e+00
1.000000000000000222e+00
1.000000000000000222e+00
1.000000000000000222e+00
1.000000000000000222e+00
1.000000000000000222e+00
1.000000000000000222e+00
1.000000000000000222e+00
1.000000000000000222e+00
1.000000000000000222e+00
1.000000000000000222e+00
1.000000000000000222e+00
1.000000000000000222e+00
1.000000000000000222e+00
1.000000000000000222e+00
1.000000000000000222e+00
1.000000000000000222e+00
1.000000000000000222e+00
1.000000000000000222e+00
1.000000000000000222e+00
1.000000000000000222e+00
1.000000000000000222e+00
1.000000000000000222e+00
1.000000000000000222e+00
1.000000000000000222e+00
1.000000000000000222e+00
1.000000000000000222e+00
1.000000000000000222e+00
1.000000000000000222e+00
1.000000000000000222e+00
1.000000000000000222e+00
1.000000000000000222e+00
1.000000000000000222e+00
1.000000000000000222e+00
1.000000000000000222e+00
1.000000000000000222e+00
1.000000000000000222e+00
1.000000000000000222e+00
1.000000000000000222e+00
1.000000000000000222e+00
1.000000000000000222e+00
1.000000000000000222e+00
1.000000000000000222e+00
1.000000000000000222e+00
1.000000000000000222e+00
1.000000000000000222e+00
1.000000000000000222e+00
1.000000000000000222e+00
1.000000000000000222e+00
1.000000000000000222e+00
1.000000000000000222e+00
1.000000000000000222e+00
1.000000000000000222e+00
1.000000000000000222e+00
1.000000000000000222e+00
1.000000000000000222e+00
1.000000000000000222e+00
1.000000000000000222e+00
1.000000000000000222e+00
1.000000000000000222e+00
1.000000000000000222e+00
1.000000000000000222e+00
1.000000000000000222e+00
1.000000000000000222e+00
1.000000000000000222e+00
1.000000000000000222e+00
1.000000000000000222e+00
1.000000000000000222e+00
1.000000000000000222e+00
1.000000000000000222e+00
1.000000000000000222e+00
1.000000000000000222e+00
1.000000000000000222e+00
1.000000000000000222e+00
1.000000000000000222e+00
1.000000000000000222e+00
1.000000000000000222e+00
1.000000000000000222e+00
1.000000000000000222e+00
1.000000000000000222e+00
1.000000000000000222e+00
1.000000000000000222e+00
1.000000000000000222e+00
1.000000000000000222e+00
1.000000000000000222e+00
1.000000000000000222e+00
1.000000000000000222e+00
1.000000000000000222e+00
1.000000000000000222e+00
1.000000000000000222e+00
1.000000000000000222e+00
1.000000000000000222e+00
1.000000000000000222e+00
1.000000000000000222e+00
1.000000000000000222e+00
1.000000000000000222e+00
1.000000000000000222e+00
1.000000000000000222e+00
1.000000000000000222e+00
1.000000000000000222e+00
1.000000000000000222e+00
1.000000000000000222e+00
1.000000000000000222e+00
1.000000000000000222e+00
1.000000000000000222e+00
1.000000000000000222e+00
1.000000000000000222e+00
1.000000000000000222e+00
1.000000000000000222e+00
1.000000000000000222e+00
1.000000000000000222e+00
1.000000000000000222e+00
1.000000000000000222e+00
1.000000000000000222e+00
1.000000000000000222e+00
1.000000000000000222e+00
1.000000000000000222e+00
1.000000000000000222e+00
1.000000000000000222e+00
1.000000000000000222e+00
1.000000000000000222e+00
1.000000000000000222e+00
1.000000000000000222e+00
1.000000000000000222e+00
1.000000000000000222e+00
1.000000000000000222e+00
1.000000000000000222e+00
1.000000000000000222e+00
1.000000000000000222e+00
1.000000000000000222e+00
1.000000000000000222e+00
1.000000000000000222e+00
1.000000000000000222e+00
1.000000000000000222e+00
1.000000000000000222e+00
1.000000000000000222e+00
1.000000000000000222e+00
1.000000000000000222e+00
1.000000000000000222e+00
1.000000000000000222e+00
1.000000000000000222e+00
1.000000000000000222e+00
1.000000000000000222e+00
1.000000000000000222e+00
1.000000000000000222e+00
1.000000000000000222e+00
1.000000000000000222e+00
1.000000000000000222e+00
1.000000000000000222e+00
1.000000000000000222e+00
1.000000000000000222e+00
1.000000000000000222e+00
1.000000000000000222e+00
1.000000000000000222e+00
1.000000000000000222e+00
1.000000000000000222e+00
1.000000000000000222e+00
1.000000000000000222e+00
1.000000000000000222e+00
1.000000000000000222e+00
1.000000000000000222e+00
1.000000000000000222e+00
1.000000000000000222e+00
1.000000000000000222e+00
1.000000000000000222e+00
1.000000000000000222e+00
1.000000000000000222e+00
1.000000000000000222e+00
1.000000000000000222e+00
1.000000000000000222e+00
1.000000000000000222e+00
1.000000000000000222e+00
1.000000000000000222e+00
1.000000000000000222e+00
1.000000000000000222e+00
1.000000000000000222e+00
1.000000000000000222e+00
1.000000000000000222e+00
1.000000000000000222e+00
1.000000000000000222e+00
1.000000000000000222e+00
1.000000000000000222e+00
1.000000000000000222e+00
1.000000000000000222e+00
1.000000000000000222e+00
1.000000000000000222e+00
1.000000000000000222e+00
1.000000000000000222e+00
1.000000000000000222e+00
1.000000000000000222e+00
1.000000000000000222e+00
1.000000000000000222e+00
1.000000000000000000e+00
1.000000000000000000e+00
1.000000000000000000e+00
1.000000000000000000e+00
1.000000000000000000e+00
1.000000000000000000e+00
1.000000000000000000e+00
1.000000000000000000e+00
1.000000000000000000e+00
1.000000000000000000e+00
1.000000000000000000e+00
1.000000000000000000e+00
1.000000000000000000e+00
1.000000000000000000e+00
1.000000000000000000e+00
1.000000000000000000e+00
1.000000000000000000e+00
1.000000000000000000e+00
1.000000000000000000e+00
1.000000000000000000e+00
1.000000000000000000e+00
1.000000000000000000e+00
1.000000000000000000e+00
1.000000000000000000e+00
1.000000000000000000e+00
1.000000000000000000e+00
1.000000000000000000e+00
1.000000000000000000e+00
1.000000000000000000e+00
1.000000000000000000e+00
1.000000000000000000e+00
1.000000000000000000e+00
1.000000000000000000e+00
1.000000000000000000e+00
1.000000000000000000e+00
1.000000000000000000e+00
1.000000000000000000e+00
1.000000000000000000e+00
1.000000000000000000e+00
1.000000000000000000e+00
1.000000000000000000e+00
1.000000000000000000e+00
1.000000000000000000e+00
1.000000000000000000e+00
1.000000000000000000e+00
1.000000000000000000e+00
1.000000000000000000e+00
1.000000000000000000e+00
1.000000000000000000e+00
1.000000000000000000e+00
1.000000000000000000e+00
1.000000000000000000e+00
1.000000000000000000e+00
1.000000000000000000e+00
1.000000000000000000e+00
1.000000000000000000e+00
1.000000000000000000e+00
1.000000000000000000e+00
1.000000000000000000e+00
1.000000000000000000e+00
1.000000000000000000e+00
1.000000000000000000e+00
1.000000000000000000e+00
1.000000000000000000e+00
1.000000000000000000e+00
1.000000000000000000e+00
1.000000000000000000e+00
1.000000000000000000e+00
1.000000000000000000e+00
1.000000000000000000e+00
1.000000000000000000e+00
1.000000000000000000e+00
1.000000000000000000e+00
1.000000000000000000e+00
1.000000000000000000e+00
1.000000000000000000e+00
1.000000000000000000e+00
1.000000000000000000e+00
1.000000000000000000e+00
1.000000000000000000e+00
1.000000000000000000e+00
1.000000000000000000e+00
1.000000000000000000e+00
1.000000000000000000e+00
1.000000000000000000e+00
1.000000000000000000e+00
1.000000000000000000e+00
1.000000000000000000e+00
1.000000000000000000e+00
1.000000000000000000e+00
1.000000000000000000e+00
1.000000000000000000e+00
1.000000000000000000e+00
1.000000000000000000e+00
1.000000000000000000e+00
1.000000000000000000e+00
1.000000000000000000e+00
1.000000000000000000e+00
1.000000000000000000e+00
1.000000000000000000e+00
1.000000000000000000e+00
1.000000000000000000e+00
1.000000000000000000e+00
1.000000000000000000e+00
1.000000000000000000e+00
1.000000000000000000e+00
1.000000000000000000e+00
1.000000000000000000e+00
1.000000000000000000e+00
1.000000000000000000e+00
1.000000000000000000e+00
1.000000000000000000e+00
1.000000000000000000e+00
1.000000000000000000e+00
1.000000000000000000e+00
1.000000000000000000e+00
1.000000000000000000e+00
1.000000000000000000e+00
1.000000000000000000e+00
1.000000000000000000e+00
1.000000000000000000e+00
1.000000000000000000e+00
1.000000000000000000e+00
1.000000000000000000e+00
1.000000000000000000e+00
1.000000000000000000e+00
1.000000000000000000e+00
1.000000000000000000e+00
1.000000000000000000e+00
1.000000000000000000e+00
1.000000000000000000e+00
1.000000000000000000e+00
1.000000000000000000e+00
1.000000000000000000e+00
1.000000000000000000e+00
1.000000000000000000e+00
1.000000000000000000e+00
1.000000000000000000e+00
1.000000000000000000e+00
1.000000000000000000e+00
1.000000000000000000e+00
1.000000000000000000e+00
1.000000000000000000e+00
1.000000000000000000e+00
1.000000000000000000e+00
1.000000000000000000e+00
1.000000000000000000e+00
1.000000000000000000e+00
1.000000000000000000e+00
1.000000000000000000e+00
1.000000000000000000e+00
1.000000000000000000e+00
1.000000000000000000e+00
1.000000000000000000e+00
1.000000000000000000e+00
1.000000000000000000e+00
1.000000000000000000e+00
1.000000000000000000e+00
1.000000000000000000e+00
1.000000000000000000e+00
1.000000000000000000e+00
1.000000000000000000e+00
1.000000000000000000e+00
1.000000000000000000e+00
1.000000000000000000e+00
1.000000000000000000e+00
1.000000000000000000e+00
1.000000000000000000e+00
1.000000000000000000e+00
1.000000000000000000e+00
1.000000000000000000e+00
1.000000000000000000e+00
1.000000000000000000e+00
1.000000000000000000e+00
1.000000000000000000e+00
1.000000000000000000e+00
1.000000000000000000e+00
1.000000000000000000e+00
1.000000000000000000e+00
1.000000000000000000e+00
1.000000000000000000e+00
1.000000000000000000e+00
1.000000000000000000e+00
1.000000000000000000e+00
1.000000000000000000e+00
1.000000000000000000e+00
1.000000000000000000e+00
1.000000000000000000e+00
1.000000000000000000e+00
1.000000000000000000e+00
1.000000000000000000e+00
1.000000000000000000e+00
1.000000000000000000e+00
1.000000000000000000e+00
1.000000000000000000e+00
1.000000000000000000e+00
1.000000000000000000e+00
1.000000000000000000e+00
1.000000000000000000e+00
1.000000000000000000e+00
1.000000000000000000e+00
1.000000000000000000e+00
1.000000000000000000e+00
1.000000000000000000e+00
1.000000000000000000e+00
1.000000000000000000e+00
1.000000000000000000e+00
1.000000000000000000e+00
1.000000000000000000e+00
1.000000000000000000e+00
1.000000000000000000e+00
1.000000000000000000e+00
1.000000000000000000e+00
1.000000000000000000e+00
1.000000000000000000e+00
1.000000000000000000e+00
1.000000000000000000e+00
1.000000000000000000e+00
1.000000000000000000e+00
1.000000000000000000e+00
1.000000000000000000e+00
1.000000000000000000e+00
1.000000000000000000e+00
1.000000000000000000e+00
1.000000000000000000e+00
1.000000000000000000e+00
1.000000000000000000e+00
1.000000000000000000e+00
1.000000000000000000e+00
1.000000000000000000e+00
1.000000000000000000e+00
1.000000000000000000e+00
1.000000000000000000e+00
1.000000000000000000e+00
1.000000000000000000e+00
1.000000000000000000e+00
1.000000000000000000e+00
1.000000000000000000e+00
1.000000000000000000e+00
1.000000000000000000e+00
1.000000000000000000e+00
1.000000000000000000e+00
1.000000000000000000e+00
1.000000000000000000e+00
1.000000000000000000e+00
1.000000000000000000e+00
1.000000000000000000e+00
1.000000000000000000e+00
1.000000000000000000e+00
1.000000000000000000e+00
1.000000000000000000e+00
1.000000000000000000e+00
1.000000000000000000e+00
1.000000000000000000e+00
1.000000000000000000e+00
1.000000000000000000e+00
1.000000000000000000e+00
1.000000000000000000e+00
1.000000000000000000e+00
1.000000000000000000e+00
1.000000000000000000e+00
1.000000000000000000e+00
1.000000000000000000e+00
1.000000000000000000e+00
1.000000000000000000e+00
1.000000000000000000e+00
1.000000000000000000e+00
1.000000000000000000e+00
1.000000000000000000e+00
9.999999999999998890e-01
9.999999999999998890e-01
9.999999999999998890e-01
9.999999999999998890e-01
9.999999999999998890e-01
9.999999999999998890e-01
9.999999999999998890e-01
9.999999999999998890e-01
9.999999999999998890e-01
9.999999999999998890e-01
9.999999999999998890e-01
9.999999999999998890e-01
9.999999999999998890e-01
9.999999999999998890e-01
9.999999999999998890e-01
9.999999999999998890e-01
9.999999999999998890e-01
9.999999999999998890e-01
9.999999999999998890e-01
9.999999999999998890e-01
9.999999999999998890e-01
9.999999999999998890e-01
9.999999999999998890e-01
9.999999999999998890e-01
9.999999999999998890e-01
9.999999999999998890e-01
9.999999999999998890e-01
9.999999999999998890e-01
9.999999999999998890e-01
9.999999999999998890e-01
9.999999999999998890e-01
9.999999999999998890e-01
9.999999999999998890e-01
9.999999999999998890e-01
9.999999999999998890e-01
9.999999999999998890e-01
9.999999999999998890e-01
9.999999999999998890e-01
9.999999999999998890e-01
9.999999999999998890e-01
9.999999999999998890e-01
9.999999999999998890e-01
9.999999999999998890e-01
9.999999999999998890e-01
9.999999999999998890e-01
9.999999999999998890e-01
9.999999999999998890e-01
9.999999999999998890e-01
9.999999999999998890e-01
9.999999999999998890e-01
9.999999999999998890e-01
9.999999999999998890e-01
9.999999999999998890e-01
9.999999999999998890e-01
9.999999999999998890e-01
9.999999999999998890e-01
9.999999999999998890e-01
9.999999999999998890e-01
9.999999999999998890e-01
9.999999999999998890e-01
9.999999999999998890e-01
9.999999999999998890e-01
9.999999999999998890e-01
9.999999999999998890e-01
9.999999999999998890e-01
9.999999999999998890e-01
9.999999999999998890e-01
9.999999999999998890e-01
9.999999999999998890e-01
9.999999999999998890e-01
9.999999999999998890e-01
9.999999999999998890e-01
9.999999999999998890e-01
9.999999999999998890e-01
9.999999999999998890e-01
9.999999999999998890e-01
9.999999999999998890e-01
9.999999999999998890e-01
9.999999999999998890e-01
9.999999999999998890e-01
9.999999999999998890e-01
9.999999999999998890e-01
9.999999999999998890e-01
9.999999999999998890e-01
9.999999999999998890e-01
9.999999999999998890e-01
9.999999999999998890e-01
9.999999999999998890e-01
9.999999999999998890e-01
9.999999999999998890e-01
9.999999999999998890e-01
9.999999999999998890e-01
9.999999999999998890e-01
9.999999999999998890e-01
9.999999999999998890e-01
9.999999999999998890e-01
9.999999999999998890e-01
9.999999999999998890e-01
9.999999999999998890e-01
9.999999999999998890e-01
9.999999999999998890e-01
9.999999999999998890e-01
9.999999999999998890e-01
9.999999999999998890e-01
9.999999999999998890e-01
9.999999999999998890e-01
9.999999999999998890e-01
9.999999999999998890e-01
9.999999999999998890e-01
9.999999999999998890e-01
9.999999999999998890e-01
9.999999999999998890e-01
9.999999999999998890e-01
9.999999999999998890e-01
9.999999999999998890e-01
9.999999999999998890e-01
9.999999999999998890e-01
9.999999999999998890e-01
9.999999999999998890e-01
9.999999999999998890e-01
9.999999999999998890e-01
9.999999999999998890e-01
9.999999999999998890e-01
9.999999999999998890e-01
9.999999999999998890e-01
9.999999999999998890e-01
9.999999999999998890e-01
9.999999999999998890e-01
9.999999999999998890e-01
9.999999999999998890e-01
9.999999999999998890e-01
9.999999999999998890e-01
9.999999999999998890e-01
9.999999999999998890e-01
9.999999999999998890e-01
9.999999999999998890e-01
9.999999999999998890e-01
9.999999999999998890e-01
9.999999999999998890e-01
9.999999999999998890e-01
9.999999999999998890e-01
9.999999999999998890e-01
9.999999999999998890e-01
9.999999999999998890e-01
9.999999999999998890e-01
9.999999999999998890e-01
9.999999999999998890e-01
9.999999999999998890e-01
9.999999999999998890e-01
9.999999999999998890e-01
9.999999999999998890e-01
9.999999999999998890e-01
9.999999999999998890e-01
9.999999999999998890e-01
9.999999999999998890e-01
9.999999999999998890e-01
9.999999999999998890e-01
9.999999999999998890e-01
9.999999999999997780e-01
9.999999999999997780e-01
9.999999999999997780e-01
9.999999999999997780e-01
9.999999999999997780e-01
9.999999999999997780e-01
9.999999999999997780e-01
9.999999999999997780e-01
9.999999999999997780e-01
9.999999999999997780e-01
9.999999999999997780e-01
9.999999999999997780e-01
9.999999999999997780e-01
9.999999999999997780e-01
9.999999999999997780e-01
9.999999999999997780e-01
9.999999999999997780e-01
9.999999999999997780e-01
9.999999999999997780e-01
9.999999999999997780e-01
9.999999999999997780e-01
9.999999999999997780e-01
9.999999999999997780e-01
9.999999999999997780e-01
9.999999999999997780e-01
9.999999999999997780e-01
9.999999999999997780e-01
9.999999999999997780e-01
9.999999999999997780e-01
9.999999999999997780e-01
9.999999999999997780e-01
9.999999999999997780e-01
9.999999999999997780e-01
9.999999999999997780e-01
9.999999999999997780e-01
9.999999999999997780e-01
9.999999999999997780e-01
9.999999999999997780e-01
9.999999999999997780e-01
9.999999999999997780e-01
9.999999999999997780e-01
9.999999999999997780e-01
9.999999999999997780e-01
9.999999999999997780e-01
9.999999999999997780e-01
9.999999999999997780e-01
9.999999999999997780e-01
9.999999999999997780e-01
9.999999999999997780e-01
9.999999999999997780e-01
9.999999999999997780e-01
9.999999999999997780e-01
9.999999999999997780e-01
9.999999999999997780e-01
9.999999999999997780e-01
9.999999999999997780e-01
9.999999999999997780e-01
9.999999999999997780e-01
9.999999999999997780e-01
9.999999999999997780e-01
9.999999999999997780e-01
9.999999999999997780e-01
9.999999999999997780e-01
9.999999999999997780e-01
9.999999999999997780e-01
9.999999999999997780e-01
9.999999999999997780e-01
9.999999999999997780e-01
9.999999999999997780e-01
9.999999999999997780e-01
9.999999999999997780e-01
9.999999999999997780e-01
9.999999999999997780e-01
9.999999999999997780e-01
9.999999999999997780e-01
9.999999999999997780e-01
9.999999999999997780e-01
9.999999999999997780e-01
9.999999999999997780e-01
9.999999999999997780e-01
9.999999999999997780e-01
9.999999999999997780e-01
9.999999999999997780e-01
9.999999999999997780e-01
9.999999999999997780e-01
9.999999999999997780e-01
9.999999999999997780e-01
9.999999999999997780e-01
9.999999999999997780e-01
9.999999999999997780e-01
9.999999999999997780e-01
9.999999999999997780e-01
9.999999999999997780e-01
9.999999999999997780e-01
9.999999999999997780e-01
9.999999999999997780e-01
9.999999999999997780e-01
9.999999999999997780e-01
9.999999999999995559e-01
9.999999999999995559e-01
9.999999999999995559e-01
9.999999999999995559e-01
9.999999999999995559e-01
9.999999999999995559e-01
9.999999999999995559e-01
9.999999999999995559e-01
9.999999999999995559e-01
9.999999999999995559e-01
9.999999999999995559e-01
9.999999999999995559e-01
9.999999999999995559e-01
9.999999999999995559e-01
9.999999999999995559e-01
9.999999999999995559e-01
9.999999999999995559e-01
9.999999999999995559e-01
9.999999999999995559e-01
9.999999999999995559e-01
9.999999999999995559e-01
9.999999999999995559e-01
9.999999999999994449e-01
9.999999999999994449e-01
9.999999999999994449e-01
9.999999999999994449e-01
9.999999999999994449e-01
9.999999999999994449e-01
9.999999999999994449e-01
9.999999999999994449e-01
9.999999999999994449e-01
9.999999999999994449e-01
9.999999999999994449e-01
9.999999999999994449e-01
9.999999999999993339e-01
9.999999999999993339e-01
9.999999999999993339e-01
9.999999999999993339e-01
9.999999999999993339e-01
9.999999999999993339e-01
9.999999999999993339e-01
9.999999999999993339e-01
9.999999999999993339e-01
9.999999999999993339e-01
9.999999999999993339e-01
9.999999999999991118e-01
9.999999999999991118e-01
9.999999999999991118e-01
9.999999999999991118e-01
9.999999999999991118e-01
9.999999999999990008e-01
9.999999999999990008e-01
9.999999999999990008e-01
9.999999999999990008e-01
9.999999999999990008e-01
9.999999999999988898e-01
9.999999999999988898e-01
9.999999999999987788e-01
9.999999999999987788e-01
9.999999999999987788e-01
9.999999999999987788e-01
9.999999999999984457e-01
9.999999999999983347e-01
9.999999999999980016e-01
9.999999999999978906e-01
9.999999999999974465e-01
9.999999999999971134e-01
9.999999999999968914e-01
9.929380899015367579e-01
8.470110426156051142e-01
8.140315972733253025e-01
8.105681665944732828e-01
7.668742918912416773e-01
7.317193937306030183e-01
7.272859033281546814e-01
7.003848971764696785e-01
6.968048891712512738e-01
6.638084936565932237e-01
6.397174539356426104e-01
6.186452685296394138e-01
6.120628635713797339e-01
6.112429157030463411e-01
5.681100122148473597e-01
4.851265781948367328e-01
4.559767304292898782e-01
3.582877510729397530e-01
2.942584997995403850e-01
2.187099228011027130e-01
