# Singular values
1.141821424215786607e+01
1.034642211182546667e+01
9.815594069010650458e+00
9.643158384829897400e+00
9.353099638646666492e+00
9.306276353412805236e+00
9.251612464344727726e+00
9.089272959377188599e+00
9.000000000000001776e+00
9.000000000000000000e+00
8.790581058070793929e+00
8.519022785734563286e+00
8.418567095551587443e+00
8.347799006899979446e+00
8.291971334708421182e+00
8.270585824821809595e+00
8.107817904777800067e+00
7.999999999999999112e+00
7.868132343056998934e+00
7.360909555510012581e+00
7.335706386042781801e+00
7.243038792699946882e+00
7.078881599637600885e+00
7.078769514896030124e+00
7.056949754321670376e+00
6.999999999999992006e+00
6.957978528115559946e+00
6.912328239942908681e+00
6.704816915461115023e+00
6.688634083966205068e+00
6.586264495132118313e+00
6.553732893496815315e+00
6.514279242286814764e+00
6.473220865748936070e+00
6.451967364395977178e+00
6.450327463471302814e+00
6.440059592562471735e+00
6.340126388358364729e+00
6.301386644204225895e+00
6.289703874245604176e+00
6.209049769721564971e+00
6.186721773890535125e+00
6.140207305731758325e+00
6.033521660762646732e+00
6.000000000000001776e+00
6.000000000000000888e+00
6.000000000000000888e+00
6.000000000000000888e+00
6.000000000000000888e+00
6.000000000000000000e+00
6.000000000000000000e+00
6.000000000000000000e+00
5.999999999999995559e+00
5.999999999999992006e+00
5.925065255535285402e+00
5.878297781927388499e+00
5.820038572371942109e+00
5.772216419727544512e+00
5.721646891374930988e+00
5.687788303856670780e+00
5.681467627913005636e+00
5.622904728069313407e+00
5.557104869640803635e+00
5.526363287670252866e+00
5.421592339379407655e+00
5.381743609216829149e+00
5.369968936364680978e+00
5.338708126850042923e+00
5.294098572018735460e+00
5.194015574313772809e+00
5.192188622557921462e+00
5.189448262752076602e+00
5.174520471010327860e+00
5.153493440335330078e+00
5.092446056802721444e+00
5.041679676081288974e+00
5.012377011114399039e+00
5.000000000000007994e+00
5.000000000000000888e+00
5.000000000000000000e+00
5.000000000000000000e+00
4.999999999999999112e+00
4.999999999999999112e+00
4.999999999999999112e+00
4.999999999999999112e+00
4.999999999999995559e+00
4.952300949053593193e+00
4.886257282968986537e+00
4.883007286805805869e+00
4.738530435051628409e+00
4.713511331573806196e+00
4.701562118716428706e+00
4.701562118716426042e+00
4.701562118716423377e+00
4.685279995520952312e+00
4.623937081399130733e+00
4.605204189074482812e+00
4.584606992987203533e+00
4.541405975530540928e+00
4.494448956453551247e+00
4.450068495407532687e+00
4.421167340087496456e+00
4.353333375443040332e+00
4.314479760110815576e+00
4.306562691250545249e+00
4.297961811356079131e+00
4.258057305883025556e+00
4.220717429123575393e+00
4.183793674089557157e+00
4.159189358209561149e+00
4.152309759851958049e+00
4.141336115655362526e+00
4.141336115655362526e+00
4.086840001470776862e+00
4.082840408594606174e+00
4.071802602295247375e+00
4.000000000000003553e+00
4.000000000000001776e+00
4.000000000000001776e+00
4.000000000000000888e+00
4.000000000000000888e+00
4.000000000000000000e+00
4.000000000000000000e+00
4.000000000000000000e+00
4.000000000000000000e+00
4.000000000000000000e+00
4.000000000000000000e+00
4.000000000000000000e+00
4.000000000000000000e+00
3.999999999999999556e+00
3.999999999999999556e+00
3.999999999999999556e+00
3.999999999999999556e+00
3.999999999999999556e+00
3.999999999999999556e+00
3.999999999999998668e+00
3.999999999999998668e+00
3.999999999999998668e+00
3.999999999999998224e+00
3.999999999999997780e+00
3.999999999999997780e+00
3.999999999999997780e+00
3.999999999999997780e+00
3.999999999999996891e+00
3.999999999999995559e+00
3.999999999999992450e+00
3.973817015961488508e+00
3.948819001312439791e+00
3.903867126019336720e+00
3.902332922077763389e+00
3.867191060508641254e+00
3.866294264235782929e+00
3.839968423986017232e+00
3.813155395421669258e+00
3.803214689719227160e+00
3.776270493387691385e+00
3.764034904980595453e+00
3.742038151468263685e+00
3.684613953214602944e+00
3.649313845381558785e+00
3.638072931747874161e+00
3.628660028555354966e+00
3.619694529981142050e+00
3.562861503108338379e+00
3.532748435066747739e+00
3.526439728494297210e+00
3.504865103171885377e+00
3.500149949140225036e+00
3.480267733686475129e+00
3.480113372862481125e+00
3.442419070675628134e+00
3.441421096032815541e+00
3.439441332860718514e+00
3.434117344732228627e+00
3.424451456394348892e+00
3.398257855980004294e+00
3.380158028114935043e+00
3.330392963350391700e+00
3.325392391403052539e+00
3.276851324516705244e+00
3.230723679466482423e+00
3.200717773731641458e+00
3.180874999693173777e+00
3.164570737570082226e+00
3.143986869640708726e+00
3.133355311779182362e+00
3.129422256902083532e+00
3.096722553026712621e+00
3.014611144596648362e+00
3.000000000000000888e+00
3.000000000000000444e+00
3.000000000000000444e+00
3.000000000000000444e+00
3.000000000000000000e+00
3.000000000000000000e+00
3.000000000000000000e+00
3.000000000000000000e+00
3.000000000000000000e+00
3.000000000000000000e+00
2.999999999999999556e+00
2.999999999999999556e+00
2.999999999999999556e+00
2.999999999999999556e+00
2.999999999999999112e+00
2.999999999999999112e+00
2.999999999999998224e+00
2.999999999999998224e+00
2.999999999999996891e+00
2.999999999999995559e+00
2.999999999999995559e+00
2.984166811416440357e+00
2.983681093522312811e+00
2.966689898931317959e+00
2.939613388174405095e+00
2.932972665170114013e+00
2.917714046011899320e+00
2.901274182473431384e+00
2.887082474050518321e+00
2.878054418165838957e+00
2.858845277411790065e+00
2.812214950128420821e+00
2.791287847477922579e+00
2.789316506162108578e+00
2.775014999004158600e+00
2.765779666353534783e+00
2.762823307422308972e+00
2.747697449445617224e+00
2.715843277757904239e+00
2.695079844573773364e+00
2.682033778386252010e+00
2.658123132446075676e+00
2.655965764895386716e+00
2.651511794009572931e+00
2.636306258565098037e+00
2.636013835949218009e+00
2.599417975855063290e+00
2.578039056285629904e+00
2.573957351072949873e+00
2.570600415101643499e+00
2.561552812808830737e+00
2.561552812808830737e+00
2.559765310513879566e+00
2.527226617242667395e+00
2.507635322098685560e+00
2.495107937414106303e+00
2.489738695859239126e+00
2.477404994397641946e+00
2.459948482549158211e+00
2.452423250780045194e+00
2.443369740819607117e+00
2.417999298083253201e+00
2.413528420397386132e+00
2.397473741570857353e+00
2.393118116658949024e+00
2.371406223382388045e+00
2.368250754898876487e+00
2.339717254095943666e+00
2.305521097334604974e+00
2.288087489938852137e+00
2.283557607728740280e+00
2.264920227971578548e+00
2.254679581653179277e+00
2.249956254165804914e+00
2.238910017440360889e+00
2.226978220693719646e+00
2.222966808126021654e+00
2.218983130425297823e+00
2.214660818948609666e+00
2.200722667263763643e+00
2.193163646203213801e+00
2.187344146871920358e+00
2.183492352636640543e+00
2.183482505445001998e+00
2.181998773194959274e+00
2.149767412272945322e+00
2.146605234155887665e+00
2.137113586059680159e+00
2.118511456886519095e+00
2.116310540754230196e+00
2.084697073073545681e+00
2.084667752114894412e+00
2.075237455526698138e+00
2.073127950893692617e+00
2.054628012090845335e+00
2.043330856549252950e+00
2.013807118040709998e+00
2.013265765711695465e+00
2.000000000000001332e+00
2.000000000000000888e+00
2.000000000000000888e+00
2.000000000000000888e+00
2.000000000000000888e+00
2.000000000000000888e+00
2.000000000000000888e+00
2.000000000000000888e+00
2.000000000000000888e+00
2.000000000000000888e+00
2.000000000000000888e+00
2.000000000000000444e+00
2.000000000000000444e+00
2.000000000000000444e+00
2.000000000000000444e+00
2.000000000000000444e+00
2.000000000000000444e+00
2.000000000000000444e+00
2.000000000000000000e+00
2.000000000000000000e+00
2.000000000000000000e+00
2.000000000000000000e+00
2.000000000000000000e+00
2.000000000000000000e+00
2.000000000000000000e+00
2.000000000000000000e+00
2.000000000000000000e+00
1.999999999999999778e+00
1.999999999999999778e+00
1.999999999999999778e+00
1.999999999999999778e+00
1.999999999999999778e+00
1.999999999999999778e+00
1.999999999999999778e+00
1.999999999999999778e+00
1.999999999999999778e+00
1.999999999999999334e+00
1.999999999999999334e+00
1.999999999999999334e+00
1.999999999999999334e+00
1.999999999999999334e+00
1.999999999999999334e+00
1.999999999999999334e+00
1.999999999999999112e+00
1.999999999999998890e+00
1.999999999999998668e+00
1.999999999999998224e+00
1.999999999999996891e+00
1.996954342265425009e+00
1.983548822892715835e+00
1.976832333859651403e+00
1.971868885070822808e+00
1.971192870614143056e+00
1.963781225748941539e+00
1.952943000851909749e+00
1.947545689620807208e+00
1.945684040019897587e+00
1.943098494801696274e+00
1.940848855849586663e+00
1.939882119241319369e+00
1.937393104081364337e+00
1.930930364030152058e+00
1.925613462410670662e+00
1.922593065195696393e+00
1.920171557119892958e+00
1.914635532071006452e+00
1.914115995383639524e+00
1.909516107385553330e+00
1.907605980301780413e+00
1.893256092187904027e+00
1.888081894271245398e+00
1.883818330524666074e+00
1.882364094112491504e+00
1.881127211059562043e+00
1.877474522265640822e+00
1.869497215312671878e+00
1.862488283940483713e+00
1.861199604597222113e+00
1.860058019656648298e+00
1.852482810791526546e+00
1.832557825788981853e+00
1.825500804449859960e+00
1.823877768771819508e+00
1.822896121406230030e+00
1.822635845001165045e+00
1.819511203776265296e+00
1.815471461939413889e+00
1.814920585246300844e+00
1.812243631241448938e+00
1.809960072027595013e+00
1.808378811205873404e+00
1.805021437848769006e+00
1.798324444557302115e+00
1.797049756561041267e+00
1.791287847477922135e+00
1.787569163671939076e+00
1.786540393573596175e+00
1.785226841683284160e+00
1.776891484823454714e+00
1.775535699772318399e+00
1.762497738981718909e+00
1.753248889851614978e+00
1.745685326209167165e+00
1.735621193893647884e+00
1.735489498215868620e+00
1.726633575222686012e+00
1.722254364084372602e+00
1.714895435586819117e+00
1.709671746526243430e+00
1.709042218173085104e+00
1.703504031877660863e+00
1.701562118716424710e+00
1.701562118716424710e+00
1.701562118716424044e+00
1.690825602800206440e+00
1.680830182925308502e+00
1.675707945590662051e+00
1.675470466505649236e+00
1.662803189452567665e+00
1.660283777365626046e+00
1.658087806822493793e+00
1.653595397341065310e+00
1.651305581641985265e+00
1.644007686840572413e+00
1.641388072754914607e+00
1.641026329579225118e+00
1.639230349261261432e+00
1.633965097152426438e+00
1.626403358835062596e+00
1.626198068527293872e+00
1.626198068527293428e+00
1.625171497438067991e+00
1.622534119103808292e+00
1.620808325594250476e+00
1.618414122360914531e+00
1.615671854694122223e+00
1.613091737303115281e+00
1.604007735117291222e+00
1.593431738843158696e+00
1.590565516234967669e+00
1.590088564838922247e+00
1.588087085353865779e+00
1.586490271879058112e+00
1.580051689526035252e+00
1.572217335870189636e+00
1.567719123490920019e+00
1.563938035834627982e+00
1.561552812808830071e+00
1.561552812808828072e+00
1.558771937042489730e+00
1.558532280083238408e+00
1.558300721153529356e+00
1.557694864534423962e+00
1.548811803087591255e+00
1.546144283930970698e+00
1.543770458317324401e+00
1.537737752964094540e+00
1.519726474914005143e+00
1.514402200710920354e+00
1.503704808153046635e+00
1.497552022036970687e+00
1.491922656647306944e+00
1.484861952871929347e+00
1.484861952871929125e+00
1.476512212630533227e+00
1.473947897077358737e+00
1.470839680815058115e+00
1.470272830378891449e+00
1.466637483771073835e+00
1.463739436709264208e+00
1.454003631854295930e+00
1.450260838434993982e+00
1.449200332929891033e+00
1.446040398003947791e+00
1.443614457309688737e+00
1.438927123093536542e+00
1.435069107736749228e+00
1.433022958469731156e+00
1.425687904846676846e+00
1.420516430279179954e+00
1.418727144761619874e+00
1.418247215139865514e+00
1.414633249572348594e+00
1.396321069006680293e+00
1.393616912966617161e+00
1.392652448034330748e+00
1.386306942094357009e+00
1.360637157802991881e+00
1.358133209169013922e+00
1.350166679665813607e+00
1.342829780973976650e+00
1.333221433608809292e+00
1.313743153361789817e+00
1.311363999352063159e+00
1.297935450500455223e+00
1.289990994116911649e+00
1.287008530257095273e+00
1.276090287580674554e+00
1.265604329262316252e+00
1.264889207921335190e+00
1.257631443425313966e+00
1.256625901619088159e+00
1.251847282889255064e+00
1.245203068407666702e+00
1.240565019212255038e+00
1.238758875633761747e+00
1.221530754597603297e+00
1.220480135081463580e+00
1.191401480350447795e+00
1.175092805289679188e+00
1.163723664872619468e+00
1.097966926247753827e+00
1.084959517251583794e+00
1.070758477979102841e+00
1.000000000000002887e+00
1.000000000000002442e+00
1.000000000000002442e+00
1.000000000000002442e+00
1.000000000000002220e+00
1.000000000000001998e+00
1.000000000000001776e+00
1.000000000000001776e+00
1.000000000000001332e+00
1.000000000000001332e+00
1.000000000000001332e+00
1.000000000000001332e+00
1.000000000000001332e+00
1.000000000000001110e+00
1.000000000000001110e+00
1.000000000000001110e+00
1.000000000000001110e+00
1.000000000000001110e+00
1.000000000000001110e+00
1.000000000000001110e+00
1.000000000000000888e+00
1.000000000000000888e+00
1.000000000000000888e+00
1.000000000000000888e+00
1.000000000000000888e+00
1.000000000000000888e+00
1.000000000000000888e+00
1.000000000000000888e+00
1.000000000000000888e+00
1.000000000000000666e+00
1.000000000000000666e+00
1.000000000000000666e+00
1.000000000000000666e+00
1.000000000000000666e+00
1.000000000000000666e+00
1.000000000000000666e+00
1.000000000000000666e+00
1.000000000000000666e+00
1.000000000000000666e+00
1.000000000000000666e+00
1.000000000000000666e+00
1.000000000000000666e+00
1.000000000000000666e+00
1.000000000000000666e+00
1.000000000000000666e+00
1.000000000000000666e+00
1.000000000000000444e+00
1.000000000000000444e+00
1.000000000000000444e+00
1.000000000000000444e+00
1.000000000000000444e+00
1.000000000000000444e+00
1.000000000000000444e+00
1.000000000000000444e+00
1.000000000000000444e+00
1.000000000000000444e+00
1.000000000000000444e+00
1.000000000000000444e+00
1.000000000000000444e+00
1.000000000000000444e+00
1.000000000000000444e+00
1.000000000000000444e+00
1.000000000000000444e+00
1.000000000000000444e+00
1.000000000000000444e+00
1.000000000000000444e+00
1.000000000000000444e+00
1.000000000000000444e+00
1.000000000000000444e+00
1.000000000000000444e+00
1.000000000000000444e+00
1.000000000000000444e+00
1.000000000000000444e+00
1.000000000000000444e+00
1.000000000000000444e+00
1.000000000000000444e+00
1.000000000000000444e+00
1.000000000000000444e+00
1.000000000000000444e+00
1.000000000000000444e+00
1.000000000000000444e+00
1.000000000000000444e+00
1.000000000000000444e+00
1.000000000000000444e+00
1.000000000000000444e+00
1.000000000000000444e+00
1.000000000000000444e+00
1.000000000000000444e+00
1.000000000000000444e+00
1.000000000000000444e+00
1.000000000000000444e+00
1.000000000000000444e+00
1.000000000000000444e+00
1.000000000000000444e+00
1.000000000000000444e+00
1.000000000000000444e+00
1.000000000000000444e+00
1.000000000000000444e+00
1.000000000000000444e+00
1.000000000000000444e+00
1.000000000000000444e+00
1.000000000000000444e+00
1.000000000000000444e+00
1.000000000000000444e+00
1.000000000000000222e+00
1.000000000000000222e+00
1.000000000000000222e+00
1.000000000000000222e+00
1.000000000000000222e+00
1.000000000000000222e+00
1.000000000000000222e+00
1.000000000000000222e+00
1.000000000000000222e+00
1.000000000000000222e+00
1.000000000000000222e+00
1.000000000000000222e+00
1.000000000000000222e+00
1.000000000000000222e+00
1.000000000000000222e+00
1.000000000000000222e+00
1.000000000000000222e+00
1.000000000000000222e+00
1.000000000000000222e+00
1.000000000000000222e+00
1.000000000000000222e+00
1.000000000000000222e+00
1.000000000000000222e+00
1.000000000000000222e+00
1.000000000000000222e+00
1.000000000000000222e+00
1.000000000000000222e+00
1.000000000000000222e+00
1.000000000000000222e+00
1.000000000000000222e+00
1.000000000000000222e+00
1.000000000000000222e+00
1.000000000000000222e+00
1.000000000000000222e+00
1.000000000000000222e+00
1.000000000000000222e+00
1.000000000000000222e+00
1.000000000000000222e+00
1.000000000000000222e+00
1.000000000000000222e+00
1.000000000000000222e+00
1.000000000000000222e+00
1.000000000000000222e+00
1.000000000000000222e+00
1.000000000000000222e+00
1.000000000000000222e+00
1.000000000000000222e+00
1.000000000000000222e+00
1.000000000000000222e+00
1.000000000000000222e+00
1.000000000000000222e+00
1.000000000000000222e+00
1.000000000000000222e+00
1.000000000000000222e+00
1.000000000000000222e+00
1.000000000000000222e+00
1.000000000000000222e+00
1.000000000000000222e+00
1.000000000000000222e+00
1.000000000000000222e+00
1.000000000000000222e+00
1.000000000000000222e+00
1.000000000000000222e+00
1.000000000000000222e+00
1.000000000000000222e+00
1.000000000000000222e+00
1.000000000000000222e+00
1.000000000000000222e+00
1.000000000000000222e+00
1.000000000000000222e+00
1.000000000000000222e+00
1.000000000000000222e+00
1.000000000000000222e+00
1.000000000000000222e+00
1.000000000000000222e+00
1.000000000000000222e+00
1.000000000000000222e+00
1.000000000000000222e+00
1.000000000000000222e+00
1.000000000000000222e+00
1.000000000000000222e+00
1.000000000000000222e+00
1.000000000000000222e+00
1.000000000000000222e+00
1.000000000000000222e+00
1.000000000000000222e+00
1.000000000000000222e+00
1.000000000000000222e+00
1.000000000000000222e+00
1.000000000000000222e+00
1.000000000000000222e+00
1.000000000000000222e+00
1.000000000000000222e+00
1.000000000000000222e+00
1.000000000000000222e+00
1.000000000000000222e+00
1.000000000000000222e+00
1.000000000000000222e+00
1.000000000000000222e+00
1.000000000000000222e+00
1.000000000000000222e+00
1.000000000000000222e+00
1.000000000000000222e+00
1.000000000000000222e+00
1.000000000000000222e+00
1.000000000000000222e+00
1.000000000000000222e+00
1.000000000000000222e+00
1.000000000000000222e+00
1.000000000000000222e+00
1.000000000000000222e+00
1.000000000000000222e+00
1.000000000000000222e+00
1.000000000000000222e+00
1.000000000000000222e+00
1.000000000000000222e+00
1.000000000000000222e+00
1.000000000000000222e+00
1.000000000000000222e+00
1.000000000000000222e+00
1.000000000000000222e+00
1.000000000000000222e+00
1.000000000000000222e+00
1.000000000000000222e+00
1.000000000000000222e+00
1.000000000000000222e+00
1.000000000000000222e+00
1.000000000000000222e+00
1.000000000000000222e+00
1.000000000000000222e+00
1.000000000000000222e+00
1.000000000000000222e+00
1.000000000000000222e+00
1.000000000000000222e+00
1.000000000000000222e+00
1.000000000000000222e+00
1.000000000000000222e+00
1.000000000000000222e+00
1.000000000000000222e+00
1.000000000000000222e+00
1.000000000000000222e+00
1.000000000000000222e+00
1.000000000000000222e+00
1.000000000000000222e+00
1.000000000000000222e+00
1.000000000000000222e+00
1.000000000000000222e+00
1.000000000000000222e+00
1.000000000000000222e+00
1.000000000000000222e+00
1.000000000000000222e+00
1.000000000000000222e+00
1.000000000000000222e+00
1.000000000000000222e+00
1.000000000000000222e+00
1.000000000000000222e+00
1.000000000000000222e+00
1.000000000000000222e+00
1.000000000000000222e+00
1.000000000000000222e+00
1.000000000000000222e+00
1.000000000000000222e+00
1.000000000000000222e+00
1.000000000000000222e+00
1.000000000000000222e+00
1.000000000000000222e+00
1.000000000000000222e+00
1.000000000000000222e+00
1.000000000000000222e+00
1.000000000000000222e+00
1.000000000000000222e+00
1.000000000000000222e+00
1.000000000000000222e+00
1.000000000000000222e+00
1.000000000000000222e+00
1.000000000000000222e+00
1.000000000000000222e+00
1.000000000000000222e+00
1.000000000000000222e+00
1.000000000000000222e+00
1.000000000000000222e+00
1.000000000000000222e+00
1.000000000000000222e+00
1.000000000000000222e+00
1.000000000000000222e+00
1.000000000000000222e+00
1.000000000000000222e+00
1.000000000000000222e+00
1.000000000000000222e+00
1.000000000000000222e+00
1.000000000000000222e+00
1.000000000000000222e+00
1.000000000000000222e+00
1.000000000000000222e+00
1.000000000000000222e+00
1.000000000000000222e+00
1.000000000000000222e+00
1.000000000000000222e+00
1.000000000000000222e+00
1.000000000000000222e+00
1.000000000000000222e+00
1.000000000000000222e+00
1.000000000000000222e+00
1.000000000000000222e+00
1.000000000000000222e+00
1.000000000000000222e+00
1.000000000000000000e+00
1.000000000000000000e+00
1.000000000000000000e+00
1.000000000000000000e+00
1.000000000000000000e+00
1.000000000000000000e+00
1.000000000000000000e+00
1.000000000000000000e+00
1.000000000000000000e+00
1.000000000000000000e+00
1.000000000000000000e+00
1.000000000000000000e+00
1.000000000000000000e+00
1.000000000000000000e+00
1.000000000000000000e+00
1.000000000000000000e+00
1.000000000000000000e+00
1.000000000000000000e+00
1.000000000000000000e+00
1.000000000000000000e+00
1.000000000000000000e+00
1.000000000000000000e+00
1.000000000000000000e+00
1.000000000000000000e+00
1.000000000000000000e+00
1.000000000000000000e+00
1.000000000000000000e+00
1.000000000000000000e+00
1.000000000000000000e+00
1.000000000000000000e+00
1.000000000000000000e+00
1.000000000000000000e+00
1.000000000000000000e+00
1.000000000000000000e+00
1.000000000000000000e+00
1.000000000000000000e+00
1.000000000000000000e+00
1.000000000000000000e+00
1.000000000000000000e+00
1.000000000000000000e+00
1.000000000000000000e+00
1.000000000000000000e+00
1.000000000000000000e+00
1.000000000000000000e+00
1.000000000000000000e+00
1.000000000000000000e+00
1.000000000000000000e+00
1.000000000000000000e+00
1.000000000000000000e+00
1.000000000000000000e+00
1.000000000000000000e+00
1.000000000000000000e+00
1.000000000000000000e+00
1.000000000000000000e+00
1.000000000000000000e+00
1.000000000000000000e+00
1.000000000000000000e+00
1.000000000000000000e+00
1.000000000000000000e+00
1.000000000000000000e+00
1.000000000000000000e+00
1.000000000000000000e+00
1.000000000000000000e+00
1.000000000000000000e+00
1.000000000000000000e+00
1.000000000000000000e+00
1.000000000000000000e+00
1.000000000000000000e+00
1.000000000000000000e+00
1.000000000000000000e+00
1.000000000000000000e+00
1.000000000000000000e+00
1.000000000000000000e+00
1.000000000000000000e+00
1.000000000000000000e+00
1.000000000000000000e+00
1.000000000000000000e+00
1.000000000000000000e+00
1.000000000000000000e+00
1.000000000000000000e+00
1.000000000000000000e+00
1.000000000000000000e+00
1.000000000000000000e+00
1.000000000000000000e+00
1.000000000000000000e+00
1.000000000000000000e+00
1.000000000000000000e+00
1.000000000000000000e+00
1.000000000000000000e+00
1.000000000000000000e+00
1.000000000000000000e+00
1.000000000000000000e+00
1.000000000000000000e+00
1.000000000000000000e+00
1.000000000000000000e+00
1.000000000000000000e+00
1.000000000000000000e+00
1.000000000000000000e+00
1.000000000000000000e+00
1.000000000000000000e+00
1.000000000000000000e+00
1.000000000000000000e+00
1.000000000000000000e+00
1.000000000000000000e+00
1.000000000000000000e+00
1.000000000000000000e+00
1.000000000000000000e+00
1.000000000000000000e+00
1.000000000000000000e+00
1.000000000000000000e+00
1.000000000000000000e+00
1.000000000000000000e+00
1.000000000000000000e+00
1.000000000000000000e+00
1.000000000000000000e+00
1.000000000000000000e+00
1.000000000000000000e+00
1.000000000000000000e+00
1.000000000000000000e+00
1.000000000000000000e+00
1.000000000000000000e+00
1.000000000000000000e+00
1.000000000000000000e+00
1.000000000000000000e+00
1.000000000000000000e+00
1.000000000000000000e+00
1.000000000000000000e+00
1.000000000000000000e+00
1.000000000000000000e+00
1.000000000000000000e+00
1.000000000000000000e+00
1.000000000000000000e+00
1.000000000000000000e+00
1.000000000000000000e+00
1.000000000000000000e+00
1.000000000000000000e+00
1.000000000000000000e+00
1.000000000000000000e+00
1.000000000000000000e+00
1.000000000000000000e+00
1.000000000000000000e+00
1.000000000000000000e+00
1.000000000000000000e+00
1.000000000000000000e+00
1.000000000000000000e+00
1.000000000000000000e+00
1.000000000000000000e+00
1.000000000000000000e+00
1.000000000000000000e+00
1.000000000000000000e+00
1.000000000000000000e+00
1.000000000000000000e+00
1.000000000000000000e+00
1.000000000000000000e+00
1.000000000000000000e+00
1.000000000000000000e+00
1.000000000000000000e+00
1.000000000000000000e+00
1.000000000000000000e+00
1.000000000000000000e+00
1.000000000000000000e+00
1.000000000000000000e+00
1.000000000000000000e+00
1.000000000000000000e+00
1.000000000000000000e+00
1.000000000000000000e+00
1.000000000000000000e+00
1.000000000000000000e+00
1.000000000000000000e+00
1.000000000000000000e+00
1.000000000000000000e+00
1.000000000000000000e+00
1.000000000000000000e+00
1.000000000000000000e+00
1.000000000000000000e+00
1.000000000000000000e+00
1.000000000000000000e+00
1.000000000000000000e+00
1.000000000000000000e+00
1.000000000000000000e+00
1.000000000000000000e+00
1.000000000000000000e+00
1.000000000000000000e+00
1.000000000000000000e+00
1.000000000000000000e+00
1.000000000000000000e+00
1.000000000000000000e+00
1.000000000000000000e+00
1.000000000000000000e+00
1.000000000000000000e+00
1.000000000000000000e+00
1.000000000000000000e+00
1.000000000000000000e+00
1.000000000000000000e+00
1.000000000000000000e+00
1.000000000000000000e+00
1.000000000000000000e+00
1.000000000000000000e+00
1.000000000000000000e+00
1.000000000000000000e+00
1.000000000000000000e+00
1.000000000000000000e+00
1.000000000000000000e+00
1.000000000000000000e+00
1.000000000000000000e+00
1.000000000000000000e+00
1.000000000000000000e+00
1.000000000000000000e+00
1.000000000000000000e+00
1.000000000000000000e+00
1.000000000000000000e+00
1.000000000000000000e+00
1.000000000000000000e+00
1.000000000000000000e+00
1.000000000000000000e+00
1.000000000000000000e+00
1.000000000000000000e+00
1.000000000000000000e+00
1.000000000000000000e+00
1.000000000000000000e+00
1.000000000000000000e+00
1.000000000000000000e+00
1.000000000000000000e+00
1.000000000000000000e+00
1.000000000000000000e+00
1.000000000000000000e+00
1.000000000000000000e+00
1.000000000000000000e+00
1.000000000000000000e+00
1.000000000000000000e+00
1.000000000000000000e+00
1.000000000000000000e+00
1.000000000000000000e+00
1.000000000000000000e+00
1.000000000000000000e+00
1.000000000000000000e+00
1.000000000000000000e+00
1.000000000000000000e+00
1.000000000000000000e+00
1.000000000000000000e+00
1.000000000000000000e+00
1.000000000000000000e+00
1.000000000000000000e+00
1.000000000000000000e+00
1.000000000000000000e+00
1.000000000000000000e+00
9.999999999999998890e-01
9.999999999999998890e-01
9.999999999999998890e-01
9.999999999999998890e-01
9.999999999999998890e-01
9.999999999999998890e-01
9.999999999999998890e-01
9.999999999999998890e-01
9.999999999999998890e-01
9.999999999999998890e-01
9.999999999999998890e-01
9.999999999999998890e-01
9.999999999999998890e-01
9.999999999999998890e-01
9.999999999999998890e-01
9.999999999999998890e-01
9.999999999999998890e-01
9.999999999999998890e-01
9.999999999999998890e-01
9.999999999999998890e-01
9.999999999999998890e-01
9.999999999999998890e-01
9.999999999999998890e-01
9.999999999999998890e-01
9.999999999999998890e-01
9.999999999999998890e-01
9.999999999999998890e-01
9.999999999999998890e-01
9.999999999999998890e-01
9.999999999999998890e-01
9.999999999999998890e-01
9.999999999999998890e-01
9.999999999999998890e-01
9.999999999999998890e-01
9.999999999999998890e-01
9.999999999999998890e-01
9.999999999999998890e-01
9.999999999999998890e-01
9.999999999999998890e-01
9.999999999999998890e-01
9.999999999999998890e-01
9.999999999999998890e-01
9.999999999999998890e-01
9.999999999999998890e-01
9.999999999999998890e-01
9.999999999999998890e-01
9.999999999999998890e-01
9.999999999999998890e-01
9.999999999999998890e-01
9.999999999999998890e-01
9.999999999999998890e-01
9.999999999999998890e-01
9.999999999999998890e-01
9.999999999999998890e-01
9.999999999999998890e-01
9.999999999999998890e-01
9.999999999999998890e-01
9.999999999999998890e-01
9.999999999999998890e-01
9.999999999999998890e-01
9.999999999999998890e-01
9.999999999999998890e-01
9.999999999999998890e-01
9.999999999999998890e-01
9.999999999999998890e-01
9.999999999999998890e-01
9.999999999999998890e-01
9.999999999999998890e-01
9.999999999999998890e-01
9.999999999999998890e-01
9.999999999999998890e-01
9.999999999999998890e-01
9.999999999999998890e-01
9.999999999999998890e-01
9.999999999999998890e-01
9.999999999999998890e-01
9.999999999999998890e-01
9.999999999999998890e-01
9.999999999999998890e-01
9.999999999999998890e-01
9.999999999999998890e-01
9.999999999999998890e-01
9.999999999999998890e-01
9.999999999999998890e-01
9.999999999999998890e-01
9.999999999999998890e-01
9.999999999999998890e-01
9.999999999999998890e-01
9.999999999999998890e-01
9.999999999999998890e-01
9.999999999999998890e-01
9.999999999999998890e-01
9.999999999999998890e-01
9.999999999999998890e-01
9.999999999999998890e-01
9.999999999999998890e-01
9.999999999999998890e-01
9.999999999999998890e-01
9.999999999999998890e-01
9.999999999999998890e-01
9.999999999999998890e-01
9.999999999999998890e-01
9.999999999999998890e-01
9.999999999999998890e-01
9.999999999999998890e-01
9.999999999999998890e-01
9.999999999999998890e-01
9.999999999999998890e-01
9.999999999999998890e-01
9.999999999999998890e-01
9.999999999999998890e-01
9.999999999999998890e-01
9.999999999999998890e-01
9.999999999999998890e-01
9.999999999999998890e-01
9.999999999999998890e-01
9.999999999999998890e-01
9.999999999999998890e-01
9.999999999999998890e-01
9.999999999999998890e-01
9.999999999999998890e-01
9.999999999999998890e-01
9.999999999999998890e-01
9.999999999999998890e-01
9.999999999999998890e-01
9.999999999999998890e-01
9.999999999999998890e-01
9.999999999999998890e-01
9.999999999999998890e-01
9.999999999999998890e-01
9.999999999999998890e-01
9.999999999999998890e-01
9.999999999999998890e-01
9.999999999999998890e-01
9.999999999999998890e-01
9.999999999999998890e-01
9.999999999999998890e-01
9.999999999999998890e-01
9.999999999999998890e-01
9.999999999999998890e-01
9.999999999999998890e-01
9.999999999999998890e-01
9.999999999999998890e-01
9.999999999999998890e-01
9.999999999999998890e-01
9.999999999999998890e-01
9.999999999999998890e-01
9.999999999999998890e-01
9.999999999999998890e-01
9.999999999999998890e-01
9.999999999999998890e-01
9.999999999999998890e-01
9.999999999999998890e-01
9.999999999999998890e-01
9.999999999999998890e-01
9.999999999999998890e-01
9.999999999999998890e-01
9.999999999999998890e-01
9.999999999999998890e-01
9.999999999999998890e-01
9.999999999999996669e-01
9.999999999999996669e-01
9.999999999999996669e-01
9.999999999999996669e-01
9.999999999999996669e-01
9.999999999999996669e-01
9.999999999999996669e-01
9.999999999999996669e-01
9.999999999999996669e-01
9.999999999999996669e-01
9.999999999999996669e-01
9.999999999999996669e-01
9.999999999999996669e-01
9.999999999999996669e-01
9.999999999999996669e-01
9.999999999999996669e-01
9.999999999999996669e-01
9.999999999999996669e-01
9.999999999999996669e-01
9.999999999999996669e-01
9.999999999999996669e-01
9.999999999999996669e-01
9.999999999999996669e-01
9.999999999999996669e-01
9.999999999999996669e-01
9.999999999999996669e-01
9.999999999999996669e-01
9.999999999999996669e-01
9.999999999999996669e-01
9.999999999999996669e-01
9.999999999999996669e-01
9.999999999999996669e-01
9.999999999999996669e-01
9.999999999999996669e-01
9.999999999999996669e-01
9.999999999999996669e-01
9.999999999999996669e-01
9.999999999999996669e-01
9.999999999999996669e-01
9.999999999999996669e-01
9.999999999999996669e-01
9.999999999999996669e-01
9.999999999999996669e-01
9.999999999999996669e-01
9.999999999999996669e-01
9.999999999999996669e-01
9.999999999999996669e-01
9.999999999999996669e-01
9.999999999999996669e-01
9.999999999999996669e-01
9.999999999999996669e-01
9.999999999999996669e-01
9.999999999999996669e-01
9.999999999999996669e-01
9.999999999999996669e-01
9.999999999999996669e-01
9.999999999999996669e-01
9.999999999999996669e-01
9.999999999999996669e-01
9.999999999999996669e-01
9.999999999999996669e-01
9.999999999999996669e-01
9.999999999999996669e-01
9.999999999999996669e-01
9.999999999999996669e-01
9.999999999999996669e-01
9.999999999999996669e-01
9.999999999999996669e-01
9.999999999999996669e-01
9.999999999999996669e-01
9.999999999999996669e-01
9.999999999999996669e-01
9.999999999999996669e-01
9.999999999999996669e-01
9.999999999999996669e-01
9.999999999999996669e-01
9.999999999999996669e-01
9.999999999999996669e-01
9.999999999999996669e-01
9.999999999999996669e-01
9.999999999999996669e-01
9.999999999999996669e-01
9.999999999999996669e-01
9.999999999999996669e-01
9.999999999999996669e-01
9.999999999999996669e-01
9.999999999999996669e-01
9.999999999999996669e-01
9.999999999999996669e-01
9.999999999999996669e-01
9.999999999999996669e-01
9.999999999999996669e-01
9.999999999999996669e-01
9.999999999999996669e-01
9.999999999999995559e-01
9.999999999999995559e-01
9.999999999999995559e-01
9.999999999999995559e-01
9.999999999999995559e-01
9.999999999999995559e-01
9.999999999999995559e-01
9.999999999999995559e-01
9.999999999999995559e-01
9.999999999999995559e-01
9.999999999999995559e-01
9.999999999999995559e-01
9.999999999999995559e-01
9.999999999999995559e-01
9.999999999999995559e-01
9.999999999999995559e-01
9.999999999999995559e-01
9.999999999999995559e-01
9.999999999999995559e-01
9.999999999999995559e-01
9.999999999999995559e-01
9.999999999999995559e-01
9.999999999999995559e-01
9.999999999999995559e-01
9.999999999999995559e-01
9.999999999999995559e-01
9.999999999999995559e-01
9.999999999999995559e-01
9.999999999999995559e-01
9.999999999999995559e-01
9.999999999999995559e-01
9.999999999999995559e-01
9.999999999999995559e-01
9.999999999999995559e-01
9.999999999999995559e-01
9.999999999999995559e-01
9.999999999999995559e-01
9.999999999999995559e-01
9.999999999999995559e-01
9.999999999999995559e-01
9.999999999999995559e-01
9.999999999999994449e-01
9.999999999999994449e-01
9.999999999999994449e-01
9.999999999999994449e-01
9.999999999999994449e-01
9.999999999999994449e-01
9.999999999999994449e-01
9.999999999999994449e-01
9.999999999999994449e-01
9.999999999999994449e-01
9.999999999999994449e-01
9.999999999999994449e-01
9.999999999999994449e-01
9.999999999999994449e-01
9.999999999999994449e-01
9.999999999999994449e-01
9.999999999999994449e-01
9.999999999999994449e-01
9.999999999999994449e-01
9.999999999999994449e-01
9.999999999999994449e-01
9.999999999999994449e-01
9.999999999999994449e-01
9.999999999999994449e-01
9.999999999999994449e-01
9.999999999999994449e-01
9.999999999999994449e-01
9.999999999999994449e-01
9.999999999999994449e-01
9.999999999999994449e-01
9.999999999999994449e-01
9.999999999999994449e-01
9.999999999999993339e-01
9.999999999999993339e-01
9.999999999999993339e-01
9.999999999999993339e-01
9.999999999999992228e-01
9.999999999999992228e-01
9.999999999999992228e-01
9.999999999999992228e-01
9.999999999999992228e-01
9.999999999999991118e-01
9.999999999999991118e-01
9.999999999999990008e-01
9.999999999999990008e-01
9.999999999999990008e-01
9.999999999999988898e-01
9.999999999999988898e-01
9.999999999999988898e-01
9.999999999999986677e-01
9.999999999999985567e-01
9.999999999999985567e-01
9.999999999999985567e-01
9.999999999999984457e-01
9.999999999999983347e-01
9.999999999999981126e-01
9.999999999999981126e-01
9.999999999999976685e-01
9.999999999999975575e-01
9.999999999999972244e-01
9.999999999999970024e-01
9.999999999999965583e-01
9.999999999999964473e-01
9.999999999999930056e-01
9.953169726820768615e-01
9.179765295602803077e-01
8.724135640962281668e-01
8.390257216728257417e-01
8.095653209085049706e-01
7.503346244962698641e-01
7.317845561697198242e-01
7.201518050808900506e-01
6.418749243625108125e-01
6.309767740249165868e-01
6.095608197615449697e-01
6.087016157284177442e-01
5.904211866689486055e-01
5.155395788423680070e-01
5.140614485197947392e-01
4.825354460871619233e-01
4.325848881096873155e-01
4.219311415814323563e-01
3.295850901043225756e-01
2.412449088513245465e-01
2.006883413131600735e-01
1.800949476279564143e-01
