# Singular values
1.141601476826983763e+01
1.033395100756257001e+01
9.856264805585860600e+00
9.644924546252816810e+00
9.389184477846919563e+00
9.306276353412807012e+00
9.284671644985312611e+00
9.088024061544608401e+00
9.000000000000010658e+00
9.000000000000000000e+00
8.863378132767806505e+00
8.684067606305880815e+00
8.368585390257134549e+00
8.307643840757650722e+00
8.282616926513233224e+00
8.105306927298276065e+00
8.000000000000001776e+00
7.802944108164897585e+00
7.491822230607103172e+00
7.426359245975185708e+00
7.362779939948422836e+00
7.305430750717387234e+00
7.233904789342457953e+00
7.134962920463127745e+00
7.062550347265814210e+00
7.000000000000000888e+00
6.966223899867829417e+00
6.918123020925166955e+00
6.752140888845961086e+00
6.714763140657758811e+00
6.661000009909104236e+00
6.574027962282257498e+00
6.535443872885084104e+00
6.492244572894191101e+00
6.476982752551985634e+00
6.455810035329776042e+00
6.449360787146764196e+00
6.421852485510786579e+00
6.340555232411396069e+00
6.326362689211130430e+00
6.261306490929233526e+00
6.217488004453366912e+00
6.209049769721578294e+00
6.203039860593044352e+00
6.068247191523139961e+00
6.041304333181557240e+00
6.000000000000003553e+00
6.000000000000001776e+00
6.000000000000000888e+00
5.999999999999999112e+00
5.999999999999998224e+00
5.999999999999998224e+00
5.999999999999998224e+00
5.999999999999997335e+00
5.999999999999997335e+00
5.999999999999997335e+00
5.999999999999992006e+00
5.925460100759429416e+00
5.860913596047483409e+00
5.811711824592636688e+00
5.701963064563412509e+00
5.595098656235698797e+00
5.544535438674938810e+00
5.503620753841543589e+00
5.477979350221557020e+00
5.455384286589025855e+00
5.434410282668628689e+00
5.422304655320011157e+00
5.412319596961606472e+00
5.371125868515838064e+00
5.292918897781933474e+00
5.289927237813301097e+00
5.206846205537608796e+00
5.190899290024171719e+00
5.171917866826140298e+00
5.169204913020192471e+00
5.155625653207089876e+00
5.085190930977468327e+00
5.000000000000003553e+00
5.000000000000001776e+00
5.000000000000000888e+00
4.999999999999999112e+00
4.999999999999999112e+00
4.999999999999999112e+00
4.999999999999999112e+00
4.999999999999996447e+00
4.988187302247923505e+00
4.901533178086306286e+00
4.870915241774924631e+00
4.853064364927694108e+00
4.818169767574815410e+00
4.741628183342515790e+00
4.701562118716426930e+00
4.701562118716423377e+00
4.701562118716423377e+00
4.685001402139036486e+00
4.674435297074485796e+00
4.657392950175945678e+00
4.575461852781102401e+00
4.560811662520053211e+00
4.537332046950234066e+00
4.497990274117798393e+00
4.474691938149849335e+00
4.369606056284299100e+00
4.357258593646613498e+00
4.263241128924023293e+00
4.248092539828285830e+00
4.223040858510474393e+00
4.159630852470949769e+00
4.141336115655364303e+00
4.141336115655362526e+00
4.130879610497436794e+00
4.087219258458390847e+00
4.087178028239424776e+00
4.050313520442909265e+00
4.039393254434042291e+00
4.000000000000011546e+00
4.000000000000007994e+00
4.000000000000007105e+00
4.000000000000005329e+00
4.000000000000003553e+00
4.000000000000002665e+00
4.000000000000001776e+00
4.000000000000001776e+00
4.000000000000001776e+00
4.000000000000000000e+00
4.000000000000000000e+00
4.000000000000000000e+00
4.000000000000000000e+00
4.000000000000000000e+00
4.000000000000000000e+00
4.000000000000000000e+00
4.000000000000000000e+00
4.000000000000000000e+00
3.999999999999999556e+00
3.999999999999999556e+00
3.999999999999999556e+00
3.999999999999999556e+00
3.999999999999999556e+00
3.999999999999999556e+00
3.999999999999999556e+00
3.999999999999999556e+00
3.999999999999999556e+00
3.999999999999998668e+00
3.999999999999998224e+00
3.999999999999995559e+00
3.973235301446193191e+00
3.917359765813910322e+00
3.897765851023570427e+00
3.887746963689135082e+00
3.875141158477122261e+00
3.843869146606379239e+00
3.828427124746190291e+00
3.807397308568857053e+00
3.802020212801469956e+00
3.764144987696095512e+00
3.742570304939891734e+00
3.716411266178006212e+00
3.711168747609272511e+00
3.683908039636088816e+00
3.649095435733163750e+00
3.628577289236137648e+00
3.611428996427309634e+00
3.604592287168185027e+00
3.585274363282286547e+00
3.570151845379472277e+00
3.526439728494294990e+00
3.503765938643794708e+00
3.499398215893504194e+00
3.487724004965788716e+00
3.476677917126218098e+00
3.472616401678197295e+00
3.442419070675627690e+00
3.441421096032816873e+00
3.417276726730522185e+00
3.403935893382768363e+00
3.401263093709842256e+00
3.388258743059481048e+00
3.341856375022496994e+00
3.328475703717316492e+00
3.307306925562012445e+00
3.297757104573415088e+00
3.227489541996461764e+00
3.177806256286053621e+00
3.155634564554718136e+00
3.143683656787981118e+00
3.127686864280193824e+00
3.114760417473851906e+00
3.100272863599912831e+00
3.055420459866841743e+00
3.040820075807479483e+00
3.000000000000005773e+00
3.000000000000004441e+00
3.000000000000002665e+00
3.000000000000002220e+00
3.000000000000000888e+00
3.000000000000000888e+00
3.000000000000000888e+00
3.000000000000000444e+00
3.000000000000000444e+00
2.999999999999999556e+00
2.999999999999999556e+00
2.999999999999999556e+00
2.999999999999999556e+00
2.999999999999999112e+00
2.999999999999999112e+00
2.999999999999999112e+00
2.999999999999999112e+00
2.999999999999998668e+00
2.999999999999997780e+00
2.999999999999996891e+00
2.999918785963217704e+00
2.995095869838553249e+00
2.981124907772495281e+00
2.939517234778832311e+00
2.924639321880629250e+00
2.917975726985976070e+00
2.905119251973430128e+00
2.887209034840150679e+00
2.881957135697740480e+00
2.854033204156970260e+00
2.827909972637081104e+00
2.821425429781372340e+00
2.798297336055891371e+00
2.769187996995657208e+00
2.759255028377618935e+00
2.747697449445619000e+00
2.746948129326538091e+00
2.736318631616895480e+00
2.680096293931248042e+00
2.669449174823121496e+00
2.655943404054921242e+00
2.635474225920499070e+00
2.626987037538108360e+00
2.613754991593785437e+00
2.599549227028876697e+00
2.595876642111220711e+00
2.573344710236893818e+00
2.567782086131354724e+00
2.561552812808830293e+00
2.561552812808829849e+00
2.559813930577505392e+00
2.537245029695055720e+00
2.517455203462730218e+00
2.514512579201007458e+00
2.488770267742778319e+00
2.483791008984450599e+00
2.481524326758081322e+00
2.464964518477513522e+00
2.460207722832949973e+00
2.448606268356579907e+00
2.445734661205700267e+00
2.437548570489659561e+00
2.409452902388856455e+00
2.408138410839227195e+00
2.391011158744237086e+00
2.351590717725755120e+00
2.350855655154568513e+00
2.314199344830793148e+00
2.312738047409461206e+00
2.300464199769200579e+00
2.296204040073029251e+00
2.295253686279908223e+00
2.284558458188719499e+00
2.281104252125162102e+00
2.276991287659314800e+00
2.256559748065482207e+00
2.241355154729869792e+00
2.224381099881918011e+00
2.212854990245542552e+00
2.201936060643762350e+00
2.190847135270278745e+00
2.186336745931949377e+00
2.185829331155790811e+00
2.183492352636641431e+00
2.181741677401245916e+00
2.162524021387052464e+00
2.158975464385296750e+00
2.158809074629180813e+00
2.153903813380023458e+00
2.135272966870233713e+00
2.119248336531910581e+00
2.079793431832769546e+00
2.079647130984826120e+00
2.059653076206110267e+00
2.027929786647973742e+00
2.026373891957752971e+00
2.023961696352821082e+00
2.000839724747874193e+00
2.000000000000002665e+00
2.000000000000002665e+00
2.000000000000001332e+00
2.000000000000001332e+00
2.000000000000000888e+00
2.000000000000000888e+00
2.000000000000000888e+00
2.000000000000000888e+00
2.000000000000000888e+00
2.000000000000000444e+00
2.000000000000000000e+00
2.000000000000000000e+00
2.000000000000000000e+00
2.000000000000000000e+00
2.000000000000000000e+00
2.000000000000000000e+00
2.000000000000000000e+00
2.000000000000000000e+00
2.000000000000000000e+00
2.000000000000000000e+00
2.000000000000000000e+00
2.000000000000000000e+00
1.999999999999999778e+00
1.999999999999999778e+00
1.999999999999999778e+00
1.999999999999999778e+00
1.999999999999999778e+00
1.999999999999999778e+00
1.999999999999999778e+00
1.999999999999999778e+00
1.999999999999999778e+00
1.999999999999999778e+00
1.999999999999999778e+00
1.999999999999999778e+00
1.999999999999999778e+00
1.999999999999999778e+00
1.999999999999999778e+00
1.999999999999999334e+00
1.999999999999999334e+00
1.999999999999999334e+00
1.999999999999999334e+00
1.999999999999999334e+00
1.999999999999999334e+00
1.999999999999999112e+00
1.999999999999999112e+00
1.999999999999998890e+00
1.999999999999997780e+00
1.992419910771005664e+00
1.990457611727409759e+00
1.987822175949475856e+00
1.983572681263422011e+00
1.979210679444175280e+00
1.970463703550245471e+00
1.964607734964996411e+00
1.958476968606817303e+00
1.946536541326213898e+00
1.942978125813534351e+00
1.940950815979636701e+00
1.937393104081364781e+00
1.931023398940998614e+00
1.930260045184039930e+00
1.919746530981357502e+00
1.917366046823954395e+00
1.915675963967814255e+00
1.914690355156323021e+00
1.906998465387253372e+00
1.893789670265206837e+00
1.893338133105463283e+00
1.884467950068995812e+00
1.883579330297372900e+00
1.882473168116659545e+00
1.881182438036652194e+00
1.873916127911122498e+00
1.869601986682862371e+00
1.867796663915401112e+00
1.859743585750764483e+00
1.848196068626893451e+00
1.844467768866789203e+00
1.832775170864680003e+00
1.832610834220365748e+00
1.828691103771509008e+00
1.828427124746188293e+00
1.824874872015316507e+00
1.822894589464053139e+00
1.821195287938222052e+00
1.815373381684182830e+00
1.813205122437432815e+00
1.811694335557476387e+00
1.807419075064777170e+00
1.805021437848768784e+00
1.802836546450011568e+00
1.802530286685173122e+00
1.800365899174710016e+00
1.799143015639235177e+00
1.795643765451656604e+00
1.790409995831861112e+00
1.784535090401224933e+00
1.774848005986285004e+00
1.767738510299100785e+00
1.757820904782222637e+00
1.746391916890440710e+00
1.737175911176516152e+00
1.736199671335493688e+00
1.735489498215865956e+00
1.733186715471097150e+00
1.721409065384767567e+00
1.712837565221333458e+00
1.709959879143420514e+00
1.702539099543440404e+00
1.701562118716425820e+00
1.701562118716425376e+00
1.701562118716424266e+00
1.689237551993431063e+00
1.686953070481844286e+00
1.679303581544959512e+00
1.674257492461458607e+00
1.669988756029865185e+00
1.665676387682069493e+00
1.657575032911885460e+00
1.656479480505169688e+00
1.654647074273948748e+00
1.653249559714082828e+00
1.642654282943972310e+00
1.641028279040048776e+00
1.636509088508150578e+00
1.634286533434542887e+00
1.627790726146134626e+00
1.626198068527293872e+00
1.626198068527293428e+00
1.625960721866482217e+00
1.625650402617242252e+00
1.623404724194238646e+00
1.620635863831841661e+00
1.615218466618797422e+00
1.609592812818622987e+00
1.605298359309003997e+00
1.597693855369723970e+00
1.593833291614031422e+00
1.591324496933156807e+00
1.582186289982861371e+00
1.582111047531748360e+00
1.580788152652399914e+00
1.568701431005542268e+00
1.568292009215626281e+00
1.564859149976933983e+00
1.561552812808830293e+00
1.561552812808829405e+00
1.560547548699454223e+00
1.559714449150412907e+00
1.556857887094320159e+00
1.556459864925279657e+00
1.550170680338351481e+00
1.545523983603690921e+00
1.537680396939031802e+00
1.537227614701522915e+00
1.536785956232645134e+00
1.531667059197241221e+00
1.527135370978044193e+00
1.519063167251148982e+00
1.505353673324593800e+00
1.493827758332463507e+00
1.486146800964137205e+00
1.484861952871929791e+00
1.484861952871929347e+00
1.474936254587172701e+00
1.472698891888724493e+00
1.464134585433281677e+00
1.459804400458173834e+00
1.456760184777865286e+00
1.452475236035903672e+00
1.451080089887214486e+00
1.445224696033345024e+00
1.441294886996680624e+00
1.435268875891254625e+00
1.427680552007329906e+00
1.425945856651478438e+00
1.416722815389133583e+00
1.413200106145451995e+00
1.403690175189987954e+00
1.397776391626724068e+00
1.396181859783938606e+00
1.394875704237593883e+00
1.387945187440811967e+00
1.373087026184163228e+00
1.372956820303553149e+00
1.359124575977246563e+00
1.357017143023837802e+00
1.349956267422732115e+00
1.340515791750227947e+00
1.331883297412851830e+00
1.316722934198694572e+00
1.312412908647076382e+00
1.304600165777942244e+00
1.303659931625956947e+00
1.289555884625513293e+00
1.280510680455118289e+00
1.276089201084164904e+00
1.265602215211144799e+00
1.257609899993913816e+00
1.256420444967713212e+00
1.254786228161689055e+00
1.250751851203367293e+00
1.248882821787678399e+00
1.244135877132355850e+00
1.238743791942398254e+00
1.232918819508178165e+00
1.219264170830475669e+00
1.175371529798141079e+00
1.155401525108293193e+00
1.093542901915164345e+00
1.085238851049136866e+00
1.001561078688731676e+00
1.000000000000007105e+00
1.000000000000003997e+00
1.000000000000002665e+00
1.000000000000002442e+00
1.000000000000002442e+00
1.000000000000002220e+00
1.000000000000001998e+00
1.000000000000001776e+00
1.000000000000001776e+00
1.000000000000001554e+00
1.000000000000001554e+00
1.000000000000001554e+00
1.000000000000001554e+00
1.000000000000001554e+00
1.000000000000001332e+00
1.000000000000001332e+00
1.000000000000001332e+00
1.000000000000001332e+00
1.000000000000001332e+00
1.000000000000001110e+00
1.000000000000001110e+00
1.000000000000001110e+00
1.000000000000001110e+00
1.000000000000000888e+00
1.000000000000000888e+00
1.000000000000000888e+00
1.000000000000000888e+00
1.000000000000000888e+00
1.000000000000000888e+00
1.000000000000000888e+00
1.000000000000000888e+00
1.000000000000000888e+00
1.000000000000000888e+00
1.000000000000000888e+00
1.000000000000000888e+00
1.000000000000000666e+00
1.000000000000000666e+00
1.000000000000000666e+00
1.000000000000000666e+00
1.000000000000000666e+00
1.000000000000000666e+00
1.000000000000000666e+00
1.000000000000000666e+00
1.000000000000000666e+00
1.000000000000000666e+00
1.000000000000000666e+00
1.000000000000000666e+00
1.000000000000000666e+00
1.000000000000000666e+00
1.000000000000000666e+00
1.000000000000000666e+00
1.000000000000000666e+00
1.000000000000000666e+00
1.000000000000000666e+00
1.000000000000000666e+00
1.000000000000000444e+00
1.000000000000000444e+00
1.000000000000000444e+00
1.000000000000000444e+00
1.000000000000000444e+00
1.000000000000000444e+00
1.000000000000000444e+00
1.000000000000000444e+00
1.000000000000000444e+00
1.000000000000000444e+00
1.000000000000000444e+00
1.000000000000000444e+00
1.000000000000000444e+00
1.000000000000000444e+00
1.000000000000000444e+00
1.000000000000000444e+00
1.000000000000000444e+00
1.000000000000000444e+00
1.000000000000000444e+00
1.000000000000000444e+00
1.000000000000000444e+00
1.000000000000000444e+00
1.000000000000000444e+00
1.000000000000000444e+00
1.000000000000000444e+00
1.000000000000000444e+00
1.000000000000000444e+00
1.000000000000000444e+00
1.000000000000000444e+00
1.000000000000000444e+00
1.000000000000000444e+00
1.000000000000000444e+00
1.000000000000000444e+00
1.000000000000000444e+00
1.000000000000000444e+00
1.000000000000000444e+00
1.000000000000000444e+00
1.000000000000000444e+00
1.000000000000000444e+00
1.000000000000000444e+00
1.000000000000000444e+00
1.000000000000000444e+00
1.000000000000000444e+00
1.000000000000000444e+00
1.000000000000000444e+00
1.000000000000000444e+00
1.000000000000000444e+00
1.000000000000000444e+00
1.000000000000000444e+00
1.000000000000000444e+00
1.000000000000000444e+00
1.000000000000000444e+00
1.000000000000000444e+00
1.000000000000000444e+00
1.000000000000000444e+00
1.000000000000000444e+00
1.000000000000000444e+00
1.000000000000000444e+00
1.000000000000000444e+00
1.000000000000000444e+00
1.000000000000000444e+00
1.000000000000000222e+00
1.000000000000000222e+00
1.000000000000000222e+00
1.000000000000000222e+00
1.000000000000000222e+00
1.000000000000000222e+00
1.000000000000000222e+00
1.000000000000000222e+00
1.000000000000000222e+00
1.000000000000000222e+00
1.000000000000000222e+00
1.000000000000000222e+00
1.000000000000000222e+00
1.000000000000000222e+00
1.000000000000000222e+00
1.000000000000000222e+00
1.000000000000000222e+00
1.000000000000000222e+00
1.000000000000000222e+00
1.000000000000000222e+00
1.000000000000000222e+00
1.000000000000000222e+00
1.000000000000000222e+00
1.000000000000000222e+00
1.000000000000000222e+00
1.000000000000000222e+00
1.000000000000000222e+00
1.000000000000000222e+00
1.000000000000000222e+00
1.000000000000000222e+00
1.000000000000000222e+00
1.000000000000000222e+00
1.000000000000000222e+00
1.000000000000000222e+00
1.000000000000000222e+00
1.000000000000000222e+00
1.000000000000000222e+00
1.000000000000000222e+00
1.000000000000000222e+00
1.000000000000000222e+00
1.000000000000000222e+00
1.000000000000000222e+00
1.000000000000000222e+00
1.000000000000000222e+00
1.000000000000000222e+00
1.000000000000000222e+00
1.000000000000000222e+00
1.000000000000000222e+00
1.000000000000000222e+00
1.000000000000000222e+00
1.000000000000000222e+00
1.000000000000000222e+00
1.000000000000000222e+00
1.000000000000000222e+00
1.000000000000000222e+00
1.000000000000000222e+00
1.000000000000000222e+00
1.000000000000000222e+00
1.000000000000000222e+00
1.000000000000000222e+00
1.000000000000000222e+00
1.000000000000000222e+00
1.000000000000000222e+00
1.000000000000000222e+00
1.000000000000000222e+00
1.000000000000000222e+00
1.000000000000000222e+00
1.000000000000000222e+00
1.000000000000000222e+00
1.000000000000000222e+00
1.000000000000000222e+00
1.000000000000000222e+00
1.000000000000000222e+00
1.000000000000000222e+00
1.000000000000000222e+00
1.000000000000000222e+00
1.000000000000000222e+00
1.000000000000000222e+00
1.000000000000000222e+00
1.000000000000000222e+00
1.000000000000000222e+00
1.000000000000000222e+00
1.000000000000000222e+00
1.000000000000000222e+00
1.000000000000000222e+00
1.000000000000000222e+00
1.000000000000000222e+00
1.000000000000000222e+00
1.000000000000000222e+00
1.000000000000000222e+00
1.000000000000000222e+00
1.000000000000000222e+00
1.000000000000000222e+00
1.000000000000000222e+00
1.000000000000000222e+00
1.000000000000000222e+00
1.000000000000000222e+00
1.000000000000000222e+00
1.000000000000000222e+00
1.000000000000000222e+00
1.000000000000000222e+00
1.000000000000000222e+00
1.000000000000000222e+00
1.000000000000000222e+00
1.000000000000000222e+00
1.000000000000000222e+00
1.000000000000000222e+00
1.000000000000000222e+00
1.000000000000000222e+00
1.000000000000000222e+00
1.000000000000000222e+00
1.000000000000000222e+00
1.000000000000000222e+00
1.000000000000000222e+00
1.000000000000000222e+00
1.000000000000000222e+00
1.000000000000000222e+00
1.000000000000000222e+00
1.000000000000000222e+00
1.000000000000000222e+00
1.000000000000000222e+00
1.000000000000000222e+00
1.000000000000000222e+00
1.000000000000000222e+00
1.000000000000000222e+00
1.000000000000000222e+00
1.000000000000000222e+00
1.000000000000000222e+00
1.000000000000000222e+00
1.000000000000000222e+00
1.000000000000000222e+00
1.000000000000000222e+00
1.000000000000000222e+00
1.000000000000000222e+00
1.000000000000000222e+00
1.000000000000000222e+00
1.000000000000000222e+00
1.000000000000000222e+00
1.000000000000000222e+00
1.000000000000000222e+00
1.000000000000000222e+00
1.000000000000000222e+00
1.000000000000000222e+00
1.000000000000000222e+00
1.000000000000000222e+00
1.000000000000000222e+00
1.000000000000000222e+00
1.000000000000000222e+00
1.000000000000000222e+00
1.000000000000000222e+00
1.000000000000000222e+00
1.000000000000000222e+00
1.000000000000000222e+00
1.000000000000000222e+00
1.000000000000000222e+00
1.000000000000000222e+00
1.000000000000000222e+00
1.000000000000000222e+00
1.000000000000000222e+00
1.000000000000000222e+00
1.000000000000000222e+00
1.000000000000000222e+00
1.000000000000000222e+00
1.000000000000000222e+00
1.000000000000000222e+00
1.000000000000000222e+00
1.000000000000000222e+00
1.000000000000000222e+00
1.000000000000000222e+00
1.000000000000000222e+00
1.000000000000000222e+00
1.000000000000000222e+00
1.000000000000000222e+00
1.000000000000000222e+00
1.000000000000000222e+00
1.000000000000000222e+00
1.000000000000000222e+00
1.000000000000000222e+00
1.000000000000000222e+00
1.000000000000000222e+00
1.000000000000000222e+00
1.000000000000000222e+00
1.000000000000000222e+00
1.000000000000000222e+00
1.000000000000000222e+00
1.000000000000000222e+00
1.000000000000000222e+00
1.000000000000000222e+00
1.000000000000000222e+00
1.000000000000000222e+00
1.000000000000000222e+00
1.000000000000000222e+00
1.000000000000000222e+00
1.000000000000000222e+00
1.000000000000000222e+00
1.000000000000000222e+00
1.000000000000000222e+00
1.000000000000000222e+00
1.000000000000000222e+00
1.000000000000000222e+00
1.000000000000000222e+00
1.000000000000000222e+00
1.000000000000000222e+00
1.000000000000000222e+00
1.000000000000000222e+00
1.000000000000000222e+00
1.000000000000000222e+00
1.000000000000000222e+00
1.000000000000000222e+00
1.000000000000000222e+00
1.000000000000000222e+00
1.000000000000000222e+00
1.000000000000000222e+00
1.000000000000000000e+00
1.000000000000000000e+00
1.000000000000000000e+00
1.000000000000000000e+00
1.000000000000000000e+00
1.000000000000000000e+00
1.000000000000000000e+00
1.000000000000000000e+00
1.000000000000000000e+00
1.000000000000000000e+00
1.000000000000000000e+00
1.000000000000000000e+00
1.000000000000000000e+00
1.000000000000000000e+00
1.000000000000000000e+00
1.000000000000000000e+00
1.000000000000000000e+00
1.000000000000000000e+00
1.000000000000000000e+00
1.000000000000000000e+00
1.000000000000000000e+00
1.000000000000000000e+00
1.000000000000000000e+00
1.000000000000000000e+00
1.000000000000000000e+00
1.000000000000000000e+00
1.000000000000000000e+00
1.000000000000000000e+00
1.000000000000000000e+00
1.000000000000000000e+00
1.000000000000000000e+00
1.000000000000000000e+00
1.000000000000000000e+00
1.000000000000000000e+00
1.000000000000000000e+00
1.000000000000000000e+00
1.000000000000000000e+00
1.000000000000000000e+00
1.000000000000000000e+00
1.000000000000000000e+00
1.000000000000000000e+00
1.000000000000000000e+00
1.000000000000000000e+00
1.000000000000000000e+00
1.000000000000000000e+00
1.000000000000000000e+00
1.000000000000000000e+00
1.000000000000000000e+00
1.000000000000000000e+00
1.000000000000000000e+00
1.000000000000000000e+00
1.000000000000000000e+00
1.000000000000000000e+00
1.000000000000000000e+00
1.000000000000000000e+00
1.000000000000000000e+00
1.000000000000000000e+00
1.000000000000000000e+00
1.000000000000000000e+00
1.000000000000000000e+00
1.000000000000000000e+00
1.000000000000000000e+00
1.000000000000000000e+00
1.000000000000000000e+00
1.000000000000000000e+00
1.000000000000000000e+00
1.000000000000000000e+00
1.000000000000000000e+00
1.000000000000000000e+00
1.000000000000000000e+00
1.000000000000000000e+00
1.000000000000000000e+00
1.000000000000000000e+00
1.000000000000000000e+00
1.000000000000000000e+00
1.000000000000000000e+00
1.000000000000000000e+00
1.000000000000000000e+00
1.000000000000000000e+00
1.000000000000000000e+00
1.000000000000000000e+00
1.000000000000000000e+00
1.000000000000000000e+00
1.000000000000000000e+00
1.000000000000000000e+00
1.000000000000000000e+00
1.000000000000000000e+00
1.000000000000000000e+00
1.000000000000000000e+00
1.000000000000000000e+00
1.000000000000000000e+00
1.000000000000000000e+00
1.000000000000000000e+00
1.000000000000000000e+00
1.000000000000000000e+00
1.000000000000000000e+00
1.000000000000000000e+00
1.000000000000000000e+00
1.000000000000000000e+00
1.000000000000000000e+00
1.000000000000000000e+00
1.000000000000000000e+00
1.000000000000000000e+00
1.000000000000000000e+00
1.000000000000000000e+00
1.000000000000000000e+00
1.000000000000000000e+00
1.000000000000000000e+00
1.000000000000000000e+00
1.000000000000000000e+00
1.000000000000000000e+00
1.000000000000000000e+00
1.000000000000000000e+00
1.000000000000000000e+00
1.000000000000000000e+00
1.000000000000000000e+00
1.000000000000000000e+00
1.000000000000000000e+00
1.000000000000000000e+00
1.000000000000000000e+00
1.000000000000000000e+00
1.000000000000000000e+00
1.000000000000000000e+00
1.000000000000000000e+00
1.000000000000000000e+00
1.000000000000000000e+00
1.000000000000000000e+00
1.000000000000000000e+00
1.000000000000000000e+00
1.000000000000000000e+00
1.000000000000000000e+00
1.000000000000000000e+00
1.000000000000000000e+00
1.000000000000000000e+00
1.000000000000000000e+00
1.000000000000000000e+00
1.000000000000000000e+00
1.000000000000000000e+00
1.000000000000000000e+00
1.000000000000000000e+00
1.000000000000000000e+00
1.000000000000000000e+00
1.000000000000000000e+00
1.000000000000000000e+00
1.000000000000000000e+00
1.000000000000000000e+00
1.000000000000000000e+00
1.000000000000000000e+00
1.000000000000000000e+00
1.000000000000000000e+00
1.000000000000000000e+00
1.000000000000000000e+00
1.000000000000000000e+00
1.000000000000000000e+00
1.000000000000000000e+00
1.000000000000000000e+00
1.000000000000000000e+00
1.000000000000000000e+00
1.000000000000000000e+00
1.000000000000000000e+00
1.000000000000000000e+00
1.000000000000000000e+00
1.000000000000000000e+00
1.000000000000000000e+00
1.000000000000000000e+00
1.000000000000000000e+00
1.000000000000000000e+00
1.000000000000000000e+00
1.000000000000000000e+00
1.000000000000000000e+00
1.000000000000000000e+00
1.000000000000000000e+00
1.000000000000000000e+00
1.000000000000000000e+00
1.000000000000000000e+00
1.000000000000000000e+00
1.000000000000000000e+00
1.000000000000000000e+00
1.000000000000000000e+00
1.000000000000000000e+00
1.000000000000000000e+00
1.000000000000000000e+00
1.000000000000000000e+00
1.000000000000000000e+00
1.000000000000000000e+00
1.000000000000000000e+00
1.000000000000000000e+00
1.000000000000000000e+00
1.000000000000000000e+00
1.000000000000000000e+00
1.000000000000000000e+00
1.000000000000000000e+00
1.000000000000000000e+00
1.000000000000000000e+00
1.000000000000000000e+00
1.000000000000000000e+00
1.000000000000000000e+00
1.000000000000000000e+00
1.000000000000000000e+00
1.000000000000000000e+00
1.000000000000000000e+00
1.000000000000000000e+00
1.000000000000000000e+00
1.000000000000000000e+00
1.000000000000000000e+00
1.000000000000000000e+00
1.000000000000000000e+00
1.000000000000000000e+00
1.000000000000000000e+00
1.000000000000000000e+00
1.000000000000000000e+00
1.000000000000000000e+00
1.000000000000000000e+00
1.000000000000000000e+00
1.000000000000000000e+00
1.000000000000000000e+00
1.000000000000000000e+00
1.000000000000000000e+00
1.000000000000000000e+00
1.000000000000000000e+00
1.000000000000000000e+00
1.000000000000000000e+00
1.000000000000000000e+00
1.000000000000000000e+00
1.000000000000000000e+00
1.000000000000000000e+00
1.000000000000000000e+00
1.000000000000000000e+00
1.000000000000000000e+00
1.000000000000000000e+00
1.000000000000000000e+00
1.000000000000000000e+00
1.000000000000000000e+00
1.000000000000000000e+00
1.000000000000000000e+00
1.000000000000000000e+00
1.000000000000000000e+00
1.000000000000000000e+00
1.000000000000000000e+00
1.000000000000000000e+00
1.000000000000000000e+00
1.000000000000000000e+00
1.000000000000000000e+00
1.000000000000000000e+00
1.000000000000000000e+00
1.000000000000000000e+00
1.000000000000000000e+00
1.000000000000000000e+00
1.000000000000000000e+00
1.000000000000000000e+00
1.000000000000000000e+00
1.000000000000000000e+00
1.000000000000000000e+00
1.000000000000000000e+00
9.999999999999998890e-01
9.999999999999998890e-01
9.999999999999998890e-01
9.999999999999998890e-01
9.999999999999998890e-01
9.999999999999998890e-01
9.999999999999998890e-01
9.999999999999998890e-01
9.999999999999998890e-01
9.999999999999998890e-01
9.999999999999998890e-01
9.999999999999998890e-01
9.999999999999998890e-01
9.999999999999998890e-01
9.999999999999998890e-01
9.999999999999998890e-01
9.999999999999998890e-01
9.999999999999998890e-01
9.999999999999998890e-01
9.999999999999998890e-01
9.999999999999998890e-01
9.999999999999998890e-01
9.999999999999998890e-01
9.999999999999998890e-01
9.999999999999998890e-01
9.999999999999998890e-01
9.999999999999998890e-01
9.999999999999998890e-01
9.999999999999998890e-01
9.999999999999998890e-01
9.999999999999998890e-01
9.999999999999998890e-01
9.999999999999998890e-01
9.999999999999998890e-01
9.999999999999998890e-01
9.999999999999998890e-01
9.999999999999998890e-01
9.999999999999998890e-01
9.999999999999998890e-01
9.999999999999998890e-01
9.999999999999998890e-01
9.999999999999998890e-01
9.999999999999998890e-01
9.999999999999998890e-01
9.999999999999998890e-01
9.999999999999998890e-01
9.999999999999998890e-01
9.999999999999998890e-01
9.999999999999998890e-01
9.999999999999998890e-01
9.999999999999998890e-01
9.999999999999998890e-01
9.999999999999998890e-01
9.999999999999998890e-01
9.999999999999998890e-01
9.999999999999998890e-01
9.999999999999998890e-01
9.999999999999998890e-01
9.999999999999998890e-01
9.999999999999998890e-01
9.999999999999998890e-01
9.999999999999998890e-01
9.999999999999998890e-01
9.999999999999998890e-01
9.999999999999998890e-01
9.999999999999998890e-01
9.999999999999998890e-01
9.999999999999998890e-01
9.999999999999998890e-01
9.999999999999998890e-01
9.999999999999998890e-01
9.999999999999998890e-01
9.999999999999998890e-01
9.999999999999998890e-01
9.999999999999998890e-01
9.999999999999998890e-01
9.999999999999998890e-01
9.999999999999998890e-01
9.999999999999998890e-01
9.999999999999998890e-01
9.999999999999998890e-01
9.999999999999998890e-01
9.999999999999998890e-01
9.999999999999998890e-01
9.999999999999998890e-01
9.999999999999998890e-01
9.999999999999998890e-01
9.999999999999998890e-01
9.999999999999998890e-01
9.999999999999998890e-01
9.999999999999998890e-01
9.999999999999998890e-01
9.999999999999998890e-01
9.999999999999998890e-01
9.999999999999998890e-01
9.999999999999998890e-01
9.999999999999998890e-01
9.999999999999998890e-01
9.999999999999998890e-01
9.999999999999998890e-01
9.999999999999998890e-01
9.999999999999998890e-01
9.999999999999998890e-01
9.999999999999998890e-01
9.999999999999998890e-01
9.999999999999998890e-01
9.999999999999998890e-01
9.999999999999998890e-01
9.999999999999998890e-01
9.999999999999998890e-01
9.999999999999998890e-01
9.999999999999998890e-01
9.999999999999998890e-01
9.999999999999998890e-01
9.999999999999998890e-01
9.999999999999998890e-01
9.999999999999998890e-01
9.999999999999998890e-01
9.999999999999998890e-01
9.999999999999998890e-01
9.999999999999998890e-01
9.999999999999998890e-01
9.999999999999998890e-01
9.999999999999998890e-01
9.999999999999998890e-01
9.999999999999998890e-01
9.999999999999998890e-01
9.999999999999998890e-01
9.999999999999998890e-01
9.999999999999998890e-01
9.999999999999998890e-01
9.999999999999998890e-01
9.999999999999998890e-01
9.999999999999998890e-01
9.999999999999998890e-01
9.999999999999998890e-01
9.999999999999998890e-01
9.999999999999998890e-01
9.999999999999998890e-01
9.999999999999998890e-01
9.999999999999998890e-01
9.999999999999998890e-01
9.999999999999998890e-01
9.999999999999998890e-01
9.999999999999998890e-01
9.999999999999998890e-01
9.999999999999998890e-01
9.999999999999998890e-01
9.999999999999998890e-01
9.999999999999998890e-01
9.999999999999998890e-01
9.999999999999998890e-01
9.999999999999996669e-01
9.999999999999996669e-01
9.999999999999996669e-01
9.999999999999996669e-01
9.999999999999996669e-01
9.999999999999996669e-01
9.999999999999996669e-01
9.999999999999996669e-01
9.999999999999996669e-01
9.999999999999996669e-01
9.999999999999996669e-01
9.999999999999996669e-01
9.999999999999996669e-01
9.999999999999996669e-01
9.999999999999996669e-01
9.999999999999996669e-01
9.999999999999996669e-01
9.999999999999996669e-01
9.999999999999996669e-01
9.999999999999996669e-01
9.999999999999996669e-01
9.999999999999996669e-01
9.999999999999996669e-01
9.999999999999996669e-01
9.999999999999996669e-01
9.999999999999996669e-01
9.999999999999996669e-01
9.999999999999996669e-01
9.999999999999996669e-01
9.999999999999996669e-01
9.999999999999996669e-01
9.999999999999996669e-01
9.999999999999996669e-01
9.999999999999996669e-01
9.999999999999996669e-01
9.999999999999996669e-01
9.999999999999996669e-01
9.999999999999996669e-01
9.999999999999996669e-01
9.999999999999996669e-01
9.999999999999996669e-01
9.999999999999996669e-01
9.999999999999996669e-01
9.999999999999996669e-01
9.999999999999996669e-01
9.999999999999996669e-01
9.999999999999996669e-01
9.999999999999996669e-01
9.999999999999996669e-01
9.999999999999996669e-01
9.999999999999996669e-01
9.999999999999996669e-01
9.999999999999996669e-01
9.999999999999996669e-01
9.999999999999996669e-01
9.999999999999996669e-01
9.999999999999995559e-01
9.999999999999995559e-01
9.999999999999995559e-01
9.999999999999995559e-01
9.999999999999995559e-01
9.999999999999995559e-01
9.999999999999995559e-01
9.999999999999995559e-01
9.999999999999995559e-01
9.999999999999995559e-01
9.999999999999995559e-01
9.999999999999995559e-01
9.999999999999995559e-01
9.999999999999995559e-01
9.999999999999995559e-01
9.999999999999995559e-01
9.999999999999995559e-01
9.999999999999995559e-01
9.999999999999995559e-01
9.999999999999995559e-01
9.999999999999995559e-01
9.999999999999995559e-01
9.999999999999995559e-01
9.999999999999995559e-01
9.999999999999995559e-01
9.999999999999995559e-01
9.999999999999995559e-01
9.999999999999995559e-01
9.999999999999995559e-01
9.999999999999995559e-01
9.999999999999995559e-01
9.999999999999995559e-01
9.999999999999995559e-01
9.999999999999995559e-01
9.999999999999995559e-01
9.999999999999995559e-01
9.999999999999995559e-01
9.999999999999995559e-01
9.999999999999995559e-01
9.999999999999995559e-01
9.999999999999995559e-01
9.999999999999995559e-01
9.999999999999995559e-01
9.999999999999995559e-01
9.999999999999995559e-01
9.999999999999995559e-01
9.999999999999995559e-01
9.999999999999995559e-01
9.999999999999995559e-01
9.999999999999995559e-01
9.999999999999995559e-01
9.999999999999995559e-01
9.999999999999995559e-01
9.999999999999995559e-01
9.999999999999995559e-01
9.999999999999995559e-01
9.999999999999995559e-01
9.999999999999995559e-01
9.999999999999995559e-01
9.999999999999995559e-01
9.999999999999995559e-01
9.999999999999994449e-01
9.999999999999994449e-01
9.999999999999994449e-01
9.999999999999994449e-01
9.999999999999994449e-01
9.999999999999994449e-01
9.999999999999994449e-01
9.999999999999994449e-01
9.999999999999994449e-01
9.999999999999994449e-01
9.999999999999994449e-01
9.999999999999994449e-01
9.999999999999994449e-01
9.999999999999994449e-01
9.999999999999994449e-01
9.999999999999994449e-01
9.999999999999993339e-01
9.999999999999993339e-01
9.999999999999993339e-01
9.999999999999993339e-01
9.999999999999993339e-01
9.999999999999992228e-01
9.999999999999992228e-01
9.999999999999992228e-01
9.999999999999992228e-01
9.999999999999992228e-01
9.999999999999991118e-01
9.999999999999991118e-01
9.999999999999991118e-01
9.999999999999988898e-01
9.999999999999988898e-01
9.999999999999988898e-01
9.999999999999987788e-01
9.999999999999987788e-01
9.999999999999986677e-01
9.999999999999986677e-01
9.999999999999986677e-01
9.999999999999986677e-01
9.999999999999986677e-01
9.999999999999985567e-01
9.999999999999985567e-01
9.999999999999985567e-01
9.999999999999985567e-01
9.999999999999985567e-01
9.999999999999984457e-01
9.999999999999984457e-01
9.999999999999984457e-01
9.999999999999983347e-01
9.999999999999983347e-01
9.999999999999981126e-01
9.999999999999980016e-01
9.999999999999978906e-01
9.999999999999978906e-01
9.999999999999977796e-01
9.999999999999977796e-01
9.999999999999975575e-01
9.999999999999974465e-01
9.999999999999971134e-01
9.999999999999968914e-01
9.999999999999967804e-01
9.999999999999964473e-01
9.999999999999962252e-01
9.838636146917125735e-01
9.050365345763163871e-01
8.292783665208790511e-01
7.929258798127328811e-01
7.928431208413637687e-01
7.333738513179315355e-01
6.958507367859513293e-01
6.911067248645927918e-01
6.087016157284175222e-01
5.890088254286829361e-01
5.865858629921759659e-01
5.682794930066135120e-01
5.158013098265984420e-01
4.495354488876763810e-01
3.434961670528675071e-01
2.399587660782206422e-01
2.244503745988288279e-01
2.130514260802392479e-01
1.627462654058994262e-01
8.497598370877224028e-02
