# Singular values
1.299999999999997513e+01
1.274460273844449532e+01
1.175866018764652310e+01
1.117346629975887851e+01
1.110576932328313404e+01
1.015093768520887529e+01
9.829044902645573956e+00
9.197650279782823901e+00
9.175436383846527377e+00
9.052296752453296236e+00
9.044277386806836461e+00
9.000000000000001776e+00
8.933846742018255682e+00
8.736787285134417047e+00
8.193001236119513919e+00
8.050962540665034695e+00
8.000000000000000000e+00
8.000000000000000000e+00
7.999999999999996447e+00
7.901471854013396801e+00
7.772598234258621730e+00
7.694277467206697807e+00
7.487178104547228763e+00
7.348980890546370048e+00
7.281745277641147318e+00
7.191275681198628256e+00
7.151529995653733707e+00
7.089381016351030240e+00
7.025506572212919743e+00
7.000000000000016875e+00
7.000000000000015987e+00
7.000000000000000888e+00
6.999999999999999112e+00
6.999999999999998224e+00
6.958353597701004922e+00
6.857500475533400142e+00
6.776226365501856641e+00
6.739090527971714373e+00
6.692884174654386342e+00
6.632153555126111932e+00
6.568726398934443544e+00
6.554440676761886131e+00
6.449293455199049951e+00
6.400862509477720508e+00
6.265976770808537211e+00
6.238149233456721454e+00
6.225917440088496235e+00
6.016861457125003199e+00
6.006381042036478490e+00
6.000000000000006217e+00
6.000000000000000888e+00
6.000000000000000000e+00
6.000000000000000000e+00
6.000000000000000000e+00
5.999999999999999112e+00
5.999999999999999112e+00
5.999999999999998224e+00
5.999999999999990230e+00
5.989573862279720551e+00
5.945731994537949205e+00
5.871495075583367473e+00
5.844311230131199686e+00
5.824179101550440940e+00
5.778721360598757961e+00
5.708864856182030323e+00
5.653179489765790322e+00
5.609804035822734569e+00
5.587780052850274792e+00
5.551318689766110204e+00
5.523106814894556571e+00
5.492425843126179430e+00
5.464101615137758827e+00
5.457306857204992312e+00
5.397351038175261628e+00
5.372475799195596480e+00
5.339080649551946500e+00
5.334306669556869274e+00
5.285496364371035760e+00
5.277324651123102228e+00
5.207534844378906236e+00
5.196395924750088824e+00
5.153370765448527457e+00
5.101435471460571414e+00
5.087406090299325001e+00
5.080031866645175143e+00
5.036071096149369986e+00
5.006548790645799052e+00
5.000000000000002665e+00
5.000000000000001776e+00
5.000000000000000888e+00
5.000000000000000888e+00
4.999999999999999112e+00
4.999999999999999112e+00
4.999999999999999112e+00
4.999999999999998224e+00
4.995902758776126440e+00
4.938514613047098933e+00
4.893566675858619597e+00
4.840929337993987502e+00
4.807788008042827244e+00
4.772428528827265204e+00
4.706783157473513945e+00
4.701562118716423377e+00
4.701562118716423377e+00
4.701562118716421601e+00
4.693008731938335565e+00
4.659442600461519035e+00
4.612358668812647444e+00
4.592337156641240092e+00
4.560086056021531498e+00
4.531579413403812318e+00
4.525908248764647368e+00
4.524226006077860518e+00
4.510958351900388408e+00
4.472793101837283736e+00
4.456627824833063301e+00
4.446278962918895239e+00
4.430596385874584264e+00
4.338371266682339744e+00
4.320884499447484650e+00
4.306580157898671324e+00
4.301831806439840200e+00
4.217819843705810534e+00
4.201472338219242708e+00
4.196891190627360935e+00
4.193775949531011626e+00
4.143639412365852870e+00
4.141336115655364303e+00
4.129380831530722773e+00
4.096506510242650556e+00
4.053430373625288574e+00
4.024675815983659533e+00
4.010395201372851659e+00
4.000000000000014211e+00
4.000000000000003553e+00
4.000000000000003553e+00
4.000000000000000888e+00
4.000000000000000888e+00
4.000000000000000888e+00
4.000000000000000888e+00
4.000000000000000888e+00
4.000000000000000888e+00
4.000000000000000888e+00
4.000000000000000888e+00
4.000000000000000888e+00
4.000000000000000000e+00
4.000000000000000000e+00
4.000000000000000000e+00
4.000000000000000000e+00
4.000000000000000000e+00
4.000000000000000000e+00
4.000000000000000000e+00
4.000000000000000000e+00
4.000000000000000000e+00
4.000000000000000000e+00
4.000000000000000000e+00
3.999999999999999556e+00
3.999999999999999556e+00
3.999999999999999556e+00
3.999999999999999556e+00
3.999999999999999112e+00
3.999999999999998224e+00
3.999999999999998224e+00
3.999999999999997780e+00
3.999999999999997335e+00
3.999999999999996891e+00
3.999999999999996891e+00
3.940305039129944120e+00
3.932525418695952624e+00
3.918063077997190558e+00
3.868430304860127400e+00
3.829219122336026793e+00
3.801286539100067863e+00
3.783708204211215786e+00
3.770303316112957326e+00
3.704720914403097698e+00
3.695915103202469076e+00
3.682563500854054706e+00
3.675795421660100537e+00
3.674133964375415395e+00
3.613039834321063459e+00
3.569407413946661833e+00
3.547624564076754972e+00
3.535203019094688148e+00
3.524954911714463179e+00
3.515026306772173648e+00
3.488421379003325384e+00
3.461428547791546517e+00
3.458196127491370842e+00
3.421245452932451858e+00
3.392388307708681161e+00
3.389140592952637920e+00
3.302360540334476458e+00
3.297150600241020246e+00
3.275743093729302391e+00
3.269631285048176572e+00
3.268053506337438741e+00
3.261802245259971755e+00
3.213120260504211956e+00
3.183961516665529512e+00
3.175569756699108570e+00
3.141043305280695641e+00
3.122524376622008102e+00
3.113977465108483944e+00
3.103180755245114053e+00
3.073888309446723088e+00
3.056423303415567894e+00
3.040410601459995643e+00
3.016470973214762985e+00
3.000000000000008882e+00
3.000000000000000888e+00
3.000000000000000444e+00
3.000000000000000444e+00
3.000000000000000444e+00
3.000000000000000444e+00
2.999999999999999556e+00
2.999999999999999556e+00
2.999999999999999556e+00
2.999999999999999112e+00
2.999999999999998224e+00
2.999999999999998224e+00
2.999999999999997780e+00
2.988730834915363399e+00
2.977225836094319789e+00
2.966445861294173536e+00
2.934927227438837161e+00
2.911531312801346250e+00
2.902551112461628779e+00
2.895284082939131309e+00
2.860200449505182263e+00
2.859380134143941987e+00
2.855357363962019779e+00
2.843253362102124093e+00
2.823856258680812914e+00
2.793969954835163083e+00
2.787257165015713856e+00
2.775214519962116100e+00
2.774142564460564842e+00
2.745923947745644522e+00
2.745509995691622240e+00
2.736909345393358173e+00
2.720218698060154594e+00
2.707602831256524567e+00
2.685160979705119910e+00
2.681935794198027523e+00
2.670312962017504343e+00
2.668556123535586355e+00
2.661073240478267543e+00
2.649450062281613061e+00
2.617289495041800418e+00
2.603071177889922261e+00
2.569274060072054500e+00
2.561552812808830737e+00
2.561552812808830737e+00
2.561552812808828961e+00
2.543255125192918520e+00
2.533281051130007011e+00
2.528793993627598269e+00
2.519352184610784029e+00
2.508541510225339000e+00
2.497259557987868472e+00
2.478577889179767624e+00
2.471940595486717296e+00
2.470711869623060331e+00
2.443003736358529743e+00
2.433829734620540641e+00
2.426780575015917929e+00
2.426293183934201458e+00
2.423315450144182481e+00
2.412475573372204529e+00
2.410603002040818232e+00
2.406156419776657618e+00
2.396744608289781642e+00
2.395624164757748975e+00
2.393384001419188500e+00
2.384708452715833982e+00
2.383415050227618792e+00
2.374356068833153532e+00
2.359388968616878746e+00
2.351939201553460812e+00
2.343382874487049516e+00
2.337198384180633415e+00
2.319413953268409934e+00
2.308801374424653829e+00
2.297765233088432169e+00
2.294000772081903783e+00
2.283374620873990235e+00
2.275888894345354352e+00
2.274925298205606961e+00
2.249149287998433167e+00
2.227080473155275797e+00
2.223221568081434008e+00
2.213995726650118012e+00
2.212935972707141818e+00
2.207943268970383510e+00
2.203525988465895313e+00
2.192561445744908077e+00
2.183093099457129149e+00
2.177602522924832584e+00
2.161755207102210807e+00
2.146948557416437975e+00
2.131013477614953633e+00
2.128657702261412599e+00
2.118020645724312256e+00
2.102820359756707003e+00
2.099370261041014984e+00
2.077797642404931366e+00
2.071899783489651536e+00
2.063566586199054864e+00
2.059796009987115983e+00
2.057919703481774221e+00
2.044555988715745620e+00
2.029818389197663997e+00
2.000000000000001776e+00
2.000000000000001776e+00
2.000000000000000888e+00
2.000000000000000888e+00
2.000000000000000888e+00
2.000000000000000444e+00
2.000000000000000444e+00
2.000000000000000444e+00
2.000000000000000444e+00
2.000000000000000444e+00
2.000000000000000000e+00
2.000000000000000000e+00
2.000000000000000000e+00
2.000000000000000000e+00
2.000000000000000000e+00
2.000000000000000000e+00
2.000000000000000000e+00
2.000000000000000000e+00
2.000000000000000000e+00
2.000000000000000000e+00
1.999999999999999778e+00
1.999999999999999778e+00
1.999999999999999778e+00
1.999999999999999778e+00
1.999999999999999778e+00
1.999999999999999778e+00
1.999999999999999556e+00
1.999999999999999556e+00
1.999999999999999556e+00
1.999999999999999112e+00
1.999999999999999112e+00
1.999999999999999112e+00
1.999999999999999112e+00
1.999999999999999112e+00
1.999999999999999112e+00
1.999999999999998890e+00
1.999999999999998890e+00
1.999999999999998668e+00
1.999999999999998668e+00
1.999999999999997558e+00
1.999999999999996669e+00
1.992737739845061640e+00
1.992197998951425575e+00
1.990832205783388043e+00
1.977465228734804015e+00
1.968276881740836926e+00
1.958604250834249161e+00
1.950319010947650034e+00
1.950029000430771875e+00
1.931885299173076831e+00
1.928949041605869441e+00
1.922816679848443844e+00
1.919184114399267616e+00
1.910718023128941345e+00
1.909569489514263640e+00
1.907400404086152967e+00
1.903467052670265947e+00
1.894185934971408525e+00
1.894114114670630844e+00
1.893468952085260337e+00
1.892399274271139964e+00
1.885033972471928720e+00
1.880485615679530653e+00
1.877521725348625603e+00
1.862461532107559936e+00
1.851934655432410093e+00
1.844796274570830397e+00
1.841393380976291461e+00
1.839358037460532280e+00
1.838278343827027150e+00
1.837898385592072303e+00
1.815297884146623186e+00
1.808308927819074263e+00
1.803520400163182158e+00
1.795369534723155081e+00
1.790272880219816898e+00
1.783126288086477995e+00
1.781969145969150459e+00
1.781237840586711974e+00
1.777636332962081234e+00
1.775588397166553145e+00
1.771560619443417695e+00
1.769937699963049837e+00
1.769693659559820942e+00
1.761528517244805414e+00
1.759232550675254192e+00
1.757195974045021147e+00
1.754054184985195608e+00
1.746568246995719109e+00
1.739807195178928900e+00
1.736024924921718560e+00
1.735443827399407501e+00
1.730990104707798904e+00
1.729438366511957037e+00
1.721558528088377393e+00
1.710163699589637210e+00
1.708384017962610857e+00
1.707991749670550341e+00
1.703555381016428560e+00
1.701562118716425820e+00
1.701562118716424044e+00
1.701562118716423155e+00
1.686053789034509753e+00
1.676105411979132098e+00
1.674750169236971731e+00
1.672823701000947905e+00
1.672412406483364311e+00
1.669889963047247461e+00
1.666991890841825752e+00
1.666550571991801677e+00
1.664579854481070598e+00
1.662734765576221019e+00
1.658952915249340077e+00
1.657294403314714337e+00
1.653075220187845362e+00
1.642840212511274212e+00
1.642164648242463221e+00
1.635316195356604885e+00
1.626198068527294094e+00
1.623430247150492223e+00
1.621249825515188814e+00
1.619735419869641202e+00
1.619582748961622132e+00
1.614188167518142647e+00
1.611144102596669292e+00
1.605569998428209466e+00
1.603166253392044771e+00
1.602245468631244174e+00
1.601679131883154028e+00
1.599588079481673919e+00
1.596901973168185274e+00
1.590766401620067327e+00
1.588427710824445338e+00
1.586746631963814380e+00
1.584410492837723838e+00
1.581616196164013610e+00
1.575500262258189954e+00
1.569757363270745776e+00
1.561552812808830293e+00
1.561552812808829405e+00
1.561552812808827850e+00
1.559821989763651384e+00
1.555434122211949433e+00
1.554559456349522861e+00
1.552043592622322610e+00
1.546039232274287745e+00
1.542281902324057707e+00
1.540006735849247743e+00
1.527549452749786818e+00
1.521782922578760466e+00
1.514514765414430197e+00
1.496497101694004517e+00
1.494906538774871674e+00
1.493801012191320998e+00
1.492589724274143936e+00
1.487211110179911255e+00
1.486829880225461586e+00
1.485685535497480059e+00
1.484861952871929569e+00
1.477023228296383106e+00
1.471888626436307135e+00
1.465784233880703669e+00
1.464101615137754386e+00
1.457469569682662724e+00
1.457372732420366024e+00
1.452289389295130295e+00
1.449422443523991522e+00
1.449138585149786218e+00
1.447838260600962768e+00
1.441137454924017458e+00
1.433982460177100071e+00
1.429573052919271392e+00
1.424280441565221045e+00
1.415768284445401815e+00
1.413719479052946593e+00
1.402205331309519076e+00
1.400954326573234265e+00
1.400537276310780399e+00
1.389937295728301159e+00
1.382495262692706950e+00
1.381370765064028783e+00
1.371246580473841625e+00
1.368345026284276456e+00
1.339876886623182717e+00
1.339428196586317066e+00
1.337007064861418293e+00
1.330429559253747618e+00
1.330062723225990506e+00
1.321284610341474153e+00
1.313857779692580330e+00
1.312029089713432350e+00
1.309800451305477953e+00
1.283817378469000792e+00
1.278851126277835926e+00
1.276083699323515619e+00
1.268465788140463513e+00
1.267172040662810861e+00
1.247043827629194190e+00
1.240458648145083220e+00
1.237049840156943858e+00
1.229932118199781765e+00
1.224048911237485715e+00
1.214080092233617902e+00
1.195396961644762834e+00
1.194886020653319836e+00
1.169910927750863694e+00
1.148376502377043362e+00
1.142990429045117162e+00
1.093677396297683346e+00
1.017117276918938051e+00
1.000000000000005773e+00
1.000000000000005329e+00
1.000000000000004885e+00
1.000000000000003553e+00
1.000000000000003553e+00
1.000000000000002887e+00
1.000000000000002665e+00
1.000000000000002442e+00
1.000000000000002220e+00
1.000000000000002220e+00
1.000000000000002220e+00
1.000000000000002220e+00
1.000000000000001776e+00
1.000000000000001776e+00
1.000000000000001776e+00
1.000000000000001776e+00
1.000000000000001776e+00
1.000000000000001776e+00
1.000000000000001776e+00
1.000000000000001554e+00
1.000000000000001332e+00
1.000000000000001332e+00
1.000000000000001332e+00
1.000000000000001332e+00
1.000000000000001332e+00
1.000000000000001332e+00
1.000000000000001332e+00
1.000000000000001110e+00
1.000000000000001110e+00
1.000000000000000888e+00
1.000000000000000888e+00
1.000000000000000888e+00
1.000000000000000888e+00
1.000000000000000888e+00
1.000000000000000888e+00
1.000000000000000888e+00
1.000000000000000888e+00
1.000000000000000888e+00
1.000000000000000888e+00
1.000000000000000888e+00
1.000000000000000888e+00
1.000000000000000888e+00
1.000000000000000666e+00
1.000000000000000666e+00
1.000000000000000666e+00
1.000000000000000666e+00
1.000000000000000666e+00
1.000000000000000666e+00
1.000000000000000666e+00
1.000000000000000666e+00
1.000000000000000666e+00
1.000000000000000666e+00
1.000000000000000666e+00
1.000000000000000666e+00
1.000000000000000666e+00
1.000000000000000666e+00
1.000000000000000666e+00
1.000000000000000666e+00
1.000000000000000666e+00
1.000000000000000666e+00
1.000000000000000444e+00
1.000000000000000444e+00
1.000000000000000444e+00
1.000000000000000444e+00
1.000000000000000444e+00
1.000000000000000444e+00
1.000000000000000444e+00
1.000000000000000444e+00
1.000000000000000444e+00
1.000000000000000444e+00
1.000000000000000444e+00
1.000000000000000444e+00
1.000000000000000444e+00
1.000000000000000444e+00
1.000000000000000444e+00
1.000000000000000444e+00
1.000000000000000444e+00
1.000000000000000444e+00
1.000000000000000444e+00
1.000000000000000444e+00
1.000000000000000444e+00
1.000000000000000444e+00
1.000000000000000444e+00
1.000000000000000444e+00
1.000000000000000444e+00
1.000000000000000444e+00
1.000000000000000444e+00
1.000000000000000444e+00
1.000000000000000444e+00
1.000000000000000444e+00
1.000000000000000444e+00
1.000000000000000444e+00
1.000000000000000444e+00
1.000000000000000444e+00
1.000000000000000444e+00
1.000000000000000444e+00
1.000000000000000444e+00
1.000000000000000444e+00
1.000000000000000444e+00
1.000000000000000444e+00
1.000000000000000444e+00
1.000000000000000444e+00
1.000000000000000444e+00
1.000000000000000444e+00
1.000000000000000444e+00
1.000000000000000444e+00
1.000000000000000444e+00
1.000000000000000444e+00
1.000000000000000444e+00
1.000000000000000444e+00
1.000000000000000444e+00
1.000000000000000444e+00
1.000000000000000444e+00
1.000000000000000444e+00
1.000000000000000444e+00
1.000000000000000444e+00
1.000000000000000444e+00
1.000000000000000444e+00
1.000000000000000444e+00
1.000000000000000444e+00
1.000000000000000222e+00
1.000000000000000222e+00
1.000000000000000222e+00
1.000000000000000222e+00
1.000000000000000222e+00
1.000000000000000222e+00
1.000000000000000222e+00
1.000000000000000222e+00
1.000000000000000222e+00
1.000000000000000222e+00
1.000000000000000222e+00
1.000000000000000222e+00
1.000000000000000222e+00
1.000000000000000222e+00
1.000000000000000222e+00
1.000000000000000222e+00
1.000000000000000222e+00
1.000000000000000222e+00
1.000000000000000222e+00
1.000000000000000222e+00
1.000000000000000222e+00
1.000000000000000222e+00
1.000000000000000222e+00
1.000000000000000222e+00
1.000000000000000222e+00
1.000000000000000222e+00
1.000000000000000222e+00
1.000000000000000222e+00
1.000000000000000222e+00
1.000000000000000222e+00
1.000000000000000222e+00
1.000000000000000222e+00
1.000000000000000222e+00
1.000000000000000222e+00
1.000000000000000222e+00
1.000000000000000222e+00
1.000000000000000222e+00
1.000000000000000222e+00
1.000000000000000222e+00
1.000000000000000222e+00
1.000000000000000222e+00
1.000000000000000222e+00
1.000000000000000222e+00
1.000000000000000222e+00
1.000000000000000222e+00
1.000000000000000222e+00
1.000000000000000222e+00
1.000000000000000222e+00
1.000000000000000222e+00
1.000000000000000222e+00
1.000000000000000222e+00
1.000000000000000222e+00
1.000000000000000222e+00
1.000000000000000222e+00
1.000000000000000222e+00
1.000000000000000222e+00
1.000000000000000222e+00
1.000000000000000222e+00
1.000000000000000222e+00
1.000000000000000222e+00
1.000000000000000222e+00
1.000000000000000222e+00
1.000000000000000222e+00
1.000000000000000222e+00
1.000000000000000222e+00
1.000000000000000222e+00
1.000000000000000222e+00
1.000000000000000222e+00
1.000000000000000222e+00
1.000000000000000222e+00
1.000000000000000222e+00
1.000000000000000222e+00
1.000000000000000222e+00
1.000000000000000222e+00
1.000000000000000222e+00
1.000000000000000222e+00
1.000000000000000222e+00
1.000000000000000222e+00
1.000000000000000222e+00
1.000000000000000222e+00
1.000000000000000222e+00
1.000000000000000222e+00
1.000000000000000222e+00
1.000000000000000222e+00
1.000000000000000222e+00
1.000000000000000222e+00
1.000000000000000222e+00
1.000000000000000222e+00
1.000000000000000222e+00
1.000000000000000222e+00
1.000000000000000222e+00
1.000000000000000222e+00
1.000000000000000222e+00
1.000000000000000222e+00
1.000000000000000222e+00
1.000000000000000222e+00
1.000000000000000222e+00
1.000000000000000222e+00
1.000000000000000222e+00
1.000000000000000222e+00
1.000000000000000222e+00
1.000000000000000222e+00
1.000000000000000222e+00
1.000000000000000222e+00
1.000000000000000222e+00
1.000000000000000222e+00
1.000000000000000222e+00
1.000000000000000222e+00
1.000000000000000222e+00
1.000000000000000222e+00
1.000000000000000222e+00
1.000000000000000222e+00
1.000000000000000222e+00
1.000000000000000222e+00
1.000000000000000222e+00
1.000000000000000222e+00
1.000000000000000222e+00
1.000000000000000222e+00
1.000000000000000222e+00
1.000000000000000222e+00
1.000000000000000222e+00
1.000000000000000222e+00
1.000000000000000222e+00
1.000000000000000222e+00
1.000000000000000222e+00
1.000000000000000222e+00
1.000000000000000222e+00
1.000000000000000222e+00
1.000000000000000222e+00
1.000000000000000222e+00
1.000000000000000222e+00
1.000000000000000222e+00
1.000000000000000222e+00
1.000000000000000222e+00
1.000000000000000222e+00
1.000000000000000222e+00
1.000000000000000222e+00
1.000000000000000222e+00
1.000000000000000222e+00
1.000000000000000222e+00
1.000000000000000222e+00
1.000000000000000222e+00
1.000000000000000222e+00
1.000000000000000222e+00
1.000000000000000222e+00
1.000000000000000222e+00
1.000000000000000222e+00
1.000000000000000222e+00
1.000000000000000222e+00
1.000000000000000222e+00
1.000000000000000222e+00
1.000000000000000222e+00
1.000000000000000222e+00
1.000000000000000222e+00
1.000000000000000222e+00
1.000000000000000222e+00
1.000000000000000222e+00
1.000000000000000222e+00
1.000000000000000222e+00
1.000000000000000222e+00
1.000000000000000222e+00
1.000000000000000222e+00
1.000000000000000222e+00
1.000000000000000222e+00
1.000000000000000222e+00
1.000000000000000222e+00
1.000000000000000222e+00
1.000000000000000222e+00
1.000000000000000222e+00
1.000000000000000222e+00
1.000000000000000222e+00
1.000000000000000222e+00
1.000000000000000222e+00
1.000000000000000222e+00
1.000000000000000222e+00
1.000000000000000222e+00
1.000000000000000222e+00
1.000000000000000222e+00
1.000000000000000222e+00
1.000000000000000222e+00
1.000000000000000222e+00
1.000000000000000222e+00
1.000000000000000222e+00
1.000000000000000222e+00
1.000000000000000222e+00
1.000000000000000222e+00
1.000000000000000222e+00
1.000000000000000222e+00
1.000000000000000222e+00
1.000000000000000222e+00
1.000000000000000222e+00
1.000000000000000222e+00
1.000000000000000222e+00
1.000000000000000222e+00
1.000000000000000222e+00
1.000000000000000222e+00
1.000000000000000222e+00
1.000000000000000222e+00
1.000000000000000222e+00
1.000000000000000222e+00
1.000000000000000222e+00
1.000000000000000222e+00
1.000000000000000222e+00
1.000000000000000222e+00
1.000000000000000222e+00
1.000000000000000222e+00
1.000000000000000222e+00
1.000000000000000222e+00
1.000000000000000222e+00
1.000000000000000222e+00
1.000000000000000222e+00
1.000000000000000222e+00
1.000000000000000222e+00
1.000000000000000222e+00
1.000000000000000222e+00
1.000000000000000222e+00
1.000000000000000222e+00
1.000000000000000222e+00
1.000000000000000222e+00
1.000000000000000222e+00
1.000000000000000222e+00
1.000000000000000222e+00
1.000000000000000222e+00
1.000000000000000222e+00
1.000000000000000222e+00
1.000000000000000222e+00
1.000000000000000222e+00
1.000000000000000222e+00
1.000000000000000222e+00
1.000000000000000222e+00
1.000000000000000222e+00
1.000000000000000222e+00
1.000000000000000222e+00
1.000000000000000222e+00
1.000000000000000222e+00
1.000000000000000222e+00
1.000000000000000222e+00
1.000000000000000222e+00
1.000000000000000222e+00
1.000000000000000222e+00
1.000000000000000222e+00
1.000000000000000222e+00
1.000000000000000222e+00
1.000000000000000222e+00
1.000000000000000222e+00
1.000000000000000000e+00
1.000000000000000000e+00
1.000000000000000000e+00
1.000000000000000000e+00
1.000000000000000000e+00
1.000000000000000000e+00
1.000000000000000000e+00
1.000000000000000000e+00
1.000000000000000000e+00
1.000000000000000000e+00
1.000000000000000000e+00
1.000000000000000000e+00
1.000000000000000000e+00
1.000000000000000000e+00
1.000000000000000000e+00
1.000000000000000000e+00
1.000000000000000000e+00
1.000000000000000000e+00
1.000000000000000000e+00
1.000000000000000000e+00
1.000000000000000000e+00
1.000000000000000000e+00
1.000000000000000000e+00
1.000000000000000000e+00
1.000000000000000000e+00
1.000000000000000000e+00
1.000000000000000000e+00
1.000000000000000000e+00
1.000000000000000000e+00
1.000000000000000000e+00
1.000000000000000000e+00
1.000000000000000000e+00
1.000000000000000000e+00
1.000000000000000000e+00
1.000000000000000000e+00
1.000000000000000000e+00
1.000000000000000000e+00
1.000000000000000000e+00
1.000000000000000000e+00
1.000000000000000000e+00
1.000000000000000000e+00
1.000000000000000000e+00
1.000000000000000000e+00
1.000000000000000000e+00
1.000000000000000000e+00
1.000000000000000000e+00
1.000000000000000000e+00
1.000000000000000000e+00
1.000000000000000000e+00
1.000000000000000000e+00
1.000000000000000000e+00
1.000000000000000000e+00
1.000000000000000000e+00
1.000000000000000000e+00
1.000000000000000000e+00
1.000000000000000000e+00
1.000000000000000000e+00
1.000000000000000000e+00
1.000000000000000000e+00
1.000000000000000000e+00
1.000000000000000000e+00
1.000000000000000000e+00
1.000000000000000000e+00
1.000000000000000000e+00
1.000000000000000000e+00
1.000000000000000000e+00
1.000000000000000000e+00
1.000000000000000000e+00
1.000000000000000000e+00
1.000000000000000000e+00
1.000000000000000000e+00
1.000000000000000000e+00
1.000000000000000000e+00
1.000000000000000000e+00
1.000000000000000000e+00
1.000000000000000000e+00
1.000000000000000000e+00
1.000000000000000000e+00
1.000000000000000000e+00
1.000000000000000000e+00
1.000000000000000000e+00
1.000000000000000000e+00
1.000000000000000000e+00
1.000000000000000000e+00
1.000000000000000000e+00
1.000000000000000000e+00
1.000000000000000000e+00
1.000000000000000000e+00
1.000000000000000000e+00
1.000000000000000000e+00
1.000000000000000000e+00
1.000000000000000000e+00
1.000000000000000000e+00
1.000000000000000000e+00
1.000000000000000000e+00
1.000000000000000000e+00
1.000000000000000000e+00
1.000000000000000000e+00
1.000000000000000000e+00
1.000000000000000000e+00
1.000000000000000000e+00
1.000000000000000000e+00
1.000000000000000000e+00
1.000000000000000000e+00
1.000000000000000000e+00
1.000000000000000000e+00
1.000000000000000000e+00
1.000000000000000000e+00
1.000000000000000000e+00
1.000000000000000000e+00
1.000000000000000000e+00
1.000000000000000000e+00
1.000000000000000000e+00
1.000000000000000000e+00
1.000000000000000000e+00
1.000000000000000000e+00
1.000000000000000000e+00
1.000000000000000000e+00
1.000000000000000000e+00
1.000000000000000000e+00
1.000000000000000000e+00
1.000000000000000000e+00
1.000000000000000000e+00
1.000000000000000000e+00
1.000000000000000000e+00
1.000000000000000000e+00
1.000000000000000000e+00
1.000000000000000000e+00
1.000000000000000000e+00
1.000000000000000000e+00
1.000000000000000000e+00
1.000000000000000000e+00
1.000000000000000000e+00
1.000000000000000000e+00
1.000000000000000000e+00
1.000000000000000000e+00
1.000000000000000000e+00
1.000000000000000000e+00
1.000000000000000000e+00
1.000000000000000000e+00
1.000000000000000000e+00
1.000000000000000000e+00
1.000000000000000000e+00
1.000000000000000000e+00
1.000000000000000000e+00
1.000000000000000000e+00
1.000000000000000000e+00
1.000000000000000000e+00
1.000000000000000000e+00
1.000000000000000000e+00
1.000000000000000000e+00
1.000000000000000000e+00
1.000000000000000000e+00
1.000000000000000000e+00
1.000000000000000000e+00
1.000000000000000000e+00
1.000000000000000000e+00
1.000000000000000000e+00
1.000000000000000000e+00
1.000000000000000000e+00
1.000000000000000000e+00
1.000000000000000000e+00
1.000000000000000000e+00
1.000000000000000000e+00
1.000000000000000000e+00
1.000000000000000000e+00
1.000000000000000000e+00
1.000000000000000000e+00
1.000000000000000000e+00
1.000000000000000000e+00
1.000000000000000000e+00
1.000000000000000000e+00
1.000000000000000000e+00
1.000000000000000000e+00
1.000000000000000000e+00
1.000000000000000000e+00
1.000000000000000000e+00
1.000000000000000000e+00
1.000000000000000000e+00
1.000000000000000000e+00
1.000000000000000000e+00
1.000000000000000000e+00
1.000000000000000000e+00
1.000000000000000000e+00
1.000000000000000000e+00
1.000000000000000000e+00
1.000000000000000000e+00
1.000000000000000000e+00
1.000000000000000000e+00
1.000000000000000000e+00
1.000000000000000000e+00
1.000000000000000000e+00
1.000000000000000000e+00
1.000000000000000000e+00
1.000000000000000000e+00
1.000000000000000000e+00
1.000000000000000000e+00
1.000000000000000000e+00
1.000000000000000000e+00
1.000000000000000000e+00
1.000000000000000000e+00
1.000000000000000000e+00
1.000000000000000000e+00
1.000000000000000000e+00
1.000000000000000000e+00
1.000000000000000000e+00
1.000000000000000000e+00
1.000000000000000000e+00
1.000000000000000000e+00
1.000000000000000000e+00
1.000000000000000000e+00
1.000000000000000000e+00
1.000000000000000000e+00
1.000000000000000000e+00
1.000000000000000000e+00
1.000000000000000000e+00
1.000000000000000000e+00
1.000000000000000000e+00
1.000000000000000000e+00
1.000000000000000000e+00
1.000000000000000000e+00
1.000000000000000000e+00
1.000000000000000000e+00
1.000000000000000000e+00
1.000000000000000000e+00
1.000000000000000000e+00
1.000000000000000000e+00
1.000000000000000000e+00
1.000000000000000000e+00
1.000000000000000000e+00
1.000000000000000000e+00
1.000000000000000000e+00
1.000000000000000000e+00
1.000000000000000000e+00
1.000000000000000000e+00
1.000000000000000000e+00
1.000000000000000000e+00
1.000000000000000000e+00
1.000000000000000000e+00
1.000000000000000000e+00
1.000000000000000000e+00
1.000000000000000000e+00
1.000000000000000000e+00
1.000000000000000000e+00
1.000000000000000000e+00
1.000000000000000000e+00
1.000000000000000000e+00
1.000000000000000000e+00
1.000000000000000000e+00
1.000000000000000000e+00
1.000000000000000000e+00
1.000000000000000000e+00
1.000000000000000000e+00
1.000000000000000000e+00
1.000000000000000000e+00
1.000000000000000000e+00
1.000000000000000000e+00
1.000000000000000000e+00
1.000000000000000000e+00
1.000000000000000000e+00
1.000000000000000000e+00
1.000000000000000000e+00
1.000000000000000000e+00
1.000000000000000000e+00
1.000000000000000000e+00
1.000000000000000000e+00
1.000000000000000000e+00
1.000000000000000000e+00
1.000000000000000000e+00
1.000000000000000000e+00
1.000000000000000000e+00
1.000000000000000000e+00
9.999999999999998890e-01
9.999999999999998890e-01
9.999999999999998890e-01
9.999999999999998890e-01
9.999999999999998890e-01
9.999999999999998890e-01
9.999999999999998890e-01
9.999999999999998890e-01
9.999999999999998890e-01
9.999999999999998890e-01
9.999999999999998890e-01
9.999999999999998890e-01
9.999999999999998890e-01
9.999999999999998890e-01
9.999999999999998890e-01
9.999999999999998890e-01
9.999999999999998890e-01
9.999999999999998890e-01
9.999999999999998890e-01
9.999999999999998890e-01
9.999999999999998890e-01
9.999999999999998890e-01
9.999999999999998890e-01
9.999999999999998890e-01
9.999999999999998890e-01
9.999999999999998890e-01
9.999999999999998890e-01
9.999999999999998890e-01
9.999999999999998890e-01
9.999999999999998890e-01
9.999999999999998890e-01
9.999999999999998890e-01
9.999999999999998890e-01
9.999999999999998890e-01
9.999999999999998890e-01
9.999999999999998890e-01
9.999999999999998890e-01
9.999999999999998890e-01
9.999999999999998890e-01
9.999999999999998890e-01
9.999999999999998890e-01
9.999999999999998890e-01
9.999999999999998890e-01
9.999999999999998890e-01
9.999999999999998890e-01
9.999999999999998890e-01
9.999999999999998890e-01
9.999999999999998890e-01
9.999999999999998890e-01
9.999999999999998890e-01
9.999999999999998890e-01
9.999999999999998890e-01
9.999999999999998890e-01
9.999999999999998890e-01
9.999999999999998890e-01
9.999999999999998890e-01
9.999999999999998890e-01
9.999999999999998890e-01
9.999999999999998890e-01
9.999999999999998890e-01
9.999999999999998890e-01
9.999999999999998890e-01
9.999999999999998890e-01
9.999999999999998890e-01
9.999999999999998890e-01
9.999999999999998890e-01
9.999999999999998890e-01
9.999999999999998890e-01
9.999999999999998890e-01
9.999999999999998890e-01
9.999999999999998890e-01
9.999999999999998890e-01
9.999999999999998890e-01
9.999999999999998890e-01
9.999999999999998890e-01
9.999999999999998890e-01
9.999999999999998890e-01
9.999999999999998890e-01
9.999999999999998890e-01
9.999999999999998890e-01
9.999999999999998890e-01
9.999999999999998890e-01
9.999999999999998890e-01
9.999999999999998890e-01
9.999999999999998890e-01
9.999999999999998890e-01
9.999999999999998890e-01
9.999999999999998890e-01
9.999999999999998890e-01
9.999999999999998890e-01
9.999999999999998890e-01
9.999999999999998890e-01
9.999999999999998890e-01
9.999999999999998890e-01
9.999999999999998890e-01
9.999999999999998890e-01
9.999999999999998890e-01
9.999999999999998890e-01
9.999999999999998890e-01
9.999999999999998890e-01
9.999999999999998890e-01
9.999999999999998890e-01
9.999999999999998890e-01
9.999999999999998890e-01
9.999999999999998890e-01
9.999999999999998890e-01
9.999999999999998890e-01
9.999999999999998890e-01
9.999999999999998890e-01
9.999999999999998890e-01
9.999999999999998890e-01
9.999999999999998890e-01
9.999999999999998890e-01
9.999999999999998890e-01
9.999999999999998890e-01
9.999999999999998890e-01
9.999999999999998890e-01
9.999999999999998890e-01
9.999999999999998890e-01
9.999999999999998890e-01
9.999999999999998890e-01
9.999999999999998890e-01
9.999999999999998890e-01
9.999999999999998890e-01
9.999999999999998890e-01
9.999999999999998890e-01
9.999999999999998890e-01
9.999999999999998890e-01
9.999999999999998890e-01
9.999999999999998890e-01
9.999999999999998890e-01
9.999999999999998890e-01
9.999999999999998890e-01
9.999999999999998890e-01
9.999999999999998890e-01
9.999999999999998890e-01
9.999999999999997780e-01
9.999999999999997780e-01
9.999999999999997780e-01
9.999999999999997780e-01
9.999999999999997780e-01
9.999999999999997780e-01
9.999999999999997780e-01
9.999999999999997780e-01
9.999999999999997780e-01
9.999999999999997780e-01
9.999999999999997780e-01
9.999999999999997780e-01
9.999999999999997780e-01
9.999999999999997780e-01
9.999999999999997780e-01
9.999999999999997780e-01
9.999999999999997780e-01
9.999999999999997780e-01
9.999999999999997780e-01
9.999999999999997780e-01
9.999999999999997780e-01
9.999999999999997780e-01
9.999999999999997780e-01
9.999999999999997780e-01
9.999999999999997780e-01
9.999999999999997780e-01
9.999999999999997780e-01
9.999999999999997780e-01
9.999999999999997780e-01
9.999999999999997780e-01
9.999999999999997780e-01
9.999999999999997780e-01
9.999999999999997780e-01
9.999999999999997780e-01
9.999999999999997780e-01
9.999999999999997780e-01
9.999999999999997780e-01
9.999999999999997780e-01
9.999999999999997780e-01
9.999999999999997780e-01
9.999999999999997780e-01
9.999999999999997780e-01
9.999999999999997780e-01
9.999999999999997780e-01
9.999999999999997780e-01
9.999999999999997780e-01
9.999999999999997780e-01
9.999999999999997780e-01
9.999999999999997780e-01
9.999999999999997780e-01
9.999999999999997780e-01
9.999999999999997780e-01
9.999999999999997780e-01
9.999999999999997780e-01
9.999999999999997780e-01
9.999999999999997780e-01
9.999999999999997780e-01
9.999999999999997780e-01
9.999999999999997780e-01
9.999999999999997780e-01
9.999999999999997780e-01
9.999999999999997780e-01
9.999999999999997780e-01
9.999999999999997780e-01
9.999999999999997780e-01
9.999999999999997780e-01
9.999999999999997780e-01
9.999999999999997780e-01
9.999999999999997780e-01
9.999999999999997780e-01
9.999999999999997780e-01
9.999999999999997780e-01
9.999999999999997780e-01
9.999999999999997780e-01
9.999999999999997780e-01
9.999999999999997780e-01
9.999999999999997780e-01
9.999999999999997780e-01
9.999999999999995559e-01
9.999999999999995559e-01
9.999999999999995559e-01
9.999999999999995559e-01
9.999999999999995559e-01
9.999999999999995559e-01
9.999999999999995559e-01
9.999999999999995559e-01
9.999999999999995559e-01
9.999999999999995559e-01
9.999999999999995559e-01
9.999999999999995559e-01
9.999999999999995559e-01
9.999999999999995559e-01
9.999999999999995559e-01
9.999999999999995559e-01
9.999999999999995559e-01
9.999999999999995559e-01
9.999999999999995559e-01
9.999999999999995559e-01
9.999999999999995559e-01
9.999999999999995559e-01
9.999999999999995559e-01
9.999999999999995559e-01
9.999999999999995559e-01
9.999999999999995559e-01
9.999999999999995559e-01
9.999999999999995559e-01
9.999999999999995559e-01
9.999999999999995559e-01
9.999999999999995559e-01
9.999999999999995559e-01
9.999999999999995559e-01
9.999999999999995559e-01
9.999999999999995559e-01
9.999999999999995559e-01
9.999999999999995559e-01
9.999999999999995559e-01
9.999999999999995559e-01
9.999999999999995559e-01
9.999999999999995559e-01
9.999999999999995559e-01
9.999999999999995559e-01
9.999999999999995559e-01
9.999999999999995559e-01
9.999999999999995559e-01
9.999999999999995559e-01
9.999999999999995559e-01
9.999999999999995559e-01
9.999999999999995559e-01
9.999999999999995559e-01
9.999999999999995559e-01
9.999999999999995559e-01
9.999999999999995559e-01
9.999999999999995559e-01
9.999999999999995559e-01
9.999999999999995559e-01
9.999999999999995559e-01
9.999999999999995559e-01
9.999999999999995559e-01
9.999999999999995559e-01
9.999999999999995559e-01
9.999999999999995559e-01
9.999999999999995559e-01
9.999999999999995559e-01
9.999999999999995559e-01
9.999999999999995559e-01
9.999999999999995559e-01
9.999999999999995559e-01
9.999999999999995559e-01
9.999999999999995559e-01
9.999999999999995559e-01
9.999999999999995559e-01
9.999999999999995559e-01
9.999999999999995559e-01
9.999999999999995559e-01
9.999999999999995559e-01
9.999999999999995559e-01
9.999999999999995559e-01
9.999999999999995559e-01
9.999999999999995559e-01
9.999999999999995559e-01
9.999999999999995559e-01
9.999999999999995559e-01
9.999999999999994449e-01
9.999999999999994449e-01
9.999999999999994449e-01
9.999999999999994449e-01
9.999999999999994449e-01
9.999999999999994449e-01
9.999999999999994449e-01
9.999999999999994449e-01
9.999999999999994449e-01
9.999999999999994449e-01
9.999999999999994449e-01
9.999999999999994449e-01
9.999999999999993339e-01
9.999999999999993339e-01
9.999999999999993339e-01
9.999999999999993339e-01
9.999999999999993339e-01
9.999999999999993339e-01
9.999999999999993339e-01
9.999999999999993339e-01
9.999999999999993339e-01
9.999999999999993339e-01
9.999999999999993339e-01
9.999999999999992228e-01
9.999999999999992228e-01
9.999999999999992228e-01
9.999999999999992228e-01
9.999999999999992228e-01
9.999999999999992228e-01
9.999999999999992228e-01
9.999999999999991118e-01
9.999999999999991118e-01
9.999999999999991118e-01
9.999999999999991118e-01
9.999999999999991118e-01
9.999999999999990008e-01
9.999999999999990008e-01
9.999999999999990008e-01
9.999999999999990008e-01
9.999999999999990008e-01
9.999999999999987788e-01
9.999999999999987788e-01
9.999999999999987788e-01
9.999999999999987788e-01
9.999999999999987788e-01
9.999999999999986677e-01
9.999999999999986677e-01
9.999999999999983347e-01
9.999999999999983347e-01
9.999999999999983347e-01
9.999999999999980016e-01
9.999999999999978906e-01
9.999999999999973355e-01
9.999999999999964473e-01
9.999999999999961142e-01
9.999999999999954481e-01
9.999999999999952260e-01
9.501955557144051712e-01
8.516760305125998798e-01
8.500788859058712177e-01
8.165252001017315742e-01
8.027525432970847863e-01
7.840779566624753727e-01
7.513558902098125269e-01
7.437425142788940402e-01
7.138998143262825780e-01
6.553947764424891131e-01
6.336288853047896685e-01
5.533563535953950341e-01
5.450959087764764011e-01
5.133424947564810825e-01
4.891638972923200712e-01
4.413904232205866918e-01
4.333379152257129108e-01
2.692299905915791491e-01
2.545498934755670573e-01
1.243448260838187353e-01
1.043304356684489481e-01
