# Singular values
1.806822440468892665e+01
1.412024393348038664e+01
1.299999999999999112e+01
1.140685444164797602e+01
1.136316536643362518e+01
1.060738086997248608e+01
1.000000000000000000e+01
9.910808523412898197e+00
9.659108438462233437e+00
9.546388622999227636e+00
9.000000000000003553e+00
9.000000000000001776e+00
9.000000000000000000e+00
9.000000000000000000e+00
8.884551738786790054e+00
8.762187426417828107e+00
8.274742616564768838e+00
8.196933554014814050e+00
8.154993168322432595e+00
8.000000000000010658e+00
7.795831523312718225e+00
7.672459823364121689e+00
7.581813166938443871e+00
7.572508914220065002e+00
7.475610803292951800e+00
7.369878753499557789e+00
7.253825276122294774e+00
7.149763237043613273e+00
7.134962920463130409e+00
7.134962920463130409e+00
7.124437715027024609e+00
7.067214878201643735e+00
7.000000000000002665e+00
7.000000000000000000e+00
7.000000000000000000e+00
7.000000000000000000e+00
6.856443463873126198e+00
6.680823522155202809e+00
6.496511869996142607e+00
6.372350581904260736e+00
6.321483089475947281e+00
6.307294364776025120e+00
6.169018558690948062e+00
6.123105625617661474e+00
6.059320142656924091e+00
6.000000000000002665e+00
6.000000000000001776e+00
6.000000000000000888e+00
6.000000000000000888e+00
6.000000000000000888e+00
6.000000000000000000e+00
6.000000000000000000e+00
5.999999999999998224e+00
5.999999999999992006e+00
5.835252066920668668e+00
5.821516791966123705e+00
5.818426307715051315e+00
5.701288285909886788e+00
5.654910816464373546e+00
5.618418693002147357e+00
5.581269907939253372e+00
5.498641118493625690e+00
5.450297519363938470e+00
5.442191692387895685e+00
5.400147856809932811e+00
5.385101380417606443e+00
5.231131214686953967e+00
5.141137294104475508e+00
5.099197476120276740e+00
5.087406090299324113e+00
5.087406090299320560e+00
5.022755519744812602e+00
5.020741827356424380e+00
5.000000000000008882e+00
5.000000000000001776e+00
5.000000000000000888e+00
5.000000000000000000e+00
5.000000000000000000e+00
5.000000000000000000e+00
5.000000000000000000e+00
5.000000000000000000e+00
5.000000000000000000e+00
4.999999999999999112e+00
4.999999999999999112e+00
4.999999999999999112e+00
4.908162980513142593e+00
4.874041915020201898e+00
4.871687998999077784e+00
4.838087562688811794e+00
4.757472728221697977e+00
4.756467939536271672e+00
4.735531064974797033e+00
4.701562118716423377e+00
4.564262381043853622e+00
4.538015816137624725e+00
4.485110239223350170e+00
4.464101615137749057e+00
4.455010536065621807e+00
4.430065737123603853e+00
4.380487663829482514e+00
4.359285661124895128e+00
4.320884499447487315e+00
4.320884499447479321e+00
4.237519395005503675e+00
4.225743779939790556e+00
4.178396402066550941e+00
4.141336115655365191e+00
4.133722512881272237e+00
4.094004893543604418e+00
4.027266114127222352e+00
4.013192829038199960e+00
4.000000000000008882e+00
4.000000000000004441e+00
4.000000000000003553e+00
4.000000000000002665e+00
4.000000000000000888e+00
4.000000000000000888e+00
4.000000000000000888e+00
4.000000000000000888e+00
4.000000000000000888e+00
4.000000000000000000e+00
4.000000000000000000e+00
4.000000000000000000e+00
4.000000000000000000e+00
4.000000000000000000e+00
4.000000000000000000e+00
4.000000000000000000e+00
4.000000000000000000e+00
4.000000000000000000e+00
3.999999999999999556e+00
3.999999999999999556e+00
3.999999999999999556e+00
3.999999999999999556e+00
3.999999999999999556e+00
3.999999999999999556e+00
3.999999999999999556e+00
3.999999999999998668e+00
3.999999999999998668e+00
3.999999999999998668e+00
3.999999999999996447e+00
3.943741225644040060e+00
3.872284824139335946e+00
3.855589988393568035e+00
3.828427124746191179e+00
3.828427124746191179e+00
3.780623753733257875e+00
3.720834670211390360e+00
3.659646175223798092e+00
3.652862849938819156e+00
3.624576832174483343e+00
3.611428996427311411e+00
3.611428996427310967e+00
3.585043436856759413e+00
3.462119909925107653e+00
3.455847353662012011e+00
3.431151984182653436e+00
3.399128782063283172e+00
3.330086583999220196e+00
3.322426956742114523e+00
3.298575448376623420e+00
3.268742041510262375e+00
3.261802245259971311e+00
3.230128429614468111e+00
3.133415996195501485e+00
3.123036212977018167e+00
3.048904850694246882e+00
3.000000000000003109e+00
3.000000000000002665e+00
3.000000000000001332e+00
3.000000000000001332e+00
3.000000000000000888e+00
3.000000000000000444e+00
3.000000000000000444e+00
3.000000000000000444e+00
3.000000000000000444e+00
3.000000000000000000e+00
3.000000000000000000e+00
3.000000000000000000e+00
3.000000000000000000e+00
3.000000000000000000e+00
3.000000000000000000e+00
3.000000000000000000e+00
3.000000000000000000e+00
3.000000000000000000e+00
2.999999999999999556e+00
2.999999999999999112e+00
2.999999999999999112e+00
2.999999999999999112e+00
2.989025556306880382e+00
2.961716295493737050e+00
2.925290069578986962e+00
2.855293682019864665e+00
2.814352636579147138e+00
2.776857714325576598e+00
2.760436263145116254e+00
2.732415785799206187e+00
2.731488094262700894e+00
2.697145165970037617e+00
2.693946153873276739e+00
2.685288137069967274e+00
2.597495386672977524e+00
2.586502594118226472e+00
2.581463718371127758e+00
2.565566410982518697e+00
2.556631070475811729e+00
2.546687509091983603e+00
2.532096798981771979e+00
2.483616321937077487e+00
2.464101615137755275e+00
2.459681822366016402e+00
2.438686073660623954e+00
2.435263749590339977e+00
2.414123238952414763e+00
2.405362528630844654e+00
2.404409326192546992e+00
2.399126559369793910e+00
2.379293163722821625e+00
2.371687152267429877e+00
2.351939201553462588e+00
2.351939201553460368e+00
2.306169247915823117e+00
2.301068067274271378e+00
2.228066490959510482e+00
2.207142367054968357e+00
2.197574069187522738e+00
2.179379526738524753e+00
2.168296264035151300e+00
2.166596715748349666e+00
2.147816775333879047e+00
2.123105625617660586e+00
2.121964690996749336e+00
2.097226568845230954e+00
2.059320142656918762e+00
2.059118104233549129e+00
2.005699583394883412e+00
2.000000000000002220e+00
2.000000000000001332e+00
2.000000000000000888e+00
2.000000000000000888e+00
2.000000000000000888e+00
2.000000000000000888e+00
2.000000000000000888e+00
2.000000000000000888e+00
2.000000000000000444e+00
2.000000000000000444e+00
2.000000000000000444e+00
2.000000000000000444e+00
2.000000000000000444e+00
2.000000000000000444e+00
2.000000000000000444e+00
2.000000000000000444e+00
2.000000000000000444e+00
2.000000000000000444e+00
2.000000000000000444e+00
2.000000000000000444e+00
2.000000000000000444e+00
2.000000000000000000e+00
2.000000000000000000e+00
2.000000000000000000e+00
2.000000000000000000e+00
2.000000000000000000e+00
2.000000000000000000e+00
2.000000000000000000e+00
2.000000000000000000e+00
2.000000000000000000e+00
2.000000000000000000e+00
1.999999999999999778e+00
1.999999999999999778e+00
1.999999999999999778e+00
1.999999999999999778e+00
1.999999999999999778e+00
1.999999999999999778e+00
1.999999999999999778e+00
1.999999999999999778e+00
1.999999999999999778e+00
1.999999999999999778e+00
1.999999999999999778e+00
1.999999999999999778e+00
1.999999999999999778e+00
1.999999999999999778e+00
1.999999999999999778e+00
1.999999999999999778e+00
1.999999999999999778e+00
1.999999999999999334e+00
1.999999999999998890e+00
1.995049441748542263e+00
1.992830482667726777e+00
1.978709516885210906e+00
1.973948544147976270e+00
1.973563482406981429e+00
1.972450708326588975e+00
1.954479583589041169e+00
1.952393625448376246e+00
1.948678915454485905e+00
1.948076690206573813e+00
1.944446490336021238e+00
1.936118865584429916e+00
1.924703170714479938e+00
1.922776087857214433e+00
1.921638330653891336e+00
1.913172015029461770e+00
1.904845669437484013e+00
1.904788989669430999e+00
1.900962416263835886e+00
1.891617530671942049e+00
1.890871777379708796e+00
1.887384615914012409e+00
1.880312474116823784e+00
1.874675369447841078e+00
1.872557656852905650e+00
1.871606913289891816e+00
1.859422845923169865e+00
1.855035841136580155e+00
1.848041492757710680e+00
1.844393470105283317e+00
1.840870535996795176e+00
1.838350577183149870e+00
1.831409554721683763e+00
1.828427124746190957e+00
1.828427124746190291e+00
1.825839648240664248e+00
1.820339523547190419e+00
1.807223874901130900e+00
1.804713210328828588e+00
1.795831523312719114e+00
1.786080943464270820e+00
1.785199949620100757e+00
1.777015371246659425e+00
1.776260693560554271e+00
1.775177242420947321e+00
1.769656127193795836e+00
1.762509924742616585e+00
1.757305423155645752e+00
1.746391916890441154e+00
1.746391916890440488e+00
1.713544922440195961e+00
1.709847566481176750e+00
1.701562118716427152e+00
1.696559712433378886e+00
1.688542669598658064e+00
1.679529866509260394e+00
1.672823701000950569e+00
1.672823701000947683e+00
1.669397033626085269e+00
1.665702645322799214e+00
1.663040076974680481e+00
1.654910816464374879e+00
1.642840212511275100e+00
1.642840212511274212e+00
1.642316553477451091e+00
1.637657966188155179e+00
1.637035849557709311e+00
1.626198068527294760e+00
1.624200037955006559e+00
1.623195964101221245e+00
1.616776059254390052e+00
1.609297005490351484e+00
1.605811269991280099e+00
1.601679131883154694e+00
1.601078287780706821e+00
1.595590673807453452e+00
1.584811831508294855e+00
1.573490301136549530e+00
1.566659038565688888e+00
1.555434122211949877e+00
1.555434122211949655e+00
1.554335728763228675e+00
1.553466097478358066e+00
1.553260928411237751e+00
1.534354008364509303e+00
1.529721210852000857e+00
1.528142370551085705e+00
1.518296011926194344e+00
1.504830889068583977e+00
1.489255792369215570e+00
1.484861952871928681e+00
1.482752217293581420e+00
1.481544663825203223e+00
1.479141251322538597e+00
1.456211589854986777e+00
1.443920380108529411e+00
1.435108903200545516e+00
1.433712363259159073e+00
1.428209169992937122e+00
1.425037224740328901e+00
1.414176165965214782e+00
1.401940483896518153e+00
1.392183213283221921e+00
1.388832825001667048e+00
1.385824230152586933e+00
1.356889033228177111e+00
1.339876886623183161e+00
1.327141310806600139e+00
1.292180845561576197e+00
1.270612479066357103e+00
1.213004180402367238e+00
1.171463375657924910e+00
1.171292335602856616e+00
1.170438086607165973e+00
1.051729490920605858e+00
1.044435036409689710e+00
1.000000000000009770e+00
1.000000000000005329e+00
1.000000000000003997e+00
1.000000000000003997e+00
1.000000000000003775e+00
1.000000000000003109e+00
1.000000000000002442e+00
1.000000000000002220e+00
1.000000000000001998e+00
1.000000000000001776e+00
1.000000000000001554e+00
1.000000000000001554e+00
1.000000000000001332e+00
1.000000000000001332e+00
1.000000000000001332e+00
1.000000000000001332e+00
1.000000000000001110e+00
1.000000000000001110e+00
1.000000000000001110e+00
1.000000000000001110e+00
1.000000000000001110e+00
1.000000000000001110e+00
1.000000000000001110e+00
1.000000000000001110e+00
1.000000000000001110e+00
1.000000000000001110e+00
1.000000000000001110e+00
1.000000000000001110e+00
1.000000000000001110e+00
1.000000000000001110e+00
1.000000000000001110e+00
1.000000000000001110e+00
1.000000000000000888e+00
1.000000000000000666e+00
1.000000000000000666e+00
1.000000000000000666e+00
1.000000000000000666e+00
1.000000000000000666e+00
1.000000000000000666e+00
1.000000000000000666e+00
1.000000000000000666e+00
1.000000000000000666e+00
1.000000000000000666e+00
1.000000000000000666e+00
1.000000000000000666e+00
1.000000000000000666e+00
1.000000000000000666e+00
1.000000000000000666e+00
1.000000000000000666e+00
1.000000000000000666e+00
1.000000000000000666e+00
1.000000000000000666e+00
1.000000000000000666e+00
1.000000000000000666e+00
1.000000000000000444e+00
1.000000000000000444e+00
1.000000000000000444e+00
1.000000000000000444e+00
1.000000000000000444e+00
1.000000000000000444e+00
1.000000000000000444e+00
1.000000000000000444e+00
1.000000000000000444e+00
1.000000000000000444e+00
1.000000000000000444e+00
1.000000000000000444e+00
1.000000000000000444e+00
1.000000000000000444e+00
1.000000000000000444e+00
1.000000000000000444e+00
1.000000000000000444e+00
1.000000000000000444e+00
1.000000000000000444e+00
1.000000000000000444e+00
1.000000000000000444e+00
1.000000000000000444e+00
1.000000000000000444e+00
1.000000000000000444e+00
1.000000000000000444e+00
1.000000000000000444e+00
1.000000000000000444e+00
1.000000000000000444e+00
1.000000000000000444e+00
1.000000000000000444e+00
1.000000000000000444e+00
1.000000000000000444e+00
1.000000000000000444e+00
1.000000000000000444e+00
1.000000000000000444e+00
1.000000000000000444e+00
1.000000000000000444e+00
1.000000000000000444e+00
1.000000000000000444e+00
1.000000000000000444e+00
1.000000000000000444e+00
1.000000000000000444e+00
1.000000000000000444e+00
1.000000000000000444e+00
1.000000000000000444e+00
1.000000000000000444e+00
1.000000000000000444e+00
1.000000000000000444e+00
1.000000000000000444e+00
1.000000000000000444e+00
1.000000000000000444e+00
1.000000000000000444e+00
1.000000000000000444e+00
1.000000000000000444e+00
1.000000000000000444e+00
1.000000000000000444e+00
1.000000000000000444e+00
1.000000000000000444e+00
1.000000000000000444e+00
1.000000000000000444e+00
1.000000000000000444e+00
1.000000000000000444e+00
1.000000000000000444e+00
1.000000000000000444e+00
1.000000000000000444e+00
1.000000000000000444e+00
1.000000000000000444e+00
1.000000000000000444e+00
1.000000000000000444e+00
1.000000000000000444e+00
1.000000000000000444e+00
1.000000000000000444e+00
1.000000000000000444e+00
1.000000000000000444e+00
1.000000000000000444e+00
1.000000000000000444e+00
1.000000000000000444e+00
1.000000000000000444e+00
1.000000000000000444e+00
1.000000000000000444e+00
1.000000000000000444e+00
1.000000000000000444e+00
1.000000000000000444e+00
1.000000000000000222e+00
1.000000000000000222e+00
1.000000000000000222e+00
1.000000000000000222e+00
1.000000000000000222e+00
1.000000000000000222e+00
1.000000000000000222e+00
1.000000000000000222e+00
1.000000000000000222e+00
1.000000000000000222e+00
1.000000000000000222e+00
1.000000000000000222e+00
1.000000000000000222e+00
1.000000000000000222e+00
1.000000000000000222e+00
1.000000000000000222e+00
1.000000000000000222e+00
1.000000000000000222e+00
1.000000000000000222e+00
1.000000000000000222e+00
1.000000000000000222e+00
1.000000000000000222e+00
1.000000000000000222e+00
1.000000000000000222e+00
1.000000000000000222e+00
1.000000000000000222e+00
1.000000000000000222e+00
1.000000000000000222e+00
1.000000000000000222e+00
1.000000000000000222e+00
1.000000000000000222e+00
1.000000000000000222e+00
1.000000000000000222e+00
1.000000000000000222e+00
1.000000000000000222e+00
1.000000000000000222e+00
1.000000000000000222e+00
1.000000000000000222e+00
1.000000000000000222e+00
1.000000000000000222e+00
1.000000000000000222e+00
1.000000000000000222e+00
1.000000000000000222e+00
1.000000000000000222e+00
1.000000000000000222e+00
1.000000000000000222e+00
1.000000000000000222e+00
1.000000000000000222e+00
1.000000000000000222e+00
1.000000000000000222e+00
1.000000000000000222e+00
1.000000000000000222e+00
1.000000000000000222e+00
1.000000000000000222e+00
1.000000000000000222e+00
1.000000000000000222e+00
1.000000000000000222e+00
1.000000000000000222e+00
1.000000000000000222e+00
1.000000000000000222e+00
1.000000000000000222e+00
1.000000000000000222e+00
1.000000000000000222e+00
1.000000000000000222e+00
1.000000000000000222e+00
1.000000000000000222e+00
1.000000000000000222e+00
1.000000000000000222e+00
1.000000000000000222e+00
1.000000000000000222e+00
1.000000000000000222e+00
1.000000000000000222e+00
1.000000000000000222e+00
1.000000000000000222e+00
1.000000000000000222e+00
1.000000000000000222e+00
1.000000000000000222e+00
1.000000000000000222e+00
1.000000000000000222e+00
1.000000000000000222e+00
1.000000000000000222e+00
1.000000000000000222e+00
1.000000000000000222e+00
1.000000000000000222e+00
1.000000000000000222e+00
1.000000000000000222e+00
1.000000000000000222e+00
1.000000000000000222e+00
1.000000000000000222e+00
1.000000000000000222e+00
1.000000000000000222e+00
1.000000000000000222e+00
1.000000000000000222e+00
1.000000000000000222e+00
1.000000000000000222e+00
1.000000000000000222e+00
1.000000000000000222e+00
1.000000000000000222e+00
1.000000000000000222e+00
1.000000000000000222e+00
1.000000000000000222e+00
1.000000000000000222e+00
1.000000000000000222e+00
1.000000000000000222e+00
1.000000000000000222e+00
1.000000000000000222e+00
1.000000000000000222e+00
1.000000000000000222e+00
1.000000000000000222e+00
1.000000000000000222e+00
1.000000000000000222e+00
1.000000000000000222e+00
1.000000000000000222e+00
1.000000000000000222e+00
1.000000000000000222e+00
1.000000000000000222e+00
1.000000000000000222e+00
1.000000000000000222e+00
1.000000000000000222e+00
1.000000000000000222e+00
1.000000000000000222e+00
1.000000000000000222e+00
1.000000000000000222e+00
1.000000000000000222e+00
1.000000000000000222e+00
1.000000000000000222e+00
1.000000000000000222e+00
1.000000000000000222e+00
1.000000000000000222e+00
1.000000000000000222e+00
1.000000000000000222e+00
1.000000000000000222e+00
1.000000000000000222e+00
1.000000000000000222e+00
1.000000000000000222e+00
1.000000000000000222e+00
1.000000000000000222e+00
1.000000000000000222e+00
1.000000000000000222e+00
1.000000000000000222e+00
1.000000000000000222e+00
1.000000000000000222e+00
1.000000000000000222e+00
1.000000000000000222e+00
1.000000000000000222e+00
1.000000000000000222e+00
1.000000000000000222e+00
1.000000000000000222e+00
1.000000000000000222e+00
1.000000000000000222e+00
1.000000000000000222e+00
1.000000000000000222e+00
1.000000000000000222e+00
1.000000000000000222e+00
1.000000000000000222e+00
1.000000000000000222e+00
1.000000000000000222e+00
1.000000000000000222e+00
1.000000000000000222e+00
1.000000000000000222e+00
1.000000000000000222e+00
1.000000000000000222e+00
1.000000000000000222e+00
1.000000000000000222e+00
1.000000000000000222e+00
1.000000000000000222e+00
1.000000000000000222e+00
1.000000000000000222e+00
1.000000000000000222e+00
1.000000000000000222e+00
1.000000000000000222e+00
1.000000000000000222e+00
1.000000000000000222e+00
1.000000000000000222e+00
1.000000000000000222e+00
1.000000000000000222e+00
1.000000000000000222e+00
1.000000000000000222e+00
1.000000000000000222e+00
1.000000000000000222e+00
1.000000000000000222e+00
1.000000000000000222e+00
1.000000000000000222e+00
1.000000000000000222e+00
1.000000000000000222e+00
1.000000000000000222e+00
1.000000000000000222e+00
1.000000000000000222e+00
1.000000000000000222e+00
1.000000000000000222e+00
1.000000000000000222e+00
1.000000000000000222e+00
1.000000000000000222e+00
1.000000000000000222e+00
1.000000000000000222e+00
1.000000000000000222e+00
1.000000000000000222e+00
1.000000000000000222e+00
1.000000000000000222e+00
1.000000000000000222e+00
1.000000000000000222e+00
1.000000000000000222e+00
1.000000000000000222e+00
1.000000000000000222e+00
1.000000000000000222e+00
1.000000000000000222e+00
1.000000000000000222e+00
1.000000000000000222e+00
1.000000000000000222e+00
1.000000000000000222e+00
1.000000000000000222e+00
1.000000000000000222e+00
1.000000000000000222e+00
1.000000000000000222e+00
1.000000000000000222e+00
1.000000000000000222e+00
1.000000000000000222e+00
1.000000000000000222e+00
1.000000000000000222e+00
1.000000000000000222e+00
1.000000000000000222e+00
1.000000000000000222e+00
1.000000000000000222e+00
1.000000000000000222e+00
1.000000000000000222e+00
1.000000000000000222e+00
1.000000000000000222e+00
1.000000000000000222e+00
1.000000000000000222e+00
1.000000000000000222e+00
1.000000000000000222e+00
1.000000000000000000e+00
1.000000000000000000e+00
1.000000000000000000e+00
1.000000000000000000e+00
1.000000000000000000e+00
1.000000000000000000e+00
1.000000000000000000e+00
1.000000000000000000e+00
1.000000000000000000e+00
1.000000000000000000e+00
1.000000000000000000e+00
1.000000000000000000e+00
1.000000000000000000e+00
1.000000000000000000e+00
1.000000000000000000e+00
1.000000000000000000e+00
1.000000000000000000e+00
1.000000000000000000e+00
1.000000000000000000e+00
1.000000000000000000e+00
1.000000000000000000e+00
1.000000000000000000e+00
1.000000000000000000e+00
1.000000000000000000e+00
1.000000000000000000e+00
1.000000000000000000e+00
1.000000000000000000e+00
1.000000000000000000e+00
1.000000000000000000e+00
1.000000000000000000e+00
1.000000000000000000e+00
1.000000000000000000e+00
1.000000000000000000e+00
1.000000000000000000e+00
1.000000000000000000e+00
1.000000000000000000e+00
1.000000000000000000e+00
1.000000000000000000e+00
1.000000000000000000e+00
1.000000000000000000e+00
1.000000000000000000e+00
1.000000000000000000e+00
1.000000000000000000e+00
1.000000000000000000e+00
1.000000000000000000e+00
1.000000000000000000e+00
1.000000000000000000e+00
1.000000000000000000e+00
1.000000000000000000e+00
1.000000000000000000e+00
1.000000000000000000e+00
1.000000000000000000e+00
1.000000000000000000e+00
1.000000000000000000e+00
1.000000000000000000e+00
1.000000000000000000e+00
1.000000000000000000e+00
1.000000000000000000e+00
1.000000000000000000e+00
1.000000000000000000e+00
1.000000000000000000e+00
1.000000000000000000e+00
1.000000000000000000e+00
1.000000000000000000e+00
1.000000000000000000e+00
1.000000000000000000e+00
1.000000000000000000e+00
1.000000000000000000e+00
1.000000000000000000e+00
1.000000000000000000e+00
1.000000000000000000e+00
1.000000000000000000e+00
1.000000000000000000e+00
1.000000000000000000e+00
1.000000000000000000e+00
1.000000000000000000e+00
1.000000000000000000e+00
1.000000000000000000e+00
1.000000000000000000e+00
1.000000000000000000e+00
1.000000000000000000e+00
1.000000000000000000e+00
1.000000000000000000e+00
1.000000000000000000e+00
1.000000000000000000e+00
1.000000000000000000e+00
1.000000000000000000e+00
1.000000000000000000e+00
1.000000000000000000e+00
1.000000000000000000e+00
1.000000000000000000e+00
1.000000000000000000e+00
1.000000000000000000e+00
1.000000000000000000e+00
1.000000000000000000e+00
1.000000000000000000e+00
1.000000000000000000e+00
1.000000000000000000e+00
1.000000000000000000e+00
1.000000000000000000e+00
1.000000000000000000e+00
1.000000000000000000e+00
1.000000000000000000e+00
1.000000000000000000e+00
1.000000000000000000e+00
1.000000000000000000e+00
1.000000000000000000e+00
1.000000000000000000e+00
1.000000000000000000e+00
1.000000000000000000e+00
1.000000000000000000e+00
1.000000000000000000e+00
1.000000000000000000e+00
1.000000000000000000e+00
1.000000000000000000e+00
1.000000000000000000e+00
1.000000000000000000e+00
1.000000000000000000e+00
1.000000000000000000e+00
1.000000000000000000e+00
1.000000000000000000e+00
1.000000000000000000e+00
1.000000000000000000e+00
1.000000000000000000e+00
1.000000000000000000e+00
1.000000000000000000e+00
1.000000000000000000e+00
1.000000000000000000e+00
1.000000000000000000e+00
1.000000000000000000e+00
1.000000000000000000e+00
1.000000000000000000e+00
1.000000000000000000e+00
1.000000000000000000e+00
1.000000000000000000e+00
1.000000000000000000e+00
1.000000000000000000e+00
1.000000000000000000e+00
1.000000000000000000e+00
1.000000000000000000e+00
1.000000000000000000e+00
1.000000000000000000e+00
1.000000000000000000e+00
1.000000000000000000e+00
1.000000000000000000e+00
1.000000000000000000e+00
1.000000000000000000e+00
1.000000000000000000e+00
1.000000000000000000e+00
1.000000000000000000e+00
1.000000000000000000e+00
1.000000000000000000e+00
1.000000000000000000e+00
1.000000000000000000e+00
1.000000000000000000e+00
1.000000000000000000e+00
1.000000000000000000e+00
1.000000000000000000e+00
1.000000000000000000e+00
1.000000000000000000e+00
1.000000000000000000e+00
1.000000000000000000e+00
1.000000000000000000e+00
1.000000000000000000e+00
1.000000000000000000e+00
1.000000000000000000e+00
1.000000000000000000e+00
1.000000000000000000e+00
1.000000000000000000e+00
1.000000000000000000e+00
1.000000000000000000e+00
1.000000000000000000e+00
1.000000000000000000e+00
1.000000000000000000e+00
1.000000000000000000e+00
1.000000000000000000e+00
1.000000000000000000e+00
1.000000000000000000e+00
1.000000000000000000e+00
1.000000000000000000e+00
1.000000000000000000e+00
1.000000000000000000e+00
1.000000000000000000e+00
1.000000000000000000e+00
1.000000000000000000e+00
1.000000000000000000e+00
1.000000000000000000e+00
1.000000000000000000e+00
1.000000000000000000e+00
1.000000000000000000e+00
1.000000000000000000e+00
1.000000000000000000e+00
1.000000000000000000e+00
1.000000000000000000e+00
1.000000000000000000e+00
1.000000000000000000e+00
1.000000000000000000e+00
1.000000000000000000e+00
1.000000000000000000e+00
1.000000000000000000e+00
1.000000000000000000e+00
1.000000000000000000e+00
1.000000000000000000e+00
1.000000000000000000e+00
1.000000000000000000e+00
1.000000000000000000e+00
1.000000000000000000e+00
1.000000000000000000e+00
1.000000000000000000e+00
1.000000000000000000e+00
1.000000000000000000e+00
1.000000000000000000e+00
1.000000000000000000e+00
1.000000000000000000e+00
1.000000000000000000e+00
1.000000000000000000e+00
1.000000000000000000e+00
1.000000000000000000e+00
1.000000000000000000e+00
1.000000000000000000e+00
1.000000000000000000e+00
1.000000000000000000e+00
1.000000000000000000e+00
1.000000000000000000e+00
1.000000000000000000e+00
1.000000000000000000e+00
1.000000000000000000e+00
1.000000000000000000e+00
1.000000000000000000e+00
1.000000000000000000e+00
1.000000000000000000e+00
1.000000000000000000e+00
1.000000000000000000e+00
1.000000000000000000e+00
1.000000000000000000e+00
1.000000000000000000e+00
1.000000000000000000e+00
1.000000000000000000e+00
1.000000000000000000e+00
1.000000000000000000e+00
1.000000000000000000e+00
1.000000000000000000e+00
1.000000000000000000e+00
1.000000000000000000e+00
1.000000000000000000e+00
1.000000000000000000e+00
1.000000000000000000e+00
1.000000000000000000e+00
1.000000000000000000e+00
1.000000000000000000e+00
1.000000000000000000e+00
1.000000000000000000e+00
1.000000000000000000e+00
1.000000000000000000e+00
1.000000000000000000e+00
1.000000000000000000e+00
1.000000000000000000e+00
1.000000000000000000e+00
1.000000000000000000e+00
1.000000000000000000e+00
9.999999999999998890e-01
9.999999999999998890e-01
9.999999999999998890e-01
9.999999999999998890e-01
9.999999999999998890e-01
9.999999999999998890e-01
9.999999999999998890e-01
9.999999999999998890e-01
9.999999999999998890e-01
9.999999999999998890e-01
9.999999999999998890e-01
9.999999999999998890e-01
9.999999999999998890e-01
9.999999999999998890e-01
9.999999999999998890e-01
9.999999999999998890e-01
9.999999999999998890e-01
9.999999999999998890e-01
9.999999999999998890e-01
9.999999999999998890e-01
9.999999999999998890e-01
9.999999999999998890e-01
9.999999999999998890e-01
9.999999999999998890e-01
9.999999999999998890e-01
9.999999999999998890e-01
9.999999999999998890e-01
9.999999999999998890e-01
9.999999999999998890e-01
9.999999999999998890e-01
9.999999999999998890e-01
9.999999999999998890e-01
9.999999999999998890e-01
9.999999999999998890e-01
9.999999999999998890e-01
9.999999999999998890e-01
9.999999999999998890e-01
9.999999999999998890e-01
9.999999999999998890e-01
9.999999999999998890e-01
9.999999999999998890e-01
9.999999999999998890e-01
9.999999999999998890e-01
9.999999999999998890e-01
9.999999999999998890e-01
9.999999999999998890e-01
9.999999999999998890e-01
9.999999999999998890e-01
9.999999999999998890e-01
9.999999999999998890e-01
9.999999999999998890e-01
9.999999999999998890e-01
9.999999999999998890e-01
9.999999999999998890e-01
9.999999999999998890e-01
9.999999999999998890e-01
9.999999999999998890e-01
9.999999999999998890e-01
9.999999999999998890e-01
9.999999999999998890e-01
9.999999999999998890e-01
9.999999999999998890e-01
9.999999999999998890e-01
9.999999999999998890e-01
9.999999999999998890e-01
9.999999999999998890e-01
9.999999999999998890e-01
9.999999999999998890e-01
9.999999999999998890e-01
9.999999999999998890e-01
9.999999999999998890e-01
9.999999999999998890e-01
9.999999999999998890e-01
9.999999999999998890e-01
9.999999999999998890e-01
9.999999999999998890e-01
9.999999999999998890e-01
9.999999999999998890e-01
9.999999999999998890e-01
9.999999999999998890e-01
9.999999999999998890e-01
9.999999999999998890e-01
9.999999999999998890e-01
9.999999999999998890e-01
9.999999999999998890e-01
9.999999999999998890e-01
9.999999999999998890e-01
9.999999999999998890e-01
9.999999999999998890e-01
9.999999999999998890e-01
9.999999999999998890e-01
9.999999999999998890e-01
9.999999999999998890e-01
9.999999999999998890e-01
9.999999999999998890e-01
9.999999999999998890e-01
9.999999999999998890e-01
9.999999999999998890e-01
9.999999999999998890e-01
9.999999999999998890e-01
9.999999999999998890e-01
9.999999999999998890e-01
9.999999999999998890e-01
9.999999999999998890e-01
9.999999999999998890e-01
9.999999999999998890e-01
9.999999999999998890e-01
9.999999999999998890e-01
9.999999999999998890e-01
9.999999999999998890e-01
9.999999999999998890e-01
9.999999999999998890e-01
9.999999999999998890e-01
9.999999999999998890e-01
9.999999999999998890e-01
9.999999999999998890e-01
9.999999999999998890e-01
9.999999999999998890e-01
9.999999999999998890e-01
9.999999999999998890e-01
9.999999999999998890e-01
9.999999999999998890e-01
9.999999999999998890e-01
9.999999999999998890e-01
9.999999999999998890e-01
9.999999999999998890e-01
9.999999999999998890e-01
9.999999999999998890e-01
9.999999999999998890e-01
9.999999999999998890e-01
9.999999999999998890e-01
9.999999999999998890e-01
9.999999999999998890e-01
9.999999999999998890e-01
9.999999999999998890e-01
9.999999999999998890e-01
9.999999999999998890e-01
9.999999999999998890e-01
9.999999999999998890e-01
9.999999999999998890e-01
9.999999999999998890e-01
9.999999999999998890e-01
9.999999999999998890e-01
9.999999999999998890e-01
9.999999999999998890e-01
9.999999999999998890e-01
9.999999999999998890e-01
9.999999999999998890e-01
9.999999999999998890e-01
9.999999999999998890e-01
9.999999999999998890e-01
9.999999999999998890e-01
9.999999999999998890e-01
9.999999999999998890e-01
9.999999999999998890e-01
9.999999999999998890e-01
9.999999999999998890e-01
9.999999999999998890e-01
9.999999999999998890e-01
9.999999999999998890e-01
9.999999999999998890e-01
9.999999999999998890e-01
9.999999999999998890e-01
9.999999999999998890e-01
9.999999999999998890e-01
9.999999999999998890e-01
9.999999999999998890e-01
9.999999999999998890e-01
9.999999999999998890e-01
9.999999999999998890e-01
9.999999999999998890e-01
9.999999999999998890e-01
9.999999999999998890e-01
9.999999999999998890e-01
9.999999999999998890e-01
9.999999999999998890e-01
9.999999999999998890e-01
9.999999999999998890e-01
9.999999999999998890e-01
9.999999999999998890e-01
9.999999999999998890e-01
9.999999999999998890e-01
9.999999999999996669e-01
9.999999999999996669e-01
9.999999999999996669e-01
9.999999999999996669e-01
9.999999999999996669e-01
9.999999999999996669e-01
9.999999999999996669e-01
9.999999999999996669e-01
9.999999999999996669e-01
9.999999999999996669e-01
9.999999999999996669e-01
9.999999999999996669e-01
9.999999999999996669e-01
9.999999999999996669e-01
9.999999999999996669e-01
9.999999999999996669e-01
9.999999999999996669e-01
9.999999999999996669e-01
9.999999999999996669e-01
9.999999999999996669e-01
9.999999999999996669e-01
9.999999999999996669e-01
9.999999999999996669e-01
9.999999999999996669e-01
9.999999999999996669e-01
9.999999999999996669e-01
9.999999999999996669e-01
9.999999999999996669e-01
9.999999999999996669e-01
9.999999999999996669e-01
9.999999999999996669e-01
9.999999999999996669e-01
9.999999999999996669e-01
9.999999999999996669e-01
9.999999999999996669e-01
9.999999999999996669e-01
9.999999999999996669e-01
9.999999999999996669e-01
9.999999999999996669e-01
9.999999999999996669e-01
9.999999999999996669e-01
9.999999999999996669e-01
9.999999999999996669e-01
9.999999999999996669e-01
9.999999999999996669e-01
9.999999999999996669e-01
9.999999999999996669e-01
9.999999999999996669e-01
9.999999999999996669e-01
9.999999999999996669e-01
9.999999999999996669e-01
9.999999999999996669e-01
9.999999999999996669e-01
9.999999999999996669e-01
9.999999999999996669e-01
9.999999999999996669e-01
9.999999999999996669e-01
9.999999999999996669e-01
9.999999999999996669e-01
9.999999999999996669e-01
9.999999999999996669e-01
9.999999999999996669e-01
9.999999999999996669e-01
9.999999999999996669e-01
9.999999999999996669e-01
9.999999999999996669e-01
9.999999999999994449e-01
9.999999999999994449e-01
9.999999999999994449e-01
9.999999999999994449e-01
9.999999999999994449e-01
9.999999999999994449e-01
9.999999999999994449e-01
9.999999999999994449e-01
9.999999999999994449e-01
9.999999999999994449e-01
9.999999999999994449e-01
9.999999999999994449e-01
9.999999999999994449e-01
9.999999999999994449e-01
9.999999999999994449e-01
9.999999999999994449e-01
9.999999999999994449e-01
9.999999999999994449e-01
9.999999999999994449e-01
9.999999999999994449e-01
9.999999999999994449e-01
9.999999999999994449e-01
9.999999999999993339e-01
9.999999999999993339e-01
9.999999999999993339e-01
9.999999999999993339e-01
9.999999999999993339e-01
9.999999999999993339e-01
9.999999999999993339e-01
9.999999999999993339e-01
9.999999999999993339e-01
9.999999999999993339e-01
9.999999999999993339e-01
9.999999999999993339e-01
9.999999999999993339e-01
9.999999999999993339e-01
9.999999999999991118e-01
9.999999999999991118e-01
9.999999999999991118e-01
9.999999999999991118e-01
9.999999999999991118e-01
9.999999999999991118e-01
9.999999999999991118e-01
9.999999999999991118e-01
9.999999999999991118e-01
9.999999999999991118e-01
9.999999999999988898e-01
9.999999999999988898e-01
9.999999999999988898e-01
9.999999999999988898e-01
9.999999999999988898e-01
9.999999999999988898e-01
9.999999999999986677e-01
9.999999999999986677e-01
9.999999999999986677e-01
9.999999999999986677e-01
9.999999999999986677e-01
9.999999999999985567e-01
9.999999999999985567e-01
9.999999999999985567e-01
9.999999999999985567e-01
9.999999999999985567e-01
9.999999999999985567e-01
9.999999999999985567e-01
9.999999999999981126e-01
9.999999999999977796e-01
9.999999999999977796e-01
9.999999999999975575e-01
9.999999999999975575e-01
9.999999999999973355e-01
9.999999999999973355e-01
9.999999999999973355e-01
9.999999999999962252e-01
9.999999999999962252e-01
9.999999999999952260e-01
9.999999999999952260e-01
9.999999999999948930e-01
8.723175310791411174e-01
8.311690563963257672e-01
6.913495427025798667e-01
5.616514827780511032e-01
4.916882350199679452e-01
4.100416663909917658e-01
3.853395108981028661e-01
2.100592580788705199e-01
1.423997205341024919e-01
