# Singular values
1.105094066228444483e+01
1.031439788181389972e+01
1.014476871125490121e+01
1.002053155106447413e+01
9.148371459050641974e+00
9.000000000000001776e+00
8.863951210357965849e+00
8.794813279681314100e+00
8.588397191610347647e+00
8.585816494850002201e+00
8.246190983406313180e+00
8.094491587218731965e+00
8.083935461259242672e+00
8.000000000000000000e+00
7.999999999999998224e+00
7.586905413915018492e+00
7.559237928158664133e+00
7.521959247121374759e+00
7.483155878753139589e+00
7.402507889137685204e+00
7.361145338975870089e+00
7.233134813786839423e+00
7.220339395468930555e+00
7.068872109689942285e+00
7.005368592311636888e+00
7.000000000000017764e+00
7.000000000000000888e+00
6.999999999999999112e+00
6.999999999999999112e+00
6.999999999999998224e+00
6.999999999999998224e+00
6.999999999999998224e+00
6.990019022930889392e+00
6.956845092630741689e+00
6.911107542500992018e+00
6.840492997753728766e+00
6.802734797252035115e+00
6.743912384827051021e+00
6.655513881580772839e+00
6.621055232799820445e+00
6.545364993968981082e+00
6.512787644887393590e+00
6.466290754086215564e+00
6.357809467550030291e+00
6.300315322623434966e+00
6.262442009608127691e+00
6.209049769721581846e+00
6.159703260189858476e+00
6.076763086759404686e+00
6.041693234661345002e+00
6.000000000000005329e+00
6.000000000000000888e+00
6.000000000000000888e+00
6.000000000000000000e+00
5.999999999999999112e+00
5.999999999999999112e+00
5.999999999999999112e+00
5.999999999999985789e+00
5.940976709267044242e+00
5.906473861544196069e+00
5.807297634825195232e+00
5.800758033721602480e+00
5.767541899313386899e+00
5.763777819225736287e+00
5.669892684291611751e+00
5.657417554396239723e+00
5.623405918058009156e+00
5.599984892417570137e+00
5.597164738712907095e+00
5.564587900089788874e+00
5.465704388374168055e+00
5.464101615137765044e+00
5.412544708440973906e+00
5.398027874509383928e+00
5.325437833612832073e+00
5.279140537768467922e+00
5.248825819415920968e+00
5.197914531032130192e+00
5.180140032988956200e+00
5.165137935992039075e+00
5.091957443394806937e+00
5.087406090299325889e+00
5.070894557148719173e+00
5.002676013695437796e+00
5.000000000000014211e+00
5.000000000000006217e+00
5.000000000000001776e+00
5.000000000000001776e+00
5.000000000000000888e+00
5.000000000000000000e+00
5.000000000000000000e+00
5.000000000000000000e+00
5.000000000000000000e+00
4.999999999999998224e+00
4.999999999999998224e+00
4.999999999999997335e+00
4.981455532219086102e+00
4.954032765080737200e+00
4.920895501392769766e+00
4.895937254709889608e+00
4.870605460752489790e+00
4.800178735062590185e+00
4.765317341979175225e+00
4.744166870647834600e+00
4.704501111619345366e+00
4.701562118716424266e+00
4.701562118716420713e+00
4.659646848295738053e+00
4.642312939515388592e+00
4.618439350310927338e+00
4.570675321294323190e+00
4.568284025121706726e+00
4.531085128351079128e+00
4.528546995321649504e+00
4.506702745100549912e+00
4.495596122405048689e+00
4.493408677785538430e+00
4.402410630976613781e+00
4.383822868536336514e+00
4.341799904194529880e+00
4.300102509902512082e+00
4.275151351618689866e+00
4.246276096816621326e+00
4.201472338219239155e+00
4.195339820812407972e+00
4.147464615620490846e+00
4.141336115655364303e+00
4.129502025783843067e+00
4.077683614343167839e+00
4.057374066504010557e+00
4.048179236388036450e+00
4.015835365304819327e+00
4.000000000000011546e+00
4.000000000000009770e+00
4.000000000000006217e+00
4.000000000000005329e+00
4.000000000000001776e+00
4.000000000000001776e+00
4.000000000000000888e+00
4.000000000000000888e+00
4.000000000000000888e+00
4.000000000000000888e+00
4.000000000000000000e+00
4.000000000000000000e+00
4.000000000000000000e+00
4.000000000000000000e+00
4.000000000000000000e+00
4.000000000000000000e+00
3.999999999999999556e+00
3.999999999999999556e+00
3.999999999999999556e+00
3.999999999999999556e+00
3.999999999999999556e+00
3.999999999999999556e+00
3.999999999999999556e+00
3.999999999999999112e+00
3.999999999999999112e+00
3.999999999999997780e+00
3.999999999999997780e+00
3.999999999999997780e+00
3.999999999999997780e+00
3.999999999999996447e+00
3.999999999999993339e+00
3.988972506958881503e+00
3.978190733854357397e+00
3.936612623064135175e+00
3.915889151883305441e+00
3.901208642357662182e+00
3.870331225538587105e+00
3.844129730111036647e+00
3.824351345249654699e+00
3.768639773972654261e+00
3.760892660688364586e+00
3.745947060936674511e+00
3.741376588667367109e+00
3.700676377584085852e+00
3.668604862301338532e+00
3.660495404220941662e+00
3.636642189620361343e+00
3.613885320521294631e+00
3.596396374258673756e+00
3.590759939220789843e+00
3.535827705771662721e+00
3.528199670470789417e+00
3.526439728494299430e+00
3.492338824930781627e+00
3.479542180656218786e+00
3.453103442467425843e+00
3.450556527667513862e+00
3.443915098859351875e+00
3.418191920422426922e+00
3.414947697093528411e+00
3.413581246814213266e+00
3.403503039843172040e+00
3.391483642929527864e+00
3.351619057728153273e+00
3.291488642882301363e+00
3.258765607546592946e+00
3.256614842480519911e+00
3.232418266005664176e+00
3.213345661649313456e+00
3.195097587366799718e+00
3.193347390341200409e+00
3.165107850261056566e+00
3.160531361353627666e+00
3.156643795029310251e+00
3.133317028090437883e+00
3.122326830697636169e+00
3.048689036956559129e+00
3.031479989607642977e+00
3.024798023993618301e+00
3.017195016362737459e+00
3.000000000000001776e+00
3.000000000000000888e+00
3.000000000000000444e+00
3.000000000000000000e+00
3.000000000000000000e+00
2.999999999999999556e+00
2.999999999999999556e+00
2.999999999999999556e+00
2.999999999999999556e+00
2.999999999999998668e+00
2.999999999999998668e+00
2.999999999999998668e+00
2.999999999999998224e+00
2.999999999999997780e+00
2.999999999999997780e+00
2.999999999999993783e+00
2.989198147107406278e+00
2.957371203673345050e+00
2.947543620129201791e+00
2.935252190886056045e+00
2.929062504011601842e+00
2.907933430067234148e+00
2.905947377417690713e+00
2.898286771366609393e+00
2.878781296123237077e+00
2.860482263056502106e+00
2.822241679034763528e+00
2.772776896999654905e+00
2.768349811398767013e+00
2.739165148820159157e+00
2.735679188305479403e+00
2.716017087560807397e+00
2.712293204863607698e+00
2.707800804733585753e+00
2.706240266538471051e+00
2.689070109644833728e+00
2.631845999117378376e+00
2.627040434822507375e+00
2.599369282029501349e+00
2.584693740676069496e+00
2.579502879754197675e+00
2.571757337057096748e+00
2.566261360488709897e+00
2.561552812808830737e+00
2.557028687121992938e+00
2.554720534998741410e+00
2.552576039058198631e+00
2.540991296768770003e+00
2.537582692972939924e+00
2.523936138450785460e+00
2.511127743816469415e+00
2.506294769342034545e+00
2.500658952993642270e+00
2.496849503148529159e+00
2.485375468255015541e+00
2.483801713477443940e+00
2.470163673544659488e+00
2.460882847620100122e+00
2.439114731354209198e+00
2.432600473593132140e+00
2.427743631992618667e+00
2.412213153404843879e+00
2.397016977083179068e+00
2.382465519713737656e+00
2.354593770503346839e+00
2.346648707555576419e+00
2.343559844946687232e+00
2.341621123540773564e+00
2.330267794377645529e+00
2.315343857413309170e+00
2.312226503329262606e+00
2.307852092871889305e+00
2.304993707456596042e+00
2.300243006661558898e+00
2.292198164839412744e+00
2.285485370355660351e+00
2.281790812258986723e+00
2.276954573341650967e+00
2.266823948120350263e+00
2.265734470230494679e+00
2.231460514085013891e+00
2.216410538844071354e+00
2.214015894592403555e+00
2.201208646276759051e+00
2.198369281967477384e+00
2.189535337968738116e+00
2.186491698819971408e+00
2.185540130366499856e+00
2.184994738217522769e+00
2.184155599608393228e+00
2.162986364762675251e+00
2.162812068038563851e+00
2.160531361353627222e+00
2.157313343996966282e+00
2.148566123485133872e+00
2.146478712982628156e+00
2.123572870099129872e+00
2.109218046193547913e+00
2.095270660637134519e+00
2.088044007291847581e+00
2.068638145448748134e+00
2.041602726644685450e+00
2.034444294486913218e+00
2.027405381086572422e+00
2.006973447409420963e+00
2.000000000000001776e+00
2.000000000000000888e+00
2.000000000000000888e+00
2.000000000000000888e+00
2.000000000000000888e+00
2.000000000000000444e+00
2.000000000000000444e+00
2.000000000000000444e+00
2.000000000000000444e+00
2.000000000000000444e+00
2.000000000000000000e+00
2.000000000000000000e+00
2.000000000000000000e+00
1.999999999999999778e+00
1.999999999999999778e+00
1.999999999999999778e+00
1.999999999999999778e+00
1.999999999999999778e+00
1.999999999999999778e+00
1.999999999999999778e+00
1.999999999999999778e+00
1.999999999999999778e+00
1.999999999999999778e+00
1.999999999999999778e+00
1.999999999999999778e+00
1.999999999999999556e+00
1.999999999999999556e+00
1.999999999999999556e+00
1.999999999999999556e+00
1.999999999999999556e+00
1.999999999999999556e+00
1.999999999999999334e+00
1.999999999999999334e+00
1.999999999999998890e+00
1.999999999999998890e+00
1.999999999999998668e+00
1.999999999999998446e+00
1.999999999999997113e+00
1.993541618540089821e+00
1.977857706413025607e+00
1.968890755380426683e+00
1.968878319632587193e+00
1.966717664841996394e+00
1.963287867284191579e+00
1.960725700107415204e+00
1.957653395779802574e+00
1.946631234468868543e+00
1.936249593850891015e+00
1.934555929492258963e+00
1.914539050322678904e+00
1.905879641339083275e+00
1.903612487023977895e+00
1.901468456259586715e+00
1.894511216765800921e+00
1.890828502675997891e+00
1.884114552306029644e+00
1.883626393225547702e+00
1.878487791129172857e+00
1.851605413281052215e+00
1.850429200028379961e+00
1.850121970237195157e+00
1.844486890760503650e+00
1.839540826731941081e+00
1.832574375228236629e+00
1.832462622758185278e+00
1.825654387656507893e+00
1.818298911273526830e+00
1.815534469453945920e+00
1.813312452509530326e+00
1.809873404593491886e+00
1.802159950370402219e+00
1.801348919650476610e+00
1.798525020926056150e+00
1.795227246339738958e+00
1.793739444794638649e+00
1.788473039458967850e+00
1.778282032644833643e+00
1.776064149389828595e+00
1.771775544243648692e+00
1.769701377638813966e+00
1.760099964277800133e+00
1.758933059146990274e+00
1.755762640691353793e+00
1.754986991439679178e+00
1.754910854129379638e+00
1.753270694322239365e+00
1.752564849335742636e+00
1.746568246995716889e+00
1.736493272198090132e+00
1.735489498215870618e+00
1.733257277460460433e+00
1.731527784488923638e+00
1.721379487174436562e+00
1.718163145062439279e+00
1.717821985691841968e+00
1.707864736766521840e+00
1.702488375394123121e+00
1.701562118716424488e+00
1.701562118716424488e+00
1.692297309924756687e+00
1.691267776805425616e+00
1.688042619314545689e+00
1.681902198596016751e+00
1.679540140557055361e+00
1.678233008032158136e+00
1.667572372411573189e+00
1.663809053989226072e+00
1.661370647531547506e+00
1.660108534394926227e+00
1.645327509075797279e+00
1.644907596185843479e+00
1.644703007688377960e+00
1.644583877902369817e+00
1.643951715160485882e+00
1.643107600152731607e+00
1.642840212511272657e+00
1.634591330989231261e+00
1.630474897826258207e+00
1.626198068527293428e+00
1.625489161279350281e+00
1.620444471496003347e+00
1.620427654091828318e+00
1.612884019138165259e+00
1.608369649738978779e+00
1.599103434793007539e+00
1.598712302337286673e+00
1.585878284324781395e+00
1.583933965813363098e+00
1.581322773599742382e+00
1.580712264604045680e+00
1.579103964669827276e+00
1.576845320867683808e+00
1.576127504452924599e+00
1.575878246010315786e+00
1.574918773157674812e+00
1.570770845241270530e+00
1.567356524935118012e+00
1.564620856013499761e+00
1.563906278953472340e+00
1.561552812808829405e+00
1.561041366502150973e+00
1.556770786982207166e+00
1.555434122211949433e+00
1.550627842914427346e+00
1.546075482139321222e+00
1.531148775857796629e+00
1.527202026429339998e+00
1.526936030925978072e+00
1.517119412709324600e+00
1.513004845140510257e+00
1.507448380413540789e+00
1.501464814251571855e+00
1.496359753818766070e+00
1.492677370006548765e+00
1.484861952871929569e+00
1.476198024878898396e+00
1.469259099276494451e+00
1.464101615137751278e+00
1.461789436537897613e+00
1.453925487522124804e+00
1.446288658714494746e+00
1.440370975724954095e+00
1.439391016870032569e+00
1.432196760975857908e+00
1.430159374848365639e+00
1.429493573318596500e+00
1.428750064601086667e+00
1.426754391806384525e+00
1.414003862204553430e+00
1.405881214467917140e+00
1.405258209987668039e+00
1.403008984031188344e+00
1.399841351356555519e+00
1.397908338560060137e+00
1.395670035078304672e+00
1.395350578497495109e+00
1.391141132971840610e+00
1.391075977756363491e+00
1.384845163263005663e+00
1.383206732336552447e+00
1.376871016741241460e+00
1.372594585344945051e+00
1.367449624445133072e+00
1.359775639934056812e+00
1.348112340464647341e+00
1.342752244327398259e+00
1.335656403393295388e+00
1.324247883024419536e+00
1.323880880675494254e+00
1.313735796413635359e+00
1.295985466174854661e+00
1.294550425559968243e+00
1.290639311256782662e+00
1.275880862089393331e+00
1.255327523560987313e+00
1.251819159079169630e+00
1.243280726369374811e+00
1.242837049607689037e+00
1.233696424938712788e+00
1.215737458679112537e+00
1.190488869350643242e+00
1.187779971185793482e+00
1.177001425845980886e+00
1.160151045634537192e+00
1.080762235079631539e+00
1.063331511072397983e+00
1.055843399965942231e+00
1.000000000000003553e+00
1.000000000000003553e+00
1.000000000000002665e+00
1.000000000000002220e+00
1.000000000000001998e+00
1.000000000000001998e+00
1.000000000000001998e+00
1.000000000000001998e+00
1.000000000000001998e+00
1.000000000000001998e+00
1.000000000000001776e+00
1.000000000000001776e+00
1.000000000000001776e+00
1.000000000000001776e+00
1.000000000000001554e+00
1.000000000000001332e+00
1.000000000000001332e+00
1.000000000000001332e+00
1.000000000000001332e+00
1.000000000000001332e+00
1.000000000000001332e+00
1.000000000000001332e+00
1.000000000000001110e+00
1.000000000000001110e+00
1.000000000000000888e+00
1.000000000000000888e+00
1.000000000000000888e+00
1.000000000000000888e+00
1.000000000000000888e+00
1.000000000000000888e+00
1.000000000000000888e+00
1.000000000000000888e+00
1.000000000000000888e+00
1.000000000000000888e+00
1.000000000000000888e+00
1.000000000000000888e+00
1.000000000000000888e+00
1.000000000000000888e+00
1.000000000000000666e+00
1.000000000000000666e+00
1.000000000000000666e+00
1.000000000000000666e+00
1.000000000000000666e+00
1.000000000000000666e+00
1.000000000000000666e+00
1.000000000000000666e+00
1.000000000000000666e+00
1.000000000000000666e+00
1.000000000000000666e+00
1.000000000000000666e+00
1.000000000000000666e+00
1.000000000000000666e+00
1.000000000000000666e+00
1.000000000000000666e+00
1.000000000000000666e+00
1.000000000000000666e+00
1.000000000000000666e+00
1.000000000000000666e+00
1.000000000000000666e+00
1.000000000000000666e+00
1.000000000000000666e+00
1.000000000000000444e+00
1.000000000000000444e+00
1.000000000000000444e+00
1.000000000000000444e+00
1.000000000000000444e+00
1.000000000000000444e+00
1.000000000000000444e+00
1.000000000000000444e+00
1.000000000000000444e+00
1.000000000000000444e+00
1.000000000000000444e+00
1.000000000000000444e+00
1.000000000000000444e+00
1.000000000000000444e+00
1.000000000000000444e+00
1.000000000000000444e+00
1.000000000000000444e+00
1.000000000000000444e+00
1.000000000000000444e+00
1.000000000000000444e+00
1.000000000000000444e+00
1.000000000000000444e+00
1.000000000000000444e+00
1.000000000000000444e+00
1.000000000000000444e+00
1.000000000000000444e+00
1.000000000000000444e+00
1.000000000000000444e+00
1.000000000000000444e+00
1.000000000000000444e+00
1.000000000000000444e+00
1.000000000000000444e+00
1.000000000000000444e+00
1.000000000000000444e+00
1.000000000000000444e+00
1.000000000000000444e+00
1.000000000000000444e+00
1.000000000000000444e+00
1.000000000000000444e+00
1.000000000000000444e+00
1.000000000000000444e+00
1.000000000000000444e+00
1.000000000000000444e+00
1.000000000000000444e+00
1.000000000000000444e+00
1.000000000000000444e+00
1.000000000000000444e+00
1.000000000000000444e+00
1.000000000000000444e+00
1.000000000000000444e+00
1.000000000000000444e+00
1.000000000000000444e+00
1.000000000000000444e+00
1.000000000000000444e+00
1.000000000000000444e+00
1.000000000000000444e+00
1.000000000000000444e+00
1.000000000000000444e+00
1.000000000000000444e+00
1.000000000000000444e+00
1.000000000000000444e+00
1.000000000000000444e+00
1.000000000000000444e+00
1.000000000000000444e+00
1.000000000000000444e+00
1.000000000000000444e+00
1.000000000000000444e+00
1.000000000000000444e+00
1.000000000000000444e+00
1.000000000000000444e+00
1.000000000000000444e+00
1.000000000000000444e+00
1.000000000000000444e+00
1.000000000000000444e+00
1.000000000000000444e+00
1.000000000000000222e+00
1.000000000000000222e+00
1.000000000000000222e+00
1.000000000000000222e+00
1.000000000000000222e+00
1.000000000000000222e+00
1.000000000000000222e+00
1.000000000000000222e+00
1.000000000000000222e+00
1.000000000000000222e+00
1.000000000000000222e+00
1.000000000000000222e+00
1.000000000000000222e+00
1.000000000000000222e+00
1.000000000000000222e+00
1.000000000000000222e+00
1.000000000000000222e+00
1.000000000000000222e+00
1.000000000000000222e+00
1.000000000000000222e+00
1.000000000000000222e+00
1.000000000000000222e+00
1.000000000000000222e+00
1.000000000000000222e+00
1.000000000000000222e+00
1.000000000000000222e+00
1.000000000000000222e+00
1.000000000000000222e+00
1.000000000000000222e+00
1.000000000000000222e+00
1.000000000000000222e+00
1.000000000000000222e+00
1.000000000000000222e+00
1.000000000000000222e+00
1.000000000000000222e+00
1.000000000000000222e+00
1.000000000000000222e+00
1.000000000000000222e+00
1.000000000000000222e+00
1.000000000000000222e+00
1.000000000000000222e+00
1.000000000000000222e+00
1.000000000000000222e+00
1.000000000000000222e+00
1.000000000000000222e+00
1.000000000000000222e+00
1.000000000000000222e+00
1.000000000000000222e+00
1.000000000000000222e+00
1.000000000000000222e+00
1.000000000000000222e+00
1.000000000000000222e+00
1.000000000000000222e+00
1.000000000000000222e+00
1.000000000000000222e+00
1.000000000000000222e+00
1.000000000000000222e+00
1.000000000000000222e+00
1.000000000000000222e+00
1.000000000000000222e+00
1.000000000000000222e+00
1.000000000000000222e+00
1.000000000000000222e+00
1.000000000000000222e+00
1.000000000000000222e+00
1.000000000000000222e+00
1.000000000000000222e+00
1.000000000000000222e+00
1.000000000000000222e+00
1.000000000000000222e+00
1.000000000000000222e+00
1.000000000000000222e+00
1.000000000000000222e+00
1.000000000000000222e+00
1.000000000000000222e+00
1.000000000000000222e+00
1.000000000000000222e+00
1.000000000000000222e+00
1.000000000000000222e+00
1.000000000000000222e+00
1.000000000000000222e+00
1.000000000000000222e+00
1.000000000000000222e+00
1.000000000000000222e+00
1.000000000000000222e+00
1.000000000000000222e+00
1.000000000000000222e+00
1.000000000000000222e+00
1.000000000000000222e+00
1.000000000000000222e+00
1.000000000000000222e+00
1.000000000000000222e+00
1.000000000000000222e+00
1.000000000000000222e+00
1.000000000000000222e+00
1.000000000000000222e+00
1.000000000000000222e+00
1.000000000000000222e+00
1.000000000000000222e+00
1.000000000000000222e+00
1.000000000000000222e+00
1.000000000000000222e+00
1.000000000000000222e+00
1.000000000000000222e+00
1.000000000000000222e+00
1.000000000000000222e+00
1.000000000000000222e+00
1.000000000000000222e+00
1.000000000000000222e+00
1.000000000000000222e+00
1.000000000000000222e+00
1.000000000000000222e+00
1.000000000000000222e+00
1.000000000000000222e+00
1.000000000000000222e+00
1.000000000000000222e+00
1.000000000000000222e+00
1.000000000000000222e+00
1.000000000000000222e+00
1.000000000000000222e+00
1.000000000000000222e+00
1.000000000000000222e+00
1.000000000000000222e+00
1.000000000000000222e+00
1.000000000000000222e+00
1.000000000000000222e+00
1.000000000000000222e+00
1.000000000000000222e+00
1.000000000000000222e+00
1.000000000000000222e+00
1.000000000000000222e+00
1.000000000000000222e+00
1.000000000000000222e+00
1.000000000000000222e+00
1.000000000000000222e+00
1.000000000000000222e+00
1.000000000000000222e+00
1.000000000000000222e+00
1.000000000000000222e+00
1.000000000000000222e+00
1.000000000000000222e+00
1.000000000000000222e+00
1.000000000000000222e+00
1.000000000000000222e+00
1.000000000000000222e+00
1.000000000000000222e+00
1.000000000000000222e+00
1.000000000000000222e+00
1.000000000000000222e+00
1.000000000000000222e+00
1.000000000000000222e+00
1.000000000000000222e+00
1.000000000000000222e+00
1.000000000000000222e+00
1.000000000000000222e+00
1.000000000000000222e+00
1.000000000000000222e+00
1.000000000000000222e+00
1.000000000000000222e+00
1.000000000000000222e+00
1.000000000000000222e+00
1.000000000000000222e+00
1.000000000000000222e+00
1.000000000000000222e+00
1.000000000000000222e+00
1.000000000000000222e+00
1.000000000000000222e+00
1.000000000000000222e+00
1.000000000000000222e+00
1.000000000000000222e+00
1.000000000000000222e+00
1.000000000000000222e+00
1.000000000000000222e+00
1.000000000000000222e+00
1.000000000000000222e+00
1.000000000000000222e+00
1.000000000000000222e+00
1.000000000000000222e+00
1.000000000000000222e+00
1.000000000000000222e+00
1.000000000000000222e+00
1.000000000000000222e+00
1.000000000000000222e+00
1.000000000000000222e+00
1.000000000000000222e+00
1.000000000000000222e+00
1.000000000000000222e+00
1.000000000000000222e+00
1.000000000000000222e+00
1.000000000000000222e+00
1.000000000000000222e+00
1.000000000000000222e+00
1.000000000000000222e+00
1.000000000000000222e+00
1.000000000000000222e+00
1.000000000000000222e+00
1.000000000000000222e+00
1.000000000000000222e+00
1.000000000000000222e+00
1.000000000000000222e+00
1.000000000000000222e+00
1.000000000000000222e+00
1.000000000000000222e+00
1.000000000000000222e+00
1.000000000000000222e+00
1.000000000000000222e+00
1.000000000000000222e+00
1.000000000000000222e+00
1.000000000000000222e+00
1.000000000000000222e+00
1.000000000000000222e+00
1.000000000000000222e+00
1.000000000000000222e+00
1.000000000000000222e+00
1.000000000000000222e+00
1.000000000000000222e+00
1.000000000000000222e+00
1.000000000000000222e+00
1.000000000000000222e+00
1.000000000000000222e+00
1.000000000000000222e+00
1.000000000000000222e+00
1.000000000000000222e+00
1.000000000000000222e+00
1.000000000000000222e+00
1.000000000000000222e+00
1.000000000000000222e+00
1.000000000000000222e+00
1.000000000000000222e+00
1.000000000000000222e+00
1.000000000000000222e+00
1.000000000000000222e+00
1.000000000000000222e+00
1.000000000000000222e+00
1.000000000000000222e+00
1.000000000000000222e+00
1.000000000000000222e+00
1.000000000000000222e+00
1.000000000000000222e+00
1.000000000000000222e+00
1.000000000000000000e+00
1.000000000000000000e+00
1.000000000000000000e+00
1.000000000000000000e+00
1.000000000000000000e+00
1.000000000000000000e+00
1.000000000000000000e+00
1.000000000000000000e+00
1.000000000000000000e+00
1.000000000000000000e+00
1.000000000000000000e+00
1.000000000000000000e+00
1.000000000000000000e+00
1.000000000000000000e+00
1.000000000000000000e+00
1.000000000000000000e+00
1.000000000000000000e+00
1.000000000000000000e+00
1.000000000000000000e+00
1.000000000000000000e+00
1.000000000000000000e+00
1.000000000000000000e+00
1.000000000000000000e+00
1.000000000000000000e+00
1.000000000000000000e+00
1.000000000000000000e+00
1.000000000000000000e+00
1.000000000000000000e+00
1.000000000000000000e+00
1.000000000000000000e+00
1.000000000000000000e+00
1.000000000000000000e+00
1.000000000000000000e+00
1.000000000000000000e+00
1.000000000000000000e+00
1.000000000000000000e+00
1.000000000000000000e+00
1.000000000000000000e+00
1.000000000000000000e+00
1.000000000000000000e+00
1.000000000000000000e+00
1.000000000000000000e+00
1.000000000000000000e+00
1.000000000000000000e+00
1.000000000000000000e+00
1.000000000000000000e+00
1.000000000000000000e+00
1.000000000000000000e+00
1.000000000000000000e+00
1.000000000000000000e+00
1.000000000000000000e+00
1.000000000000000000e+00
1.000000000000000000e+00
1.000000000000000000e+00
1.000000000000000000e+00
1.000000000000000000e+00
1.000000000000000000e+00
1.000000000000000000e+00
1.000000000000000000e+00
1.000000000000000000e+00
1.000000000000000000e+00
1.000000000000000000e+00
1.000000000000000000e+00
1.000000000000000000e+00
1.000000000000000000e+00
1.000000000000000000e+00
1.000000000000000000e+00
1.000000000000000000e+00
1.000000000000000000e+00
1.000000000000000000e+00
1.000000000000000000e+00
1.000000000000000000e+00
1.000000000000000000e+00
1.000000000000000000e+00
1.000000000000000000e+00
1.000000000000000000e+00
1.000000000000000000e+00
1.000000000000000000e+00
1.000000000000000000e+00
1.000000000000000000e+00
1.000000000000000000e+00
1.000000000000000000e+00
1.000000000000000000e+00
1.000000000000000000e+00
1.000000000000000000e+00
1.000000000000000000e+00
1.000000000000000000e+00
1.000000000000000000e+00
1.000000000000000000e+00
1.000000000000000000e+00
1.000000000000000000e+00
1.000000000000000000e+00
1.000000000000000000e+00
1.000000000000000000e+00
1.000000000000000000e+00
1.000000000000000000e+00
1.000000000000000000e+00
1.000000000000000000e+00
1.000000000000000000e+00
1.000000000000000000e+00
1.000000000000000000e+00
1.000000000000000000e+00
1.000000000000000000e+00
1.000000000000000000e+00
1.000000000000000000e+00
1.000000000000000000e+00
1.000000000000000000e+00
1.000000000000000000e+00
1.000000000000000000e+00
1.000000000000000000e+00
1.000000000000000000e+00
1.000000000000000000e+00
1.000000000000000000e+00
1.000000000000000000e+00
1.000000000000000000e+00
1.000000000000000000e+00
1.000000000000000000e+00
1.000000000000000000e+00
1.000000000000000000e+00
1.000000000000000000e+00
1.000000000000000000e+00
1.000000000000000000e+00
1.000000000000000000e+00
1.000000000000000000e+00
1.000000000000000000e+00
1.000000000000000000e+00
1.000000000000000000e+00
1.000000000000000000e+00
1.000000000000000000e+00
1.000000000000000000e+00
1.000000000000000000e+00
1.000000000000000000e+00
1.000000000000000000e+00
1.000000000000000000e+00
1.000000000000000000e+00
1.000000000000000000e+00
1.000000000000000000e+00
1.000000000000000000e+00
1.000000000000000000e+00
1.000000000000000000e+00
1.000000000000000000e+00
1.000000000000000000e+00
1.000000000000000000e+00
1.000000000000000000e+00
1.000000000000000000e+00
1.000000000000000000e+00
1.000000000000000000e+00
1.000000000000000000e+00
1.000000000000000000e+00
1.000000000000000000e+00
1.000000000000000000e+00
1.000000000000000000e+00
1.000000000000000000e+00
1.000000000000000000e+00
1.000000000000000000e+00
1.000000000000000000e+00
1.000000000000000000e+00
1.000000000000000000e+00
1.000000000000000000e+00
1.000000000000000000e+00
1.000000000000000000e+00
1.000000000000000000e+00
1.000000000000000000e+00
1.000000000000000000e+00
1.000000000000000000e+00
1.000000000000000000e+00
1.000000000000000000e+00
1.000000000000000000e+00
1.000000000000000000e+00
1.000000000000000000e+00
1.000000000000000000e+00
1.000000000000000000e+00
1.000000000000000000e+00
1.000000000000000000e+00
1.000000000000000000e+00
1.000000000000000000e+00
1.000000000000000000e+00
1.000000000000000000e+00
1.000000000000000000e+00
1.000000000000000000e+00
1.000000000000000000e+00
1.000000000000000000e+00
1.000000000000000000e+00
1.000000000000000000e+00
1.000000000000000000e+00
1.000000000000000000e+00
1.000000000000000000e+00
1.000000000000000000e+00
1.000000000000000000e+00
1.000000000000000000e+00
1.000000000000000000e+00
1.000000000000000000e+00
1.000000000000000000e+00
1.000000000000000000e+00
1.000000000000000000e+00
1.000000000000000000e+00
1.000000000000000000e+00
1.000000000000000000e+00
1.000000000000000000e+00
1.000000000000000000e+00
1.000000000000000000e+00
1.000000000000000000e+00
1.000000000000000000e+00
1.000000000000000000e+00
1.000000000000000000e+00
1.000000000000000000e+00
1.000000000000000000e+00
1.000000000000000000e+00
1.000000000000000000e+00
1.000000000000000000e+00
1.000000000000000000e+00
1.000000000000000000e+00
1.000000000000000000e+00
1.000000000000000000e+00
1.000000000000000000e+00
1.000000000000000000e+00
1.000000000000000000e+00
1.000000000000000000e+00
1.000000000000000000e+00
1.000000000000000000e+00
1.000000000000000000e+00
1.000000000000000000e+00
1.000000000000000000e+00
1.000000000000000000e+00
1.000000000000000000e+00
1.000000000000000000e+00
1.000000000000000000e+00
1.000000000000000000e+00
1.000000000000000000e+00
1.000000000000000000e+00
1.000000000000000000e+00
1.000000000000000000e+00
1.000000000000000000e+00
1.000000000000000000e+00
1.000000000000000000e+00
1.000000000000000000e+00
1.000000000000000000e+00
1.000000000000000000e+00
1.000000000000000000e+00
1.000000000000000000e+00
1.000000000000000000e+00
1.000000000000000000e+00
1.000000000000000000e+00
1.000000000000000000e+00
1.000000000000000000e+00
1.000000000000000000e+00
1.000000000000000000e+00
1.000000000000000000e+00
1.000000000000000000e+00
1.000000000000000000e+00
1.000000000000000000e+00
1.000000000000000000e+00
1.000000000000000000e+00
1.000000000000000000e+00
1.000000000000000000e+00
1.000000000000000000e+00
1.000000000000000000e+00
1.000000000000000000e+00
1.000000000000000000e+00
1.000000000000000000e+00
1.000000000000000000e+00
1.000000000000000000e+00
1.000000000000000000e+00
1.000000000000000000e+00
1.000000000000000000e+00
9.999999999999998890e-01
9.999999999999998890e-01
9.999999999999998890e-01
9.999999999999998890e-01
9.999999999999998890e-01
9.999999999999998890e-01
9.999999999999998890e-01
9.999999999999998890e-01
9.999999999999998890e-01
9.999999999999998890e-01
9.999999999999998890e-01
9.999999999999998890e-01
9.999999999999998890e-01
9.999999999999998890e-01
9.999999999999998890e-01
9.999999999999998890e-01
9.999999999999998890e-01
9.999999999999998890e-01
9.999999999999998890e-01
9.999999999999998890e-01
9.999999999999998890e-01
9.999999999999998890e-01
9.999999999999998890e-01
9.999999999999998890e-01
9.999999999999998890e-01
9.999999999999998890e-01
9.999999999999998890e-01
9.999999999999998890e-01
9.999999999999998890e-01
9.999999999999998890e-01
9.999999999999998890e-01
9.999999999999998890e-01
9.999999999999998890e-01
9.999999999999998890e-01
9.999999999999998890e-01
9.999999999999998890e-01
9.999999999999998890e-01
9.999999999999998890e-01
9.999999999999998890e-01
9.999999999999998890e-01
9.999999999999998890e-01
9.999999999999998890e-01
9.999999999999998890e-01
9.999999999999998890e-01
9.999999999999998890e-01
9.999999999999998890e-01
9.999999999999998890e-01
9.999999999999998890e-01
9.999999999999998890e-01
9.999999999999998890e-01
9.999999999999998890e-01
9.999999999999998890e-01
9.999999999999998890e-01
9.999999999999998890e-01
9.999999999999998890e-01
9.999999999999998890e-01
9.999999999999998890e-01
9.999999999999998890e-01
9.999999999999998890e-01
9.999999999999998890e-01
9.999999999999998890e-01
9.999999999999998890e-01
9.999999999999998890e-01
9.999999999999998890e-01
9.999999999999998890e-01
9.999999999999998890e-01
9.999999999999998890e-01
9.999999999999998890e-01
9.999999999999998890e-01
9.999999999999998890e-01
9.999999999999998890e-01
9.999999999999998890e-01
9.999999999999998890e-01
9.999999999999998890e-01
9.999999999999998890e-01
9.999999999999998890e-01
9.999999999999998890e-01
9.999999999999998890e-01
9.999999999999998890e-01
9.999999999999998890e-01
9.999999999999998890e-01
9.999999999999998890e-01
9.999999999999998890e-01
9.999999999999998890e-01
9.999999999999998890e-01
9.999999999999998890e-01
9.999999999999998890e-01
9.999999999999998890e-01
9.999999999999998890e-01
9.999999999999998890e-01
9.999999999999998890e-01
9.999999999999998890e-01
9.999999999999998890e-01
9.999999999999998890e-01
9.999999999999998890e-01
9.999999999999998890e-01
9.999999999999998890e-01
9.999999999999998890e-01
9.999999999999998890e-01
9.999999999999998890e-01
9.999999999999998890e-01
9.999999999999998890e-01
9.999999999999998890e-01
9.999999999999998890e-01
9.999999999999998890e-01
9.999999999999998890e-01
9.999999999999998890e-01
9.999999999999998890e-01
9.999999999999998890e-01
9.999999999999998890e-01
9.999999999999998890e-01
9.999999999999998890e-01
9.999999999999998890e-01
9.999999999999998890e-01
9.999999999999998890e-01
9.999999999999998890e-01
9.999999999999998890e-01
9.999999999999998890e-01
9.999999999999998890e-01
9.999999999999998890e-01
9.999999999999998890e-01
9.999999999999998890e-01
9.999999999999998890e-01
9.999999999999998890e-01
9.999999999999998890e-01
9.999999999999998890e-01
9.999999999999998890e-01
9.999999999999998890e-01
9.999999999999998890e-01
9.999999999999998890e-01
9.999999999999998890e-01
9.999999999999998890e-01
9.999999999999997780e-01
9.999999999999997780e-01
9.999999999999997780e-01
9.999999999999997780e-01
9.999999999999997780e-01
9.999999999999997780e-01
9.999999999999997780e-01
9.999999999999997780e-01
9.999999999999997780e-01
9.999999999999997780e-01
9.999999999999997780e-01
9.999999999999997780e-01
9.999999999999997780e-01
9.999999999999997780e-01
9.999999999999997780e-01
9.999999999999997780e-01
9.999999999999997780e-01
9.999999999999997780e-01
9.999999999999997780e-01
9.999999999999997780e-01
9.999999999999997780e-01
9.999999999999997780e-01
9.999999999999997780e-01
9.999999999999997780e-01
9.999999999999997780e-01
9.999999999999997780e-01
9.999999999999997780e-01
9.999999999999997780e-01
9.999999999999997780e-01
9.999999999999997780e-01
9.999999999999997780e-01
9.999999999999997780e-01
9.999999999999997780e-01
9.999999999999997780e-01
9.999999999999997780e-01
9.999999999999997780e-01
9.999999999999997780e-01
9.999999999999997780e-01
9.999999999999997780e-01
9.999999999999997780e-01
9.999999999999997780e-01
9.999999999999997780e-01
9.999999999999997780e-01
9.999999999999997780e-01
9.999999999999997780e-01
9.999999999999997780e-01
9.999999999999997780e-01
9.999999999999997780e-01
9.999999999999997780e-01
9.999999999999997780e-01
9.999999999999997780e-01
9.999999999999997780e-01
9.999999999999997780e-01
9.999999999999997780e-01
9.999999999999997780e-01
9.999999999999997780e-01
9.999999999999997780e-01
9.999999999999997780e-01
9.999999999999997780e-01
9.999999999999997780e-01
9.999999999999997780e-01
9.999999999999997780e-01
9.999999999999997780e-01
9.999999999999997780e-01
9.999999999999997780e-01
9.999999999999997780e-01
9.999999999999997780e-01
9.999999999999997780e-01
9.999999999999997780e-01
9.999999999999997780e-01
9.999999999999997780e-01
9.999999999999997780e-01
9.999999999999997780e-01
9.999999999999997780e-01
9.999999999999997780e-01
9.999999999999997780e-01
9.999999999999997780e-01
9.999999999999997780e-01
9.999999999999997780e-01
9.999999999999997780e-01
9.999999999999997780e-01
9.999999999999997780e-01
9.999999999999997780e-01
9.999999999999997780e-01
9.999999999999997780e-01
9.999999999999997780e-01
9.999999999999997780e-01
9.999999999999997780e-01
9.999999999999997780e-01
9.999999999999997780e-01
9.999999999999997780e-01
9.999999999999997780e-01
9.999999999999997780e-01
9.999999999999997780e-01
9.999999999999997780e-01
9.999999999999997780e-01
9.999999999999997780e-01
9.999999999999997780e-01
9.999999999999997780e-01
9.999999999999997780e-01
9.999999999999997780e-01
9.999999999999997780e-01
9.999999999999997780e-01
9.999999999999997780e-01
9.999999999999997780e-01
9.999999999999997780e-01
9.999999999999997780e-01
9.999999999999997780e-01
9.999999999999997780e-01
9.999999999999996669e-01
9.999999999999996669e-01
9.999999999999996669e-01
9.999999999999996669e-01
9.999999999999996669e-01
9.999999999999996669e-01
9.999999999999996669e-01
9.999999999999996669e-01
9.999999999999996669e-01
9.999999999999996669e-01
9.999999999999996669e-01
9.999999999999996669e-01
9.999999999999996669e-01
9.999999999999996669e-01
9.999999999999996669e-01
9.999999999999996669e-01
9.999999999999996669e-01
9.999999999999996669e-01
9.999999999999996669e-01
9.999999999999996669e-01
9.999999999999996669e-01
9.999999999999996669e-01
9.999999999999996669e-01
9.999999999999996669e-01
9.999999999999996669e-01
9.999999999999996669e-01
9.999999999999996669e-01
9.999999999999996669e-01
9.999999999999996669e-01
9.999999999999996669e-01
9.999999999999996669e-01
9.999999999999996669e-01
9.999999999999994449e-01
9.999999999999994449e-01
9.999999999999994449e-01
9.999999999999994449e-01
9.999999999999994449e-01
9.999999999999994449e-01
9.999999999999994449e-01
9.999999999999994449e-01
9.999999999999994449e-01
9.999999999999994449e-01
9.999999999999994449e-01
9.999999999999994449e-01
9.999999999999994449e-01
9.999999999999994449e-01
9.999999999999994449e-01
9.999999999999994449e-01
9.999999999999994449e-01
9.999999999999994449e-01
9.999999999999994449e-01
9.999999999999994449e-01
9.999999999999994449e-01
9.999999999999993339e-01
9.999999999999993339e-01
9.999999999999993339e-01
9.999999999999993339e-01
9.999999999999993339e-01
9.999999999999993339e-01
9.999999999999993339e-01
9.999999999999992228e-01
9.999999999999992228e-01
9.999999999999992228e-01
9.999999999999992228e-01
9.999999999999992228e-01
9.999999999999992228e-01
9.999999999999992228e-01
9.999999999999992228e-01
9.999999999999992228e-01
9.999999999999992228e-01
9.999999999999992228e-01
9.999999999999992228e-01
9.999999999999991118e-01
9.999999999999991118e-01
9.999999999999991118e-01
9.999999999999988898e-01
9.999999999999988898e-01
9.999999999999988898e-01
9.999999999999987788e-01
9.999999999999985567e-01
9.999999999999983347e-01
9.999999999999982236e-01
9.999999999999980016e-01
9.999999999999980016e-01
9.999999999999980016e-01
9.999999999999976685e-01
9.999999999999968914e-01
9.999999999999966693e-01
9.999999999999960032e-01
9.999999999999943379e-01
9.698074024251932546e-01
9.620914099337183334e-01
9.332676294513004844e-01
8.791714821550282721e-01
8.727417982251497452e-01
8.009109160238656600e-01
7.730394042289320256e-01
6.922973099247566875e-01
6.747768705745181839e-01
6.382200433441499454e-01
5.938484874216424236e-01
5.450959087764755129e-01
5.062728014190462922e-01
4.436709109274222240e-01
3.920474645188891660e-01
3.508666023076305041e-01
2.287480541942892853e-01
1.302574408758296887e-01
7.724695052418822927e-02
