# Singular values
1.528286883788433848e+01
1.100266245986422398e+01
1.004653540187300642e+01
1.003063450495572084e+01
9.550095975104127888e+00
9.268818252839311711e+00
9.114666687786526111e+00
9.025490863110317008e+00
9.000000000000000000e+00
9.000000000000000000e+00
9.000000000000000000e+00
8.940110024704418734e+00
8.767101826581036761e+00
8.423713234119945881e+00
8.297097251834841813e+00
8.179414872493788735e+00
7.942711493730468142e+00
7.787575443939473985e+00
7.775313517453759538e+00
7.640128990182667224e+00
7.507517242032593074e+00
7.470236957284074997e+00
7.197595662228981617e+00
7.117309216936872573e+00
7.045984087272271879e+00
7.000000000000007105e+00
7.000000000000000000e+00
6.999999999999997335e+00
6.970954404152839956e+00
6.893298471373503489e+00
6.878993409404864146e+00
6.783478505009462367e+00
6.615751886659677616e+00
6.552652936371138104e+00
6.536952897480512448e+00
6.499953785676596318e+00
6.330981427026072694e+00
6.255731646635815046e+00
6.236348888157175807e+00
6.209049769721568524e+00
6.172829438047696016e+00
6.164850072736284048e+00
6.135837509740473372e+00
6.114201909319749717e+00
6.106273164995632108e+00
6.032794644018043329e+00
6.000000000000001776e+00
6.000000000000000000e+00
5.999999999999999112e+00
5.999999999999999112e+00
5.999999999999999112e+00
5.999999999999999112e+00
5.999999999999999112e+00
5.988803526739295613e+00
5.988090184963677842e+00
5.886324734853954688e+00
5.794044729510070546e+00
5.751404193310174051e+00
5.697446081292254050e+00
5.683368872123474524e+00
5.673684550640405000e+00
5.649862010713042615e+00
5.603512372480296655e+00
5.580427272515145809e+00
5.536344096810488224e+00
5.467591175113156510e+00
5.362578565668249198e+00
5.342812375066326780e+00
5.289076619863294582e+00
5.270802080648027577e+00
5.192743232125748065e+00
5.159073791025774014e+00
5.157758443729028919e+00
5.148049133113254072e+00
5.144703143307652660e+00
5.120833642479015957e+00
5.090540668659293111e+00
5.087406090299323225e+00
5.042760256393962415e+00
5.000000000000004441e+00
5.000000000000001776e+00
5.000000000000001776e+00
5.000000000000000000e+00
5.000000000000000000e+00
5.000000000000000000e+00
5.000000000000000000e+00
4.999999999999999112e+00
4.999999999999999112e+00
4.999999999999999112e+00
4.999999999999999112e+00
4.997288347450807855e+00
4.942735272424113369e+00
4.905973988444351619e+00
4.860630570896372404e+00
4.749730854838714045e+00
4.727902522685912601e+00
4.711568430818925179e+00
4.701562118716423377e+00
4.701562118716423377e+00
4.682845133658775971e+00
4.649769606111070708e+00
4.633166365026488265e+00
4.540118363516211453e+00
4.535184362601868635e+00
4.460666019217775613e+00
4.450101773507925351e+00
4.426115892660194007e+00
4.419703788803414746e+00
4.379531643381432637e+00
4.358340905218721417e+00
4.334881146443044564e+00
4.320884499447486427e+00
4.320884499447472216e+00
4.265908897998848204e+00
4.243102614537274775e+00
4.225016659600292712e+00
4.217673062169771114e+00
4.211363482465582564e+00
4.201472338219237379e+00
4.192780095074085445e+00
4.176810614587369130e+00
4.141336115655363415e+00
4.141336115655363415e+00
4.135759473966307276e+00
4.108184211874377212e+00
4.093783356082431268e+00
4.049264132456241505e+00
4.000000000000010658e+00
4.000000000000000888e+00
4.000000000000000888e+00
4.000000000000000888e+00
4.000000000000000888e+00
4.000000000000000888e+00
4.000000000000000888e+00
4.000000000000000888e+00
4.000000000000000888e+00
4.000000000000000888e+00
4.000000000000000888e+00
4.000000000000000000e+00
4.000000000000000000e+00
3.999999999999999556e+00
3.999999999999999556e+00
3.999999999999999556e+00
3.999999999999999556e+00
3.999999999999999556e+00
3.999999999999999556e+00
3.999999999999999112e+00
3.999999999999999112e+00
3.999999999999999112e+00
3.999999999999998668e+00
3.999999999999998224e+00
3.999999999999998224e+00
3.999999999999998224e+00
3.999999999999998224e+00
3.999999999999998224e+00
3.999999999999997780e+00
3.999999999999996447e+00
3.999999999999996447e+00
3.999999999999995559e+00
3.999999999999993339e+00
3.993572680241061601e+00
3.966630596960181165e+00
3.900811744441604834e+00
3.874324197567663219e+00
3.831715062355336876e+00
3.828427124746196508e+00
3.828427124746191623e+00
3.817250764476813885e+00
3.752320157937790945e+00
3.710532464917417173e+00
3.704271116060747548e+00
3.657748874591675303e+00
3.644930908816398585e+00
3.639189315445682915e+00
3.615470076463054294e+00
3.580313318377632559e+00
3.568013200399889229e+00
3.548731747660323510e+00
3.526439728494294101e+00
3.524914344943267608e+00
3.504879040142363955e+00
3.452310604106872738e+00
3.437860769553247930e+00
3.414515950830238733e+00
3.395023991995323787e+00
3.387808073136819864e+00
3.358609991766244196e+00
3.357002970401987252e+00
3.341428445638981337e+00
3.328519751257025039e+00
3.301041224768337390e+00
3.237930299354010888e+00
3.230880656185663558e+00
3.201578346110097062e+00
3.198396409827807041e+00
3.194499425078919153e+00
3.164308485848106756e+00
3.161842803687166636e+00
3.147380608329360729e+00
3.091496590636067854e+00
3.086611235833189859e+00
3.058933853101554856e+00
3.014914618885854658e+00
3.011994037335719021e+00
3.000000000000005329e+00
3.000000000000000888e+00
3.000000000000000888e+00
3.000000000000000888e+00
3.000000000000000444e+00
3.000000000000000444e+00
3.000000000000000444e+00
3.000000000000000444e+00
3.000000000000000000e+00
3.000000000000000000e+00
2.999999999999999556e+00
2.999999999999999556e+00
2.999999999999996891e+00
2.999999999999996003e+00
2.999999999999995115e+00
2.954982323763171159e+00
2.950522133798524571e+00
2.930399650065112382e+00
2.918233837558255050e+00
2.918120537425517025e+00
2.915024766071542484e+00
2.875794864714944055e+00
2.855916088505618955e+00
2.847847666784961707e+00
2.813074903603518084e+00
2.798454643279432830e+00
2.791287847477920359e+00
2.785677849010104623e+00
2.767838341226214194e+00
2.749414457159710334e+00
2.747776637716190073e+00
2.705406148828473079e+00
2.654476507988106970e+00
2.651723748113282930e+00
2.627910908744536034e+00
2.602742098142067029e+00
2.593978330497043849e+00
2.590480927753965545e+00
2.577961505654202679e+00
2.577438412477048857e+00
2.561552812808829849e+00
2.553523403826270410e+00
2.541415296199217799e+00
2.518482153002564061e+00
2.517089079858520151e+00
2.486935210521270978e+00
2.464824422999607023e+00
2.463204647406760373e+00
2.458740465250126128e+00
2.457984157481864607e+00
2.443448003355130904e+00
2.439389393002818984e+00
2.438224936342704652e+00
2.422174133195750922e+00
2.410018058554543874e+00
2.401041709166760629e+00
2.393274037115953767e+00
2.385798980488903709e+00
2.383689983559949876e+00
2.374792570165677130e+00
2.351939201553461700e+00
2.351939201553461256e+00
2.334117649372875469e+00
2.316351479633946830e+00
2.315705225355850772e+00
2.313238192086136014e+00
2.303681379367923387e+00
2.295265009613839613e+00
2.268227633557640566e+00
2.259602990270840106e+00
2.245444162143456879e+00
2.244445728980422050e+00
2.235506353411320646e+00
2.231397294358227423e+00
2.228365031220573833e+00
2.215433162446613036e+00
2.199490780525618305e+00
2.190635476823562300e+00
2.188363131296203523e+00
2.186782001078157123e+00
2.180391912757705164e+00
2.165858027275568976e+00
2.158609940099518898e+00
2.139695362628684538e+00
2.134614220514226002e+00
2.117335889744560884e+00
2.111861222001344629e+00
2.110238377773198781e+00
2.094631408446812504e+00
2.092715961615075226e+00
2.051468679352633551e+00
2.037693386092579217e+00
2.026932073838054293e+00
2.003722813305733208e+00
2.000000000000002220e+00
2.000000000000001776e+00
2.000000000000001776e+00
2.000000000000001332e+00
2.000000000000000888e+00
2.000000000000000888e+00
2.000000000000000444e+00
2.000000000000000444e+00
2.000000000000000444e+00
2.000000000000000444e+00
2.000000000000000444e+00
2.000000000000000444e+00
2.000000000000000444e+00
2.000000000000000444e+00
2.000000000000000444e+00
2.000000000000000444e+00
2.000000000000000000e+00
2.000000000000000000e+00
2.000000000000000000e+00
2.000000000000000000e+00
1.999999999999999778e+00
1.999999999999999778e+00
1.999999999999999778e+00
1.999999999999999778e+00
1.999999999999999778e+00
1.999999999999999778e+00
1.999999999999999778e+00
1.999999999999999778e+00
1.999999999999999778e+00
1.999999999999999778e+00
1.999999999999999778e+00
1.999999999999999778e+00
1.999999999999999778e+00
1.999999999999999778e+00
1.999999999999999778e+00
1.999999999999999556e+00
1.999999999999999112e+00
1.999999999999999112e+00
1.999999999999999112e+00
1.999999999999999112e+00
1.999999999999998890e+00
1.999999999999998002e+00
1.995751159279773645e+00
1.986606081313694538e+00
1.973180662104709882e+00
1.963371930042958402e+00
1.960282278769892361e+00
1.949497369159002513e+00
1.947821887626635773e+00
1.945947086817834126e+00
1.940600956342772188e+00
1.940542060517792544e+00
1.938327138972196328e+00
1.932226031592341409e+00
1.931650168127349465e+00
1.931443038262656842e+00
1.928533824959142828e+00
1.923606398355679481e+00
1.918595271208394903e+00
1.901865817119323898e+00
1.896896195661733620e+00
1.896463479438935895e+00
1.893331577956769429e+00
1.889366571036005915e+00
1.878600070685592982e+00
1.877873406896237496e+00
1.869549178598712391e+00
1.857403394785408945e+00
1.848137927554551752e+00
1.846332338654967042e+00
1.843045557281427715e+00
1.842760634161408895e+00
1.836354263762649985e+00
1.828427124746193400e+00
1.828427124746190513e+00
1.827839145474500437e+00
1.816753629702495765e+00
1.815520861973446864e+00
1.809847192276664130e+00
1.806479812259178086e+00
1.794218136799283769e+00
1.792698170411109126e+00
1.791287847477919470e+00
1.790759427532176540e+00
1.786417551666533488e+00
1.780028638901566262e+00
1.779008563315571001e+00
1.777448856891755469e+00
1.773047350310744452e+00
1.771909797431993283e+00
1.763282071981058241e+00
1.760507814088099421e+00
1.760310289043858001e+00
1.756926986126386758e+00
1.746568246995716889e+00
1.739335505205053645e+00
1.738876157879043705e+00
1.737576237589729899e+00
1.736399035220392628e+00
1.735489498215867510e+00
1.728980847421742073e+00
1.721188557434492727e+00
1.719386483684228750e+00
1.715196391541091048e+00
1.708175176023105424e+00
1.707031895240204600e+00
1.704682837073713708e+00
1.701562118716425598e+00
1.701562118716424266e+00
1.698605558776331792e+00
1.695502219376374908e+00
1.693505102423491726e+00
1.692246106399443617e+00
1.687619384532226929e+00
1.684737836439113234e+00
1.677105637138845085e+00
1.672823701000948793e+00
1.672823701000948349e+00
1.667859360694164073e+00
1.661891448582272002e+00
1.660751126860257720e+00
1.658930307050062503e+00
1.651614774028538069e+00
1.649523843502081144e+00
1.646769003909307472e+00
1.644838995529961378e+00
1.642840212511273101e+00
1.632097776823448587e+00
1.626393756158919901e+00
1.626198068527297202e+00
1.626198068527295426e+00
1.622547480401287157e+00
1.619444125148962188e+00
1.609084260224104224e+00
1.608415276866980381e+00
1.607779431165246020e+00
1.605819350109084720e+00
1.605206330453017083e+00
1.595245067260188110e+00
1.592683190288597395e+00
1.592624311698748185e+00
1.591538601820146948e+00
1.583701107828306309e+00
1.579805558037936208e+00
1.577150420370341033e+00
1.570252123667124522e+00
1.568113600739486690e+00
1.564924075577692530e+00
1.562650588194357093e+00
1.561552812808830515e+00
1.555434122211949433e+00
1.550309821195474447e+00
1.547668365869795615e+00
1.546433663086495880e+00
1.540157116440993290e+00
1.536847627979871067e+00
1.535616922801065209e+00
1.525612979534579416e+00
1.522450354071124057e+00
1.521541763591531149e+00
1.518792938299679207e+00
1.518216675178301500e+00
1.512848421025042578e+00
1.510481637164840185e+00
1.502956816094234815e+00
1.498785873646433453e+00
1.488728056789445198e+00
1.484861952871929569e+00
1.484861952871929125e+00
1.481259295804239429e+00
1.479415165517130815e+00
1.476457187250344694e+00
1.475432669972930544e+00
1.473341036215513933e+00
1.461716211539717092e+00
1.460047430353216269e+00
1.457532342593899743e+00
1.456820510668915158e+00
1.455493876577117929e+00
1.453854483979926782e+00
1.447822230263156928e+00
1.428989318385961660e+00
1.426428385573929258e+00
1.420511342785556907e+00
1.406950443472281487e+00
1.405703121605358374e+00
1.405241161020352569e+00
1.402116357513216283e+00
1.392645543903699323e+00
1.384633119383026800e+00
1.384078926424195499e+00
1.380047442436283189e+00
1.370645773770574616e+00
1.370114441421772744e+00
1.360867524688085917e+00
1.356553545531222094e+00
1.355367051621130470e+00
1.352945987044773535e+00
1.339289820594710356e+00
1.331902148464273239e+00
1.314368039592463733e+00
1.312708658842969056e+00
1.311985424156532742e+00
1.311949143551593977e+00
1.295347713548594459e+00
1.290599400339988989e+00
1.275796925819062233e+00
1.265869400540268197e+00
1.262135959561998089e+00
1.256215096158443068e+00
1.254920176887689864e+00
1.232296675034138644e+00
1.220147794820550802e+00
1.211662987231704847e+00
1.167427826239493927e+00
1.155958361357369402e+00
1.096986783644521068e+00
1.046888751556619646e+00
1.038564053989430969e+00
1.025294133768704929e+00
1.007002830092972534e+00
1.000909342565520666e+00
1.000000000000004885e+00
1.000000000000003109e+00
1.000000000000002665e+00
1.000000000000002442e+00
1.000000000000002442e+00
1.000000000000002220e+00
1.000000000000002220e+00
1.000000000000001998e+00
1.000000000000001776e+00
1.000000000000001776e+00
1.000000000000001776e+00
1.000000000000001554e+00
1.000000000000001554e+00
1.000000000000001554e+00
1.000000000000001554e+00
1.000000000000001332e+00
1.000000000000001332e+00
1.000000000000001332e+00
1.000000000000001332e+00
1.000000000000001332e+00
1.000000000000001110e+00
1.000000000000001110e+00
1.000000000000001110e+00
1.000000000000001110e+00
1.000000000000001110e+00
1.000000000000001110e+00
1.000000000000001110e+00
1.000000000000001110e+00
1.000000000000000888e+00
1.000000000000000888e+00
1.000000000000000888e+00
1.000000000000000888e+00
1.000000000000000888e+00
1.000000000000000888e+00
1.000000000000000888e+00
1.000000000000000888e+00
1.000000000000000888e+00
1.000000000000000888e+00
1.000000000000000888e+00
1.000000000000000888e+00
1.000000000000000666e+00
1.000000000000000666e+00
1.000000000000000666e+00
1.000000000000000666e+00
1.000000000000000666e+00
1.000000000000000666e+00
1.000000000000000666e+00
1.000000000000000666e+00
1.000000000000000666e+00
1.000000000000000666e+00
1.000000000000000666e+00
1.000000000000000666e+00
1.000000000000000666e+00
1.000000000000000666e+00
1.000000000000000666e+00
1.000000000000000666e+00
1.000000000000000666e+00
1.000000000000000666e+00
1.000000000000000666e+00
1.000000000000000666e+00
1.000000000000000666e+00
1.000000000000000666e+00
1.000000000000000666e+00
1.000000000000000666e+00
1.000000000000000666e+00
1.000000000000000666e+00
1.000000000000000666e+00
1.000000000000000666e+00
1.000000000000000666e+00
1.000000000000000666e+00
1.000000000000000666e+00
1.000000000000000666e+00
1.000000000000000444e+00
1.000000000000000444e+00
1.000000000000000444e+00
1.000000000000000444e+00
1.000000000000000444e+00
1.000000000000000444e+00
1.000000000000000444e+00
1.000000000000000444e+00
1.000000000000000444e+00
1.000000000000000444e+00
1.000000000000000444e+00
1.000000000000000444e+00
1.000000000000000444e+00
1.000000000000000444e+00
1.000000000000000444e+00
1.000000000000000444e+00
1.000000000000000444e+00
1.000000000000000444e+00
1.000000000000000444e+00
1.000000000000000444e+00
1.000000000000000444e+00
1.000000000000000444e+00
1.000000000000000444e+00
1.000000000000000444e+00
1.000000000000000444e+00
1.000000000000000444e+00
1.000000000000000444e+00
1.000000000000000444e+00
1.000000000000000444e+00
1.000000000000000444e+00
1.000000000000000444e+00
1.000000000000000444e+00
1.000000000000000444e+00
1.000000000000000444e+00
1.000000000000000444e+00
1.000000000000000444e+00
1.000000000000000444e+00
1.000000000000000444e+00
1.000000000000000444e+00
1.000000000000000444e+00
1.000000000000000444e+00
1.000000000000000444e+00
1.000000000000000444e+00
1.000000000000000444e+00
1.000000000000000444e+00
1.000000000000000444e+00
1.000000000000000444e+00
1.000000000000000444e+00
1.000000000000000444e+00
1.000000000000000444e+00
1.000000000000000444e+00
1.000000000000000444e+00
1.000000000000000444e+00
1.000000000000000444e+00
1.000000000000000444e+00
1.000000000000000444e+00
1.000000000000000444e+00
1.000000000000000444e+00
1.000000000000000444e+00
1.000000000000000444e+00
1.000000000000000444e+00
1.000000000000000444e+00
1.000000000000000444e+00
1.000000000000000444e+00
1.000000000000000444e+00
1.000000000000000444e+00
1.000000000000000444e+00
1.000000000000000444e+00
1.000000000000000222e+00
1.000000000000000222e+00
1.000000000000000222e+00
1.000000000000000222e+00
1.000000000000000222e+00
1.000000000000000222e+00
1.000000000000000222e+00
1.000000000000000222e+00
1.000000000000000222e+00
1.000000000000000222e+00
1.000000000000000222e+00
1.000000000000000222e+00
1.000000000000000222e+00
1.000000000000000222e+00
1.000000000000000222e+00
1.000000000000000222e+00
1.000000000000000222e+00
1.000000000000000222e+00
1.000000000000000222e+00
1.000000000000000222e+00
1.000000000000000222e+00
1.000000000000000222e+00
1.000000000000000222e+00
1.000000000000000222e+00
1.000000000000000222e+00
1.000000000000000222e+00
1.000000000000000222e+00
1.000000000000000222e+00
1.000000000000000222e+00
1.000000000000000222e+00
1.000000000000000222e+00
1.000000000000000222e+00
1.000000000000000222e+00
1.000000000000000222e+00
1.000000000000000222e+00
1.000000000000000222e+00
1.000000000000000222e+00
1.000000000000000222e+00
1.000000000000000222e+00
1.000000000000000222e+00
1.000000000000000222e+00
1.000000000000000222e+00
1.000000000000000222e+00
1.000000000000000222e+00
1.000000000000000222e+00
1.000000000000000222e+00
1.000000000000000222e+00
1.000000000000000222e+00
1.000000000000000222e+00
1.000000000000000222e+00
1.000000000000000222e+00
1.000000000000000222e+00
1.000000000000000222e+00
1.000000000000000222e+00
1.000000000000000222e+00
1.000000000000000222e+00
1.000000000000000222e+00
1.000000000000000222e+00
1.000000000000000222e+00
1.000000000000000222e+00
1.000000000000000222e+00
1.000000000000000222e+00
1.000000000000000222e+00
1.000000000000000222e+00
1.000000000000000222e+00
1.000000000000000222e+00
1.000000000000000222e+00
1.000000000000000222e+00
1.000000000000000222e+00
1.000000000000000222e+00
1.000000000000000222e+00
1.000000000000000222e+00
1.000000000000000222e+00
1.000000000000000222e+00
1.000000000000000222e+00
1.000000000000000222e+00
1.000000000000000222e+00
1.000000000000000222e+00
1.000000000000000222e+00
1.000000000000000222e+00
1.000000000000000222e+00
1.000000000000000222e+00
1.000000000000000222e+00
1.000000000000000222e+00
1.000000000000000222e+00
1.000000000000000222e+00
1.000000000000000222e+00
1.000000000000000222e+00
1.000000000000000222e+00
1.000000000000000222e+00
1.000000000000000222e+00
1.000000000000000222e+00
1.000000000000000222e+00
1.000000000000000222e+00
1.000000000000000222e+00
1.000000000000000222e+00
1.000000000000000222e+00
1.000000000000000222e+00
1.000000000000000222e+00
1.000000000000000222e+00
1.000000000000000222e+00
1.000000000000000222e+00
1.000000000000000222e+00
1.000000000000000222e+00
1.000000000000000222e+00
1.000000000000000222e+00
1.000000000000000222e+00
1.000000000000000222e+00
1.000000000000000222e+00
1.000000000000000222e+00
1.000000000000000222e+00
1.000000000000000222e+00
1.000000000000000222e+00
1.000000000000000222e+00
1.000000000000000222e+00
1.000000000000000222e+00
1.000000000000000222e+00
1.000000000000000222e+00
1.000000000000000222e+00
1.000000000000000222e+00
1.000000000000000222e+00
1.000000000000000222e+00
1.000000000000000222e+00
1.000000000000000222e+00
1.000000000000000222e+00
1.000000000000000222e+00
1.000000000000000222e+00
1.000000000000000222e+00
1.000000000000000222e+00
1.000000000000000222e+00
1.000000000000000222e+00
1.000000000000000222e+00
1.000000000000000222e+00
1.000000000000000222e+00
1.000000000000000222e+00
1.000000000000000222e+00
1.000000000000000222e+00
1.000000000000000222e+00
1.000000000000000222e+00
1.000000000000000222e+00
1.000000000000000222e+00
1.000000000000000222e+00
1.000000000000000222e+00
1.000000000000000222e+00
1.000000000000000222e+00
1.000000000000000222e+00
1.000000000000000222e+00
1.000000000000000222e+00
1.000000000000000222e+00
1.000000000000000222e+00
1.000000000000000222e+00
1.000000000000000222e+00
1.000000000000000222e+00
1.000000000000000222e+00
1.000000000000000222e+00
1.000000000000000222e+00
1.000000000000000222e+00
1.000000000000000222e+00
1.000000000000000222e+00
1.000000000000000222e+00
1.000000000000000222e+00
1.000000000000000222e+00
1.000000000000000222e+00
1.000000000000000222e+00
1.000000000000000222e+00
1.000000000000000222e+00
1.000000000000000222e+00
1.000000000000000222e+00
1.000000000000000222e+00
1.000000000000000222e+00
1.000000000000000222e+00
1.000000000000000222e+00
1.000000000000000222e+00
1.000000000000000222e+00
1.000000000000000222e+00
1.000000000000000222e+00
1.000000000000000222e+00
1.000000000000000222e+00
1.000000000000000222e+00
1.000000000000000222e+00
1.000000000000000222e+00
1.000000000000000222e+00
1.000000000000000222e+00
1.000000000000000222e+00
1.000000000000000222e+00
1.000000000000000222e+00
1.000000000000000222e+00
1.000000000000000222e+00
1.000000000000000222e+00
1.000000000000000222e+00
1.000000000000000222e+00
1.000000000000000222e+00
1.000000000000000222e+00
1.000000000000000222e+00
1.000000000000000222e+00
1.000000000000000222e+00
1.000000000000000222e+00
1.000000000000000222e+00
1.000000000000000222e+00
1.000000000000000222e+00
1.000000000000000222e+00
1.000000000000000222e+00
1.000000000000000222e+00
1.000000000000000222e+00
1.000000000000000222e+00
1.000000000000000222e+00
1.000000000000000222e+00
1.000000000000000222e+00
1.000000000000000222e+00
1.000000000000000222e+00
1.000000000000000222e+00
1.000000000000000222e+00
1.000000000000000222e+00
1.000000000000000222e+00
1.000000000000000222e+00
1.000000000000000222e+00
1.000000000000000222e+00
1.000000000000000222e+00
1.000000000000000222e+00
1.000000000000000222e+00
1.000000000000000222e+00
1.000000000000000222e+00
1.000000000000000222e+00
1.000000000000000222e+00
1.000000000000000222e+00
1.000000000000000000e+00
1.000000000000000000e+00
1.000000000000000000e+00
1.000000000000000000e+00
1.000000000000000000e+00
1.000000000000000000e+00
1.000000000000000000e+00
1.000000000000000000e+00
1.000000000000000000e+00
1.000000000000000000e+00
1.000000000000000000e+00
1.000000000000000000e+00
1.000000000000000000e+00
1.000000000000000000e+00
1.000000000000000000e+00
1.000000000000000000e+00
1.000000000000000000e+00
1.000000000000000000e+00
1.000000000000000000e+00
1.000000000000000000e+00
1.000000000000000000e+00
1.000000000000000000e+00
1.000000000000000000e+00
1.000000000000000000e+00
1.000000000000000000e+00
1.000000000000000000e+00
1.000000000000000000e+00
1.000000000000000000e+00
1.000000000000000000e+00
1.000000000000000000e+00
1.000000000000000000e+00
1.000000000000000000e+00
1.000000000000000000e+00
1.000000000000000000e+00
1.000000000000000000e+00
1.000000000000000000e+00
1.000000000000000000e+00
1.000000000000000000e+00
1.000000000000000000e+00
1.000000000000000000e+00
1.000000000000000000e+00
1.000000000000000000e+00
1.000000000000000000e+00
1.000000000000000000e+00
1.000000000000000000e+00
1.000000000000000000e+00
1.000000000000000000e+00
1.000000000000000000e+00
1.000000000000000000e+00
1.000000000000000000e+00
1.000000000000000000e+00
1.000000000000000000e+00
1.000000000000000000e+00
1.000000000000000000e+00
1.000000000000000000e+00
1.000000000000000000e+00
1.000000000000000000e+00
1.000000000000000000e+00
1.000000000000000000e+00
1.000000000000000000e+00
1.000000000000000000e+00
1.000000000000000000e+00
1.000000000000000000e+00
1.000000000000000000e+00
1.000000000000000000e+00
1.000000000000000000e+00
1.000000000000000000e+00
1.000000000000000000e+00
1.000000000000000000e+00
1.000000000000000000e+00
1.000000000000000000e+00
1.000000000000000000e+00
1.000000000000000000e+00
1.000000000000000000e+00
1.000000000000000000e+00
1.000000000000000000e+00
1.000000000000000000e+00
1.000000000000000000e+00
1.000000000000000000e+00
1.000000000000000000e+00
1.000000000000000000e+00
1.000000000000000000e+00
1.000000000000000000e+00
1.000000000000000000e+00
1.000000000000000000e+00
1.000000000000000000e+00
1.000000000000000000e+00
1.000000000000000000e+00
1.000000000000000000e+00
1.000000000000000000e+00
1.000000000000000000e+00
1.000000000000000000e+00
1.000000000000000000e+00
1.000000000000000000e+00
1.000000000000000000e+00
1.000000000000000000e+00
1.000000000000000000e+00
1.000000000000000000e+00
1.000000000000000000e+00
1.000000000000000000e+00
1.000000000000000000e+00
1.000000000000000000e+00
1.000000000000000000e+00
1.000000000000000000e+00
1.000000000000000000e+00
1.000000000000000000e+00
1.000000000000000000e+00
1.000000000000000000e+00
1.000000000000000000e+00
1.000000000000000000e+00
1.000000000000000000e+00
1.000000000000000000e+00
1.000000000000000000e+00
1.000000000000000000e+00
1.000000000000000000e+00
1.000000000000000000e+00
1.000000000000000000e+00
1.000000000000000000e+00
1.000000000000000000e+00
1.000000000000000000e+00
1.000000000000000000e+00
1.000000000000000000e+00
1.000000000000000000e+00
1.000000000000000000e+00
1.000000000000000000e+00
1.000000000000000000e+00
1.000000000000000000e+00
1.000000000000000000e+00
1.000000000000000000e+00
1.000000000000000000e+00
1.000000000000000000e+00
1.000000000000000000e+00
1.000000000000000000e+00
1.000000000000000000e+00
1.000000000000000000e+00
1.000000000000000000e+00
1.000000000000000000e+00
1.000000000000000000e+00
1.000000000000000000e+00
1.000000000000000000e+00
1.000000000000000000e+00
1.000000000000000000e+00
1.000000000000000000e+00
1.000000000000000000e+00
1.000000000000000000e+00
1.000000000000000000e+00
1.000000000000000000e+00
1.000000000000000000e+00
1.000000000000000000e+00
1.000000000000000000e+00
1.000000000000000000e+00
1.000000000000000000e+00
1.000000000000000000e+00
1.000000000000000000e+00
1.000000000000000000e+00
1.000000000000000000e+00
1.000000000000000000e+00
1.000000000000000000e+00
1.000000000000000000e+00
1.000000000000000000e+00
1.000000000000000000e+00
1.000000000000000000e+00
1.000000000000000000e+00
1.000000000000000000e+00
1.000000000000000000e+00
1.000000000000000000e+00
1.000000000000000000e+00
1.000000000000000000e+00
1.000000000000000000e+00
1.000000000000000000e+00
1.000000000000000000e+00
1.000000000000000000e+00
1.000000000000000000e+00
1.000000000000000000e+00
1.000000000000000000e+00
1.000000000000000000e+00
1.000000000000000000e+00
1.000000000000000000e+00
1.000000000000000000e+00
1.000000000000000000e+00
1.000000000000000000e+00
1.000000000000000000e+00
1.000000000000000000e+00
1.000000000000000000e+00
1.000000000000000000e+00
1.000000000000000000e+00
1.000000000000000000e+00
1.000000000000000000e+00
1.000000000000000000e+00
1.000000000000000000e+00
1.000000000000000000e+00
1.000000000000000000e+00
1.000000000000000000e+00
1.000000000000000000e+00
1.000000000000000000e+00
1.000000000000000000e+00
1.000000000000000000e+00
1.000000000000000000e+00
1.000000000000000000e+00
1.000000000000000000e+00
1.000000000000000000e+00
1.000000000000000000e+00
1.000000000000000000e+00
1.000000000000000000e+00
1.000000000000000000e+00
1.000000000000000000e+00
1.000000000000000000e+00
1.000000000000000000e+00
1.000000000000000000e+00
1.000000000000000000e+00
1.000000000000000000e+00
1.000000000000000000e+00
1.000000000000000000e+00
1.000000000000000000e+00
1.000000000000000000e+00
1.000000000000000000e+00
1.000000000000000000e+00
1.000000000000000000e+00
1.000000000000000000e+00
1.000000000000000000e+00
1.000000000000000000e+00
1.000000000000000000e+00
1.000000000000000000e+00
1.000000000000000000e+00
1.000000000000000000e+00
1.000000000000000000e+00
1.000000000000000000e+00
1.000000000000000000e+00
1.000000000000000000e+00
1.000000000000000000e+00
1.000000000000000000e+00
1.000000000000000000e+00
1.000000000000000000e+00
1.000000000000000000e+00
1.000000000000000000e+00
1.000000000000000000e+00
1.000000000000000000e+00
9.999999999999998890e-01
9.999999999999998890e-01
9.999999999999998890e-01
9.999999999999998890e-01
9.999999999999998890e-01
9.999999999999998890e-01
9.999999999999998890e-01
9.999999999999998890e-01
9.999999999999998890e-01
9.999999999999998890e-01
9.999999999999998890e-01
9.999999999999998890e-01
9.999999999999998890e-01
9.999999999999998890e-01
9.999999999999998890e-01
9.999999999999998890e-01
9.999999999999998890e-01
9.999999999999998890e-01
9.999999999999998890e-01
9.999999999999998890e-01
9.999999999999998890e-01
9.999999999999998890e-01
9.999999999999998890e-01
9.999999999999998890e-01
9.999999999999998890e-01
9.999999999999998890e-01
9.999999999999998890e-01
9.999999999999998890e-01
9.999999999999998890e-01
9.999999999999998890e-01
9.999999999999998890e-01
9.999999999999998890e-01
9.999999999999998890e-01
9.999999999999998890e-01
9.999999999999998890e-01
9.999999999999998890e-01
9.999999999999998890e-01
9.999999999999998890e-01
9.999999999999998890e-01
9.999999999999998890e-01
9.999999999999998890e-01
9.999999999999998890e-01
9.999999999999998890e-01
9.999999999999998890e-01
9.999999999999998890e-01
9.999999999999998890e-01
9.999999999999998890e-01
9.999999999999998890e-01
9.999999999999998890e-01
9.999999999999998890e-01
9.999999999999998890e-01
9.999999999999998890e-01
9.999999999999998890e-01
9.999999999999998890e-01
9.999999999999998890e-01
9.999999999999998890e-01
9.999999999999998890e-01
9.999999999999998890e-01
9.999999999999998890e-01
9.999999999999998890e-01
9.999999999999998890e-01
9.999999999999998890e-01
9.999999999999998890e-01
9.999999999999998890e-01
9.999999999999998890e-01
9.999999999999998890e-01
9.999999999999998890e-01
9.999999999999998890e-01
9.999999999999998890e-01
9.999999999999998890e-01
9.999999999999998890e-01
9.999999999999998890e-01
9.999999999999998890e-01
9.999999999999998890e-01
9.999999999999998890e-01
9.999999999999998890e-01
9.999999999999998890e-01
9.999999999999998890e-01
9.999999999999998890e-01
9.999999999999998890e-01
9.999999999999998890e-01
9.999999999999998890e-01
9.999999999999998890e-01
9.999999999999998890e-01
9.999999999999998890e-01
9.999999999999998890e-01
9.999999999999998890e-01
9.999999999999998890e-01
9.999999999999998890e-01
9.999999999999998890e-01
9.999999999999998890e-01
9.999999999999998890e-01
9.999999999999998890e-01
9.999999999999998890e-01
9.999999999999998890e-01
9.999999999999998890e-01
9.999999999999998890e-01
9.999999999999998890e-01
9.999999999999998890e-01
9.999999999999998890e-01
9.999999999999998890e-01
9.999999999999998890e-01
9.999999999999998890e-01
9.999999999999998890e-01
9.999999999999998890e-01
9.999999999999998890e-01
9.999999999999998890e-01
9.999999999999998890e-01
9.999999999999998890e-01
9.999999999999998890e-01
9.999999999999998890e-01
9.999999999999998890e-01
9.999999999999998890e-01
9.999999999999998890e-01
9.999999999999998890e-01
9.999999999999998890e-01
9.999999999999998890e-01
9.999999999999998890e-01
9.999999999999998890e-01
9.999999999999998890e-01
9.999999999999998890e-01
9.999999999999998890e-01
9.999999999999998890e-01
9.999999999999998890e-01
9.999999999999998890e-01
9.999999999999998890e-01
9.999999999999998890e-01
9.999999999999998890e-01
9.999999999999998890e-01
9.999999999999998890e-01
9.999999999999998890e-01
9.999999999999998890e-01
9.999999999999998890e-01
9.999999999999998890e-01
9.999999999999998890e-01
9.999999999999998890e-01
9.999999999999998890e-01
9.999999999999998890e-01
9.999999999999998890e-01
9.999999999999998890e-01
9.999999999999998890e-01
9.999999999999998890e-01
9.999999999999998890e-01
9.999999999999997780e-01
9.999999999999997780e-01
9.999999999999997780e-01
9.999999999999997780e-01
9.999999999999997780e-01
9.999999999999997780e-01
9.999999999999997780e-01
9.999999999999997780e-01
9.999999999999997780e-01
9.999999999999997780e-01
9.999999999999997780e-01
9.999999999999997780e-01
9.999999999999997780e-01
9.999999999999997780e-01
9.999999999999997780e-01
9.999999999999997780e-01
9.999999999999997780e-01
9.999999999999997780e-01
9.999999999999997780e-01
9.999999999999997780e-01
9.999999999999997780e-01
9.999999999999997780e-01
9.999999999999997780e-01
9.999999999999997780e-01
9.999999999999997780e-01
9.999999999999997780e-01
9.999999999999997780e-01
9.999999999999997780e-01
9.999999999999997780e-01
9.999999999999997780e-01
9.999999999999997780e-01
9.999999999999997780e-01
9.999999999999997780e-01
9.999999999999997780e-01
9.999999999999997780e-01
9.999999999999997780e-01
9.999999999999997780e-01
9.999999999999997780e-01
9.999999999999997780e-01
9.999999999999997780e-01
9.999999999999997780e-01
9.999999999999997780e-01
9.999999999999997780e-01
9.999999999999997780e-01
9.999999999999997780e-01
9.999999999999997780e-01
9.999999999999997780e-01
9.999999999999997780e-01
9.999999999999997780e-01
9.999999999999997780e-01
9.999999999999997780e-01
9.999999999999997780e-01
9.999999999999997780e-01
9.999999999999997780e-01
9.999999999999997780e-01
9.999999999999997780e-01
9.999999999999997780e-01
9.999999999999997780e-01
9.999999999999997780e-01
9.999999999999997780e-01
9.999999999999997780e-01
9.999999999999997780e-01
9.999999999999997780e-01
9.999999999999997780e-01
9.999999999999997780e-01
9.999999999999997780e-01
9.999999999999997780e-01
9.999999999999997780e-01
9.999999999999997780e-01
9.999999999999997780e-01
9.999999999999997780e-01
9.999999999999997780e-01
9.999999999999997780e-01
9.999999999999997780e-01
9.999999999999997780e-01
9.999999999999997780e-01
9.999999999999997780e-01
9.999999999999997780e-01
9.999999999999997780e-01
9.999999999999997780e-01
9.999999999999997780e-01
9.999999999999997780e-01
9.999999999999997780e-01
9.999999999999997780e-01
9.999999999999997780e-01
9.999999999999997780e-01
9.999999999999997780e-01
9.999999999999997780e-01
9.999999999999997780e-01
9.999999999999997780e-01
9.999999999999997780e-01
9.999999999999997780e-01
9.999999999999997780e-01
9.999999999999997780e-01
9.999999999999997780e-01
9.999999999999997780e-01
9.999999999999996669e-01
9.999999999999996669e-01
9.999999999999996669e-01
9.999999999999996669e-01
9.999999999999996669e-01
9.999999999999996669e-01
9.999999999999996669e-01
9.999999999999996669e-01
9.999999999999996669e-01
9.999999999999996669e-01
9.999999999999996669e-01
9.999999999999996669e-01
9.999999999999996669e-01
9.999999999999996669e-01
9.999999999999996669e-01
9.999999999999996669e-01
9.999999999999996669e-01
9.999999999999996669e-01
9.999999999999996669e-01
9.999999999999996669e-01
9.999999999999996669e-01
9.999999999999996669e-01
9.999999999999996669e-01
9.999999999999996669e-01
9.999999999999996669e-01
9.999999999999996669e-01
9.999999999999996669e-01
9.999999999999996669e-01
9.999999999999996669e-01
9.999999999999996669e-01
9.999999999999996669e-01
9.999999999999996669e-01
9.999999999999996669e-01
9.999999999999996669e-01
9.999999999999996669e-01
9.999999999999996669e-01
9.999999999999996669e-01
9.999999999999996669e-01
9.999999999999996669e-01
9.999999999999996669e-01
9.999999999999996669e-01
9.999999999999996669e-01
9.999999999999996669e-01
9.999999999999996669e-01
9.999999999999996669e-01
9.999999999999996669e-01
9.999999999999996669e-01
9.999999999999996669e-01
9.999999999999996669e-01
9.999999999999996669e-01
9.999999999999996669e-01
9.999999999999996669e-01
9.999999999999996669e-01
9.999999999999996669e-01
9.999999999999996669e-01
9.999999999999996669e-01
9.999999999999996669e-01
9.999999999999996669e-01
9.999999999999996669e-01
9.999999999999996669e-01
9.999999999999996669e-01
9.999999999999996669e-01
9.999999999999995559e-01
9.999999999999995559e-01
9.999999999999995559e-01
9.999999999999995559e-01
9.999999999999995559e-01
9.999999999999995559e-01
9.999999999999995559e-01
9.999999999999995559e-01
9.999999999999995559e-01
9.999999999999995559e-01
9.999999999999995559e-01
9.999999999999995559e-01
9.999999999999995559e-01
9.999999999999995559e-01
9.999999999999995559e-01
9.999999999999995559e-01
9.999999999999995559e-01
9.999999999999995559e-01
9.999999999999995559e-01
9.999999999999994449e-01
9.999999999999994449e-01
9.999999999999992228e-01
9.999999999999992228e-01
9.999999999999992228e-01
9.999999999999992228e-01
9.999999999999992228e-01
9.999999999999992228e-01
9.999999999999992228e-01
9.999999999999991118e-01
9.999999999999991118e-01
9.999999999999991118e-01
9.999999999999991118e-01
9.999999999999991118e-01
9.999999999999991118e-01
9.999999999999991118e-01
9.999999999999991118e-01
9.999999999999991118e-01
9.999999999999990008e-01
9.999999999999990008e-01
9.999999999999990008e-01
9.999999999999990008e-01
9.999999999999990008e-01
9.999999999999988898e-01
9.999999999999985567e-01
9.999999999999984457e-01
9.999999999999978906e-01
9.999999999999972244e-01
9.999999999999970024e-01
9.730306956602938762e-01
9.461331234790525402e-01
8.737739791663191591e-01
8.604678530699619854e-01
8.017638025748554664e-01
7.651070977700333842e-01
7.316887906208749959e-01
7.201040306951087544e-01
6.957470662113550697e-01
6.531322304038229554e-01
6.494084175524345026e-01
6.125405625038848889e-01
5.450959087764769562e-01
5.379158763176440372e-01
4.662994106564540275e-01
4.444940670384479597e-01
2.018443907049891073e-01
1.885991056018454515e-01
