# Singular values
1.516917831688091134e+01
1.300000000000000711e+01
1.230666602781313124e+01
1.176017293087808113e+01
1.037984869471553395e+01
9.667032353901559460e+00
9.617128807103547672e+00
9.000000000000000000e+00
8.988385457877727802e+00
8.622006906087896994e+00
8.476151742098650743e+00
8.191909184781192010e+00
8.117226490609896317e+00
8.108792715855910771e+00
8.021500263317365764e+00
8.005149657389495133e+00
8.000000000000000000e+00
7.999999999999999112e+00
7.892972206270531643e+00
7.681479814882306023e+00
7.668310506715997121e+00
7.638871631672933482e+00
7.623092067211524103e+00
7.580374361631319502e+00
7.451920404934111453e+00
7.399402729308564020e+00
7.366287547491365828e+00
7.328856400375135749e+00
7.309379719860127800e+00
7.195622892112605307e+00
7.175690925990892310e+00
7.134962920463130409e+00
7.072893814852035277e+00
7.062800248068893616e+00
7.000000000000004441e+00
6.999999999999999112e+00
6.999999999999997335e+00
6.999999999999997335e+00
6.964390225287183434e+00
6.897078993300427285e+00
6.820858285715521774e+00
6.659276996009307226e+00
6.522455302299488444e+00
6.479318560886356160e+00
6.415909295958710956e+00
6.344887535449374560e+00
6.265922580551043453e+00
6.252031244285798373e+00
6.220107123858438669e+00
6.105182540623592224e+00
6.059320142656922314e+00
6.000000000000002665e+00
6.000000000000000888e+00
6.000000000000000888e+00
6.000000000000000888e+00
6.000000000000000000e+00
6.000000000000000000e+00
5.999999999999999112e+00
5.999999999999999112e+00
5.985701368795483646e+00
5.926937207761222126e+00
5.837646696134304314e+00
5.694817810687570869e+00
5.654910816464377099e+00
5.646530006979805449e+00
5.627585421036839008e+00
5.571905452821646954e+00
5.532271175890950410e+00
5.505005291056068728e+00
5.407887629957787823e+00
5.392875034059247064e+00
5.362578565668248309e+00
5.353823614142161347e+00
5.332749613808490885e+00
5.303972759298267725e+00
5.254522002333092523e+00
5.208676937926781214e+00
5.174857140393024579e+00
5.121707217074957796e+00
5.096235960002689858e+00
5.067804817339016665e+00
5.029812830375263388e+00
5.000000000000000888e+00
5.000000000000000888e+00
5.000000000000000000e+00
4.999999999999999112e+00
4.999999999999999112e+00
4.999999999999999112e+00
4.999999999999999112e+00
4.999999999999999112e+00
4.999999999999998224e+00
4.999999999999998224e+00
4.999999999999997335e+00
4.999999999999997335e+00
4.999999999999995559e+00
4.999999999999993783e+00
4.971061329337437051e+00
4.938482738272321981e+00
4.919779580688670606e+00
4.859403596692590810e+00
4.848096498190471948e+00
4.702349400465235085e+00
4.701562118716424266e+00
4.701562118716424266e+00
4.701562118716424266e+00
4.655472038728905027e+00
4.622129434794398861e+00
4.603125892776736450e+00
4.514024763013702035e+00
4.469313642710559087e+00
4.449484959532213679e+00
4.440394990077488835e+00
4.422368136995432408e+00
4.347993995739161122e+00
4.320884499447486427e+00
4.308534764477484735e+00
4.258815938624870512e+00
4.219797037832420550e+00
4.201472338219237379e+00
4.181549669942169700e+00
4.167274729479183648e+00
4.141336115655363415e+00
4.121733004124239486e+00
4.118410540192744662e+00
4.098053268188210474e+00
4.036906129750995831e+00
4.000872079013428007e+00
4.000000000000000888e+00
4.000000000000000888e+00
4.000000000000000888e+00
4.000000000000000888e+00
4.000000000000000888e+00
4.000000000000000000e+00
4.000000000000000000e+00
4.000000000000000000e+00
4.000000000000000000e+00
4.000000000000000000e+00
4.000000000000000000e+00
4.000000000000000000e+00
4.000000000000000000e+00
4.000000000000000000e+00
4.000000000000000000e+00
4.000000000000000000e+00
4.000000000000000000e+00
3.999999999999998668e+00
3.999999999999998668e+00
3.999999999999998668e+00
3.999999999999998668e+00
3.999999999999998668e+00
3.999999999999998668e+00
3.999999999999998668e+00
3.999999999999998668e+00
3.999999999999998668e+00
3.999999999999998668e+00
3.999999999999998224e+00
3.999999999999998224e+00
3.999999999999998224e+00
3.999999999999996447e+00
3.999999999999995115e+00
3.999999999999995115e+00
3.999999999999995115e+00
3.935089136249796837e+00
3.897100152947225116e+00
3.865283635531136852e+00
3.828427124746190291e+00
3.758512518671601743e+00
3.758409836827277584e+00
3.755047069452152275e+00
3.734186123847348160e+00
3.695396457026776993e+00
3.670724435596076418e+00
3.645751311064590716e+00
3.630315171858284895e+00
3.620717450850522212e+00
3.611428996427310079e+00
3.607820828807414504e+00
3.589712611462932745e+00
3.583595400571112588e+00
3.548463514648110273e+00
3.520963265344353221e+00
3.442531631040711471e+00
3.423500450856123756e+00
3.391183180963636801e+00
3.375045473405567709e+00
3.358609991766244640e+00
3.357328528321072092e+00
3.323404276086476372e+00
3.311795888314279068e+00
3.266230055244686792e+00
3.261802245259971311e+00
3.261802245259971311e+00
3.238371818458386731e+00
3.228596887315430486e+00
3.198863115909321042e+00
3.162912965886551575e+00
3.140086131582171980e+00
3.135824323276497072e+00
3.114898419786788164e+00
3.094481988669128381e+00
3.045625570368855506e+00
3.017340741906700430e+00
3.000000000000001332e+00
3.000000000000000444e+00
3.000000000000000444e+00
3.000000000000000444e+00
3.000000000000000444e+00
3.000000000000000444e+00
3.000000000000000000e+00
3.000000000000000000e+00
3.000000000000000000e+00
3.000000000000000000e+00
2.999999999999999556e+00
2.999999999999999556e+00
2.999999999999999556e+00
2.999999999999999556e+00
2.999999999999999556e+00
2.999999999999999556e+00
2.999999999999999556e+00
2.999999999999999556e+00
2.999999999999999556e+00
2.999999999999997780e+00
2.999999999999997780e+00
2.999999999999997780e+00
2.999999999999996891e+00
2.978266642493450966e+00
2.975928042635954895e+00
2.946476769836723353e+00
2.933821337968988363e+00
2.932541597524870092e+00
2.926849045821319439e+00
2.894504166682270174e+00
2.855857604960033935e+00
2.837283698592250936e+00
2.836944015078425974e+00
2.799916441719930038e+00
2.788210156481251811e+00
2.774203946658507558e+00
2.723784371272486737e+00
2.701851655563269450e+00
2.683414384321032298e+00
2.677188828265058884e+00
2.656210993247457797e+00
2.653511407639197017e+00
2.652107888035620586e+00
2.651324394817915930e+00
2.646386192967057571e+00
2.640598974294581680e+00
2.624043379093165207e+00
2.612673293854216539e+00
2.588436546088952017e+00
2.587872590802434924e+00
2.573338859670089906e+00
2.561552812808830293e+00
2.559493467987238979e+00
2.535513213794470033e+00
2.527641077293533378e+00
2.513262852236264777e+00
2.503058459721953177e+00
2.492562496610060130e+00
2.482401689925113786e+00
2.479523825260808056e+00
2.460723877909122503e+00
2.431902105891814880e+00
2.423063795806605913e+00
2.419885424897201265e+00
2.411348155335289789e+00
2.404409326192552765e+00
2.403833004767478521e+00
2.354396287847653646e+00
2.351939201553462588e+00
2.320110605446783492e+00
2.310877755343190287e+00
2.307353217241224552e+00
2.298249502569229108e+00
2.292825283362986077e+00
2.287757841696831385e+00
2.270195887071543073e+00
2.266844629120978283e+00
2.226061203117364329e+00
2.221371364155332984e+00
2.212251397724765312e+00
2.201779615848399096e+00
2.190594162326708894e+00
2.162696799370580791e+00
2.154197876249889898e+00
2.153936437533278347e+00
2.152929006270256629e+00
2.148363230610048191e+00
2.143372440138926915e+00
2.138651125522827989e+00
2.133465150896788121e+00
2.122814291899985939e+00
2.120472844201063634e+00
2.103021761382773303e+00
2.096625917954295204e+00
2.059320142656923647e+00
2.058317284913962375e+00
2.033929543835775622e+00
2.030641163926378390e+00
2.010155869359849135e+00
2.000000000000002665e+00
2.000000000000001776e+00
2.000000000000001332e+00
2.000000000000001332e+00
2.000000000000000888e+00
2.000000000000000444e+00
2.000000000000000444e+00
2.000000000000000444e+00
2.000000000000000444e+00
2.000000000000000444e+00
2.000000000000000444e+00
2.000000000000000444e+00
2.000000000000000444e+00
2.000000000000000444e+00
2.000000000000000444e+00
2.000000000000000000e+00
2.000000000000000000e+00
2.000000000000000000e+00
2.000000000000000000e+00
2.000000000000000000e+00
2.000000000000000000e+00
2.000000000000000000e+00
2.000000000000000000e+00
1.999999999999999778e+00
1.999999999999999778e+00
1.999999999999999778e+00
1.999999999999999778e+00
1.999999999999999778e+00
1.999999999999999334e+00
1.999999999999999334e+00
1.999999999999999334e+00
1.999999999999999112e+00
1.999999999999999112e+00
1.999999999999999112e+00
1.999999999999998002e+00
1.999237864291614430e+00
1.992129364861110696e+00
1.991904927270002235e+00
1.990506248231605824e+00
1.979353503039782636e+00
1.974975951739757152e+00
1.972877481076632522e+00
1.970807152703063281e+00
1.965436810885158314e+00
1.955927932792359547e+00
1.949054817354582081e+00
1.948091331232588708e+00
1.939798232575524750e+00
1.934649032372265820e+00
1.929071818010008599e+00
1.926720321555310811e+00
1.923813639226113370e+00
1.909832050614252985e+00
1.903651628754190472e+00
1.900883641217131270e+00
1.889193846751309191e+00
1.885525975891970463e+00
1.881098644780991425e+00
1.877285767621181156e+00
1.875165248078841440e+00
1.872765211310433386e+00
1.867975014950321810e+00
1.864140048085848544e+00
1.860893325356416605e+00
1.856862101839471535e+00
1.852636433743128253e+00
1.848406122167957299e+00
1.836479125048043226e+00
1.835232605971788278e+00
1.828427124746189625e+00
1.826633742342973488e+00
1.824860852953476886e+00
1.821088326202327856e+00
1.812827043975591801e+00
1.812313602066538243e+00
1.811493755140301642e+00
1.806888792088758189e+00
1.805408060284639848e+00
1.800996160156899784e+00
1.795772774897194335e+00
1.791517375127108291e+00
1.788075822186226738e+00
1.786484890138004378e+00
1.777127104525584977e+00
1.773203474640504540e+00
1.763102740450926520e+00
1.761765795228655396e+00
1.758818716182991793e+00
1.758294638363322004e+00
1.753360117009131525e+00
1.750787244760412253e+00
1.746568246995716445e+00
1.746391916890440932e+00
1.735949608181448722e+00
1.734205956191788633e+00
1.721947348966005320e+00
1.721188557434491839e+00
1.716843294188507452e+00
1.706346220660778013e+00
1.701562118716425154e+00
1.701562118716424488e+00
1.701562118716424266e+00
1.696775532334928061e+00
1.696237666936925237e+00
1.693068520098361063e+00
1.692915045137018959e+00
1.688709544157129372e+00
1.688310978792832096e+00
1.681330643604977970e+00
1.672823701000949015e+00
1.671551714614744721e+00
1.670399645955899182e+00
1.666325765407017601e+00
1.660152988002704832e+00
1.658886426482490739e+00
1.656780422786103379e+00
1.654910816464375101e+00
1.645751311064593381e+00
1.645207229686473482e+00
1.634284787408789574e+00
1.627568514160504964e+00
1.626198068527292762e+00
1.625902916877114635e+00
1.623363377833369592e+00
1.618033988749897345e+00
1.613751975181511922e+00
1.611288860297409586e+00
1.609738941590221684e+00
1.603904534589329467e+00
1.601679131883153806e+00
1.601679131883153806e+00
1.598847878113109688e+00
1.595590673807453230e+00
1.583465904496536458e+00
1.583307884945206023e+00
1.572986422121530392e+00
1.571546141524471807e+00
1.571003336199614742e+00
1.566418635212923016e+00
1.565138873612351933e+00
1.563288205160846989e+00
1.561552812808829627e+00
1.555653550744480196e+00
1.552054249425988797e+00
1.548562194847070694e+00
1.542282885815915883e+00
1.541369130550152899e+00
1.530545969792093119e+00
1.530100453285015316e+00
1.521588380098845672e+00
1.516768254424064377e+00
1.503995725663710425e+00
1.486717835647003216e+00
1.485692588545652892e+00
1.484861952871930457e+00
1.483907960759124789e+00
1.475752632341649662e+00
1.474842704289404782e+00
1.460696336808201989e+00
1.449101636439610541e+00
1.445930080745406743e+00
1.437102150332957962e+00
1.431993745173157917e+00
1.428402374057392565e+00
1.423746982179331821e+00
1.417891611614200187e+00
1.414213562373095145e+00
1.414213562373094479e+00
1.410512428699572940e+00
1.408857474975745205e+00
1.401509172624773258e+00
1.395176092796720946e+00
1.373932095301549694e+00
1.367472350112507007e+00
1.362698088698486076e+00
1.359722230064529969e+00
1.356574532049759085e+00
1.352086804905464401e+00
1.350227405941351710e+00
1.349964378740577731e+00
1.346876175420216981e+00
1.339876886623182939e+00
1.339876886623182495e+00
1.338347131028877035e+00
1.308414479721624613e+00
1.280213392574678144e+00
1.256708414725212775e+00
1.253883591054717250e+00
1.250246719254786143e+00
1.248229053357797769e+00
1.234779131749371484e+00
1.229089989168467900e+00
1.224531623190716623e+00
1.214881465804276806e+00
1.200437567524338611e+00
1.193171612484614119e+00
1.189104809381507755e+00
1.174563642068296110e+00
1.142236234174598852e+00
1.135751875815204093e+00
1.089047983783504758e+00
1.000000000000009548e+00
1.000000000000006883e+00
1.000000000000006439e+00
1.000000000000005773e+00
1.000000000000003553e+00
1.000000000000002887e+00
1.000000000000002665e+00
1.000000000000002665e+00
1.000000000000002665e+00
1.000000000000002442e+00
1.000000000000002220e+00
1.000000000000002220e+00
1.000000000000001776e+00
1.000000000000001776e+00
1.000000000000001776e+00
1.000000000000001776e+00
1.000000000000001554e+00
1.000000000000001554e+00
1.000000000000001332e+00
1.000000000000001332e+00
1.000000000000001332e+00
1.000000000000001332e+00
1.000000000000001332e+00
1.000000000000001332e+00
1.000000000000001332e+00
1.000000000000001332e+00
1.000000000000001332e+00
1.000000000000001332e+00
1.000000000000001332e+00
1.000000000000001332e+00
1.000000000000001110e+00
1.000000000000001110e+00
1.000000000000001110e+00
1.000000000000001110e+00
1.000000000000001110e+00
1.000000000000001110e+00
1.000000000000001110e+00
1.000000000000001110e+00
1.000000000000001110e+00
1.000000000000001110e+00
1.000000000000001110e+00
1.000000000000001110e+00
1.000000000000001110e+00
1.000000000000000888e+00
1.000000000000000888e+00
1.000000000000000888e+00
1.000000000000000888e+00
1.000000000000000888e+00
1.000000000000000888e+00
1.000000000000000888e+00
1.000000000000000888e+00
1.000000000000000888e+00
1.000000000000000888e+00
1.000000000000000888e+00
1.000000000000000888e+00
1.000000000000000888e+00
1.000000000000000666e+00
1.000000000000000666e+00
1.000000000000000666e+00
1.000000000000000666e+00
1.000000000000000666e+00
1.000000000000000666e+00
1.000000000000000666e+00
1.000000000000000666e+00
1.000000000000000666e+00
1.000000000000000666e+00
1.000000000000000666e+00
1.000000000000000666e+00
1.000000000000000666e+00
1.000000000000000666e+00
1.000000000000000666e+00
1.000000000000000666e+00
1.000000000000000666e+00
1.000000000000000666e+00
1.000000000000000444e+00
1.000000000000000444e+00
1.000000000000000444e+00
1.000000000000000444e+00
1.000000000000000444e+00
1.000000000000000444e+00
1.000000000000000444e+00
1.000000000000000444e+00
1.000000000000000444e+00
1.000000000000000444e+00
1.000000000000000444e+00
1.000000000000000444e+00
1.000000000000000444e+00
1.000000000000000444e+00
1.000000000000000444e+00
1.000000000000000444e+00
1.000000000000000444e+00
1.000000000000000444e+00
1.000000000000000444e+00
1.000000000000000444e+00
1.000000000000000444e+00
1.000000000000000444e+00
1.000000000000000444e+00
1.000000000000000444e+00
1.000000000000000444e+00
1.000000000000000444e+00
1.000000000000000444e+00
1.000000000000000444e+00
1.000000000000000444e+00
1.000000000000000444e+00
1.000000000000000444e+00
1.000000000000000444e+00
1.000000000000000444e+00
1.000000000000000444e+00
1.000000000000000444e+00
1.000000000000000444e+00
1.000000000000000444e+00
1.000000000000000444e+00
1.000000000000000444e+00
1.000000000000000444e+00
1.000000000000000444e+00
1.000000000000000444e+00
1.000000000000000444e+00
1.000000000000000444e+00
1.000000000000000444e+00
1.000000000000000444e+00
1.000000000000000222e+00
1.000000000000000222e+00
1.000000000000000222e+00
1.000000000000000222e+00
1.000000000000000222e+00
1.000000000000000222e+00
1.000000000000000222e+00
1.000000000000000222e+00
1.000000000000000222e+00
1.000000000000000222e+00
1.000000000000000222e+00
1.000000000000000222e+00
1.000000000000000222e+00
1.000000000000000222e+00
1.000000000000000222e+00
1.000000000000000222e+00
1.000000000000000222e+00
1.000000000000000222e+00
1.000000000000000222e+00
1.000000000000000222e+00
1.000000000000000222e+00
1.000000000000000222e+00
1.000000000000000222e+00
1.000000000000000222e+00
1.000000000000000222e+00
1.000000000000000222e+00
1.000000000000000222e+00
1.000000000000000222e+00
1.000000000000000222e+00
1.000000000000000222e+00
1.000000000000000222e+00
1.000000000000000222e+00
1.000000000000000222e+00
1.000000000000000222e+00
1.000000000000000222e+00
1.000000000000000222e+00
1.000000000000000222e+00
1.000000000000000222e+00
1.000000000000000222e+00
1.000000000000000222e+00
1.000000000000000222e+00
1.000000000000000222e+00
1.000000000000000222e+00
1.000000000000000222e+00
1.000000000000000222e+00
1.000000000000000222e+00
1.000000000000000222e+00
1.000000000000000222e+00
1.000000000000000222e+00
1.000000000000000222e+00
1.000000000000000222e+00
1.000000000000000222e+00
1.000000000000000222e+00
1.000000000000000222e+00
1.000000000000000222e+00
1.000000000000000222e+00
1.000000000000000222e+00
1.000000000000000222e+00
1.000000000000000222e+00
1.000000000000000222e+00
1.000000000000000222e+00
1.000000000000000222e+00
1.000000000000000222e+00
1.000000000000000222e+00
1.000000000000000222e+00
1.000000000000000222e+00
1.000000000000000222e+00
1.000000000000000222e+00
1.000000000000000222e+00
1.000000000000000222e+00
1.000000000000000222e+00
1.000000000000000222e+00
1.000000000000000222e+00
1.000000000000000222e+00
1.000000000000000222e+00
1.000000000000000222e+00
1.000000000000000222e+00
1.000000000000000222e+00
1.000000000000000222e+00
1.000000000000000222e+00
1.000000000000000222e+00
1.000000000000000222e+00
1.000000000000000222e+00
1.000000000000000222e+00
1.000000000000000222e+00
1.000000000000000222e+00
1.000000000000000222e+00
1.000000000000000222e+00
1.000000000000000222e+00
1.000000000000000222e+00
1.000000000000000222e+00
1.000000000000000222e+00
1.000000000000000222e+00
1.000000000000000222e+00
1.000000000000000222e+00
1.000000000000000222e+00
1.000000000000000222e+00
1.000000000000000222e+00
1.000000000000000222e+00
1.000000000000000222e+00
1.000000000000000222e+00
1.000000000000000222e+00
1.000000000000000222e+00
1.000000000000000222e+00
1.000000000000000222e+00
1.000000000000000222e+00
1.000000000000000222e+00
1.000000000000000222e+00
1.000000000000000222e+00
1.000000000000000222e+00
1.000000000000000222e+00
1.000000000000000222e+00
1.000000000000000222e+00
1.000000000000000222e+00
1.000000000000000222e+00
1.000000000000000222e+00
1.000000000000000222e+00
1.000000000000000222e+00
1.000000000000000222e+00
1.000000000000000222e+00
1.000000000000000222e+00
1.000000000000000222e+00
1.000000000000000222e+00
1.000000000000000222e+00
1.000000000000000222e+00
1.000000000000000222e+00
1.000000000000000222e+00
1.000000000000000222e+00
1.000000000000000222e+00
1.000000000000000222e+00
1.000000000000000222e+00
1.000000000000000222e+00
1.000000000000000222e+00
1.000000000000000222e+00
1.000000000000000222e+00
1.000000000000000222e+00
1.000000000000000222e+00
1.000000000000000222e+00
1.000000000000000222e+00
1.000000000000000222e+00
1.000000000000000222e+00
1.000000000000000222e+00
1.000000000000000222e+00
1.000000000000000222e+00
1.000000000000000222e+00
1.000000000000000222e+00
1.000000000000000222e+00
1.000000000000000222e+00
1.000000000000000222e+00
1.000000000000000222e+00
1.000000000000000222e+00
1.000000000000000222e+00
1.000000000000000222e+00
1.000000000000000222e+00
1.000000000000000222e+00
1.000000000000000222e+00
1.000000000000000222e+00
1.000000000000000222e+00
1.000000000000000222e+00
1.000000000000000222e+00
1.000000000000000222e+00
1.000000000000000222e+00
1.000000000000000222e+00
1.000000000000000222e+00
1.000000000000000222e+00
1.000000000000000222e+00
1.000000000000000222e+00
1.000000000000000222e+00
1.000000000000000222e+00
1.000000000000000222e+00
1.000000000000000222e+00
1.000000000000000222e+00
1.000000000000000222e+00
1.000000000000000222e+00
1.000000000000000222e+00
1.000000000000000222e+00
1.000000000000000222e+00
1.000000000000000222e+00
1.000000000000000222e+00
1.000000000000000222e+00
1.000000000000000222e+00
1.000000000000000222e+00
1.000000000000000222e+00
1.000000000000000222e+00
1.000000000000000222e+00
1.000000000000000222e+00
1.000000000000000222e+00
1.000000000000000222e+00
1.000000000000000222e+00
1.000000000000000222e+00
1.000000000000000222e+00
1.000000000000000222e+00
1.000000000000000222e+00
1.000000000000000222e+00
1.000000000000000222e+00
1.000000000000000222e+00
1.000000000000000222e+00
1.000000000000000222e+00
1.000000000000000222e+00
1.000000000000000222e+00
1.000000000000000222e+00
1.000000000000000222e+00
1.000000000000000222e+00
1.000000000000000222e+00
1.000000000000000222e+00
1.000000000000000222e+00
1.000000000000000222e+00
1.000000000000000222e+00
1.000000000000000222e+00
1.000000000000000222e+00
1.000000000000000222e+00
1.000000000000000222e+00
1.000000000000000222e+00
1.000000000000000222e+00
1.000000000000000222e+00
1.000000000000000222e+00
1.000000000000000222e+00
1.000000000000000222e+00
1.000000000000000222e+00
1.000000000000000222e+00
1.000000000000000222e+00
1.000000000000000222e+00
1.000000000000000222e+00
1.000000000000000222e+00
1.000000000000000222e+00
1.000000000000000222e+00
1.000000000000000222e+00
1.000000000000000000e+00
1.000000000000000000e+00
1.000000000000000000e+00
1.000000000000000000e+00
1.000000000000000000e+00
1.000000000000000000e+00
1.000000000000000000e+00
1.000000000000000000e+00
1.000000000000000000e+00
1.000000000000000000e+00
1.000000000000000000e+00
1.000000000000000000e+00
1.000000000000000000e+00
1.000000000000000000e+00
1.000000000000000000e+00
1.000000000000000000e+00
1.000000000000000000e+00
1.000000000000000000e+00
1.000000000000000000e+00
1.000000000000000000e+00
1.000000000000000000e+00
1.000000000000000000e+00
1.000000000000000000e+00
1.000000000000000000e+00
1.000000000000000000e+00
1.000000000000000000e+00
1.000000000000000000e+00
1.000000000000000000e+00
1.000000000000000000e+00
1.000000000000000000e+00
1.000000000000000000e+00
1.000000000000000000e+00
1.000000000000000000e+00
1.000000000000000000e+00
1.000000000000000000e+00
1.000000000000000000e+00
1.000000000000000000e+00
1.000000000000000000e+00
1.000000000000000000e+00
1.000000000000000000e+00
1.000000000000000000e+00
1.000000000000000000e+00
1.000000000000000000e+00
1.000000000000000000e+00
1.000000000000000000e+00
1.000000000000000000e+00
1.000000000000000000e+00
1.000000000000000000e+00
1.000000000000000000e+00
1.000000000000000000e+00
1.000000000000000000e+00
1.000000000000000000e+00
1.000000000000000000e+00
1.000000000000000000e+00
1.000000000000000000e+00
1.000000000000000000e+00
1.000000000000000000e+00
1.000000000000000000e+00
1.000000000000000000e+00
1.000000000000000000e+00
1.000000000000000000e+00
1.000000000000000000e+00
1.000000000000000000e+00
1.000000000000000000e+00
1.000000000000000000e+00
1.000000000000000000e+00
1.000000000000000000e+00
1.000000000000000000e+00
1.000000000000000000e+00
1.000000000000000000e+00
1.000000000000000000e+00
1.000000000000000000e+00
1.000000000000000000e+00
1.000000000000000000e+00
1.000000000000000000e+00
1.000000000000000000e+00
1.000000000000000000e+00
1.000000000000000000e+00
1.000000000000000000e+00
1.000000000000000000e+00
1.000000000000000000e+00
1.000000000000000000e+00
1.000000000000000000e+00
1.000000000000000000e+00
1.000000000000000000e+00
1.000000000000000000e+00
1.000000000000000000e+00
1.000000000000000000e+00
1.000000000000000000e+00
1.000000000000000000e+00
1.000000000000000000e+00
1.000000000000000000e+00
1.000000000000000000e+00
1.000000000000000000e+00
1.000000000000000000e+00
1.000000000000000000e+00
1.000000000000000000e+00
1.000000000000000000e+00
1.000000000000000000e+00
1.000000000000000000e+00
1.000000000000000000e+00
1.000000000000000000e+00
1.000000000000000000e+00
1.000000000000000000e+00
1.000000000000000000e+00
1.000000000000000000e+00
1.000000000000000000e+00
1.000000000000000000e+00
1.000000000000000000e+00
1.000000000000000000e+00
1.000000000000000000e+00
1.000000000000000000e+00
1.000000000000000000e+00
1.000000000000000000e+00
1.000000000000000000e+00
1.000000000000000000e+00
1.000000000000000000e+00
1.000000000000000000e+00
1.000000000000000000e+00
1.000000000000000000e+00
1.000000000000000000e+00
1.000000000000000000e+00
1.000000000000000000e+00
1.000000000000000000e+00
1.000000000000000000e+00
1.000000000000000000e+00
1.000000000000000000e+00
1.000000000000000000e+00
1.000000000000000000e+00
1.000000000000000000e+00
1.000000000000000000e+00
1.000000000000000000e+00
1.000000000000000000e+00
1.000000000000000000e+00
1.000000000000000000e+00
1.000000000000000000e+00
1.000000000000000000e+00
1.000000000000000000e+00
1.000000000000000000e+00
1.000000000000000000e+00
1.000000000000000000e+00
1.000000000000000000e+00
1.000000000000000000e+00
1.000000000000000000e+00
1.000000000000000000e+00
1.000000000000000000e+00
1.000000000000000000e+00
1.000000000000000000e+00
1.000000000000000000e+00
1.000000000000000000e+00
1.000000000000000000e+00
1.000000000000000000e+00
1.000000000000000000e+00
1.000000000000000000e+00
1.000000000000000000e+00
1.000000000000000000e+00
1.000000000000000000e+00
1.000000000000000000e+00
1.000000000000000000e+00
1.000000000000000000e+00
1.000000000000000000e+00
1.000000000000000000e+00
1.000000000000000000e+00
1.000000000000000000e+00
1.000000000000000000e+00
1.000000000000000000e+00
1.000000000000000000e+00
1.000000000000000000e+00
1.000000000000000000e+00
1.000000000000000000e+00
1.000000000000000000e+00
1.000000000000000000e+00
1.000000000000000000e+00
1.000000000000000000e+00
1.000000000000000000e+00
1.000000000000000000e+00
1.000000000000000000e+00
1.000000000000000000e+00
1.000000000000000000e+00
1.000000000000000000e+00
1.000000000000000000e+00
1.000000000000000000e+00
1.000000000000000000e+00
1.000000000000000000e+00
1.000000000000000000e+00
1.000000000000000000e+00
1.000000000000000000e+00
1.000000000000000000e+00
1.000000000000000000e+00
1.000000000000000000e+00
1.000000000000000000e+00
1.000000000000000000e+00
1.000000000000000000e+00
1.000000000000000000e+00
1.000000000000000000e+00
1.000000000000000000e+00
1.000000000000000000e+00
1.000000000000000000e+00
1.000000000000000000e+00
1.000000000000000000e+00
1.000000000000000000e+00
1.000000000000000000e+00
1.000000000000000000e+00
1.000000000000000000e+00
1.000000000000000000e+00
1.000000000000000000e+00
1.000000000000000000e+00
1.000000000000000000e+00
1.000000000000000000e+00
1.000000000000000000e+00
1.000000000000000000e+00
1.000000000000000000e+00
1.000000000000000000e+00
1.000000000000000000e+00
1.000000000000000000e+00
1.000000000000000000e+00
1.000000000000000000e+00
1.000000000000000000e+00
1.000000000000000000e+00
1.000000000000000000e+00
1.000000000000000000e+00
1.000000000000000000e+00
1.000000000000000000e+00
1.000000000000000000e+00
1.000000000000000000e+00
1.000000000000000000e+00
1.000000000000000000e+00
1.000000000000000000e+00
1.000000000000000000e+00
1.000000000000000000e+00
1.000000000000000000e+00
1.000000000000000000e+00
1.000000000000000000e+00
1.000000000000000000e+00
1.000000000000000000e+00
1.000000000000000000e+00
1.000000000000000000e+00
1.000000000000000000e+00
1.000000000000000000e+00
1.000000000000000000e+00
1.000000000000000000e+00
1.000000000000000000e+00
1.000000000000000000e+00
1.000000000000000000e+00
1.000000000000000000e+00
1.000000000000000000e+00
1.000000000000000000e+00
1.000000000000000000e+00
1.000000000000000000e+00
1.000000000000000000e+00
1.000000000000000000e+00
1.000000000000000000e+00
1.000000000000000000e+00
1.000000000000000000e+00
1.000000000000000000e+00
1.000000000000000000e+00
1.000000000000000000e+00
1.000000000000000000e+00
1.000000000000000000e+00
1.000000000000000000e+00
1.000000000000000000e+00
1.000000000000000000e+00
1.000000000000000000e+00
1.000000000000000000e+00
1.000000000000000000e+00
1.000000000000000000e+00
1.000000000000000000e+00
1.000000000000000000e+00
1.000000000000000000e+00
1.000000000000000000e+00
1.000000000000000000e+00
1.000000000000000000e+00
1.000000000000000000e+00
1.000000000000000000e+00
1.000000000000000000e+00
9.999999999999998890e-01
9.999999999999998890e-01
9.999999999999998890e-01
9.999999999999998890e-01
9.999999999999998890e-01
9.999999999999998890e-01
9.999999999999998890e-01
9.999999999999998890e-01
9.999999999999998890e-01
9.999999999999998890e-01
9.999999999999998890e-01
9.999999999999998890e-01
9.999999999999998890e-01
9.999999999999998890e-01
9.999999999999998890e-01
9.999999999999998890e-01
9.999999999999998890e-01
9.999999999999998890e-01
9.999999999999998890e-01
9.999999999999998890e-01
9.999999999999998890e-01
9.999999999999998890e-01
9.999999999999998890e-01
9.999999999999998890e-01
9.999999999999998890e-01
9.999999999999998890e-01
9.999999999999998890e-01
9.999999999999998890e-01
9.999999999999998890e-01
9.999999999999998890e-01
9.999999999999998890e-01
9.999999999999998890e-01
9.999999999999998890e-01
9.999999999999998890e-01
9.999999999999998890e-01
9.999999999999998890e-01
9.999999999999998890e-01
9.999999999999998890e-01
9.999999999999998890e-01
9.999999999999998890e-01
9.999999999999998890e-01
9.999999999999998890e-01
9.999999999999998890e-01
9.999999999999998890e-01
9.999999999999998890e-01
9.999999999999998890e-01
9.999999999999998890e-01
9.999999999999998890e-01
9.999999999999998890e-01
9.999999999999998890e-01
9.999999999999998890e-01
9.999999999999998890e-01
9.999999999999998890e-01
9.999999999999998890e-01
9.999999999999998890e-01
9.999999999999998890e-01
9.999999999999998890e-01
9.999999999999998890e-01
9.999999999999998890e-01
9.999999999999998890e-01
9.999999999999998890e-01
9.999999999999998890e-01
9.999999999999998890e-01
9.999999999999998890e-01
9.999999999999998890e-01
9.999999999999998890e-01
9.999999999999998890e-01
9.999999999999998890e-01
9.999999999999998890e-01
9.999999999999998890e-01
9.999999999999998890e-01
9.999999999999998890e-01
9.999999999999998890e-01
9.999999999999998890e-01
9.999999999999998890e-01
9.999999999999998890e-01
9.999999999999998890e-01
9.999999999999998890e-01
9.999999999999998890e-01
9.999999999999998890e-01
9.999999999999998890e-01
9.999999999999998890e-01
9.999999999999998890e-01
9.999999999999998890e-01
9.999999999999998890e-01
9.999999999999998890e-01
9.999999999999998890e-01
9.999999999999998890e-01
9.999999999999998890e-01
9.999999999999998890e-01
9.999999999999998890e-01
9.999999999999998890e-01
9.999999999999998890e-01
9.999999999999998890e-01
9.999999999999998890e-01
9.999999999999998890e-01
9.999999999999998890e-01
9.999999999999998890e-01
9.999999999999998890e-01
9.999999999999998890e-01
9.999999999999998890e-01
9.999999999999998890e-01
9.999999999999998890e-01
9.999999999999998890e-01
9.999999999999998890e-01
9.999999999999998890e-01
9.999999999999998890e-01
9.999999999999998890e-01
9.999999999999998890e-01
9.999999999999998890e-01
9.999999999999998890e-01
9.999999999999998890e-01
9.999999999999998890e-01
9.999999999999998890e-01
9.999999999999998890e-01
9.999999999999998890e-01
9.999999999999998890e-01
9.999999999999998890e-01
9.999999999999998890e-01
9.999999999999998890e-01
9.999999999999998890e-01
9.999999999999998890e-01
9.999999999999998890e-01
9.999999999999998890e-01
9.999999999999998890e-01
9.999999999999998890e-01
9.999999999999998890e-01
9.999999999999998890e-01
9.999999999999998890e-01
9.999999999999998890e-01
9.999999999999998890e-01
9.999999999999998890e-01
9.999999999999998890e-01
9.999999999999998890e-01
9.999999999999998890e-01
9.999999999999998890e-01
9.999999999999998890e-01
9.999999999999998890e-01
9.999999999999998890e-01
9.999999999999998890e-01
9.999999999999998890e-01
9.999999999999998890e-01
9.999999999999998890e-01
9.999999999999998890e-01
9.999999999999998890e-01
9.999999999999998890e-01
9.999999999999998890e-01
9.999999999999998890e-01
9.999999999999998890e-01
9.999999999999998890e-01
9.999999999999998890e-01
9.999999999999998890e-01
9.999999999999998890e-01
9.999999999999998890e-01
9.999999999999998890e-01
9.999999999999998890e-01
9.999999999999998890e-01
9.999999999999998890e-01
9.999999999999998890e-01
9.999999999999998890e-01
9.999999999999998890e-01
9.999999999999998890e-01
9.999999999999998890e-01
9.999999999999998890e-01
9.999999999999998890e-01
9.999999999999998890e-01
9.999999999999998890e-01
9.999999999999998890e-01
9.999999999999998890e-01
9.999999999999998890e-01
9.999999999999998890e-01
9.999999999999998890e-01
9.999999999999998890e-01
9.999999999999998890e-01
9.999999999999998890e-01
9.999999999999998890e-01
9.999999999999998890e-01
9.999999999999998890e-01
9.999999999999998890e-01
9.999999999999998890e-01
9.999999999999998890e-01
9.999999999999998890e-01
9.999999999999998890e-01
9.999999999999998890e-01
9.999999999999998890e-01
9.999999999999998890e-01
9.999999999999998890e-01
9.999999999999998890e-01
9.999999999999998890e-01
9.999999999999998890e-01
9.999999999999998890e-01
9.999999999999998890e-01
9.999999999999998890e-01
9.999999999999998890e-01
9.999999999999998890e-01
9.999999999999998890e-01
9.999999999999998890e-01
9.999999999999998890e-01
9.999999999999998890e-01
9.999999999999998890e-01
9.999999999999998890e-01
9.999999999999998890e-01
9.999999999999998890e-01
9.999999999999998890e-01
9.999999999999998890e-01
9.999999999999998890e-01
9.999999999999998890e-01
9.999999999999998890e-01
9.999999999999998890e-01
9.999999999999998890e-01
9.999999999999998890e-01
9.999999999999996669e-01
9.999999999999996669e-01
9.999999999999996669e-01
9.999999999999996669e-01
9.999999999999996669e-01
9.999999999999996669e-01
9.999999999999996669e-01
9.999999999999996669e-01
9.999999999999996669e-01
9.999999999999996669e-01
9.999999999999996669e-01
9.999999999999996669e-01
9.999999999999996669e-01
9.999999999999996669e-01
9.999999999999996669e-01
9.999999999999996669e-01
9.999999999999996669e-01
9.999999999999996669e-01
9.999999999999996669e-01
9.999999999999996669e-01
9.999999999999996669e-01
9.999999999999996669e-01
9.999999999999996669e-01
9.999999999999996669e-01
9.999999999999996669e-01
9.999999999999996669e-01
9.999999999999996669e-01
9.999999999999996669e-01
9.999999999999996669e-01
9.999999999999996669e-01
9.999999999999996669e-01
9.999999999999996669e-01
9.999999999999996669e-01
9.999999999999996669e-01
9.999999999999996669e-01
9.999999999999996669e-01
9.999999999999996669e-01
9.999999999999996669e-01
9.999999999999996669e-01
9.999999999999996669e-01
9.999999999999996669e-01
9.999999999999996669e-01
9.999999999999996669e-01
9.999999999999996669e-01
9.999999999999996669e-01
9.999999999999996669e-01
9.999999999999996669e-01
9.999999999999996669e-01
9.999999999999996669e-01
9.999999999999996669e-01
9.999999999999996669e-01
9.999999999999996669e-01
9.999999999999996669e-01
9.999999999999996669e-01
9.999999999999996669e-01
9.999999999999996669e-01
9.999999999999996669e-01
9.999999999999996669e-01
9.999999999999996669e-01
9.999999999999996669e-01
9.999999999999996669e-01
9.999999999999996669e-01
9.999999999999996669e-01
9.999999999999996669e-01
9.999999999999996669e-01
9.999999999999996669e-01
9.999999999999996669e-01
9.999999999999996669e-01
9.999999999999996669e-01
9.999999999999996669e-01
9.999999999999996669e-01
9.999999999999995559e-01
9.999999999999995559e-01
9.999999999999995559e-01
9.999999999999995559e-01
9.999999999999995559e-01
9.999999999999995559e-01
9.999999999999995559e-01
9.999999999999995559e-01
9.999999999999995559e-01
9.999999999999995559e-01
9.999999999999995559e-01
9.999999999999995559e-01
9.999999999999995559e-01
9.999999999999995559e-01
9.999999999999995559e-01
9.999999999999995559e-01
9.999999999999995559e-01
9.999999999999995559e-01
9.999999999999995559e-01
9.999999999999995559e-01
9.999999999999995559e-01
9.999999999999995559e-01
9.999999999999995559e-01
9.999999999999995559e-01
9.999999999999994449e-01
9.999999999999994449e-01
9.999999999999994449e-01
9.999999999999994449e-01
9.999999999999994449e-01
9.999999999999994449e-01
9.999999999999994449e-01
9.999999999999994449e-01
9.999999999999994449e-01
9.999999999999994449e-01
9.999999999999994449e-01
9.999999999999994449e-01
9.999999999999994449e-01
9.999999999999994449e-01
9.999999999999994449e-01
9.999999999999994449e-01
9.999999999999994449e-01
9.999999999999994449e-01
9.999999999999994449e-01
9.999999999999994449e-01
9.999999999999994449e-01
9.999999999999994449e-01
9.999999999999994449e-01
9.999999999999994449e-01
9.999999999999994449e-01
9.999999999999992228e-01
9.999999999999992228e-01
9.999999999999992228e-01
9.999999999999992228e-01
9.999999999999992228e-01
9.999999999999992228e-01
9.999999999999992228e-01
9.999999999999992228e-01
9.999999999999992228e-01
9.999999999999992228e-01
9.999999999999991118e-01
9.999999999999991118e-01
9.999999999999991118e-01
9.999999999999991118e-01
9.999999999999991118e-01
9.999999999999991118e-01
9.999999999999991118e-01
9.999999999999990008e-01
9.999999999999990008e-01
9.999999999999990008e-01
9.999999999999990008e-01
9.999999999999990008e-01
9.999999999999987788e-01
9.999999999999987788e-01
9.999999999999987788e-01
9.999999999999986677e-01
9.999999999999986677e-01
9.999999999999986677e-01
9.999999999999986677e-01
9.999999999999985567e-01
9.999999999999985567e-01
9.999999999999985567e-01
9.999999999999983347e-01
9.999999999999983347e-01
9.999999999999983347e-01
9.999999999999982236e-01
9.999999999999982236e-01
9.999999999999981126e-01
9.999999999999981126e-01
9.999999999999981126e-01
9.999999999999981126e-01
9.999999999999981126e-01
9.999999999999977796e-01
9.999999999999968914e-01
9.999999999999962252e-01
9.999999999999948930e-01
9.999999999999931166e-01
9.608043365871196118e-01
8.837205724634642490e-01
7.454724067733301540e-01
6.936284184622658611e-01
6.790369443162788121e-01
6.629204480256225551e-01
6.180339887498950135e-01
5.879011792544334147e-01
5.794804648188081053e-01
5.450959087764765121e-01
5.303736559881228052e-01
4.408955812422805098e-01
3.579263675184983229e-01
3.478544061235407381e-01
3.238875760966320461e-01
1.679702170285170271e-01
1.145460961747849365e-01
2.190706473069865823e-02
