# Singular values
1.188905652532434397e+04
8.530718970576062929e+03
7.030115816287376219e+03
5.224846737204507008e+03
4.207358995197753757e+03
3.580464209970474258e+03
3.532059902850813614e+03
2.602154033931878075e+03
2.358535110975197767e+03
2.093574961989833810e+03
2.010656380252572490e+03
1.738566900763244348e+03
1.567931759861037108e+03
1.372027591486195433e+03
1.186331531403626741e+03
1.184356305280110291e+03
1.151437709602226505e+03
1.104877752911659172e+03
1.066837743073951742e+03
1.044167346427471557e+03
1.015063942809770651e+03
1.003016489618178980e+03
9.801114180937693163e+02
9.739130421271587466e+02
9.378289137472939956e+02
9.246211448408647584e+02
9.077675949435218854e+02
9.014490185995879301e+02
8.927473261137341751e+02
8.901498968018851201e+02
8.788205170497260497e+02
8.653077211278800860e+02
8.591499263564156763e+02
8.575095770726511546e+02
8.544317769965961133e+02
8.520196684535952727e+02
8.509203580911616882e+02
8.348442023056094285e+02
8.302778557046187871e+02
8.167253249925512364e+02
8.094004771400402660e+02
8.064526634209119038e+02
7.886565851651793082e+02
7.854758002681970765e+02
7.778419850273747898e+02
7.750684866959612691e+02
7.468745517579710622e+02
7.433873219353762352e+02
7.433602642262495692e+02
7.362951300916960236e+02
7.241965766777971112e+02
7.229003473937773379e+02
7.142966339779463851e+02
7.131064508178500319e+02
7.097913562831332683e+02
7.017148371319648277e+02
7.004571155938432412e+02
6.993878509364341198e+02
6.868929621541731194e+02
6.811709419915399621e+02
6.798509139508778389e+02
6.731152930122539146e+02
6.712265112103031015e+02
6.652612606598255525e+02
6.587413600319584930e+02
6.579413433473955592e+02
6.494338782884395869e+02
6.437491632655468266e+02
6.364822620952324996e+02
6.288730195980332383e+02
6.288086585335768177e+02
6.250464305463743813e+02
6.235085722504798014e+02
6.221196688536591637e+02
6.154171493767187258e+02
6.101890364606915682e+02
6.081391754906919687e+02
6.025959276455915870e+02
5.984329485384998861e+02
5.949316697405284913e+02
5.933173480571257414e+02
5.912123389832362363e+02
5.823746435195107551e+02
5.798232738325210676e+02
5.742957971075321666e+02
5.724859921116363921e+02
5.637135524886800795e+02
5.609479694207444709e+02
5.587133170683897561e+02
5.561249392519629282e+02
5.538083128609520145e+02
5.514830807719980612e+02
5.482755669151255233e+02
5.455250932514152282e+02
5.430871186809333722e+02
5.365589277519351299e+02
5.364436553387394042e+02
5.309715119679102600e+02
5.191433269135823139e+02
5.162162176073147748e+02
5.138894889444300134e+02
5.113675747806419167e+02
5.108299434836061437e+02
5.097521839212315058e+02
5.065996567147209930e+02
5.062446934924458333e+02
5.042896854068102357e+02
5.011035730773585328e+02
5.009924391212643968e+02
4.943206884603488902e+02
4.885019229391683098e+02
4.874420604800054662e+02
4.867958444758738779e+02
4.850226766867504580e+02
4.797514832177002972e+02
4.782496271699178010e+02
4.758948642849145472e+02
4.744129530537953769e+02
4.728617738734207023e+02
4.709897194311768658e+02
4.701568684032038163e+02
4.675943306467607954e+02
4.670470625405382066e+02
4.656069166534563806e+02
4.616262902869057712e+02
4.602955077873005507e+02
4.586388593983431292e+02
4.539653376688325466e+02
4.537563737924514271e+02
4.531570939388234365e+02
4.514700216624614768e+02
4.505799465280812228e+02
4.490817522384122640e+02
4.476662132528201710e+02
4.457715229144721434e+02
4.422071016306188085e+02
4.388656567105995236e+02
4.361484952963916157e+02
4.353896856144785943e+02
4.325952773521889867e+02
4.308687649420086814e+02
4.293234987483562577e+02
4.281239515826061961e+02
4.249449807170712461e+02
4.237982499078892147e+02
4.230574883817948262e+02
4.212653963705745923e+02
4.193840850940669043e+02
4.183293581902141227e+02
4.178760998433035638e+02
4.148332489670250993e+02
4.146620576945268226e+02
4.128293956847921322e+02
4.122818081492966371e+02
4.095859949995881379e+02
4.087422756165815940e+02
4.035494286717105297e+02
3.996856642439731218e+02
3.980614726417117595e+02
3.963057342116569544e+02
3.957106120219426089e+02
3.925917966370515728e+02
3.914826865703532803e+02
3.906264051113896016e+02
3.879333382595143576e+02
3.849032279029291885e+02
3.844150603987452541e+02
3.843111850184430978e+02
3.807566334334863996e+02
3.803706281880402003e+02
3.790207603793057274e+02
3.774310788341389866e+02
3.768047301955219268e+02
3.737224880928172297e+02
3.714671966387901989e+02
3.706913713381710522e+02
3.683901361869147877e+02
3.676675988651358011e+02
3.660691836984546512e+02
3.656618499706832495e+02
3.645174990610595955e+02
3.630039402322035471e+02
3.593076723299532205e+02
3.575361299067301388e+02
3.566706661773886822e+02
3.562299605207260811e+02
3.541377823404451419e+02
3.541316083662886740e+02
3.531391645161857014e+02
3.506310510658690873e+02
3.487653689108478829e+02
3.479398588565388764e+02
3.472734065745619887e+02
3.436682512536220884e+02
3.432463031934555602e+02
3.405036533048206593e+02
3.367619668902198100e+02
3.366470069241642591e+02
3.344969969503495690e+02
3.343806600322827194e+02
3.336001104112555709e+02
3.310667012153769520e+02
3.310081528422292649e+02
3.302916855094325683e+02
3.284987885720763074e+02
3.274873830200772318e+02
3.271567613328499533e+02
3.254089151956976025e+02
3.220498613348966614e+02
3.218035135869268402e+02
3.201305561111674933e+02
3.194187006774405972e+02
3.178466594594821117e+02
3.177540360969570088e+02
3.166938904555112231e+02
3.136579758761452581e+02
3.122453749468051001e+02
3.119309517614066181e+02
3.103207323898485583e+02
3.100774611840394641e+02
3.094082806081511308e+02
3.085693583442086947e+02
3.068952316408723959e+02
3.057428977880406933e+02
3.033534978448580546e+02
3.032638583296528623e+02
3.011699704369879669e+02
3.003680491768074035e+02
2.984987198930572845e+02
2.968155945136282412e+02
2.960351848133013846e+02
2.944510138828043750e+02
2.942765948763594679e+02
2.923390561513520538e+02
2.916341133529707008e+02
2.916209064662631363e+02
2.883484781119078093e+02
2.877141177802584480e+02
2.873572095359639320e+02
2.868873117128525223e+02
2.842137806779489893e+02
2.837437413104835287e+02
2.834979011060818834e+02
2.821390549954230096e+02
2.799872766321097970e+02
2.798147942809104620e+02
2.780074507298407411e+02
2.754148620268451282e+02
2.742600487195689993e+02
2.737307247531939538e+02
2.711017639953169009e+02
2.697470210386160829e+02
2.684796059677558446e+02
2.681554643524345920e+02
2.677538749504515749e+02
2.668146421375018917e+02
2.660033065159030912e+02
2.646557287779463650e+02
2.625654644891373550e+02
2.625601962985498403e+02
2.622739344697761794e+02
2.621557688222147249e+02
2.606675086520216382e+02
2.590377444842004593e+02
2.582356332331919475e+02
2.574389423758220801e+02
2.572412185681175743e+02
2.556087286087015400e+02
2.547305124606073434e+02
2.538201082857870290e+02
2.535793080446575232e+02
2.530257652779746422e+02
2.519491178526083672e+02
2.502387156600210290e+02
2.487526471520115194e+02
2.485018568118729263e+02
2.478698217116472051e+02
2.473209496837505696e+02
2.462362034634182635e+02
2.454950209053482411e+02
2.454183080628338303e+02
2.452955463907694877e+02
2.441158779812049318e+02
2.430357894792205400e+02
2.425486209126940480e+02
2.413179538741846670e+02
2.398836501455442942e+02
2.381995655885507119e+02
2.368875073735515855e+02
2.356171089337523483e+02
2.350690459031845876e+02
2.348603714505157427e+02
2.338313665429320451e+02
2.330874787069774072e+02
2.322007630144714483e+02
2.315667519729383059e+02
2.314076102242820525e+02
2.291146460630379238e+02
2.286512383809196081e+02
2.279858221959418358e+02
2.269787537990258670e+02
2.266618073263376800e+02
2.257600615356600997e+02
2.247066263840875990e+02
2.239752584491284040e+02
2.231526422677235075e+02
2.227546204915651913e+02
2.222717306185490145e+02
2.206648841410294608e+02
2.195098794232218893e+02
2.187260425047911383e+02
2.176990192680147516e+02
2.169648597886644268e+02
2.167137608686575732e+02
2.158723304437798447e+02
2.150557673915023997e+02
2.148283714693419597e+02
2.138704747094669756e+02
2.126080829908781311e+02
2.123848887154972829e+02
2.113044566079254025e+02
2.112314750357594733e+02
2.107276359432469803e+02
2.098069723813311214e+02
2.097953788196505513e+02
2.077454504041359087e+02
2.069885898183861173e+02
2.057818200141809086e+02
2.056760940774019559e+02
2.049525626605629043e+02
2.047971323460635631e+02
2.037177918856523320e+02
2.025346620689840904e+02
2.023498379437923518e+02
2.017340199380181787e+02
2.013824334752020206e+02
2.013718564460905611e+02
1.989915320890918906e+02
1.987118421322038841e+02
1.976561534189923464e+02
1.964674505286126305e+02
1.962383066624869628e+02
1.956953170309882921e+02
1.945927835963027235e+02
1.942750846785379224e+02
1.941611514193163543e+02
1.929277601715320429e+02
1.919996643740575166e+02
1.915066590662001431e+02
1.914285917436887132e+02
1.909798776862880345e+02
1.897653154484095808e+02
1.895572252239041120e+02
1.890094431129290911e+02
1.882400178043043013e+02
1.876341719482743713e+02
1.872832794674365289e+02
1.864558952495594326e+02
1.857798231079961226e+02
1.853991951472193875e+02
1.844682544160147017e+02
1.838342518685175264e+02
1.834423457633702981e+02
1.833746518027271009e+02
1.808407161095016136e+02
1.801148338190467939e+02
1.801122917829723065e+02
1.788188887868196844e+02
1.781643099838944977e+02
1.776028219964433390e+02
1.771186189892758307e+02
1.762687416403289831e+02
1.760226459540456574e+02
1.755307005103992708e+02
1.750538172289573140e+02
1.749178307130883354e+02
1.736482421048902438e+02
1.735512085928684485e+02
1.726244159545834691e+02
1.723264949493093923e+02
1.714666939017880622e+02
1.711425433671242047e+02
1.702354683137667166e+02
1.695524006628618281e+02
1.688354241627885699e+02
1.686466471550965593e+02
1.678636621490865366e+02
1.672266378766471462e+02
1.670210098973017807e+02
1.668056721121791952e+02
1.654557569791017215e+02
1.648677917834588129e+02
1.635497625331500160e+02
1.635049526120939731e+02
1.626808528223072869e+02
1.626172412010136554e+02
1.616280526723529931e+02
1.614440184296313703e+02
1.611783791811315325e+02
1.605066543657846694e+02
1.602531370107494695e+02
1.594810230864996186e+02
1.588636190400486043e+02
1.583439822022995997e+02
1.582494747662861414e+02
1.579138062597596388e+02
1.574042669833344235e+02
1.567408199105744302e+02
1.567079665615563613e+02
1.558115381277428355e+02
1.542419177794889720e+02
1.539985880914856580e+02
1.538831251842481151e+02
1.528855752285923018e+02
1.525233883166966393e+02
1.513945095468984334e+02
1.509404730587817198e+02
1.509002369812390612e+02
1.505401047840549893e+02
1.493741268107227427e+02
1.487097204100992087e+02
1.486060359804158395e+02
1.481033688623697913e+02
1.479886310547512380e+02
1.470393950275713166e+02
1.469436441456864770e+02
1.461485190356294765e+02
1.459432113124778709e+02
1.453320365565509746e+02
1.447546337316459812e+02
1.438688313092161479e+02
1.437244966303729541e+02
1.429471753513378189e+02
1.426024812153760308e+02
1.422822717423719325e+02
1.419021997756270252e+02
1.416245015873568889e+02
1.405447571653248247e+02
1.404624395236977250e+02
1.396441255349948847e+02
1.394405537507811061e+02
1.387216903778773940e+02
1.387132578546362822e+02
1.378930236818359560e+02
1.374440797120168156e+02
1.372356449165516494e+02
1.368332297594861302e+02
1.364269917394515801e+02
1.358383821561006357e+02
1.349265937840646643e+02
1.340690901034224680e+02
1.337905380533804305e+02
1.329409691992586033e+02
1.325618131286017842e+02
1.317771453495219021e+02
1.317500581345495618e+02
1.312678151328446177e+02
1.308198833411530018e+02
1.307642262945330174e+02
1.292027301768650887e+02
1.292024181955102904e+02
1.290681841590215697e+02
1.283939399724701786e+02
1.279233502107087048e+02
1.275142134248602019e+02
1.274640573432736517e+02
1.272200687834351527e+02
1.261672636518356541e+02
1.259415789969645374e+02
1.257891946827162144e+02
1.251041922519246299e+02
1.245852676452601884e+02
1.244208876477395336e+02
1.238913372584452048e+02
1.234386510543941711e+02
1.229632509450046598e+02
1.227519358408928269e+02
1.223750484003392103e+02
1.218225547781714226e+02
1.216145308573170780e+02
1.207894449234838135e+02
1.204761765084260361e+02
1.203001375382226854e+02
1.187541895762873736e+02
1.183114374083981346e+02
1.179479496342864593e+02
1.178590392242210640e+02
1.173406428027895174e+02
1.173144367171317981e+02
1.168634695131122783e+02
1.166253216782434947e+02
1.160487962634666417e+02
1.156493477850521572e+02
1.153337062055247628e+02
1.150001926721666621e+02
1.143799693301089633e+02
1.141519245159224596e+02
1.135991760815361857e+02
1.132996389430844602e+02
1.132912035333927463e+02
1.123727029109503235e+02
1.122423714898602896e+02
1.115649856542813581e+02
1.106538657470184575e+02
1.104169395895925874e+02
1.103249194540368734e+02
1.102244167542713882e+02
1.097985279149190632e+02
1.096616447489979436e+02
1.089925466515913826e+02
1.078967087538508736e+02
1.078519799586702561e+02
1.075663567454249119e+02
1.072752165027917357e+02
1.070027136117206652e+02
1.065755360863645649e+02
1.065521905481682694e+02
1.063211145215705216e+02
1.058442258144126384e+02
1.053448385580268791e+02
1.046033557798258471e+02
1.041613248268883467e+02
1.035975756691992160e+02
1.033308623672915871e+02
1.028693346907913053e+02
1.024894225295884098e+02
1.018538865871489776e+02
1.014317583073385975e+02
1.010863848384021111e+02
1.005310416193265013e+02
1.003459167559874032e+02
9.984919509607637167e+01
9.974986750061066232e+01
9.901681356818008339e+01
9.881228802877437545e+01
9.870238109815775829e+01
9.856257924621154132e+01
9.840985470358653231e+01
9.821120055822655104e+01
9.786782760929047242e+01
9.771288255864611472e+01
9.683739215777571019e+01
9.661710474095359302e+01
9.630412293184240013e+01
9.570810674836431531e+01
9.558072460931386161e+01
9.509437350967839109e+01
9.490402807976369104e+01
9.436786518361219578e+01
9.412500724919918582e+01
9.382320680334778729e+01
9.326855765044410873e+01
9.256254454859106318e+01
9.251768584773243731e+01
9.244528260545925491e+01
9.206086803995503942e+01
9.172735951393042342e+01
9.157313671204479988e+01
9.147810495583497925e+01
9.117115488922978273e+01
9.083757309071569352e+01
9.009286394660762198e+01
9.001781118913646651e+01
8.937112778923172129e+01
8.887731450386111476e+01
8.836876653454386599e+01
8.817581868867326023e+01
8.770603742558553506e+01
8.720646261178079328e+01
8.617047580251976058e+01
8.614065107556204737e+01
8.601110986336831843e+01
8.582352067881707569e+01
8.566679827110139911e+01
8.541492179544053442e+01
8.518430085692858711e+01
8.491428972683020504e+01
8.435091136296327363e+01
8.422081830536292557e+01
8.308307074252604707e+01
8.240691578031280073e+01
8.222669710590498937e+01
8.218775937899519590e+01
8.200105623643850095e+01
8.150981935569963355e+01
8.130132252936918746e+01
8.118389849939141811e+01
8.087932745977016680e+01
8.014741858452099166e+01
8.014350878883884377e+01
7.975138885421660007e+01
7.972421780571191618e+01
7.925383806795788644e+01
7.891181738925172340e+01
7.890812069860793088e+01
7.858639675722413642e+01
7.825311414102910135e+01
7.808183085561685743e+01
7.746774550205316245e+01
7.712455794940544251e+01
7.702699455934127570e+01
7.655354275114839879e+01
7.637080440054998576e+01
7.595590247012626151e+01
7.556008426719493798e+01
7.516952198687593523e+01
7.489879523789875293e+01
7.461719236107100528e+01
7.438658426054765016e+01
7.405629395399256509e+01
7.391826303360303996e+01
7.377710024591317506e+01
7.317718913885912002e+01
7.288515490481422887e+01
7.264595401395823160e+01
7.244161044456564014e+01
7.230202735531477742e+01
7.196727995497768404e+01
7.177726816500306484e+01
7.129830140249927695e+01
7.111809939624249921e+01
7.097765504522904223e+01
7.065195913890819668e+01
7.057921090329836034e+01
6.938219076474456415e+01
6.906949667824541450e+01
6.876609390140798439e+01
6.855959443688693966e+01
6.817440404181083125e+01
6.785698881128821824e+01
6.774285663406918445e+01
6.748591771073957091e+01
6.729269435724950199e+01
6.715860353793222259e+01
6.678862483485305290e+01
6.649723940615130857e+01
6.579192061098277122e+01
6.571500379334320030e+01
6.536346494774261373e+01
6.527545114134265702e+01
6.514060532790931290e+01
6.510278057118242145e+01
6.447430550620443057e+01
6.434135065253397556e+01
6.403874964435803463e+01
6.382293288158989952e+01
6.359940968313794230e+01
6.345560688391229576e+01
6.311412441567227916e+01
6.283152377727617477e+01
6.271574347073621425e+01
6.249435630883188963e+01
6.219823397767439133e+01
6.187196037888147515e+01
6.187194154752771169e+01
6.152241146379370917e+01
6.105462548718433879e+01
6.093446431567378596e+01
6.067706755522930706e+01
6.062602057632041408e+01
6.011030088015283468e+01
5.990514958210248153e+01
5.944764299338853419e+01
5.910648965125133714e+01
5.902942292342463304e+01
5.866524776255287321e+01
5.840901701396383316e+01
5.823340997201001557e+01
5.791223508937015652e+01
5.766497197580594047e+01
5.765551860526625205e+01
5.750899837532048053e+01
5.737148021736104653e+01
5.660739349313068658e+01
5.655477544109296417e+01
5.649396407977648238e+01
5.600276948132680133e+01
5.578471180552641329e+01
5.552639448351884965e+01
5.527848110280616822e+01
5.499571527848549124e+01
5.495345883551092214e+01
5.441983063890390326e+01
5.431143947725264098e+01
5.416158453340287338e+01
5.354219394287678568e+01
5.325613543097437486e+01
5.324325987412018435e+01
5.314226353039134665e+01
5.273046531626713573e+01
5.261511064164808715e+01
5.257735767595330856e+01
5.187489047314391399e+01
5.141374247237835249e+01
5.107504511887405840e+01
5.093544895364540537e+01
5.075411274363876402e+01
5.054248665243049743e+01
5.038932072248803706e+01
5.020772054313290766e+01
4.992741962489711227e+01
4.977670645524851523e+01
4.940800430234371987e+01
4.894284300284724054e+01
4.853053800179674937e+01
4.837925547850489494e+01
4.825583185608827108e+01
4.821939215244128718e+01
4.796586295245238318e+01
4.778012409585011966e+01
4.741150077576854471e+01
4.691911257408109748e+01
4.682739329787282401e+01
4.674626168787109037e+01
4.649088140212287357e+01
4.627318143803677941e+01
4.589168771772850874e+01
4.577790077025451865e+01
4.560271534517826808e+01
4.535234530105348938e+01
4.510332432013733950e+01
4.492275818930087183e+01
4.467674185267559039e+01
4.455131062109113316e+01
4.425747892280140405e+01
4.401408661882610573e+01
4.380052717098326553e+01
4.349223760595903343e+01
4.326057152183644661e+01
4.322433295623309135e+01
4.308056678456898680e+01
4.290807226686303721e+01
4.271993743357427320e+01
4.267841288060480309e+01
4.227302302501551878e+01
4.194228035552303879e+01
4.174395269234003081e+01
4.160846867181124509e+01
4.150184481718441276e+01
4.133056553537200983e+01
4.071047277920831675e+01
4.065575682447149575e+01
4.053507703742624102e+01
4.044137746129101885e+01
4.025999429423095677e+01
3.971124525752147605e+01
3.969927472130201096e+01
3.942960645424438582e+01
3.941367954257525241e+01
3.914120238136861474e+01
3.905487876555763904e+01
3.849419321190104171e+01
3.814258144238654324e+01
3.804550551774368472e+01
3.795203826833479610e+01
3.786676219171832969e+01
3.762615430075888412e+01
3.757508866292264571e+01
3.745156892639020896e+01
3.692381416977983832e+01
3.685995090565255339e+01
3.665976016357868872e+01
3.631371092511864873e+01
3.615865741258003396e+01
3.604016500386587296e+01
3.578999286722478956e+01
3.532338581927069043e+01
3.513392937276692862e+01
3.502802078675427566e+01
3.499480515661611690e+01
3.485829825466451126e+01
3.463168237596998011e+01
3.450756879399254018e+01
3.429571738955234395e+01
3.402497018671249407e+01
3.384497282572063170e+01
3.374320808951080153e+01
3.353126905465608587e+01
3.322130385544008391e+01
3.317247306612716073e+01
3.283072580990999256e+01
3.267543855204709047e+01
3.263628126741343749e+01
3.224067171692428957e+01
3.210610262392270187e+01
3.193687499173418942e+01
3.166890463707553494e+01
3.124683163471441816e+01
3.124665673153496925e+01
3.095185967112127656e+01
3.088359551718877327e+01
3.070820830819778280e+01
3.055795088507668211e+01
3.054320906931425839e+01
3.024928656310329700e+01
3.020500042882618175e+01
2.989416495686607789e+01
2.988921658317345376e+01
2.963741081694501034e+01
2.948322081728695565e+01
2.908443064129075850e+01
2.866282009576200451e+01
2.858619901145204523e+01
2.828963504331798617e+01
2.824013461299342254e+01
2.817370347596666491e+01
2.810066417729904131e+01
2.779238817535773265e+01
2.762661708562241358e+01
2.741446068142612802e+01
2.720950411252214352e+01
2.710089575085231672e+01
2.705414753767700731e+01
2.686852332017595657e+01
2.653626573693662039e+01
2.647745271209936391e+01
2.635389762659234947e+01
2.618877985872269321e+01
2.617198103973219503e+01
2.600670248599640288e+01
2.584276168859910072e+01
2.564557841798304239e+01
2.514467850316525244e+01
2.510136633960136621e+01
2.476476511233263977e+01
2.473472125406945921e+01
2.469774927686643196e+01
2.456233683689967151e+01
2.392326510469788658e+01
2.390261648136237582e+01
2.375749891678792736e+01
2.362302237539896410e+01
2.361862481878326747e+01
2.338652640439535091e+01
2.317170072353737353e+01
2.303637518109887949e+01
2.295563922769112963e+01
2.257463772996261042e+01
2.243963041273943659e+01
2.229092408370597411e+01
2.207763032492350064e+01
2.189082670571690770e+01
2.170224027125507860e+01
2.169941345750030237e+01
2.146006973242750249e+01
2.145198730257996544e+01
2.123981838821232770e+01
2.117779466918796771e+01
2.069644633935347144e+01
2.068868463537087266e+01
2.061222543814880481e+01
2.054604174672238059e+01
2.027214155050018718e+01
2.011563734315938135e+01
1.999543703201434042e+01
1.974091189125514134e+01
1.965067990895375516e+01
1.960608944255989528e+01
1.947919074812304174e+01
1.921608779777882248e+01
1.917735714426761362e+01
1.890502387993948119e+01
1.878253321355698091e+01
1.862795342064990578e+01
1.847197509695243056e+01
1.830828165455312728e+01
1.803091155014227454e+01
1.792220521824940249e+01
1.787099728495045170e+01
1.756865449012558145e+01
1.748237495067889213e+01
1.735565787192067333e+01
1.733711948293454341e+01
1.713972387728084712e+01
1.698607981642322429e+01
1.690314153640215977e+01
1.666515223403877499e+01
1.655637164373337100e+01
1.653626842215374282e+01
1.632102412466973007e+01
1.627927502212739341e+01
1.616309044180750831e+01
1.582923242572255518e+01
1.570291971231271333e+01
1.557054131959472798e+01
1.546852302397380008e+01
1.516360416100061492e+01
1.495343580829489127e+01
1.489547232226046880e+01
1.475873125380680584e+01
1.466361093274136707e+01
1.448693071321259573e+01
1.433968174804685880e+01
1.419477908582167558e+01
1.412595049076667664e+01
1.391636218958720761e+01
1.389195080944300642e+01
1.371481794469233328e+01
1.349177626794712559e+01
1.335312627971702781e+01
1.330101528745926309e+01
1.308970209925272776e+01
1.303100406637090458e+01
1.294807452635506628e+01
1.271632598082321230e+01
1.266386686287965802e+01
1.252988152260638444e+01
1.247780704449618128e+01
1.225509108051982032e+01
1.219282333176980515e+01
1.205973959531796247e+01
1.173864286093194131e+01
1.168370933319491556e+01
1.146437752587605097e+01
1.144282676012581490e+01
1.124587023975637834e+01
1.112931886665036352e+01
1.095030218091323881e+01
1.089698292288666259e+01
1.074676749414085641e+01
1.064790911531216899e+01
1.047981629820151461e+01
1.040322932498917474e+01
1.022497824692481849e+01
1.005769694122770375e+01
1.001811574792200688e+01
9.927525932092740035e+00
9.862349643289253009e+00
9.706553221366156947e+00
9.502050402122726780e+00
9.480257121720352842e+00
9.420511141219730433e+00
9.168257879323997273e+00
9.132734778807147791e+00
8.845040133301674601e+00
8.806739143730439423e+00
8.730651046366807222e+00
8.579739026320845952e+00
8.388640381042614891e+00
8.355030035505352615e+00
8.244485139930114670e+00
8.214424811481489286e+00
7.968610761080596738e+00
7.890040335834525465e+00
7.671188029516015305e+00
7.491239626466667190e+00
7.425483139140245825e+00
7.353304593256577704e+00
7.210190765678405000e+00
7.165898551118742965e+00
7.001632792584324250e+00
6.964854307518883125e+00
6.892269756497833022e+00
6.658408005029746946e+00
6.637941215346663704e+00
6.586852465179891425e+00
6.445573235734987527e+00
6.342140507695522622e+00
6.289847773771283457e+00
6.194779670037955377e+00
5.886273261941064483e+00
5.761441443663678719e+00
5.683147589561893476e+00
5.608997232714039605e+00
5.575319012939864649e+00
5.451115887160029594e+00
5.052759723317207019e+00
4.927791971672706772e+00
4.902899155852711743e+00
4.813209126946605743e+00
4.724557710502368835e+00
4.593513572616706675e+00
4.539750539044241862e+00
4.502598444091770347e+00
4.450485523149044553e+00
4.426640422304389588e+00
4.341215136374117378e+00
4.061011918497462680e+00
3.947767137132583759e+00
3.920122587223659139e+00
3.693941044326284118e+00
3.652805560524801098e+00
3.567226912099815017e+00
3.419391301490399382e+00
3.406371816324233137e+00
3.220808270197871526e+00
3.215182011659894812e+00
3.103486153468188125e+00
2.964294225932460503e+00
2.875859518799082526e+00
2.703745250567543668e+00
2.395234692293387369e+00
2.355455777547457163e+00
2.281441233301824578e+00
2.116162239485351648e+00
2.005995571732261507e+00
1.985961309879623160e+00
1.825289707300105979e+00
1.815906167481278199e+00
1.795220594993452545e+00
1.578014509570517809e+00
1.472207410691670049e+00
1.306069733252629428e+00
1.262965926632057423e+00
1.163602455196342200e+00
9.510790855867826687e-01
9.119228234170475567e-01
8.784839988803254673e-01
6.725338426867616404e-01
5.039003431394830645e-01
4.549244230472928585e-01
2.825234564187188435e-01
2.606989844782088284e-01
2.266856011066881171e-01
6.268319126725732660e-02
