# Singular values
1.201949423014729655e+04
8.390048261423564327e+03
6.751218874404479720e+03
5.999258654573724016e+03
3.894442350993061609e+03
3.459957643185110101e+03
2.937775126562007245e+03
2.621996957518043473e+03
2.096602408712501983e+03
2.015049406453544407e+03
1.967092057917086777e+03
1.764621541179910082e+03
1.619928785922204725e+03
1.302498031322996667e+03
1.231115951954291177e+03
1.211716261654048594e+03
1.187886948323899105e+03
1.181243209751091399e+03
1.152796737791656597e+03
1.144582938778859898e+03
1.112154644941922470e+03
1.105489801388612250e+03
1.055852526997821769e+03
1.002620292258861127e+03
9.920541684023213520e+02
9.717919380782038843e+02
9.575345785654849351e+02
9.431691975283753209e+02
9.291609977461937433e+02
9.147526635070945531e+02
8.869318295937044923e+02
8.509026717524801597e+02
8.401924980601472726e+02
8.355639298268393986e+02
8.254593314882035884e+02
8.225376410156150087e+02
8.220765406904351948e+02
8.191436510395502637e+02
8.129816471009208954e+02
8.017354306832381781e+02
7.991127542500087202e+02
7.971489064451001241e+02
7.872686055617441525e+02
7.861094558389860367e+02
7.791177428520676358e+02
7.753197045163798293e+02
7.667469617627481284e+02
7.629288484201546225e+02
7.523150553676634900e+02
7.454675329597216660e+02
7.420871940321476359e+02
7.391699117318105436e+02
7.278080988696218583e+02
7.177241541617900111e+02
7.090479268040006673e+02
7.048960814605846963e+02
7.035116441388437352e+02
6.965868060290745234e+02
6.959007302273728328e+02
6.879136744871395877e+02
6.827978876750376003e+02
6.796852467630510546e+02
6.665008049978786175e+02
6.624557050846195807e+02
6.623578604426841139e+02
6.472435221122121902e+02
6.457691281058844197e+02
6.383680065310728651e+02
6.294519435398150335e+02
6.270142325403569430e+02
6.238515418690794831e+02
6.178109062061782879e+02
6.167281165244912700e+02
6.132557382470756693e+02
6.101675505651114690e+02
6.087937052511830416e+02
6.052836562287402558e+02
6.050574451143618262e+02
6.031192085436075558e+02
5.990972589697908006e+02
5.957333560219084347e+02
5.924887336590671794e+02
5.870495048787348651e+02
5.852155715755291112e+02
5.843243970193965424e+02
5.795831982635859276e+02
5.778483053129391465e+02
5.720426814193565406e+02
5.701277572803853673e+02
5.654446560685065606e+02
5.640677830824365628e+02
5.606712044943083129e+02
5.604808119307090237e+02
5.577696965994700804e+02
5.567454030280632651e+02
5.510721701656183313e+02
5.495704148364213779e+02
5.462478557476006245e+02
5.451599880072240012e+02
5.416390254770334423e+02
5.381175057939502722e+02
5.369865812527552862e+02
5.367355013195434594e+02
5.296752283738969709e+02
5.249159611356311643e+02
5.228783343986149248e+02
5.226894676735871599e+02
5.176765022056657699e+02
5.135814265514928820e+02
5.114088617553759377e+02
5.110323159302070621e+02
5.083066002797626766e+02
5.075917827492679635e+02
5.065869622622363408e+02
4.991195553253696744e+02
4.978823671202251830e+02
4.971484612146514337e+02
4.939433108854703960e+02
4.905092083676669859e+02
4.884187933553122321e+02
4.868303593267654037e+02
4.849462777280746195e+02
4.836723787317820324e+02
4.812820711661739210e+02
4.793916088678202527e+02
4.783507222916032902e+02
4.772579317696985299e+02
4.736715771798214973e+02
4.729648383425603129e+02
4.715258250095888570e+02
4.678159153921342863e+02
4.671307104070331775e+02
4.658110948141917333e+02
4.646169134898511857e+02
4.643224633373284860e+02
4.601457831765488891e+02
4.582871297384729701e+02
4.567178674862832963e+02
4.555366186963898940e+02
4.554211806910369660e+02
4.523797812396213658e+02
4.502723572646207799e+02
4.479250518504384218e+02
4.477996509341922433e+02
4.466452890252770089e+02
4.456398022644950743e+02
4.451098647531949837e+02
4.437429689642011681e+02
4.382869049308329750e+02
4.374192535906283297e+02
4.350445148831202005e+02
4.344348072691561811e+02
4.341015780810642468e+02
4.314291525658111937e+02
4.305089644765056960e+02
4.297228606051858719e+02
4.254601138938676286e+02
4.242745999249170268e+02
4.228444399386091845e+02
4.218693437358777487e+02
4.204582162942383547e+02
4.193789977905861974e+02
4.168027312011724348e+02
4.162092123247668383e+02
4.152526690958541735e+02
4.120350769702749858e+02
4.097252274099932379e+02
4.083884642687279438e+02
4.082087499128914487e+02
4.068159008247335464e+02
4.023832509996108229e+02
4.021369061382666246e+02
3.991642631315830840e+02
3.982664216476537717e+02
3.975696929338591303e+02
3.970767897066528462e+02
3.944637688137010514e+02
3.942542258105063979e+02
3.928554666847986141e+02
3.916007679570820983e+02
3.892419170845218446e+02
3.882023328741621526e+02
3.871458052804422323e+02
3.847021669926259619e+02
3.837518699795110706e+02
3.811930477209523360e+02
3.807449910258131354e+02
3.787884042242084774e+02
3.787211294755510380e+02
3.774741002754445276e+02
3.763712377851981046e+02
3.748517165812075973e+02
3.744766030007926929e+02
3.738773327666431214e+02
3.735244597109890492e+02
3.701333031082312459e+02
3.699427095917464499e+02
3.683359370408118707e+02
3.662676013285289969e+02
3.661384942983185624e+02
3.643295759727546965e+02
3.628710351962961909e+02
3.611716566008652194e+02
3.598121797652000282e+02
3.593077284246151635e+02
3.575407756415076506e+02
3.557181515287272759e+02
3.543975049846736738e+02
3.530617914956312688e+02
3.520302223889081006e+02
3.510163038946942038e+02
3.506962988541424124e+02
3.486076523036653043e+02
3.460098457399122367e+02
3.451381287155494419e+02
3.430206594781232070e+02
3.422529481284524877e+02
3.420462259672383425e+02
3.392600448693175963e+02
3.390344594629702897e+02
3.385287190032085505e+02
3.371139027252125402e+02
3.365424854610368470e+02
3.356201410567756511e+02
3.339187269497025454e+02
3.330215350611860572e+02
3.326558197310114906e+02
3.319639144165710150e+02
3.306791907170360219e+02
3.299287915825203186e+02
3.279652100746793053e+02
3.261804882234366687e+02
3.251502910170708560e+02
3.244204443818107961e+02
3.240000823344183232e+02
3.230001009750379239e+02
3.218329644979883710e+02
3.211584108919684581e+02
3.203081360368444166e+02
3.199151347693459684e+02
3.198774213444394263e+02
3.181582238241059031e+02
3.179756997230850288e+02
3.173623311766415895e+02
3.164831358788102307e+02
3.136024632299656787e+02
3.131234588412966104e+02
3.110579275621312263e+02
3.109975241951586327e+02
3.107377351738315951e+02
3.098623760169321599e+02
3.076897579874093367e+02
3.073020231239380564e+02
3.061357432672665482e+02
3.056151371398567562e+02
3.050080335362036408e+02
3.039096417095457809e+02
3.011684015406469257e+02
3.007176109294677531e+02
3.004792792294485366e+02
3.002816106456570537e+02
2.994764902719597899e+02
2.987839182779112548e+02
2.967931746561829414e+02
2.965398470064566254e+02
2.955837296442595630e+02
2.939078942355404820e+02
2.938679363714071542e+02
2.933587262052609503e+02
2.931986994294800297e+02
2.900388977964691435e+02
2.892431196090411163e+02
2.892205935134975334e+02
2.878928991093797549e+02
2.871483234585985542e+02
2.869132922479894319e+02
2.842583234605883149e+02
2.831093189171510858e+02
2.823087857671611118e+02
2.816967991228985397e+02
2.809231171411014429e+02
2.798555124340897464e+02
2.793450736142328878e+02
2.774645865732447305e+02
2.772550887089550429e+02
2.760385055122587232e+02
2.756515586646025326e+02
2.743620030658810833e+02
2.731864245072480912e+02
2.726002657900310169e+02
2.716199164726820072e+02
2.703417104499234824e+02
2.695130951634519647e+02
2.688138882831410115e+02
2.684143039367561414e+02
2.667598149018131153e+02
2.665157809563096407e+02
2.649200973948470050e+02
2.634532051275185722e+02
2.633036869369327633e+02
2.625468359315515841e+02
2.612543706907496812e+02
2.610565268180904468e+02
2.600295240191255743e+02
2.593792625093364563e+02
2.593376598760542038e+02
2.587241909226133316e+02
2.572308365586196715e+02
2.570718444040761597e+02
2.549698832344982691e+02
2.544912851141919532e+02
2.537002311434396233e+02
2.518110295466539128e+02
2.512652499918397950e+02
2.506291125851293486e+02
2.489131228835303205e+02
2.487186221193985602e+02
2.482386924851800245e+02
2.476545850184901099e+02
2.471679818782989742e+02
2.470778275792517036e+02
2.444870979833672493e+02
2.442384608097801504e+02
2.427350476533304118e+02
2.426744018357695722e+02
2.416941747476992646e+02
2.408732741790527427e+02
2.407355264933290186e+02
2.394262656257367325e+02
2.393113026614341834e+02
2.388622016143060023e+02
2.369208301190257657e+02
2.367636560736136175e+02
2.356861457068438312e+02
2.353945903422652748e+02
2.349811139102398556e+02
2.345995880773504325e+02
2.343925630539507097e+02
2.337342497559876051e+02
2.328287775892804632e+02
2.317712553213190461e+02
2.314442838665848683e+02
2.303974098141279399e+02
2.299367245909727160e+02
2.298039895682213398e+02
2.286316029836131634e+02
2.267323963919768630e+02
2.260078720648055821e+02
2.259083007666563674e+02
2.253785589147026371e+02
2.244352732904104073e+02
2.227014370951422109e+02
2.224070559299893546e+02
2.208310157297270280e+02
2.204500618337957860e+02
2.196771179500324251e+02
2.192244075176524802e+02
2.183142438691430129e+02
2.181064198145431874e+02
2.174101276801929430e+02
2.160985161657887375e+02
2.157517286682354154e+02
2.149075853522665795e+02
2.140963640972581743e+02
2.132519660342111649e+02
2.130034715861448831e+02
2.124442893730199557e+02
2.120094594962585859e+02
2.111699061353514537e+02
2.108898567565288147e+02
2.102315734122335016e+02
2.097054540918316263e+02
2.093868188145034424e+02
2.085219091772021329e+02
2.077408007415762370e+02
2.071140007854983764e+02
2.068718295718456943e+02
2.054630901639608282e+02
2.053473932657535101e+02
2.051291372065069822e+02
2.048954240987557966e+02
2.043852689883590301e+02
2.033494501817112621e+02
2.026773809511213642e+02
2.016496698627536546e+02
2.013394048214595671e+02
2.006506833919027315e+02
1.994636362980148476e+02
1.985008610921766774e+02
1.982356949747317003e+02
1.978853642303902234e+02
1.976452460339028789e+02
1.970670734946625657e+02
1.963993154650673887e+02
1.954695045387275059e+02
1.942388663037824301e+02
1.940622092481926302e+02
1.932499297291734308e+02
1.928359156471452991e+02
1.928160148145518633e+02
1.915097522138947284e+02
1.911747539752254852e+02
1.903960744258373268e+02
1.895144375160695063e+02
1.888342941500386019e+02
1.883546411844156694e+02
1.882992331600635509e+02
1.864205426532583658e+02
1.854887041475899707e+02
1.850713768448767951e+02
1.850487142984969182e+02
1.844728956580000272e+02
1.844067692354887527e+02
1.841231020791118169e+02
1.831278599726087180e+02
1.827213338746558691e+02
1.820666625595381163e+02
1.817738133021226190e+02
1.811368437348210421e+02
1.806422541741887358e+02
1.788377738856015355e+02
1.787765462412591830e+02
1.782163990944257534e+02
1.774336489234407566e+02
1.772065006632545021e+02
1.769527657375929550e+02
1.768432471225098652e+02
1.756171240649501897e+02
1.755016825858776315e+02
1.751257771341824423e+02
1.735401683448889685e+02
1.729747095302331275e+02
1.723303168232507403e+02
1.720197295383817675e+02
1.711419771379378574e+02
1.711209371055553561e+02
1.701948600991169656e+02
1.694938982431154386e+02
1.694299926424842226e+02
1.691286174108586806e+02
1.677451003282753277e+02
1.673121990337771763e+02
1.669313718321532178e+02
1.664984970766527113e+02
1.654492115627506337e+02
1.650920805844463928e+02
1.641880785405941481e+02
1.632736617551110783e+02
1.628892038682559473e+02
1.624274530648682742e+02
1.616811118865831247e+02
1.613797112895307748e+02
1.604255858685539806e+02
1.598554157240598101e+02
1.592906165314554698e+02
1.590217061115857291e+02
1.584954357284906337e+02
1.579837475963054203e+02
1.570896751382714456e+02
1.567337407442300332e+02
1.564774585085873468e+02
1.557551037985588209e+02
1.555370095920270330e+02
1.548486990032479014e+02
1.534455847474587245e+02
1.532179435782974224e+02
1.525443735811426222e+02
1.523280133577370350e+02
1.520472327402331700e+02
1.511457674875894668e+02
1.511257071314985865e+02
1.505061137527412143e+02
1.494984488054958263e+02
1.489973112350013196e+02
1.487464977886224915e+02
1.480448156980187093e+02
1.478751657554497854e+02
1.474969405829288291e+02
1.461132305773593032e+02
1.454591637805100390e+02
1.450340836474315438e+02
1.447606157663649924e+02
1.441534694357859223e+02
1.437934974640962764e+02
1.437341706539098141e+02
1.423991018293843354e+02
1.422410445037325246e+02
1.420648549503315508e+02
1.419238890913128728e+02
1.410010682847435532e+02
1.408172224173170548e+02
1.407134305123223044e+02
1.398123532019218089e+02
1.395468006834176720e+02
1.386490117884376616e+02
1.384869791364826028e+02
1.371291007173308287e+02
1.367129032506440467e+02
1.364722085633150641e+02
1.363943462314848887e+02
1.355875411769570178e+02
1.354544038175915830e+02
1.351822885060848876e+02
1.344304978880668102e+02
1.333702677325824482e+02
1.331002756860360989e+02
1.329451436745224271e+02
1.319789108501180692e+02
1.316600072280287179e+02
1.311941805599749102e+02
1.306706599815388472e+02
1.301214710048361951e+02
1.297120762426438887e+02
1.291140592081096088e+02
1.290421416982057679e+02
1.283690079859352124e+02
1.279630254130951528e+02
1.278837026958993164e+02
1.273893503913410541e+02
1.271034962814765663e+02
1.264819879685932875e+02
1.254970746231468155e+02
1.249186468942696422e+02
1.244650221917676021e+02
1.239691973368534263e+02
1.239110747424549004e+02
1.231273716567176422e+02
1.228400927150074295e+02
1.228137177333602921e+02
1.224699874272143774e+02
1.223739268173278134e+02
1.216938342261991863e+02
1.210949594134297911e+02
1.204609168187111123e+02
1.202893519614314215e+02
1.196715001437224828e+02
1.194734222968661896e+02
1.187577373389076740e+02
1.177694828893740606e+02
1.177049675462593967e+02
1.176393260942944892e+02
1.168484568374581158e+02
1.165715898905234553e+02
1.157688579160945039e+02
1.155111158437403276e+02
1.154780317444343751e+02
1.145513085803253546e+02
1.138350354435328313e+02
1.135369424628107708e+02
1.122461657232474721e+02
1.120865536701818286e+02
1.120520030100633733e+02
1.120015078526100183e+02
1.117163880894066352e+02
1.111947791775959473e+02
1.102277366541774910e+02
1.099884843246742889e+02
1.094698572440858015e+02
1.092804450556119775e+02
1.090483816492649396e+02
1.082572427076005681e+02
1.080672928181955683e+02
1.078452789134912990e+02
1.073056365854446597e+02
1.071937005990642859e+02
1.068525514163140002e+02
1.062536266802976144e+02
1.060671082197121819e+02
1.053796044208152551e+02
1.052121021749271250e+02
1.048762615780571394e+02
1.044216860933647695e+02
1.039705625572946843e+02
1.036238855947834878e+02
1.033750660558818026e+02
1.030223462202739029e+02
1.027418186336497143e+02
1.025618226779143640e+02
1.019856249433149173e+02
1.012824384739874972e+02
1.005668529422112840e+02
1.002669711515680859e+02
1.002335637599388463e+02
9.936946056546902639e+01
9.925315734927427513e+01
9.911910233509591706e+01
9.891165613796050593e+01
9.890675259206967951e+01
9.827917238366413244e+01
9.749583082200609851e+01
9.742799647193245960e+01
9.712846505294514543e+01
9.632898739762718776e+01
9.617227449939962014e+01
9.532046156137273840e+01
9.528125025810287241e+01
9.487754287071902581e+01
9.472103673395523060e+01
9.418358962653447009e+01
9.382351613678152091e+01
9.339446456929377405e+01
9.326942257783146317e+01
9.304658270392039299e+01
9.195224671858593979e+01
9.182911567342995340e+01
9.133858320327176727e+01
9.096841019097274739e+01
9.080211591859283260e+01
9.046959549022227520e+01
9.024315367955232148e+01
9.024299579348257794e+01
8.933970118355047418e+01
8.852060342663996551e+01
8.831762977717069418e+01
8.826586011510141816e+01
8.822267934545321566e+01
8.764757941457374102e+01
8.737478557408499569e+01
8.708048159327617554e+01
8.648605765377121202e+01
8.594194077587633274e+01
8.537678122762909538e+01
8.512513446752505786e+01
8.472751126161404045e+01
8.444108164931648730e+01
8.385902711903291618e+01
8.369984131080079237e+01
8.338961348904243209e+01
8.308065128275434574e+01
8.225407924812627414e+01
8.192176350689443609e+01
8.156211532921496143e+01
8.103127929442054267e+01
8.099095667222032091e+01
8.026058298996919405e+01
7.995026468544142517e+01
7.926503384109314254e+01
7.896862851395623295e+01
7.893399285454914605e+01
7.832896265091569887e+01
7.830658395754349499e+01
7.826650147551197279e+01
7.777594107737604645e+01
7.773475748349420655e+01
7.732577352351400179e+01
7.640705720790784028e+01
7.627479127277362636e+01
7.578877916734724351e+01
7.564095386627573703e+01
7.561211135510102110e+01
7.527419171634251427e+01
7.424600710827320427e+01
7.412877625394058612e+01
7.384894419588363235e+01
7.332634844948151454e+01
7.314209564750287029e+01
7.283072273983621869e+01
7.275539998127290175e+01
7.211606471396515872e+01
7.181369253694570887e+01
7.167460240825019469e+01
7.145651840444421055e+01
7.101083626843912100e+01
7.068788227439431182e+01
7.068648674024807121e+01
7.024774065544929158e+01
6.904704888270667595e+01
6.901706944181894698e+01
6.838017056833840002e+01
6.833094691806151388e+01
6.801884887706383154e+01
6.778263219816591345e+01
6.756898921393384683e+01
6.732955494518002126e+01
6.699374048425325157e+01
6.617732471292100627e+01
6.615971535739232934e+01
6.576535930931498797e+01
6.532703507781933183e+01
6.492740804260996867e+01
6.485792804724707139e+01
6.451885790376162788e+01
6.439008813020809896e+01
6.406453121728715416e+01
6.364826299416017008e+01
6.360109359701181120e+01
6.325683148523527422e+01
6.285538359269497732e+01
6.271017299092891761e+01
6.200923582034093329e+01
6.182112737042928075e+01
6.137443405870715196e+01
6.100362770077147445e+01
6.099099641798413529e+01
6.049377717145726763e+01
6.042760365211457696e+01
6.016612412827070244e+01
5.987348029989117038e+01
5.940275797039089412e+01
5.916832980425768085e+01
5.864128838094281093e+01
5.836845653009005019e+01
5.805279814886415579e+01
5.743886189516528873e+01
5.705106260162493470e+01
5.700103382814243957e+01
5.667891509808439565e+01
5.636603630688888700e+01
5.608329896005535886e+01
5.608008162596311763e+01
5.573817216622434501e+01
5.569267559002816625e+01
5.529692548051576750e+01
5.508353583301072121e+01
5.483924730121952962e+01
5.466792904959123689e+01
5.454552848640663854e+01
5.410319221852480354e+01
5.373735026358546918e+01
5.304630216664253339e+01
5.299139566209512253e+01
5.272042260017981619e+01
5.261860961380956780e+01
5.249544578751630297e+01
5.242104613306151606e+01
5.202828900531361001e+01
5.201592023195354386e+01
5.168456031985441967e+01
5.149230856571619341e+01
5.091530141196187031e+01
5.063101050543265558e+01
5.032472793646022069e+01
4.978729960040897851e+01
4.974552321989985870e+01
4.972503780387863515e+01
4.930854812439952894e+01
4.899703603774640470e+01
4.867763387637541683e+01
4.861841045629421387e+01
4.854122393696437143e+01
4.817268754237532136e+01
4.759285358588957848e+01
4.745628682473531512e+01
4.736798855621145776e+01
4.705851970734661194e+01
4.696107341385249612e+01
4.695102044534582575e+01
4.675220156134270866e+01
4.672594327562443084e+01
4.641454268213009726e+01
4.595966722052500586e+01
4.559356219970632651e+01
4.536082378546392846e+01
4.521914482362223708e+01
4.515543758469331692e+01
4.495489440965332051e+01
4.451636554635302900e+01
4.441489366335211741e+01
4.420706299395040872e+01
4.420071198079266850e+01
4.377841447836683386e+01
4.333322046132821725e+01
4.279666149304991052e+01
4.248293069718128834e+01
4.239499600256456802e+01
4.220164956861201944e+01
4.205832685556560335e+01
4.194463242903042044e+01
4.186856414360176615e+01
4.150584174689682726e+01
4.122129270941822909e+01
4.112011799476379537e+01
4.102872902175273850e+01
4.089598104320788252e+01
3.998617610744349804e+01
3.997695441277304695e+01
3.951944133402091808e+01
3.944865158438496877e+01
3.919286099448068228e+01
3.902086616031412092e+01
3.854809086448811684e+01
3.848908675701415660e+01
3.816142679132235571e+01
3.815678128653580359e+01
3.806850856149862494e+01
3.798744349955916277e+01
3.750913439087835144e+01
3.746119581889978178e+01
3.688644296821851754e+01
3.663372247161624529e+01
3.661439870811253883e+01
3.646214126460133542e+01
3.631268611144331970e+01
3.577110281661050095e+01
3.550739695989786071e+01
3.528775102038223821e+01
3.507505156707402705e+01
3.506397746447898811e+01
3.499211884351084478e+01
3.463336605394209045e+01
3.430054708236347238e+01
3.418159036850283172e+01
3.406838755244078243e+01
3.390093110909497653e+01
3.348985587429842781e+01
3.342525051146585469e+01
3.328276494186374634e+01
3.310522135008481115e+01
3.294877278378241670e+01
3.282822335737813546e+01
3.241289463110004476e+01
3.229287065672892254e+01
3.196131608839749561e+01
3.184353227958372656e+01
3.161722334644849752e+01
3.117546459848234264e+01
3.114253320666573543e+01
3.038853703571326292e+01
3.019210003984583324e+01
3.013312285013047287e+01
2.993405273974273939e+01
2.949277788893934016e+01
2.923240734217031189e+01
2.919931990025864010e+01
2.903297709542128402e+01
2.890193140477457590e+01
2.883737450403674885e+01
2.879614134901536815e+01
2.842074458708317053e+01
2.821398896863264838e+01
2.815033063671876690e+01
2.790877176945682336e+01
2.773017868814966036e+01
2.771558904777132426e+01
2.767083928436137796e+01
2.736102144862591601e+01
2.734782428598650483e+01
2.720823622216800786e+01
2.701947375280041541e+01
2.665633935634831531e+01
2.651087962484855254e+01
2.623120279276049516e+01
2.615920763324995946e+01
2.610091222169389269e+01
2.597122313048819464e+01
2.532784697178356126e+01
2.513357269217321388e+01
2.482593749053125265e+01
2.473094953472054769e+01
2.453760728852856587e+01
2.431492252249264752e+01
2.425246395743263506e+01
2.403721385986410297e+01
2.395077334600912522e+01
2.374102651900009420e+01
2.362488526091631513e+01
2.348041903365940186e+01
2.347439971729318842e+01
2.329877929928395730e+01
2.318227981284536554e+01
2.310920185912675251e+01
2.274115835260813512e+01
2.267408176438829770e+01
2.237159852067823351e+01
2.216333386814049433e+01
2.197372350469862567e+01
2.185521025829147490e+01
2.145389623109142008e+01
2.142648807710411774e+01
2.130860467598375863e+01
2.101802357852817238e+01
2.081162064212503182e+01
2.068892530619449843e+01
2.049421518831148248e+01
2.037728430362309595e+01
2.026973643767762567e+01
2.014423505049554208e+01
1.987694171340838523e+01
1.977458522771491900e+01
1.961521146273820548e+01
1.956495135993760215e+01
1.938532412986438302e+01
1.911760336275439798e+01
1.904751884074135759e+01
1.891209798856320745e+01
1.867972073086002283e+01
1.843257760934423217e+01
1.830397827541467848e+01
1.807358826990006051e+01
1.787864406583258514e+01
1.748389733629096554e+01
1.740401673396661408e+01
1.718608258437753022e+01
1.718417365326720869e+01
1.699568293186871060e+01
1.676954345651818556e+01
1.674110978258668680e+01
1.650797699467516821e+01
1.642478036875790792e+01
1.604017967012245904e+01
1.584877051978295981e+01
1.571119676124728670e+01
1.557126273030353047e+01
1.541978741341064563e+01
1.520098003932869801e+01
1.507304509879360133e+01
1.500396540126088851e+01
1.478480655478725936e+01
1.477878849235906422e+01
1.436697104623752530e+01
1.432114053677683074e+01
1.413460057532926406e+01
1.397548269147613276e+01
1.394951810650405122e+01
1.382592342777959438e+01
1.356137447604212198e+01
1.351613515743373739e+01
1.348207038555595005e+01
1.329464647823619217e+01
1.308458060541188850e+01
1.293025163995329407e+01
1.268360535230622155e+01
1.253314590093489045e+01
1.241177922185573834e+01
1.240266357621765714e+01
1.194915643206720546e+01
1.170055233669381067e+01
1.163335287849379895e+01
1.161496562626177464e+01
1.142496288304835872e+01
1.133757393983198725e+01
1.124601122055914715e+01
1.116436206858208458e+01
1.109940347628034907e+01
1.080500530949431770e+01
1.074895847348603795e+01
1.050815389735393168e+01
1.039944389966827920e+01
1.038307189690750754e+01
9.977915070383490459e+00
9.908241877742966608e+00
9.770641438452338789e+00
9.509344630768575612e+00
9.426604079726107699e+00
9.409408102774870386e+00
9.355224039561056415e+00
9.246981419620658116e+00
9.217384042379530129e+00
9.168642606672792184e+00
8.943786026705568659e+00
8.803573186122449101e+00
8.717278073789429982e+00
8.618056521425977223e+00
8.458667211993232016e+00
8.434930890655646607e+00
8.110120775981844332e+00
8.071604335184021650e+00
7.657166667490746370e+00
7.607061684664650159e+00
7.232638924551006987e+00
7.119377342006924181e+00
7.080990305162581322e+00
6.951733663205880376e+00
6.709883567481774946e+00
6.704478457497232924e+00
6.536349948372812690e+00
6.323999851020106533e+00
6.280300407652986472e+00
6.179451831102585224e+00
5.995367880585244613e+00
5.963832761296194995e+00
5.876851044764130449e+00
5.703622689684302749e+00
5.616707980034514769e+00
5.334819193278858229e+00
5.169840033024730275e+00
4.975341902739264022e+00
4.972721767617708011e+00
4.776114881470008733e+00
4.676349908201530070e+00
4.600119516334414627e+00
4.401769848733096069e+00
4.379685176329197738e+00
4.290572275665062385e+00
3.832790504646551355e+00
3.769443022102590746e+00
3.546027870565762630e+00
3.504787869077381934e+00
3.388831309183585550e+00
3.255006555650264755e+00
3.057844740908102654e+00
2.923244760616106053e+00
2.835743104747065590e+00
2.730316166266034017e+00
2.648395445896933431e+00
2.590293375656043118e+00
2.351368808257885412e+00
2.313716214568948715e+00
2.086505048725152189e+00
1.839018539525665297e+00
1.775306553033116463e+00
1.689687979315672939e+00
1.556370493321337145e+00
1.519503347321496944e+00
1.265250233175902350e+00
1.221859986927384067e+00
1.111129443610078482e+00
8.238818964537947265e-01
8.034643227037436830e-01
6.336342652311393042e-01
5.790798269750255800e-01
4.472005550923238704e-01
1.109418314490382695e-01
5.265011783707398973e-02
4.791346948234720404e-02
