# Singular values
1.187780527800610434e+04
8.335478019761298128e+03
6.615083339130867898e+03
5.714797786115173039e+03
3.914345269841575828e+03
3.452198019010421376e+03
3.057713745121399825e+03
2.513221654206923176e+03
2.059860990958776711e+03
2.022462812598044138e+03
1.943458967446392535e+03
1.842771285289724574e+03
1.504736065881264267e+03
1.250784209129590863e+03
1.197043497928941406e+03
1.175294617522721865e+03
1.166770540071137475e+03
1.164005981398493986e+03
1.118750024540491722e+03
1.114512058598631029e+03
1.094301615653145291e+03
1.048824472853439602e+03
1.015720123000140120e+03
9.612030924679791042e+02
9.273857359278158583e+02
9.151271423742657589e+02
9.100014953427448745e+02
8.798372491224776013e+02
8.433999915976040711e+02
8.427198002287983627e+02
8.346187721215741249e+02
8.173486051051696677e+02
8.148138098115214234e+02
8.114519724992437659e+02
8.065605564096789521e+02
8.018796349626977644e+02
7.860542726490685936e+02
7.805961173905990336e+02
7.775130496275465930e+02
7.761212790549435567e+02
7.746173683919445239e+02
7.717837214524981846e+02
7.705402181560148165e+02
7.594315377035494521e+02
7.536743893749329573e+02
7.508120539464656531e+02
7.457629873275358250e+02
7.438556095571836977e+02
7.378869722533625009e+02
7.241544526315169605e+02
7.237965321551654370e+02
7.207562374903146747e+02
7.096697386821351756e+02
6.990237937963522654e+02
6.988676178893017550e+02
6.905608333057400614e+02
6.820602224907704567e+02
6.816182293489082440e+02
6.746563466522085264e+02
6.676426026586520948e+02
6.628862164701080246e+02
6.564290571233722176e+02
6.502929932578518901e+02
6.420583223029558440e+02
6.375124589918626725e+02
6.311848991262440904e+02
6.252108313675871614e+02
6.155150656595825467e+02
6.133851264351458212e+02
6.124679864899658241e+02
6.101196978741860448e+02
6.002393863521053845e+02
5.988376605797327557e+02
5.976824161173389029e+02
5.935817063196207073e+02
5.899640542734649671e+02
5.868257106647743058e+02
5.853879851254730511e+02
5.784489561790039716e+02
5.783887321898695291e+02
5.686887752061196579e+02
5.658761501099974112e+02
5.575305594763729005e+02
5.574105796497625533e+02
5.477011790603928603e+02
5.460710377382451952e+02
5.438197864800221168e+02
5.418120923439288390e+02
5.413291325583488742e+02
5.377279007295950350e+02
5.332433639447464202e+02
5.253419508131796647e+02
5.248942662187276937e+02
5.211898836012019274e+02
5.211608103597307036e+02
5.198672283432297263e+02
5.173066395410722862e+02
5.139855756913741516e+02
5.112483973775707113e+02
5.090488727794047463e+02
5.055308657509257841e+02
5.022030172934351526e+02
5.020835339556686563e+02
4.994690181841695562e+02
4.992176974170018298e+02
4.963813991560151067e+02
4.928209357558062607e+02
4.913919475334187723e+02
4.873318657755939398e+02
4.853898623177833542e+02
4.829894388942547607e+02
4.811104885952796621e+02
4.797290375526642379e+02
4.753422440583941579e+02
4.732582848773062665e+02
4.715424068951909362e+02
4.690230813428316310e+02
4.662554495910814012e+02
4.661207982500430376e+02
4.656767798340565605e+02
4.604037115622787155e+02
4.601185687819449868e+02
4.569920976118494309e+02
4.542465944733223751e+02
4.532303834817033703e+02
4.523742283595682352e+02
4.509037774042226374e+02
4.484360755786854043e+02
4.443946945592602447e+02
4.418981828601405368e+02
4.397594642555098972e+02
4.392077192276428264e+02
4.389043253499439174e+02
4.383861334472744034e+02
4.364415574661782102e+02
4.354312501532442639e+02
4.334697566454628372e+02
4.316888221383522364e+02
4.267986207810004089e+02
4.259390272155782213e+02
4.252180850176289368e+02
4.221635117919807385e+02
4.207210503509780324e+02
4.201937211466615167e+02
4.185440858729636489e+02
4.181989382713618966e+02
4.168207140021653458e+02
4.121594935280966183e+02
4.111763706958678881e+02
4.098395616006254158e+02
4.076704672336396129e+02
4.064498206563299618e+02
4.059293407636885149e+02
4.042449563565296557e+02
4.041458374553971566e+02
4.019940911704810560e+02
4.001801034428544313e+02
3.993891035030401326e+02
3.983710248851917868e+02
3.962663651099742879e+02
3.960305770159406507e+02
3.932513275933334853e+02
3.921088810088243122e+02
3.916146931679267027e+02
3.912603991609340710e+02
3.896309793830479293e+02
3.893161550274232923e+02
3.851754005855437413e+02
3.840609152430635618e+02
3.817451178785159982e+02
3.791337138039104957e+02
3.789840271850446243e+02
3.776738290220114891e+02
3.774081279000882319e+02
3.769706223738879203e+02
3.748629654280182990e+02
3.722926850755754344e+02
3.715618363177075025e+02
3.708755428751072145e+02
3.697421377765719512e+02
3.686767654055523735e+02
3.670188648451753011e+02
3.660554377032183879e+02
3.652390820113908489e+02
3.647960814055130641e+02
3.633773810198208594e+02
3.623402303795315902e+02
3.618694451887329251e+02
3.600977948667419923e+02
3.596563577236254901e+02
3.575421062330506174e+02
3.543502579857493515e+02
3.535664719964153164e+02
3.530171007978739794e+02
3.523570364904294365e+02
3.502122069092029619e+02
3.500494005523273131e+02
3.491032718016528520e+02
3.478686631243788838e+02
3.469490862513046636e+02
3.453504470673340165e+02
3.445983399382900529e+02
3.442437163209972368e+02
3.408533596927214830e+02
3.390377485734375682e+02
3.384888589595629469e+02
3.377682678312813209e+02
3.364194961263645496e+02
3.363509267779033394e+02
3.352037275912253449e+02
3.341336917658828725e+02
3.304776744983931849e+02
3.297826292832314152e+02
3.265887866914527535e+02
3.244970035320538955e+02
3.244056357753448765e+02
3.240626784340866493e+02
3.229151909713013993e+02
3.226687923698367513e+02
3.217215217987075562e+02
3.215518931551778223e+02
3.210073783911992678e+02
3.189313693425615952e+02
3.182152927879423601e+02
3.167147515949146737e+02
3.153285373476375071e+02
3.131777506919521556e+02
3.114158796792508497e+02
3.112498582974565124e+02
3.109103802050676677e+02
3.099782924846533092e+02
3.088665029119230212e+02
3.076403250370548790e+02
3.073786153049252903e+02
3.053413583417673181e+02
3.051241205679996824e+02
3.044969440490355623e+02
3.035444262978957113e+02
3.023590099839028085e+02
3.019845060571664135e+02
3.001526440221751955e+02
2.999388305214839647e+02
2.976255325857083562e+02
2.967421935884176492e+02
2.966018063223060608e+02
2.956554508637956928e+02
2.953618867709291749e+02
2.940555390519738239e+02
2.922205235969170758e+02
2.914291625086313502e+02
2.910853216078771766e+02
2.904241436429857686e+02
2.884738511909731074e+02
2.878797606858589688e+02
2.866358118977798881e+02
2.845822054222607562e+02
2.844573715432505878e+02
2.832898001585743373e+02
2.812301398265570356e+02
2.809171026152255877e+02
2.809122981651921691e+02
2.795352273019920517e+02
2.788989836888322316e+02
2.774923712749017568e+02
2.763885855289211690e+02
2.757336114932188025e+02
2.753861599412946930e+02
2.746218254349367953e+02
2.736268156516786689e+02
2.727713274176346090e+02
2.722136641488742157e+02
2.713677639930228906e+02
2.710769282026849396e+02
2.706632287041590530e+02
2.698936225922008703e+02
2.695946884326152713e+02
2.685344603373626455e+02
2.678416071289419165e+02
2.675562323934998403e+02
2.649245150415594026e+02
2.637539020532336735e+02
2.635996112059747247e+02
2.616287653923985772e+02
2.602909859770671233e+02
2.594501819260156594e+02
2.588104723463292771e+02
2.571152293365300352e+02
2.563956845901362840e+02
2.563862521524594058e+02
2.541358564951289054e+02
2.540447801635465623e+02
2.537366296175291325e+02
2.526138493549671011e+02
2.522247470538716811e+02
2.513301447627502512e+02
2.506781632529322792e+02
2.484967883993421935e+02
2.484790134449377774e+02
2.472235454604302163e+02
2.470331986412782328e+02
2.458577970749118435e+02
2.457240921012666490e+02
2.449113880542431900e+02
2.444523188184753337e+02
2.432721968356718492e+02
2.429491578527740216e+02
2.424036628082993161e+02
2.421672697610853220e+02
2.405602535433001776e+02
2.404878438439850470e+02
2.402275504029416879e+02
2.372404929890891765e+02
2.360442592791482355e+02
2.354514765697272480e+02
2.350323003320022792e+02
2.345942575632015519e+02
2.338262921780101919e+02
2.335847009071471803e+02
2.333760072469863474e+02
2.324627745470658908e+02
2.300406240391895381e+02
2.286400580921161350e+02
2.280236522505522885e+02
2.279040960565362184e+02
2.271189881131493564e+02
2.259843970428153455e+02
2.255690697847309707e+02
2.251909171735980806e+02
2.245558427653122919e+02
2.231145082408595499e+02
2.224927413867100654e+02
2.220445398035956543e+02
2.216924231984000642e+02
2.206113010090526814e+02
2.202110220876109850e+02
2.194711507769504522e+02
2.182140460149321370e+02
2.178135321599689291e+02
2.175548607225710214e+02
2.169815546971192362e+02
2.168648099731820196e+02
2.166293556974258081e+02
2.150292126865702187e+02
2.150124218445475890e+02
2.143739940140661986e+02
2.120424818011870514e+02
2.120414451418764941e+02
2.110829088046873778e+02
2.108738182111769675e+02
2.102349233549882399e+02
2.098950698949542186e+02
2.094199252725258873e+02
2.091290471349856546e+02
2.087702844238858972e+02
2.070622863517986900e+02
2.058341139765186085e+02
2.049086618486449254e+02
2.045447473398938598e+02
2.042167645425150795e+02
2.034925308045957593e+02
2.032838247149399535e+02
2.026418339563991253e+02
2.017059607334647353e+02
2.014629490393010656e+02
2.011890396920492492e+02
2.009285931187594656e+02
2.006777766082640824e+02
1.996641188564333333e+02
1.990943199949449820e+02
1.981176909258179251e+02
1.979865241827036186e+02
1.966455875579469534e+02
1.954938160071255595e+02
1.953785204612078417e+02
1.945047341233195368e+02
1.944146471358755548e+02
1.938971788605939821e+02
1.934701367583414822e+02
1.924315662589379485e+02
1.921288684552474422e+02
1.909765836565122186e+02
1.909442308830888919e+02
1.893371504495211468e+02
1.886202677761409632e+02
1.885408970871913255e+02
1.881144301069955134e+02
1.880533178110465258e+02
1.870495392713861520e+02
1.862210629224767615e+02
1.858690463311397423e+02
1.856198274278332860e+02
1.839155119904689570e+02
1.835466246773435159e+02
1.825427007603262837e+02
1.825370346906930195e+02
1.821238596860412429e+02
1.821201509396879601e+02
1.813643686904595143e+02
1.813542917365502944e+02
1.805378085247753290e+02
1.801221803116407330e+02
1.793117161563931461e+02
1.784388240266144123e+02
1.780007598695997046e+02
1.767708435779350680e+02
1.765627254491019187e+02
1.757916106080742225e+02
1.756645523858748561e+02
1.746830829913406262e+02
1.746305917373515513e+02
1.739290570529920217e+02
1.734877647606156188e+02
1.727059777978457475e+02
1.717951688911130077e+02
1.714968632612806516e+02
1.708209754663461410e+02
1.700629331100919046e+02
1.700465483170219727e+02
1.697608583330516296e+02
1.687014558659935233e+02
1.685949144288909451e+02
1.671606591763792267e+02
1.669436279057276238e+02
1.667767922298933456e+02
1.662877619102227413e+02
1.661192982611314903e+02
1.652610065668159507e+02
1.641559263078298727e+02
1.637978094142730754e+02
1.629545623378421908e+02
1.629346991467345731e+02
1.622973896451424025e+02
1.613925578114710220e+02
1.604281541424370232e+02
1.604006423959833114e+02
1.598272433798779559e+02
1.592327850422691711e+02
1.588478263592148778e+02
1.587408997930761529e+02
1.583472820209584029e+02
1.581578690534013845e+02
1.573923482089023196e+02
1.570289450921156060e+02
1.557834526418224925e+02
1.552632077152424870e+02
1.539845860676042548e+02
1.539826107761689968e+02
1.537044137626274107e+02
1.529890522367150538e+02
1.524434089706218458e+02
1.516995064058536400e+02
1.509875691215042934e+02
1.507911379548752393e+02
1.499722908150498597e+02
1.497009073803641286e+02
1.496224686416227883e+02
1.490277902590736403e+02
1.483419387574720929e+02
1.476711274561649816e+02
1.467280624935951039e+02
1.464535428324586803e+02
1.460583395096160757e+02
1.457012448468785806e+02
1.447711834552546293e+02
1.444838086382245308e+02
1.437889263650863825e+02
1.437569771307958035e+02
1.433701192060171650e+02
1.427588634955352234e+02
1.417343156284970860e+02
1.414142014736962381e+02
1.403225320147844002e+02
1.400417805288197428e+02
1.397792354445340095e+02
1.385467485421344236e+02
1.385121543393957779e+02
1.381282162770584989e+02
1.376677715354347526e+02
1.369616946657640995e+02
1.368585381134845136e+02
1.362517801778152773e+02
1.360569543397375298e+02
1.349695128983884445e+02
1.349149550515406304e+02
1.342989152651604741e+02
1.342687213091408012e+02
1.339625793888965006e+02
1.332578901530552855e+02
1.325190725436791013e+02
1.321954432969809545e+02
1.317239080311924795e+02
1.315197373995168277e+02
1.313996613856332942e+02
1.308720964004314737e+02
1.306693928732303789e+02
1.304539922827810017e+02
1.290933111467873573e+02
1.287228287960287787e+02
1.286706140182795934e+02
1.283245380474891988e+02
1.275675910741491066e+02
1.274437859323417541e+02
1.272554490648270900e+02
1.261663163276283228e+02
1.250990729213258277e+02
1.250384650964158340e+02
1.245072347950475660e+02
1.243159829108007273e+02
1.242599284980340144e+02
1.236052025224914104e+02
1.235181168557417379e+02
1.232366248085805864e+02
1.224625201967448191e+02
1.223638723204428231e+02
1.219001705095157035e+02
1.214469606320771646e+02
1.213891449973012300e+02
1.208825544458828460e+02
1.199202010732166173e+02
1.196833390816278921e+02
1.194023769599601792e+02
1.187195538600000049e+02
1.183767759668447042e+02
1.175988131374549965e+02
1.175107456142267068e+02
1.171571344840069031e+02
1.166657024682540253e+02
1.165488791261272894e+02
1.159919497485123117e+02
1.156468382928038210e+02
1.153531151651015279e+02
1.152309933022312407e+02
1.142136888208830641e+02
1.139035903658077444e+02
1.129230620754795353e+02
1.128632462904979690e+02
1.125264290041875341e+02
1.123028920763996155e+02
1.114246839128269926e+02
1.107375639015551343e+02
1.101869114480858514e+02
1.098679345926892097e+02
1.095967062281618780e+02
1.091153208358350071e+02
1.090859456118593300e+02
1.085704812119796685e+02
1.080964006114955112e+02
1.076683536520193485e+02
1.073640115607878016e+02
1.072422125043542422e+02
1.063541562751237137e+02
1.061594099215330260e+02
1.058747498489095449e+02
1.055221231481180411e+02
1.048858196226744326e+02
1.048331001599784855e+02
1.040591551864533812e+02
1.037649057632756353e+02
1.034828017345576541e+02
1.030413016271767361e+02
1.029308183013216080e+02
1.024103538741016735e+02
1.022502020949755064e+02
1.015023981813850185e+02
1.013976203187311000e+02
1.007940791443548534e+02
1.006483442141254727e+02
1.005167781828923381e+02
1.002421544388264039e+02
1.001327407258690698e+02
9.930877453080147177e+01
9.924228242117187904e+01
9.873106204932129515e+01
9.865289324775173441e+01
9.806851196371418666e+01
9.771894891345741030e+01
9.697629753340797265e+01
9.696891875455281706e+01
9.668345259904637601e+01
9.649106862450783240e+01
9.558170341996293473e+01
9.541060814704879078e+01
9.523718180268460287e+01
9.456230077132318002e+01
9.426400049858783348e+01
9.408829837948188413e+01
9.381312919622286017e+01
9.329102433479786782e+01
9.319409399252654680e+01
9.315977966176991742e+01
9.214044773560895862e+01
9.197764318712326315e+01
9.162756499031331714e+01
9.156687232679082911e+01
9.099781900654443234e+01
9.049416602064758308e+01
9.020927637374622066e+01
9.010577205991886274e+01
8.950042309325226597e+01
8.947921378502134360e+01
8.865068576927598087e+01
8.854725504924859081e+01
8.849642002808818120e+01
8.815775983021342199e+01
8.754125249239562834e+01
8.751727835674540756e+01
8.738822381323636534e+01
8.673126305728915497e+01
8.572957874913058163e+01
8.566313791831450430e+01
8.497944433058819413e+01
8.497457629298169479e+01
8.464486883493104585e+01
8.410401311608465846e+01
8.361882271186145488e+01
8.338726507869584736e+01
8.311675704974548751e+01
8.253174743864437346e+01
8.230445497832921831e+01
8.203825822207952001e+01
8.161650433382718006e+01
8.152322454437269528e+01
8.124203412959413129e+01
8.028638013168009024e+01
7.973876127496093602e+01
7.956361296603506617e+01
7.922290114528860272e+01
7.910691951918650489e+01
7.894538375297729260e+01
7.881359581184031526e+01
7.867749480316253141e+01
7.815706694384137165e+01
7.785421600279124732e+01
7.774396177823359722e+01
7.708062460325118082e+01
7.692470224390747546e+01
7.652091186566150327e+01
7.601270769849804765e+01
7.568723425922416936e+01
7.543527509061506464e+01
7.515530905728380162e+01
7.459418759357767215e+01
7.459406292302882946e+01
7.432387034067478737e+01
7.406439198876199725e+01
7.319524318851638611e+01
7.310139442144786415e+01
7.294055479649072993e+01
7.267901183081222882e+01
7.221234794026051418e+01
7.206046318338052004e+01
7.139863184563211007e+01
7.137863331227931951e+01
7.089685772031326394e+01
7.084069901156659910e+01
7.048846542790199976e+01
7.020858975114903444e+01
6.968537424059486796e+01
6.931054745795626104e+01
6.911714032852880507e+01
6.901205754145155424e+01
6.890963966255067419e+01
6.848679033937897032e+01
6.810195417305602916e+01
6.793140777723986901e+01
6.769156120261322940e+01
6.762694662626013553e+01
6.697421573961837282e+01
6.653307290423990139e+01
6.641452967326834766e+01
6.615708814536532145e+01
6.578098123839716038e+01
6.534246123453080202e+01
6.521257736420210449e+01
6.486986623143843644e+01
6.465953054350964635e+01
6.406974690444069154e+01
6.398012677814076454e+01
6.336240000527187988e+01
6.313321425138493481e+01
6.297140588315693321e+01
6.263458560567858058e+01
6.234308622711092340e+01
6.188278791972422965e+01
6.146110760824273456e+01
6.136367571766189855e+01
6.132886020571331187e+01
6.084249263172280564e+01
6.082615495493094926e+01
6.066381154236831463e+01
6.045353497127565845e+01
6.028763525519050148e+01
5.969078280445364726e+01
5.918130287099051401e+01
5.888192033318031804e+01
5.886219908541666967e+01
5.866324025090497685e+01
5.821495331967084041e+01
5.784860125150679266e+01
5.774499052549369793e+01
5.753374227182082024e+01
5.734371842544764064e+01
5.671986824687543560e+01
5.632718351990661887e+01
5.613422501495678318e+01
5.598897943360835683e+01
5.561939557455505678e+01
5.550641913938599004e+01
5.539070970089762369e+01
5.535771759747094478e+01
5.491791354542432657e+01
5.476549324588557965e+01
5.421366968173369116e+01
5.400500378616307273e+01
5.383921199666983881e+01
5.367738125941659177e+01
5.349211288894305483e+01
5.321727660145185723e+01
5.277420959414983059e+01
5.258385865363827349e+01
5.245900183613285606e+01
5.216947172514922926e+01
5.178589429651601250e+01
5.159632142691698675e+01
5.102173059991129378e+01
5.101003388570305930e+01
5.044922505282580261e+01
5.019630552113110156e+01
5.019592240086817725e+01
4.990588465817933184e+01
4.971012947419082195e+01
4.966335511693497295e+01
4.933350053220482323e+01
4.927942851477414621e+01
4.880511087709090390e+01
4.855748789932604836e+01
4.830315176864050386e+01
4.819631632939399424e+01
4.800445900964958668e+01
4.791989071409719259e+01
4.752719691650590050e+01
4.707717788700365702e+01
4.707295110893817736e+01
4.696883941865075940e+01
4.639206111986433001e+01
4.627344637691324891e+01
4.592602881927707870e+01
4.591967533912583121e+01
4.547692852775708161e+01
4.545789583564904746e+01
4.468707530063666411e+01
4.449177994003139247e+01
4.446854200181783767e+01
4.403667511924626865e+01
4.366543293241297619e+01
4.332148478969532590e+01
4.317982599314485270e+01
4.294049920760674155e+01
4.279097757513378752e+01
4.275193825037548834e+01
4.265566301623648826e+01
4.230364354204915145e+01
4.204351143071108510e+01
4.196168976355413349e+01
4.155300680766890764e+01
4.132421290897499944e+01
4.109475023419373940e+01
4.107991942141974562e+01
4.069456886859174460e+01
4.056410391983787633e+01
4.047884321637695137e+01
4.020202462544278177e+01
4.006538949158060348e+01
3.976549875127224709e+01
3.941451394857240587e+01
3.925026622478480931e+01
3.884577594140842649e+01
3.874186586083356332e+01
3.856088602619077932e+01
3.833444832875266428e+01
3.827667223745816472e+01
3.813409125306756664e+01
3.790041437054210149e+01
3.747080002578518076e+01
3.744048668960709847e+01
3.734704519030883318e+01
3.704902042817261787e+01
3.664134518857679268e+01
3.661732576335109002e+01
3.613644891820533900e+01
3.611299675087335714e+01
3.592836273837482253e+01
3.540733723242704656e+01
3.518861648517211904e+01
3.490980905254011191e+01
3.453727511797438154e+01
3.453178511609298340e+01
3.423606728267080257e+01
3.420592344000140628e+01
3.392124960843991488e+01
3.379384324489180358e+01
3.369289680150219368e+01
3.349628339840447921e+01
3.321505162559191859e+01
3.284595682049243237e+01
3.253894267390513306e+01
3.248942990925389296e+01
3.238349910282233424e+01
3.234944805684001068e+01
3.227821528436069087e+01
3.202810544233184231e+01
3.169678960589352812e+01
3.153488319088653924e+01
3.132737920128600351e+01
3.094087825967963923e+01
3.088614357083634587e+01
3.061061840468776296e+01
3.048130909334102157e+01
3.040740653775020164e+01
2.994864417903029974e+01
2.985485031423955249e+01
2.975022825128275628e+01
2.969404045853094587e+01
2.953977834815183101e+01
2.915205712393704118e+01
2.869874829154855078e+01
2.840290798795530947e+01
2.830244759872812921e+01
2.826570346901673858e+01
2.821051230550305888e+01
2.762873747687570969e+01
2.755533394374363354e+01
2.716798246834993336e+01
2.712525873102585905e+01
2.692180900893482232e+01
2.666885557746558888e+01
2.648478075275974319e+01
2.637569882794821652e+01
2.615461103230721562e+01
2.610407088076543758e+01
2.592926562581078187e+01
2.554038123798408222e+01
2.547446166994479100e+01
2.502721697361306497e+01
2.494561754233216888e+01
2.461637922409064316e+01
2.460269959463688494e+01
2.456006128339989658e+01
2.435464991432043647e+01
2.416958322846999607e+01
2.393605217555179721e+01
2.379409922734016547e+01
2.363608316041644031e+01
2.355713210424076109e+01
2.316444559018573202e+01
2.292652844453147765e+01
2.281542434456598301e+01
2.267194293372007508e+01
2.254633284129326398e+01
2.220730028739105677e+01
2.206275112234216351e+01
2.185355947467312632e+01
2.155749999993269839e+01
2.149614106109661549e+01
2.137265393895571819e+01
2.105507554569189566e+01
2.087882122270947249e+01
2.082674662213201344e+01
2.071505441914768753e+01
2.043245735174669164e+01
2.039598344596565482e+01
2.017212854654603404e+01
1.991815649620972906e+01
1.990473315527677656e+01
1.976785675493144723e+01
1.970504871633150046e+01
1.945728498311712329e+01
1.943499269373558391e+01
1.908878981652962992e+01
1.879022980790661990e+01
1.863478631128149132e+01
1.862434032182499166e+01
1.852694092605493026e+01
1.839818051809686494e+01
1.830596200965864639e+01
1.794966624653148557e+01
1.786883775711667965e+01
1.763782826300145246e+01
1.763650972949923457e+01
1.752007437209800145e+01
1.726521834023659707e+01
1.710763692578399997e+01
1.709756323258626054e+01
1.693098847195923540e+01
1.651803124076642959e+01
1.632550190424239389e+01
1.619852850090189733e+01
1.589295498671553375e+01
1.588461381574267861e+01
1.562050788044576421e+01
1.554318918015756879e+01
1.553602105695942370e+01
1.533517696330242863e+01
1.497833992160227012e+01
1.488611784088267598e+01
1.458345611844119816e+01
1.432367347872127006e+01
1.430397820639271700e+01
1.417885487897920171e+01
1.416707189791412524e+01
1.397075449976263606e+01
1.380281390058096846e+01
1.333505435226336466e+01
1.331343067814370329e+01
1.308900357083396315e+01
1.299169054910145604e+01
1.277015855785435861e+01
1.265512932108907940e+01
1.259975450143714681e+01
1.217362601394298061e+01
1.206044477357831823e+01
1.192660728657585523e+01
1.188750157379769945e+01
1.161896918064080353e+01
1.158467657441416598e+01
1.154011914106934533e+01
1.141207705707654085e+01
1.119152569007193065e+01
1.117198462975855655e+01
1.082650871202755738e+01
1.075992282277923628e+01
1.070481338678823668e+01
1.033900053353356085e+01
1.025023384793746217e+01
1.012675320021025271e+01
9.745957663896223977e+00
9.673986377173065421e+00
9.567062885999231270e+00
9.497845766260185840e+00
9.285242828045928931e+00
9.282768236698215603e+00
9.212849074574723574e+00
9.135945583810308079e+00
8.847219637474879050e+00
8.754262883545390395e+00
8.555088638833906245e+00
8.518255042211805517e+00
8.335811597976539034e+00
8.253335188117480570e+00
8.228591238496543170e+00
8.069019014236330278e+00
7.908366111339611315e+00
7.624733011869561317e+00
7.527708257729473829e+00
7.509650576846118142e+00
7.394828641472463993e+00
7.208277261304526284e+00
7.191989889490130849e+00
6.965206793320050771e+00
6.897791585490495869e+00
6.838322310893698130e+00
6.723069071463677382e+00
6.491421307407991392e+00
6.407939238541299432e+00
6.248505178669846671e+00
6.127627875735758067e+00
6.021491975882618419e+00
5.915052732430799765e+00
5.718441759704978367e+00
5.600112284000179130e+00
5.469182254758735873e+00
5.289949718097562759e+00
5.033069123681565671e+00
4.988032606628746812e+00
4.834991204564285106e+00
4.754348038273598753e+00
4.556234228498609262e+00
4.359338254272632440e+00
4.279249139897665088e+00
4.244365581276744237e+00
4.092631889682643020e+00
4.050746780849334705e+00
3.708917037428542063e+00
3.685942672835792244e+00
3.612149283865582206e+00
3.573026513515298763e+00
3.556138477324039648e+00
3.347822750269224823e+00
3.254781421589610702e+00
3.199228678579246310e+00
3.042997809024130085e+00
3.019837839623502163e+00
2.722005835469033741e+00
2.679386451957590953e+00
2.620685784568196119e+00
2.527121191650144816e+00
2.489537396581545270e+00
2.386818728917196708e+00
2.144204067746142695e+00
2.086877844369196211e+00
1.978594082968947676e+00
1.841318826021752120e+00
1.628158085558190304e+00
1.523497127088059289e+00
1.449321944453288546e+00
1.373802596422806888e+00
1.169840868346017304e+00
1.095338076200096822e+00
1.035879184453855517e+00
8.750295438074463528e-01
7.928940136029827279e-01
6.716910350274705177e-01
3.769468562028344683e-01
3.036203686357203946e-01
1.968233811197407923e-01
