# Singular values
5.644169090844647485e+01
4.286173722829126120e+01
3.964029336140926318e+01
3.291683476211344583e+01
3.197533847045751543e+01
3.102805909401919138e+01
2.876801939076822023e+01
2.827937348659811789e+01
2.776934145394959330e+01
2.688841028589510529e+01
2.672380272198260798e+01
2.608162993893654047e+01
2.431182408801987549e+01
2.267229477370088375e+01
2.221333480548894102e+01
2.209026063814041052e+01
2.055457001190082167e+01
2.027927744591947246e+01
1.892503395215845785e+01
1.867623513469104068e+01
1.778463604730254843e+01
1.771151715751088318e+01
1.721010472041920281e+01
1.668927295417898193e+01
1.662476301150378433e+01
1.600148988965938202e+01
1.591048801489511355e+01
1.539232149063383481e+01
1.392070620691101723e+01
1.357911702638048901e+01
1.335079726635716391e+01
1.322635099515812840e+01
1.308187801468424105e+01
1.287827907730760657e+01
1.284441204318695817e+01
1.229237184543251793e+01
1.227426946806115993e+01
1.214975575493825843e+01
1.195956220478361054e+01
1.188924123492352258e+01
1.175954334284040037e+01
1.163734282580455215e+01
1.146786841645321964e+01
1.136247777224234490e+01
1.130511880130203295e+01
1.114457744973843489e+01
1.083484999678707084e+01
1.069715895308960008e+01
1.059401398591431054e+01
1.051759967712844279e+01
1.043669685707618555e+01
1.027605123458091896e+01
1.024379492774284195e+01
1.002730725521218780e+01
9.988401143550092343e+00
9.896356815100634918e+00
9.881487753516468686e+00
9.805276439722700133e+00
9.722880443471426659e+00
9.596022117864023926e+00
9.583994742738452643e+00
9.384315558105598143e+00
9.256617099767618484e+00
9.092165454309368400e+00
9.047769534065556840e+00
9.035296699892166217e+00
8.977926537832878751e+00
8.714458523893332753e+00
8.592707461907517441e+00
8.491572252012295152e+00
8.451359985192173241e+00
8.349530415586261967e+00
8.345281929725040015e+00
8.196952510681265736e+00
8.183995959987864666e+00
8.178914131109197072e+00
8.038581802153759170e+00
8.037074763223664320e+00
7.974768741663465832e+00
7.897575958852221412e+00
7.855653215191376049e+00
7.777228655470724838e+00
7.722432209387158686e+00
7.701288136945368734e+00
7.677004917393252192e+00
7.660383180269919379e+00
7.597756452261272386e+00
7.492079465259972260e+00
7.487437218940582895e+00
7.406783616531757986e+00
7.360792384735282745e+00
7.173550619924404792e+00
7.172284063205848881e+00
7.122816324177406955e+00
7.053527246173551646e+00
7.017936368979019512e+00
6.999541422814753666e+00
6.889734368297233402e+00
6.888403630238296493e+00
6.836641613180051813e+00
6.762892055101224820e+00
6.732287428735991952e+00
6.604793012373697536e+00
6.571487720937785326e+00
6.524286949287821713e+00
6.497581128120243577e+00
6.460322351538567709e+00
6.410043266580148114e+00
6.402729316777795887e+00
6.344247788019427681e+00
6.301490579085927024e+00
6.176036349249337754e+00
6.108617337932889413e+00
6.102363116535918230e+00
6.081390497854899380e+00
6.038476349792254894e+00
6.015405340949270929e+00
6.000047329770111126e+00
5.982995157757111215e+00
5.909438179444433281e+00
5.859278512077618295e+00
5.851302459291560787e+00
5.829854263864935326e+00
5.789622102836508688e+00
5.763855974618391720e+00
5.726110992659838139e+00
5.694357983330193385e+00
5.655135208748918174e+00
5.632328544072983334e+00
5.519154801479497330e+00
5.511646192705013547e+00
5.510818840265912399e+00
5.468863003333961359e+00
5.455853078459449002e+00
5.431485479137702299e+00
5.427100461194465986e+00
5.374039747649726806e+00
5.373239969126497151e+00
5.369764765686023011e+00
5.341372560190277952e+00
5.340986272971231408e+00
5.309304753966427981e+00
5.299584322104519352e+00
5.284538376343555832e+00
5.248114625626377538e+00
5.238337701079644582e+00
5.220705759934745949e+00
5.198910311987975597e+00
5.174532880211785368e+00
5.166191696506990283e+00
5.165833796610778350e+00
5.127334008376052132e+00
5.108945565543482559e+00
5.095341710318139761e+00
5.084315442191656764e+00
5.082639796499472062e+00
5.065098657835099161e+00
5.043029783490710294e+00
5.036952944721846848e+00
5.004034698568349704e+00
5.001184905489640009e+00
4.985965625454690908e+00
4.959813572419571770e+00
4.958511448587336723e+00
4.918513160529431438e+00
4.918489195936925462e+00
4.909840692501163950e+00
4.896314485770483671e+00
4.868347366730031212e+00
4.850882942898527617e+00
4.839744236851383441e+00
4.821480767761666009e+00
4.812671651849305121e+00
4.777309510319268426e+00
4.773924574286483313e+00
4.765202519196256148e+00
4.756340884990306606e+00
4.745553624320201891e+00
4.718715630439203501e+00
4.712394718002163252e+00
4.690912495466087684e+00
4.690302243339448118e+00
4.678968600402876987e+00
4.658302461279766327e+00
4.656469459532563526e+00
4.619160555855495787e+00
4.599432877216362847e+00
4.579640500368645561e+00
4.556865890461117452e+00
4.551065756480297431e+00
4.544044792167333924e+00
4.530717593036730939e+00
4.495036830678312612e+00
4.484868335159575281e+00
4.464600065092509062e+00
4.429442016314387054e+00
4.400637268229893095e+00
4.377103611352843870e+00
4.362628301721009905e+00
4.356586785724879896e+00
4.335155797600238614e+00
4.323974294938365937e+00
4.304361880284621300e+00
4.303698512681599198e+00
4.286339621114391818e+00
4.284975974713971070e+00
4.248677570530889014e+00
4.230322392324678660e+00
4.217470857987063226e+00
4.203096775527919604e+00
4.186784354084778670e+00
4.166772109503191324e+00
4.157831887790204739e+00
4.153506376825166768e+00
4.129055976690648500e+00
4.096787108941997602e+00
4.085015219064283443e+00
4.075492543059615613e+00
4.067580758097482985e+00
4.053151485559042477e+00
4.038206368847528260e+00
4.033892982382817571e+00
4.023858952103200437e+00
4.015917032590206048e+00
4.015417149803717223e+00
4.010934833990975612e+00
4.007195312128189357e+00
3.984237306754825347e+00
3.965494381524626633e+00
3.963277263936359596e+00
3.949289483688475766e+00
3.939167936476321241e+00
3.928587023161373093e+00
3.925878662416320886e+00
3.914585598179175729e+00
3.910296219827519515e+00
3.909197176312295685e+00
3.901118612710496869e+00
3.897534387615977369e+00
3.889489803822687275e+00
3.884893959155401699e+00
3.876347842805086596e+00
3.869682649318462619e+00
3.850499188756770774e+00
3.847999677317202938e+00
3.842357460820584159e+00
3.823618494111773014e+00
3.820537448062816477e+00
3.811243166236575330e+00
3.806882718503773244e+00
3.805491445734502154e+00
3.797578214669691032e+00
3.792395906116730941e+00
3.790866023008517605e+00
3.770623916044505641e+00
3.762512776593307962e+00
3.757528177807011094e+00
3.753103624348276490e+00
3.747385886264460897e+00
3.744194602082867362e+00
3.741752591456676491e+00
3.709213554192856144e+00
3.702853121369637623e+00
3.694611409406466596e+00
3.690224331154371651e+00
3.668161848604664321e+00
3.653745051587356407e+00
3.651891403696608140e+00
3.638241945566784263e+00
3.616661782187380325e+00
3.608345380765548782e+00
3.605655981483080641e+00
3.592703438424170503e+00
3.575597765152459306e+00
3.575250346717028016e+00
3.563977638771589795e+00
3.560132011040056277e+00
3.540351492226533558e+00
3.529214582266248179e+00
3.527121908917921100e+00
3.512337873981480563e+00
3.510336127080995183e+00
3.504436203880219480e+00
3.502029867461973200e+00
3.497295647477573155e+00
3.492997380619838665e+00
3.487022120070891074e+00
3.485197128341534611e+00
3.461775697614378533e+00
3.456852443632407290e+00
3.443340539803445122e+00
3.441452521216421534e+00
3.435493460747550909e+00
3.433310317932833478e+00
3.418970175294225200e+00
3.414976237149165872e+00
3.410967383593138891e+00
3.404678573800399732e+00
3.389168961830354654e+00
3.381479380543772617e+00
3.380810554297970949e+00
3.367816445147412630e+00
3.366287272360042770e+00
3.360434842239525377e+00
3.357648733259884111e+00
3.352904198131941627e+00
3.351680926219501533e+00
3.336924215562781626e+00
3.334209783404921357e+00
3.333717510388295668e+00
3.321037369169793863e+00
3.320406850507053420e+00
3.306114737106944812e+00
3.300719881950017420e+00
3.299876181808818032e+00
3.299357946869450053e+00
3.288720694754996288e+00
3.283703181791880255e+00
3.278353287197425914e+00
3.271495311732500966e+00
3.268267325423060310e+00
3.267861602253447462e+00
3.263455726348972963e+00
3.256891060212909750e+00
3.250469873706658852e+00
3.239096472417915873e+00
3.238729211787532591e+00
3.230011917210818595e+00
3.222725672250416729e+00
3.216783979679134209e+00
3.214298822746551654e+00
3.207494299102354951e+00
3.197778936251279180e+00
3.191772361714349859e+00
3.188594932573075358e+00
3.188423050925252245e+00
3.180344317986529834e+00
3.177847610329943340e+00
3.174911716089432456e+00
3.161536602490698566e+00
3.160988043322373375e+00
3.149645161252204950e+00
3.145772844926214784e+00
3.142202019358983023e+00
3.140760457395301408e+00
3.139621953950824107e+00
3.138957472588346231e+00
3.137666250091350584e+00
3.131646589827413063e+00
3.131309161238494454e+00
3.128130411865126526e+00
3.123040680213231113e+00
3.116007106989414854e+00
3.109872179175344531e+00
3.105524713053224417e+00
3.102774432470010169e+00
3.094756741273452239e+00
3.091618373244571227e+00
3.076608580524416325e+00
3.072211836338924584e+00
3.066175078645386520e+00
3.062530406543232164e+00
3.057176892853462391e+00
3.055090854200395611e+00
3.050664806454127742e+00
3.050024213570550646e+00
3.047742973845753323e+00
3.045199888693549628e+00
3.038867240309177653e+00
3.033973072482663458e+00
3.032164455465643726e+00
3.024883237487938192e+00
3.024859096831715277e+00
3.014000587119133989e+00
3.013270178514150466e+00
3.004717510979754369e+00
2.998427123096198521e+00
2.996787641213048303e+00
2.991981425110477044e+00
2.988042701452036098e+00
2.980664756449105113e+00
2.969717005043091440e+00
2.968771806320032347e+00
2.966261319928348072e+00
2.963350958995055073e+00
2.962664018969497270e+00
2.956308147555323007e+00
2.950466536821277685e+00
2.946130300762069609e+00
2.943945408790595408e+00
2.939438382328231736e+00
2.931207366689603688e+00
2.927149645104798470e+00
2.925201538105288268e+00
2.920362498234866155e+00
2.917933677318425900e+00
2.915950046870399603e+00
2.911113929646226062e+00
2.905521258516898797e+00
2.904513551443627772e+00
2.892366334149187423e+00
2.891118801122348092e+00
2.889125337493819057e+00
2.886606358523615246e+00
2.881501433721040950e+00
2.878246110006449143e+00
2.875977417689850490e+00
2.869873186547994059e+00
2.868801287925458521e+00
2.865630470743907754e+00
2.860262332187729850e+00
2.859018235162212651e+00
2.857577402381704434e+00
2.855478632134074601e+00
2.851325006181384847e+00
2.849068744897162553e+00
2.848180890508092311e+00
2.842087593370534293e+00
2.835233506536556369e+00
2.828929437878699549e+00
2.828149530498217157e+00
2.823702082791447854e+00
2.815175062633744396e+00
2.814556007470783161e+00
2.812665956853749982e+00
2.808208566491422253e+00
2.803727542677882489e+00
2.801508813759296057e+00
2.801258531459447365e+00
2.794704552840479028e+00
2.792372336124671506e+00
2.790175429306172905e+00
2.787116296760686396e+00
2.777215009661822886e+00
2.774729948545052505e+00
2.772051393297727095e+00
2.764571978147528863e+00
2.758769361734105363e+00
2.752210893015575977e+00
2.751832693757442438e+00
2.743610766943838986e+00
2.741841652602679424e+00
2.740169721701906091e+00
2.735384161976091910e+00
2.733190471349168149e+00
2.731976490873313068e+00
2.729348886900177185e+00
2.727455650799210041e+00
2.722426372426780539e+00
2.721102433409094079e+00
2.717505665263040271e+00
2.715829282457053573e+00
2.713658637360667036e+00
2.711146053409010825e+00
2.706806909835004049e+00
2.706695234120825688e+00
2.698811944530665752e+00
2.695106335395212049e+00
2.682958603182967749e+00
2.677823334220116536e+00
2.673640634293668938e+00
2.668127424639359813e+00
2.664746844302666950e+00
2.660372066552298964e+00
2.658236105497807422e+00
2.656324500320912829e+00
2.654722757030703484e+00
2.652311152660463023e+00
2.648772516470754290e+00
2.639134468016251844e+00
2.634845738995795550e+00
2.632579801805015052e+00
2.624209392769205618e+00
2.619209710997112417e+00
2.618024190417536534e+00
2.613811746828353044e+00
2.608712443943829840e+00
2.602845753191175504e+00
2.595099964968707429e+00
2.589131881206391039e+00
2.578539217803285766e+00
2.569500709610041511e+00
2.556888155567115462e+00
2.545517243116325989e+00
2.540017538047718126e+00
2.531765786732013357e+00
2.529158323505923178e+00
2.523513723897594652e+00
2.521715983079817480e+00
2.518389154599407487e+00
2.514108404628032645e+00
2.511284005067326852e+00
2.509731326846564858e+00
2.505324002838246855e+00
2.504520437068208150e+00
2.497348942472155109e+00
2.496809732311148888e+00
2.496576946028708388e+00
2.495303163499437815e+00
2.487333565770861288e+00
2.483157126281251514e+00
2.480986247044032478e+00
2.478755808561369900e+00
2.477209849875130487e+00
2.475309775285224223e+00
2.467160225368819404e+00
2.466810884107228041e+00
2.457242125289256673e+00
2.455700833767918478e+00
2.454762880521896840e+00
2.453739284081152050e+00
2.447624991111794213e+00
2.443615315872641247e+00
2.442552171460584898e+00
2.437903153536399969e+00
2.437844584923343660e+00
2.435159156510508627e+00
2.429698912120965115e+00
2.423004954144293954e+00
2.422722213655264412e+00
2.419229132589827636e+00
2.415577089258664323e+00
2.412530763658511379e+00
2.411410541779857919e+00
2.408994889784882965e+00
2.408712355658849003e+00
2.406841713328898624e+00
2.406406052879062507e+00
2.403456000052735853e+00
2.394385741743038309e+00
2.393380447530599753e+00
2.392188901556330460e+00
2.386311711274146319e+00
2.386309022623286147e+00
2.380359656092605469e+00
2.378130307886066053e+00
2.378049602934441342e+00
2.373186380817953189e+00
2.370137031302731234e+00
2.368254845752113980e+00
2.367964678242004517e+00
2.366530158096965764e+00
2.365133474790577672e+00
2.360967831606588074e+00
2.360231099667935428e+00
2.359787068320367442e+00
2.359130177690490271e+00
2.354750721093128440e+00
2.353511827502913434e+00
2.351563432066360537e+00
2.347651988146225666e+00
2.343734791303200726e+00
2.339440791882756443e+00
2.337868850610596461e+00
2.331891579583009300e+00
2.331467477772824370e+00
2.326646556291114720e+00
2.324875173920083693e+00
2.319102598736686893e+00
2.318075783345626917e+00
2.315153844215989576e+00
2.304441539527042782e+00
2.301134599946948800e+00
2.299421028500751252e+00
2.295078368044821904e+00
2.294884446857206051e+00
2.293254926445837949e+00
2.292810775245301080e+00
2.291951696698091734e+00
2.287367699866803328e+00
2.286887849771519043e+00
2.284972745931199256e+00
2.283826853563189818e+00
2.277705321325709686e+00
2.277282187833509219e+00
2.270815704064707674e+00
2.265602770562771706e+00
2.263100682710311506e+00
2.258848383348712296e+00
2.258566200697867288e+00
2.256856546113115591e+00
2.254796831077637176e+00
2.249925022891674509e+00
2.249877943257887036e+00
2.249394363659715790e+00
2.236476614454890655e+00
2.235662816889239846e+00
2.228769472479366520e+00
2.226633222358098685e+00
2.222478434846100193e+00
2.216802992988072596e+00
2.216411793154632992e+00
2.214166705809676561e+00
2.212754804842782974e+00
2.211659187565605755e+00
2.210626871744198141e+00
2.208632790675012725e+00
2.206236560475957287e+00
2.202474229488472268e+00
2.200519434368808369e+00
2.198938389211751332e+00
2.191475214464338350e+00
2.190097411296992647e+00
2.188176175788711042e+00
2.183216916603876179e+00
2.179757094199098244e+00
2.172086387962255394e+00
2.169911519870846295e+00
2.169129329126248784e+00
2.163716686226058616e+00
2.162671853206898476e+00
2.161065008335482318e+00
2.160015031467351854e+00
2.159412605363850268e+00
2.157447034334629254e+00
2.157225584061433388e+00
2.152351420280435690e+00
2.151276508684039523e+00
2.146568536093356627e+00
2.139215206621843723e+00
2.139039327055686002e+00
2.138575782390142788e+00
2.137962839589764297e+00
2.135960835488555976e+00
2.133938666340623680e+00
2.133925770777425068e+00
2.132530153754714775e+00
2.132059155488463809e+00
2.130976461521023158e+00
2.128617562383869455e+00
2.127791521882421044e+00
2.126380536928873966e+00
2.124047049926445663e+00
2.123738683096257240e+00
2.122020699202193050e+00
2.120756137131589281e+00
2.116772260268234618e+00
2.115803026087907934e+00
2.111735483899314758e+00
2.108140609995744263e+00
2.107819806377370764e+00
2.102200619314251728e+00
2.102136685802484806e+00
2.099755986880567971e+00
2.098370510577573178e+00
2.096181477955352257e+00
2.094240121817784850e+00
2.091628314786718068e+00
2.089101630796344811e+00
2.084085138186617225e+00
2.083223412793536067e+00
2.082596877345735287e+00
2.080066173797670004e+00
2.076095926452626639e+00
2.074720703785907450e+00
2.073638828318892458e+00
2.072901926757727775e+00
2.072234495557629952e+00
2.071355180593015710e+00
2.070869911667919450e+00
2.067941715046039519e+00
2.065199567680661374e+00
2.065035873035509173e+00
2.060505103884309630e+00
2.060087766909953100e+00
2.059348782860092708e+00
2.059343075709918924e+00
2.053504993059612982e+00
2.053358954462655372e+00
2.051143552556754734e+00
2.049674172390739013e+00
2.049303342600491185e+00
2.046326874855105338e+00
2.043747679652010429e+00
2.043565690776480537e+00
2.042368918501950681e+00
2.040520116669623629e+00
2.039463342256412570e+00
2.033983190719542478e+00
2.032767132726856829e+00
2.030401617354534949e+00
2.028572792044919915e+00
2.026590439683908507e+00
2.025371657536280789e+00
2.023468346287695674e+00
2.021896927756027473e+00
2.020732773571122021e+00
2.016668621463054922e+00
2.014513588972915770e+00
2.008589156327775349e+00
2.007684550708240145e+00
2.007528891588326925e+00
2.003345344762967883e+00
2.000861068553652089e+00
1.998937145221513667e+00
1.997423352033840693e+00
1.996932617802620991e+00
1.996369387519205896e+00
1.995151539125448403e+00
1.989588151789676296e+00
1.988955158641212417e+00
1.984661357849017094e+00
1.981504946008880719e+00
1.979711014772632005e+00
1.977655905834506900e+00
1.977292248720210255e+00
1.976374403832269255e+00
1.975089228013455545e+00
1.973389532273715608e+00
1.970299527534000950e+00
1.970180419092346868e+00
1.969220335744864325e+00
1.968483874503369480e+00
1.967983907641884578e+00
1.964349117288588076e+00
1.963991758879070293e+00
1.962342437806008588e+00
1.961818678282221784e+00
1.958891647564171778e+00
1.958347525856155569e+00
1.957644055973347230e+00
1.955196481662917263e+00
1.952829037905932541e+00
1.951787063065555161e+00
1.949661998368535931e+00
1.949464750732371465e+00
1.946726955713315999e+00
1.942403329399879697e+00
1.941861271905575004e+00
1.940249617523987169e+00
1.939282800272929652e+00
1.937853497477301179e+00
1.934786867529442622e+00
1.930556654024348839e+00
1.929456812519566800e+00
1.927425339827800288e+00
1.926735782272649855e+00
1.924593648836124382e+00
1.923232171307646565e+00
1.923030830318266604e+00
1.922617326241049973e+00
1.922150684206081372e+00
1.921044808375345969e+00
1.920027250424205967e+00
1.918682578635877656e+00
1.917619371434663877e+00
1.914558648586144551e+00
1.914416263414314034e+00
1.912396576870054377e+00
1.911892341094646008e+00
1.911095137373281849e+00
1.910182331586865345e+00
1.908539013739413370e+00
1.905993969448223968e+00
1.904738758671434384e+00
1.899844689246295903e+00
1.898234331351601245e+00
1.897957496882319184e+00
1.896094381375901472e+00
1.895965508607424743e+00
1.894772256375170993e+00
1.894623415319454107e+00
1.889665168435142206e+00
1.885859109476816897e+00
1.882363352697314474e+00
1.881865845286754269e+00
1.881358536704172080e+00
1.881035209012089426e+00
1.877781330817106520e+00
1.874121984383213979e+00
1.873949405604740992e+00
1.872679452673428946e+00
1.871197449360401999e+00
1.868588026244142553e+00
1.867728953632954436e+00
1.867361006384195443e+00
1.865354292433536898e+00
1.862440412091631137e+00
1.862339144601936614e+00
1.860780157632006659e+00
1.858700347503598804e+00
1.855780142263916188e+00
1.853271032542600283e+00
1.851889645746704227e+00
1.851159930338805548e+00
1.849184861174426597e+00
1.848079029987784061e+00
1.847721193011737206e+00
1.845246989064548204e+00
1.843663424345084900e+00
1.843404761749043885e+00
1.840037646220318956e+00
1.838706881447586872e+00
1.838199363364645400e+00
1.835722167960769813e+00
1.834763094624631385e+00
1.832987734635945110e+00
1.832091541702141280e+00
1.830707551777873698e+00
1.828964324554416709e+00
1.827798789953796854e+00
1.822761669076281121e+00
1.820630187446406589e+00
1.819698287274095216e+00
1.819301891199234467e+00
1.816417463120626463e+00
1.815965934513118496e+00
1.815900372031303389e+00
1.813921501194879937e+00
1.811626171868668811e+00
1.810547952094660573e+00
1.807746869033795445e+00
1.807358679420814296e+00
1.803816181358383286e+00
1.801873021637486305e+00
1.801254856930698978e+00
1.800126571700386924e+00
1.798162519794481939e+00
1.795908991373332153e+00
1.794642707937811110e+00
1.793547600335345438e+00
1.790386637300519723e+00
1.790137036083635280e+00
1.789396016621511487e+00
1.789324009417347927e+00
1.787295192277984279e+00
1.786320533646778452e+00
1.784483465155270121e+00
1.781205895508024328e+00
1.780288886164604234e+00
1.778912720029866668e+00
1.778060381509021015e+00
1.776994530521816440e+00
1.775779809172760348e+00
1.769267549702647102e+00
1.767660323442097559e+00
1.766898136944536235e+00
1.765031827141384735e+00
1.763085164866721177e+00
1.760558533928678893e+00
1.758438906567159954e+00
1.758205320203098942e+00
1.755712919069530198e+00
1.755555083633562052e+00
1.753089008331639720e+00
1.750218427271303723e+00
1.747849159597319124e+00
1.744918557712111795e+00
1.744064630821697826e+00
1.744037396922685890e+00
1.742693548271985859e+00
1.742014725363828953e+00
1.739280116980750579e+00
1.737658261144666039e+00
1.736274081043231776e+00
1.734996852073276363e+00
1.732725726112080089e+00
1.731984205966920598e+00
1.731873564531211551e+00
1.731692336806631927e+00
1.731536654917422036e+00
1.731294930867600002e+00
1.731252151014339713e+00
1.730832410776043995e+00
1.730101683269945401e+00
1.729524996037005380e+00
1.729035127809658956e+00
1.728917157326132159e+00
1.727524424347416376e+00
1.727140445377880029e+00
1.726999139269939976e+00
1.726772495588096756e+00
1.726196086327342893e+00
1.725994026489072963e+00
1.724599418673156803e+00
1.724252591161806958e+00
1.723442384985752085e+00
1.722384880005171537e+00
1.722154359800449619e+00
1.721758401287742712e+00
1.720763930389006768e+00
1.719254099836301952e+00
1.718514123268277238e+00
1.717823064839641978e+00
1.716708579544829583e+00
1.716320270772621059e+00
1.714873278579663429e+00
1.714599370914690724e+00
1.714590596245245013e+00
1.713024749606057551e+00
1.712301820092214655e+00
1.711212904951051383e+00
1.709579924216442004e+00
1.708747482468341294e+00
1.708075075026481260e+00
1.707745039186405966e+00
1.707352773485500741e+00
1.707033534595280955e+00
1.704663147945011170e+00
1.702096283802597920e+00
1.701587447455978452e+00
1.697930482808844177e+00
1.696963682708165111e+00
1.694499996783812135e+00
1.691252339185467468e+00
1.689751470465612027e+00
1.688837979364946840e+00
1.688070972567782269e+00
1.685243042649770873e+00
1.684340773484896747e+00
1.682648529711426644e+00
1.681858500989367622e+00
1.679952439720836743e+00
1.679331833678755936e+00
1.677652556854643207e+00
1.676673535057035425e+00
1.675716944079077342e+00
1.674652541653705251e+00
1.673652659806288856e+00
1.670067290094623402e+00
1.666854355795171827e+00
1.665643988668691122e+00
1.662727623294409485e+00
1.662118504701872723e+00
1.661378069723239648e+00
1.659392024382058572e+00
1.657293717109380893e+00
1.656494835933246756e+00
1.654549218307656222e+00
1.652904433782859117e+00
1.651427098615712019e+00
1.651410548927551236e+00
1.651179911144197376e+00
1.647047526000349649e+00
1.644959549726116022e+00
1.644897508376826467e+00
1.642046646025752787e+00
1.641015441083884641e+00
1.640982029639314277e+00
1.639284396472279415e+00
1.638146576683006339e+00
1.636818791099813319e+00
1.633464888449496000e+00
1.632333800591343254e+00
1.630710281889358626e+00
1.628870710262964927e+00
1.627145480881162065e+00
1.623537749837578037e+00
1.621282025772369462e+00
1.620654267788300684e+00
1.620181522330355506e+00
1.617933238427292642e+00
1.617671837972943782e+00
1.617302840263188601e+00
1.616724008693789960e+00
1.616592080255194519e+00
1.616535402125278464e+00
1.615275663391973149e+00
1.614458900811038822e+00
1.613667608332033154e+00
1.613633007066231695e+00
1.612321164839983778e+00
1.612272176465748608e+00
1.612058785300639618e+00
1.611848510420068825e+00
1.611227973357092669e+00
1.608521643655785205e+00
1.608251561642906946e+00
1.606902206440848468e+00
1.603878459292989556e+00
1.602739969153457844e+00
1.602507038206818502e+00
1.600103042796034325e+00
1.600016131698197341e+00
1.598217491649324584e+00
1.595552962450638823e+00
1.594517674631603654e+00
1.594269733293568914e+00
1.591922895177291242e+00
1.590714234491791057e+00
1.590631013090034518e+00
1.589562175837827329e+00
1.588501018403559728e+00
1.586941940023665731e+00
1.586745652508121607e+00
1.583087599722673433e+00
1.582432019189977002e+00
1.580226933787531207e+00
1.579001457623697480e+00
1.577603471906478649e+00
1.576997066252570301e+00
1.576076007118881073e+00
1.574540196521433622e+00
1.572573151178284334e+00
1.571597586025276660e+00
1.570151732543795253e+00
1.567056738998422016e+00
1.566627463426708333e+00
1.562806423014542645e+00
1.557974273083361227e+00
1.555346209595119156e+00
1.555315603412098291e+00
1.554932186210581824e+00
1.551132384645495410e+00
1.549136359548140662e+00
1.548179679787795360e+00
1.547311903279316780e+00
1.543722740229605650e+00
1.542437921797727540e+00
1.541249542485385593e+00
1.540223872520046999e+00
1.538121123073048047e+00
1.535450846728929841e+00
1.534730625234460577e+00
1.531782645373108931e+00
1.530705889957080235e+00
1.530525488332351136e+00
1.527568161811203362e+00
1.526446164211367584e+00
1.525394367560069631e+00
1.524924617009890460e+00
1.523968604101836322e+00
1.522955742690379477e+00
1.520089171530766947e+00
1.519655564921468915e+00
1.518130615962840269e+00
1.515807682678503854e+00
1.512759823879803678e+00
1.510974235070938088e+00
1.509502666376546509e+00
1.508979667686910497e+00
1.508692740987153558e+00
1.503599865238491429e+00
1.501197251313117098e+00
1.500320285815898824e+00
1.499764326425709893e+00
1.496510819520280533e+00
1.495599869098957369e+00
1.495277844066438044e+00
1.493793399925738452e+00
1.493304681580583715e+00
1.491418487465238085e+00
1.490716579009403020e+00
1.489342747607233619e+00
1.488992454205420035e+00
1.485721037923842358e+00
1.485411323931310923e+00
1.484790692189989603e+00
1.481779181293308989e+00
1.481035239063857256e+00
1.478689355611282785e+00
1.478253278439239038e+00
1.476774851375944664e+00
1.476432755416551057e+00
1.475631070323739413e+00
1.474317340212244254e+00
1.473885783766371693e+00
1.471505115471562597e+00
1.470837598513451194e+00
1.467997320028257890e+00
1.465949398510208557e+00
1.465391017891372494e+00
1.462508703100838803e+00
1.461348576844941460e+00
1.460176230209924819e+00
1.456786846242579481e+00
1.455734632750708579e+00
1.454345364617412262e+00
1.454303051248909906e+00
1.452024615863573009e+00
1.451412441340942827e+00
1.449877148245209746e+00
1.448797411468854435e+00
1.446575846920252317e+00
1.445068206668392419e+00
1.444790392343505925e+00
1.442842747438352946e+00
1.440865096785469701e+00
1.440344234305823257e+00
1.439412016682344087e+00
1.436625443568325222e+00
1.433786166106320037e+00
1.431471557337715250e+00
1.430604984728901963e+00
1.428177876777497968e+00
1.427114427014587017e+00
1.424823877325078092e+00
1.422570232685669733e+00
1.421783546230072526e+00
1.420320353200459129e+00
1.419561533832967237e+00
1.416445452932039162e+00
1.416176901227623741e+00
1.414581965524275731e+00
1.414384968160381506e+00
1.414213562373098698e+00
1.414213562373098698e+00
1.414213562373097366e+00
1.414213562373096700e+00
1.414213562373096478e+00
1.414213562373096034e+00
1.414213562373096034e+00
1.414213562373095812e+00
1.414213562373095812e+00
1.414213562373095812e+00
1.414213562373095368e+00
1.414213562373095368e+00
1.414213562373095368e+00
1.414213562373095368e+00
1.414213562373095145e+00
1.414213562373095145e+00
1.414213562373095145e+00
1.414213562373094923e+00
1.414213562373094923e+00
1.414213562373094923e+00
1.414213562373094923e+00
1.414213562373094923e+00
1.414213562373094923e+00
1.414213562373094701e+00
1.414213562373094701e+00
1.414213562373094701e+00
1.414213562373094701e+00
1.414213562373094701e+00
1.414213562373094701e+00
1.414213562373094701e+00
1.414213562373094701e+00
1.414213562373094701e+00
1.414213562373094701e+00
1.414213562373094479e+00
1.414213562373094479e+00
1.414213562373094479e+00
1.414213562373094479e+00
1.414213562373094035e+00
1.414213562373094035e+00
1.414213562373094035e+00
1.414213562373094035e+00
1.414213562373093813e+00
1.414213562373093591e+00
1.414213562373093369e+00
1.414213562373093369e+00
1.414213562373093147e+00
1.414213562373091815e+00
1.414213562373091149e+00
1.414158017105864529e+00
1.413821087375936036e+00
1.413661188349847997e+00
1.413447383923499112e+00
1.413384997982320090e+00
1.413242840780319476e+00
1.413232980319398147e+00
1.412966868425030942e+00
1.412814915579009289e+00
1.412626324039134351e+00
1.412565233466256176e+00
1.412209073499920864e+00
1.412123255157283541e+00
1.412054177500984053e+00
1.411823018566040755e+00
1.411785794843144703e+00
1.411530329405466855e+00
1.411224945333586334e+00
1.410936008838473699e+00
1.410576413276850349e+00
1.410250304240137753e+00
1.410145371553928273e+00
1.409842238185185392e+00
1.409412538106639357e+00
1.409149362844650089e+00
1.409060273706918665e+00
1.409038167286254861e+00
1.408774680703480886e+00
1.408619414753508936e+00
1.408351140888655317e+00
1.408085293936064186e+00
1.407939061453348684e+00
1.407401453734374863e+00
1.407060660210389003e+00
1.406959382789400248e+00
1.406822861727813123e+00
1.406385973198579720e+00
1.406290856147643487e+00
1.406149569827072288e+00
1.406132245861437147e+00
1.405211468191038149e+00
1.404653089936279242e+00
1.403917982104359918e+00
1.403731036207462868e+00
1.403498257511661462e+00
1.403357953131253444e+00
1.402653394024907074e+00
1.401277237084270766e+00
1.400889270641823448e+00
1.400515747104682740e+00
1.400488211777704883e+00
1.399413362466729538e+00
1.398887210324738062e+00
1.398409626708658315e+00
1.398160348778449968e+00
1.397929503584394828e+00
1.397881854536151325e+00
1.397648401098225746e+00
1.397366784835374798e+00
1.396090969490678679e+00
1.396045861302419144e+00
1.395465103147291552e+00
1.394260130563883759e+00
1.393581489232476933e+00
1.393557175049905617e+00
1.393120560647806983e+00
1.392616249936931672e+00
1.391673070850903526e+00
1.391669557470940122e+00
1.391267214386652906e+00
1.390515588867533348e+00
1.389646269882574448e+00
1.388976048201955971e+00
1.388846920055999856e+00
1.387472870911006684e+00
1.387431816043571242e+00
1.386562442202881273e+00
1.384872450012204936e+00
1.384838160293929699e+00
1.384349053019604758e+00
1.383297270011115909e+00
1.382391196389981092e+00
1.381586694715272845e+00
1.381555263508710274e+00
1.380620271517709607e+00
1.379504165098508928e+00
1.378998301547280869e+00
1.378049581023400805e+00
1.377390015675812984e+00
1.377113180582934859e+00
1.376671693615656222e+00
1.376362268025851598e+00
1.375710578447314703e+00
1.375693610469035155e+00
1.374373498409872330e+00
1.373911809334200429e+00
1.373061236361787563e+00
1.372836888786662435e+00
1.370687662263734286e+00
1.370295908023852149e+00
1.369692700161023291e+00
1.368666793184765806e+00
1.367382622384733404e+00
1.366534265211134969e+00
1.366359281965912054e+00
1.365052965567510324e+00
1.364553010749411488e+00
1.363432508329834869e+00
1.362619685334166109e+00
1.361951855719242932e+00
1.360937754511059028e+00
1.360905795606604185e+00
1.360035727918107007e+00
1.358361268911765452e+00
1.357305765307797563e+00
1.356628844898183806e+00
1.356286432477473269e+00
1.354568389152625230e+00
1.354420093735748232e+00
1.354156197465328670e+00
1.353962769435829605e+00
1.353233926952808419e+00
1.352792386887165854e+00
1.352573409243806202e+00
1.352174402213537352e+00
1.351784801703572736e+00
1.351298082110647503e+00
1.350137666698944416e+00
1.349470544560301688e+00
1.348990374865104425e+00
1.348279702071629726e+00
1.347657912416039272e+00
1.347062544481311797e+00
1.346446993729599084e+00
1.344980832607558296e+00
1.341906709193405378e+00
1.341138862408061128e+00
1.340789232551127697e+00
1.340102524619238844e+00
1.338674114232378143e+00
1.338518849530339283e+00
1.335271787363621065e+00
1.333733788682637922e+00
1.332359779172893610e+00
1.332287558965559837e+00
1.331244142110317830e+00
1.330250922487008491e+00
1.326740910046404043e+00
1.326717455881966767e+00
1.325681853093040097e+00
1.322416226468485334e+00
1.320287190329497706e+00
1.320126869383390966e+00
1.319125502440874342e+00
1.316764929066050360e+00
1.316300105400942888e+00
1.315763740174057395e+00
1.313884175591850667e+00
1.313403156070387379e+00
1.311691674463085544e+00
1.310594176569768843e+00
1.309791758389784455e+00
1.308220736149880992e+00
1.306522441435527648e+00
1.304345447746566578e+00
1.303446170451950215e+00
1.301856242262190433e+00
1.300011006361245780e+00
1.299142685902201055e+00
1.297344124920128072e+00
1.296237727548266383e+00
1.294490278941733186e+00
1.291335901165489686e+00
1.289701668902351273e+00
1.289553485857730220e+00
1.289339124803549730e+00
1.288142567160856844e+00
1.286808913458870940e+00
1.284565625505946773e+00
1.283578417376300074e+00
1.282544120171771995e+00
1.282414795841842370e+00
1.278208042837472469e+00
1.278074833767201879e+00
1.277853014922758046e+00
1.275700033412979328e+00
1.275393461691122665e+00
1.271363092636992098e+00
1.270281704473279927e+00
1.268416690972496541e+00
1.267157999955538239e+00
1.264724765299704679e+00
1.264656496623256299e+00
1.262465799096789354e+00
1.261821313792107269e+00
1.259215605503479773e+00
1.255800316109263459e+00
1.254206980543995265e+00
1.253955400799271480e+00
1.253514552870629961e+00
1.253013074027374385e+00
1.252103570766908147e+00
1.250587826248973133e+00
1.249371822155185496e+00
1.248762237909019079e+00
1.247059579748529767e+00
1.245222803235889408e+00
1.242430429762554578e+00
1.241583050296647395e+00
1.239940428521312699e+00
1.239745405770317666e+00
1.237732115386326770e+00
1.237114096730424384e+00
1.235462078874976832e+00
1.235306094772163910e+00
1.234045726118261355e+00
1.232886784149569204e+00
1.232254539774180424e+00
1.229281917444196015e+00
1.228741504944690366e+00
1.228637767607623443e+00
1.226795344607953586e+00
1.225194718218700185e+00
1.223578079944599439e+00
1.223440853604827128e+00
1.221660479087827822e+00
1.221073251046862262e+00
1.220701159261972535e+00
1.220416357719908529e+00
1.220128080694464989e+00
1.218503284337395298e+00
1.218087144514357067e+00
1.216414086900257985e+00
1.215432104093724153e+00
1.213428617393546460e+00
1.211241587455685886e+00
1.210899212645805800e+00
1.210263742511559215e+00
1.206950108137104127e+00
1.206638256711640045e+00
1.205082589603207355e+00
1.204512210508355663e+00
1.202519292320257449e+00
1.198238945052075843e+00
1.198072012932805963e+00
1.196264864229199310e+00
1.194297677673971325e+00
1.192606266785994240e+00
1.191509197694109234e+00
1.190488534244363850e+00
1.189835929699921691e+00
1.187033639612037783e+00
1.183960496959829634e+00
1.183795573262247824e+00
1.178759107895845926e+00
1.178260421482546949e+00
1.176865453870002298e+00
1.175891775482055701e+00
1.174696137098512061e+00
1.172266544546760825e+00
1.168241537058952506e+00
1.165895858000884466e+00
1.165428315447676999e+00
1.163715152896132699e+00
1.163362176868594444e+00
1.159929815601102199e+00
1.156958124323397730e+00
1.156013270559696826e+00
1.152789529116015510e+00
1.151698252707046288e+00
1.150230090284924067e+00
1.149279960728925465e+00
1.147367344006895218e+00
1.145397616339693725e+00
1.142431801997533247e+00
1.140438908970648590e+00
1.139828388260084813e+00
1.139095229667568043e+00
1.135768160612222522e+00
1.129966391346123311e+00
1.129407625203938226e+00
1.124405566211978291e+00
1.122969857758602252e+00
1.122258673048960542e+00
1.121039657671826451e+00
1.119079260485971838e+00
1.116504499251828264e+00
1.116331767037436418e+00
1.111177491241707393e+00
1.108262805203067858e+00
1.107076218794784017e+00
1.105786788343924965e+00
1.105728461573385113e+00
1.102365986259394193e+00
1.099224274769460052e+00
1.098563816394967807e+00
1.095588406767642686e+00
1.093932762499332245e+00
1.093068157802548290e+00
1.092843985667502960e+00
1.092327161510168176e+00
1.091559778112476176e+00
1.090040304304137120e+00
1.089472911189872883e+00
1.087218198627884158e+00
1.085627097960447873e+00
1.084464084758196334e+00
1.083015281206026525e+00
1.079149237896286140e+00
1.075916345847735434e+00
1.075548842624905355e+00
1.073508020393189488e+00
1.072563926397526624e+00
1.068067706396740535e+00
1.065232307466565498e+00
1.065009055834538421e+00
1.060771134489297607e+00
1.060765040627903888e+00
1.059920961233676850e+00
1.055971230168258668e+00
1.055834607659052793e+00
1.048713003031152446e+00
1.048095576172311416e+00
1.045662452746264570e+00
1.045162197959358608e+00
1.043031723498485164e+00
1.039370819634421350e+00
1.037809682472446315e+00
1.033068945532450211e+00
1.029768402425857543e+00
1.022998799979961460e+00
1.015812945330237138e+00
1.013391337012706339e+00
1.012662734825093613e+00
1.011679890870796239e+00
1.007281828878988872e+00
1.000000000000010880e+00
1.000000000000003331e+00
1.000000000000002887e+00
1.000000000000002442e+00
1.000000000000002442e+00
1.000000000000001998e+00
1.000000000000001998e+00
1.000000000000001554e+00
1.000000000000001554e+00
1.000000000000001554e+00
1.000000000000001332e+00
1.000000000000001332e+00
1.000000000000001332e+00
1.000000000000001110e+00
1.000000000000001110e+00
1.000000000000001110e+00
1.000000000000001110e+00
1.000000000000000888e+00
1.000000000000000888e+00
1.000000000000000888e+00
1.000000000000000888e+00
1.000000000000000888e+00
1.000000000000000666e+00
1.000000000000000666e+00
1.000000000000000666e+00
1.000000000000000666e+00
1.000000000000000666e+00
1.000000000000000666e+00
1.000000000000000666e+00
1.000000000000000666e+00
1.000000000000000666e+00
1.000000000000000666e+00
1.000000000000000666e+00
1.000000000000000666e+00
1.000000000000000666e+00
1.000000000000000666e+00
1.000000000000000666e+00
1.000000000000000666e+00
1.000000000000000666e+00
1.000000000000000666e+00
1.000000000000000666e+00
1.000000000000000444e+00
1.000000000000000444e+00
1.000000000000000444e+00
1.000000000000000444e+00
1.000000000000000444e+00
1.000000000000000444e+00
1.000000000000000444e+00
1.000000000000000444e+00
1.000000000000000444e+00
1.000000000000000444e+00
1.000000000000000444e+00
1.000000000000000444e+00
1.000000000000000444e+00
1.000000000000000444e+00
1.000000000000000444e+00
1.000000000000000444e+00
1.000000000000000444e+00
1.000000000000000444e+00
1.000000000000000444e+00
1.000000000000000444e+00
1.000000000000000444e+00
1.000000000000000444e+00
1.000000000000000444e+00
1.000000000000000444e+00
1.000000000000000444e+00
1.000000000000000444e+00
1.000000000000000444e+00
1.000000000000000222e+00
1.000000000000000222e+00
1.000000000000000222e+00
1.000000000000000222e+00
1.000000000000000222e+00
1.000000000000000222e+00
1.000000000000000222e+00
1.000000000000000222e+00
1.000000000000000222e+00
1.000000000000000222e+00
1.000000000000000222e+00
1.000000000000000222e+00
1.000000000000000222e+00
1.000000000000000222e+00
1.000000000000000222e+00
1.000000000000000222e+00
1.000000000000000222e+00
1.000000000000000222e+00
1.000000000000000222e+00
1.000000000000000222e+00
1.000000000000000222e+00
1.000000000000000222e+00
1.000000000000000222e+00
1.000000000000000222e+00
1.000000000000000222e+00
1.000000000000000222e+00
1.000000000000000222e+00
1.000000000000000222e+00
1.000000000000000222e+00
1.000000000000000222e+00
1.000000000000000222e+00
1.000000000000000222e+00
1.000000000000000222e+00
1.000000000000000222e+00
1.000000000000000222e+00
1.000000000000000222e+00
1.000000000000000222e+00
1.000000000000000222e+00
1.000000000000000222e+00
1.000000000000000222e+00
1.000000000000000222e+00
1.000000000000000222e+00
1.000000000000000222e+00
1.000000000000000222e+00
1.000000000000000222e+00
1.000000000000000222e+00
1.000000000000000222e+00
1.000000000000000222e+00
1.000000000000000222e+00
1.000000000000000222e+00
1.000000000000000222e+00
1.000000000000000222e+00
1.000000000000000222e+00
1.000000000000000222e+00
1.000000000000000222e+00
1.000000000000000222e+00
1.000000000000000222e+00
1.000000000000000222e+00
1.000000000000000222e+00
1.000000000000000222e+00
1.000000000000000222e+00
1.000000000000000222e+00
1.000000000000000222e+00
1.000000000000000222e+00
1.000000000000000222e+00
1.000000000000000222e+00
1.000000000000000222e+00
1.000000000000000222e+00
1.000000000000000222e+00
1.000000000000000222e+00
1.000000000000000222e+00
1.000000000000000000e+00
1.000000000000000000e+00
1.000000000000000000e+00
1.000000000000000000e+00
1.000000000000000000e+00
1.000000000000000000e+00
1.000000000000000000e+00
1.000000000000000000e+00
1.000000000000000000e+00
1.000000000000000000e+00
1.000000000000000000e+00
1.000000000000000000e+00
1.000000000000000000e+00
1.000000000000000000e+00
1.000000000000000000e+00
1.000000000000000000e+00
1.000000000000000000e+00
1.000000000000000000e+00
1.000000000000000000e+00
1.000000000000000000e+00
1.000000000000000000e+00
1.000000000000000000e+00
1.000000000000000000e+00
1.000000000000000000e+00
1.000000000000000000e+00
1.000000000000000000e+00
1.000000000000000000e+00
1.000000000000000000e+00
1.000000000000000000e+00
1.000000000000000000e+00
1.000000000000000000e+00
1.000000000000000000e+00
1.000000000000000000e+00
1.000000000000000000e+00
1.000000000000000000e+00
1.000000000000000000e+00
1.000000000000000000e+00
1.000000000000000000e+00
1.000000000000000000e+00
1.000000000000000000e+00
1.000000000000000000e+00
1.000000000000000000e+00
1.000000000000000000e+00
1.000000000000000000e+00
1.000000000000000000e+00
1.000000000000000000e+00
9.999999999999998890e-01
9.999999999999998890e-01
9.999999999999998890e-01
9.999999999999998890e-01
9.999999999999998890e-01
9.999999999999998890e-01
9.999999999999998890e-01
9.999999999999998890e-01
9.999999999999998890e-01
9.999999999999998890e-01
9.999999999999998890e-01
9.999999999999998890e-01
9.999999999999998890e-01
9.999999999999998890e-01
9.999999999999998890e-01
9.999999999999998890e-01
9.999999999999998890e-01
9.999999999999998890e-01
9.999999999999998890e-01
9.999999999999998890e-01
9.999999999999998890e-01
9.999999999999998890e-01
9.999999999999998890e-01
9.999999999999998890e-01
9.999999999999998890e-01
9.999999999999998890e-01
9.999999999999998890e-01
9.999999999999998890e-01
9.999999999999998890e-01
9.999999999999998890e-01
9.999999999999998890e-01
9.999999999999998890e-01
9.999999999999998890e-01
9.999999999999998890e-01
9.999999999999998890e-01
9.999999999999998890e-01
9.999999999999998890e-01
9.999999999999998890e-01
9.999999999999998890e-01
9.999999999999998890e-01
9.999999999999998890e-01
9.999999999999998890e-01
9.999999999999998890e-01
9.999999999999998890e-01
9.999999999999998890e-01
9.999999999999998890e-01
9.999999999999998890e-01
9.999999999999998890e-01
9.999999999999998890e-01
9.999999999999998890e-01
9.999999999999998890e-01
9.999999999999998890e-01
9.999999999999998890e-01
9.999999999999998890e-01
9.999999999999996669e-01
9.999999999999996669e-01
9.999999999999996669e-01
9.999999999999996669e-01
9.999999999999996669e-01
9.999999999999996669e-01
9.999999999999996669e-01
9.999999999999996669e-01
9.999999999999996669e-01
9.999999999999996669e-01
9.999999999999996669e-01
9.999999999999996669e-01
9.999999999999996669e-01
9.999999999999996669e-01
9.999999999999996669e-01
9.999999999999995559e-01
9.999999999999995559e-01
9.999999999999995559e-01
9.999999999999995559e-01
9.999999999999995559e-01
9.999999999999995559e-01
9.999999999999995559e-01
9.999999999999995559e-01
9.999999999999995559e-01
9.999999999999995559e-01
9.999999999999995559e-01
9.999999999999995559e-01
9.999999999999995559e-01
9.999999999999995559e-01
9.999999999999995559e-01
9.999999999999995559e-01
9.999999999999995559e-01
9.999999999999995559e-01
9.999999999999995559e-01
9.999999999999995559e-01
9.999999999999995559e-01
9.999999999999995559e-01
9.999999999999995559e-01
9.999999999999995559e-01
9.999999999999995559e-01
9.999999999999995559e-01
9.999999999999995559e-01
9.999999999999995559e-01
9.999999999999995559e-01
9.999999999999995559e-01
9.999999999999995559e-01
9.999999999999995559e-01
9.999999999999995559e-01
9.999999999999995559e-01
9.999999999999995559e-01
9.999999999999995559e-01
9.999999999999995559e-01
9.999999999999995559e-01
9.999999999999995559e-01
9.999999999999995559e-01
9.999999999999995559e-01
9.999999999999995559e-01
9.999999999999995559e-01
9.999999999999994449e-01
9.999999999999994449e-01
9.999999999999994449e-01
9.999999999999994449e-01
9.999999999999994449e-01
9.999999999999994449e-01
9.999999999999994449e-01
9.999999999999994449e-01
9.999999999999994449e-01
9.999999999999994449e-01
9.999999999999994449e-01
9.999999999999994449e-01
9.999999999999994449e-01
9.999999999999994449e-01
9.999999999999994449e-01
9.999999999999994449e-01
9.999999999999994449e-01
9.999999999999994449e-01
9.999999999999994449e-01
9.999999999999994449e-01
9.999999999999994449e-01
9.999999999999994449e-01
9.999999999999994449e-01
9.999999999999994449e-01
9.999999999999994449e-01
9.999999999999994449e-01
9.999999999999994449e-01
9.999999999999994449e-01
9.999999999999994449e-01
9.999999999999994449e-01
9.999999999999994449e-01
9.999999999999994449e-01
9.999999999999994449e-01
9.999999999999994449e-01
9.999999999999994449e-01
9.999999999999994449e-01
9.999999999999994449e-01
9.999999999999994449e-01
9.999999999999994449e-01
9.999999999999994449e-01
9.999999999999994449e-01
9.999999999999994449e-01
9.999999999999994449e-01
9.999999999999993339e-01
9.999999999999993339e-01
9.999999999999993339e-01
9.999999999999993339e-01
9.999999999999993339e-01
9.999999999999993339e-01
9.999999999999993339e-01
9.999999999999993339e-01
9.999999999999993339e-01
9.999999999999993339e-01
9.999999999999993339e-01
9.999999999999993339e-01
9.999999999999992228e-01
9.999999999999992228e-01
9.999999999999992228e-01
9.999999999999992228e-01
9.999999999999992228e-01
9.999999999999992228e-01
9.999999999999992228e-01
9.999999999999992228e-01
9.999999999999992228e-01
9.999999999999992228e-01
9.999999999999992228e-01
9.999999999999992228e-01
9.999999999999992228e-01
9.999999999999992228e-01
9.999999999999992228e-01
9.999999999999992228e-01
9.999999999999992228e-01
9.999999999999992228e-01
9.999999999999992228e-01
9.999999999999992228e-01
9.999999999999992228e-01
9.999999999999992228e-01
9.999999999999992228e-01
9.999999999999992228e-01
9.999999999999991118e-01
9.999999999999991118e-01
9.999999999999991118e-01
9.999999999999991118e-01
9.999999999999991118e-01
9.999999999999991118e-01
9.999999999999988898e-01
9.999999999999988898e-01
9.999999999999988898e-01
9.999999999999988898e-01
9.999999999999988898e-01
9.999999999999987788e-01
9.999999999999986677e-01
9.999999999999986677e-01
9.999999999999985567e-01
9.999999999999981126e-01
9.999999999999978906e-01
9.999999999999974465e-01
9.999999999999973355e-01
9.999999999999973355e-01
9.999999999999973355e-01
9.999999999999971134e-01
9.999999999999970024e-01
9.999999999999964473e-01
9.999999999999923395e-01
9.988789028908233725e-01
9.987961354590128016e-01
9.986437244015999859e-01
9.984575893896271426e-01
9.982150500693141026e-01
9.979915426850144433e-01
9.974079999539410268e-01
9.973428822824536022e-01
9.973002005209354870e-01
9.970016145873421554e-01
9.969958402100014272e-01
9.967149585102237364e-01
9.962142033538353703e-01
9.941651934248111333e-01
9.941602541129749282e-01
9.936658645942190171e-01
9.936453054879953450e-01
9.929204053449685041e-01
9.922784098246567597e-01
9.922404095259808043e-01
9.917112605562284910e-01
9.915599291891346034e-01
9.911772756404382267e-01
9.902080717404870835e-01
9.893225979768535128e-01
9.887128222531780253e-01
9.885188585408825057e-01
9.883070999723274630e-01
9.882544793957807050e-01
9.875426889200668024e-01
9.867835098010734329e-01
9.866984977712162097e-01
9.858604234303224301e-01
9.852395121724359939e-01
9.850769626336421947e-01
9.849999175059533929e-01
9.840931955741757386e-01
9.837365243659632608e-01
9.836196423935953392e-01
9.826842130996349400e-01
9.825955059283462134e-01
9.821465092983714396e-01
9.816320192914453902e-01
9.814155451417675424e-01
9.813145549895320174e-01
9.810364419652191081e-01
9.803938233438230787e-01
9.800121626865279101e-01
9.798414852431599487e-01
9.791953516402861490e-01
9.790435165464895784e-01
9.787793148578642910e-01
9.786895055747609762e-01
9.781476084664724180e-01
9.781013982450920130e-01
9.778713338930972165e-01
9.775788466507671082e-01
9.772210505488166943e-01
9.770620155671674301e-01
9.763716261112912465e-01
9.760012983990355995e-01
9.754529534137471591e-01
9.752865907218798425e-01
9.746870243511243093e-01
9.740907141251867740e-01
9.735240662946237356e-01
9.733244688768530883e-01
9.729338758874505055e-01
9.726887911809316556e-01
9.722942628590546255e-01
9.718054709214085651e-01
9.714466004723971704e-01
9.713729156695042333e-01
9.705526135191836490e-01
9.704431125392305457e-01
9.702570439661030166e-01
9.699805457593601021e-01
9.692159687822040626e-01
9.687382223850654617e-01
9.679513454123903626e-01
9.678563885428083102e-01
9.675283841943514984e-01
9.671924004311599488e-01
9.669049269356052578e-01
9.667694442020381418e-01
9.664532712945956838e-01
9.656667005831582884e-01
9.655866577433496190e-01
9.655399104133224331e-01
9.652178904918230495e-01
9.647563991579026776e-01
9.646053517174063563e-01
9.638050208219035575e-01
9.633109945032501953e-01
9.630495129087630612e-01
9.629200080036074416e-01
9.628816730572833382e-01
9.621497422538709543e-01
9.616287518326519512e-01
9.615057547394327830e-01
9.614697421657153464e-01
9.609879775683071168e-01
9.597852865406331091e-01
9.595190508479800595e-01
9.594571922707822997e-01
9.585285928597830907e-01
9.583134066544500840e-01
9.575151866165375614e-01
9.570448649521137163e-01
9.568332094511357022e-01
9.561071257694959691e-01
9.558984012260720586e-01
9.553181609792268381e-01
9.551717354542155203e-01
9.548797514583193813e-01
9.545373290691284707e-01
9.539429982865418323e-01
9.532108517211402843e-01
9.528389962661162338e-01
9.526486740011579357e-01
9.524330970551324604e-01
9.519384236755259465e-01
9.512549049903797904e-01
9.510661250176838388e-01
9.509017129344250474e-01
9.499743492129740785e-01
9.497374373665451452e-01
9.496370604687717210e-01
9.488453202670059650e-01
9.474194477788202562e-01
9.472428050821328771e-01
9.467762001093347202e-01
9.463670511823373266e-01
9.459149901512566849e-01
9.456371679176963641e-01
9.449878327043048643e-01
9.448758248209996324e-01
9.441752344621230364e-01
9.434166676999321544e-01
9.431077046041644873e-01
9.426322100704345175e-01
9.418885792945288493e-01
9.415418619955032709e-01
9.406249053788249270e-01
9.394620638983012251e-01
9.392530878145978201e-01
9.385325916631095389e-01
9.382494934103238204e-01
9.381137217959157892e-01
9.372091836682503452e-01
9.370088071484127257e-01
9.362528034151942347e-01
9.357292674749803085e-01
9.352156477280290092e-01
9.348366799909085811e-01
9.347295282745992084e-01
9.339774351736859215e-01
9.327808974551379251e-01
9.326993898696557261e-01
9.317352288929462434e-01
9.316502985360869404e-01
9.305907480511231844e-01
9.294664311558995529e-01
9.294391100546808282e-01
9.283477915997804253e-01
9.281692452679816130e-01
9.273957857828032392e-01
9.268950597765123200e-01
9.265728311922462046e-01
9.252048538559174418e-01
9.243687980616909217e-01
9.238488802607305317e-01
9.231196547801664432e-01
9.228466922997405897e-01
9.222881180433097903e-01
9.212188365702802528e-01
9.211381338649877737e-01
9.206329864242511762e-01
9.200694390300575565e-01
9.196176965628366506e-01
9.188905791617673069e-01
9.188874775059537869e-01
9.180055657057564211e-01
9.174572017677508073e-01
9.169538744384738704e-01
9.162153402447186235e-01
9.159691413596022791e-01
9.151846104362894030e-01
9.131460475708761404e-01
9.130347893509905832e-01
9.125771511468273589e-01
9.117565784738559387e-01
9.111424661239642120e-01
9.110224584432694561e-01
9.107938502263569491e-01
9.101767753798390981e-01
9.098518088234992529e-01
9.095869986048741307e-01
9.087775401445806756e-01
9.073401952065295317e-01
9.072197660168599409e-01
9.066174412580659814e-01
9.053498608908651102e-01
9.052717227493267682e-01
9.043144291873976837e-01
9.035105533879600470e-01
9.028747520225405276e-01
9.020279546570302287e-01
9.014061633352375980e-01
9.013344225896311457e-01
9.004504968277246002e-01
8.996842508248064085e-01
8.987906193143158085e-01
8.987112893688541382e-01
8.975795583057802896e-01
8.974306238233259458e-01
8.969853013125593799e-01
8.969071920235789364e-01
8.945908683872533240e-01
8.932945084097005939e-01
8.920367767092233224e-01
8.917683739716797398e-01
8.907763564820109226e-01
8.905104077456527101e-01
8.904549714978226005e-01
8.900669287131992569e-01
8.886285180946164042e-01
8.877341318948215321e-01
8.862131134976337643e-01
8.861128539048406250e-01
8.854727299598622592e-01
8.852949103193957781e-01
8.846327192099219250e-01
8.842855252493849738e-01
8.825122496285969786e-01
8.823168285010832834e-01
8.801606355962747763e-01
8.798708642115823375e-01
8.797225779983121052e-01
8.790736574966966366e-01
8.773601665811249228e-01
8.769711018657715407e-01
8.757852356422130002e-01
8.753060276142404783e-01
8.747940966653102723e-01
8.738628064017985864e-01
8.727171466948189238e-01
8.726217728328955481e-01
8.725558022894464028e-01
8.722758446444905944e-01
8.720524845798514058e-01
8.707101900645708437e-01
8.699863164551913108e-01
8.697950568653656234e-01
8.693798550381464096e-01
8.689231931517318319e-01
8.682161266303858316e-01
8.657264300853935168e-01
8.655294673515279147e-01
8.650599194965000738e-01
8.638563986392900906e-01
8.606798572335343511e-01
8.598493634702319977e-01
8.593858034862095208e-01
8.586693914987558740e-01
8.583562523365830810e-01
8.567470208669437648e-01
8.557983859139162153e-01
8.556339968632190596e-01
8.554972777907228210e-01
8.543449163381054978e-01
8.538132614001386900e-01
8.531603736155741746e-01
8.528310754356442924e-01
8.520510588421451592e-01
8.504058797961554506e-01
8.503810772808579888e-01
8.496228921762561948e-01
8.466046884323222832e-01
8.464331150118998837e-01
8.455487568114724573e-01
8.446010016740901349e-01
8.433752286778060103e-01
8.431599183306168754e-01
8.420247352865691814e-01
8.409291888157600647e-01
8.409099117480640651e-01
8.390054152650381347e-01
8.385534429260794731e-01
8.381507443360437515e-01
8.365786533819814519e-01
8.356776254223313716e-01
8.346934767507433461e-01
8.346339809824545597e-01
8.343742863811323129e-01
8.341809420142609621e-01
8.338652834288921012e-01
8.335753344096388240e-01
8.331897350085371023e-01
8.331487729172346590e-01
8.325360027374218985e-01
8.316752206236561751e-01
8.316645923680934249e-01
8.309271280895824674e-01
8.308119868086301096e-01
8.288889287666578731e-01
8.285940321255306218e-01
8.281001326157509945e-01
8.267136223218193303e-01
8.262301421816224956e-01
8.255504018155213064e-01
8.235645563216257292e-01
8.223862155378131034e-01
8.217769731520080390e-01
8.211787694461362141e-01
8.211301115675682105e-01
8.192170562773950504e-01
8.174436684088485228e-01
8.174040054890409079e-01
8.171677747948629111e-01
8.162789347575916121e-01
8.155390861808164971e-01
8.152003975337471786e-01
8.130492032206467767e-01
8.105845052833430264e-01
8.102030631601966348e-01
8.098341033290146207e-01
8.098248911593617372e-01
8.090242357384939131e-01
8.081288733899396615e-01
8.072372110760539510e-01
8.062447611465449748e-01
8.053358193244596341e-01
8.049437334474408567e-01
8.026255747701166454e-01
8.024956299844119290e-01
8.012198162282563318e-01
7.995556339490309528e-01
7.991040039783489091e-01
7.977930003029117811e-01
7.970195874154352156e-01
7.964903599797591438e-01
7.952967204259865364e-01
7.937320435487610348e-01
7.923068099170246237e-01
7.908589764856868154e-01
7.901865149348564765e-01
7.890578703884632006e-01
7.888846584793615113e-01
7.884408487153400369e-01
7.873821515507934965e-01
7.860756062420735102e-01
7.856859920004561904e-01
7.846008060058153877e-01
7.844066488060972286e-01
7.841785472492274200e-01
7.826315866986984782e-01
7.816201909376504497e-01
7.813643182949615573e-01
7.786536912200365812e-01
7.777054647399886944e-01
7.768125652066885101e-01
7.764792662447530525e-01
7.748845481363676457e-01
7.743337706811722621e-01
7.729851980264087485e-01
7.729507257580527924e-01
7.720821311586077984e-01
7.705802995932528043e-01
7.703945137043841651e-01
7.698280765377898405e-01
7.682953346367445979e-01
7.669390702108531688e-01
7.645551222604760611e-01
7.644068143620560418e-01
7.639183709628305508e-01
7.637270927862737091e-01
7.635096581558380446e-01
7.634057435249784751e-01
7.619259345069407940e-01
7.616751273903042962e-01
7.609852861523327405e-01
7.587930704809519034e-01
7.578424794743051640e-01
7.569968606446166870e-01
7.558145792764852100e-01
7.557843064382209208e-01
7.535804182835103004e-01
7.534579387277373641e-01
7.534207146899251084e-01
7.521192210288460966e-01
7.515092179153848306e-01
7.508616197422275373e-01
7.495673029842346846e-01
7.485740656513124591e-01
7.473153975059890763e-01
7.471570306447087306e-01
7.467497982008113322e-01
7.459144630057773506e-01
7.452004712291138144e-01
7.443432355681252055e-01
7.418225207643048824e-01
7.415665779526842138e-01
7.404436658057191867e-01
7.396808048984083728e-01
7.381803385567501374e-01
7.358073008729514308e-01
7.333877395102277319e-01
7.324120817568344766e-01
7.323184996461530316e-01
7.313928360262683670e-01
7.308565004581117908e-01
7.291929797158998028e-01
7.271666025240524078e-01
7.254478336881314826e-01
7.246302907859506481e-01
7.243967464979510495e-01
7.235719768843695832e-01
7.231426403878987719e-01
7.226373723035457441e-01
7.206244791912798098e-01
7.204363202275769762e-01
7.186847859861519305e-01
7.183256508303887955e-01
7.173561144905580278e-01
7.172200204541318014e-01
7.166523968987001947e-01
7.164916223795831929e-01
7.154102047702016742e-01
7.153152393014065025e-01
7.130931113681375777e-01
7.105587934795133398e-01
7.099448912901535902e-01
7.073060305585523455e-01
7.062801156041733641e-01
7.051229246011657681e-01
7.041228333289952790e-01
7.030882944042555760e-01
7.022965761427135689e-01
7.012132720046451162e-01
7.002140858399442669e-01
6.999562134630806787e-01
6.988377798242542127e-01
6.984751790599463828e-01
6.977409922483596150e-01
6.973869916598535168e-01
6.967153090669271354e-01
6.941561285405800641e-01
6.938746291802381227e-01
6.936937473538339338e-01
6.930105649992145400e-01
6.926756915363648792e-01
6.909636470251635521e-01
6.890556761932656871e-01
6.889163393658502832e-01
6.877009707127885729e-01
6.870241146912517971e-01
6.844423813008337909e-01
6.843050149485558897e-01
6.832201415684344692e-01
6.831233537113357013e-01
6.824902699246340187e-01
6.822690856646748125e-01
6.790891280553765785e-01
6.784358137882313677e-01
6.782198749252121850e-01
6.769388164186690426e-01
6.747085987901229043e-01
6.737700610627989084e-01
6.731371184858403467e-01
6.726261692039897655e-01
6.721258145788131522e-01
6.714455646616936946e-01
6.707584342662724630e-01
6.699007926281432823e-01
6.684295054441294903e-01
6.669378586754141081e-01
6.654047081286457166e-01
6.613951870728476123e-01
6.611425263728947233e-01
6.597544191796712587e-01
6.586815896701766482e-01
6.584651257083313780e-01
6.579175305468337731e-01
6.578930082501071031e-01
6.556679186047199570e-01
6.549109486252222556e-01
6.546676516839191606e-01
6.531244225025151229e-01
6.499755654843486496e-01
6.477785394060038282e-01
6.476963400072431876e-01
6.468188542415711506e-01
6.458592695713808451e-01
6.425278353220008620e-01
6.393130687747564656e-01
6.384383830730693266e-01
6.375408403681458447e-01
6.367883173608993586e-01
6.363363256749533514e-01
6.340601895629200957e-01
6.320409491209006969e-01
6.311203225079603518e-01
6.292399230934137000e-01
6.284235864305418584e-01
6.280363127965526981e-01
6.271689881682991352e-01
6.255854441289208090e-01
6.250350653936131984e-01
6.222123866295782291e-01
6.202559659378418244e-01
6.187945201084491531e-01
6.182500829450157109e-01
6.179342418877771248e-01
6.178163785421124654e-01
6.177269290047424644e-01
6.176325072891838408e-01
6.171987691381446428e-01
6.171426577310477057e-01
6.166643419328717846e-01
6.162748059048333005e-01
6.151867499388750105e-01
6.149049354896912734e-01
6.143984126093282594e-01
6.136362888561081030e-01
6.131124945247377056e-01
6.129096429466825979e-01
6.123174915116885719e-01
6.111164776344708560e-01
6.107245246202086530e-01
6.101511629732978559e-01
6.095028289221431361e-01
6.088986185926492656e-01
6.084126038286463700e-01
6.076730593912990086e-01
6.070583817940974347e-01
6.068001690503560530e-01
6.067204291209223888e-01
6.066135090515550887e-01
6.058463088687209286e-01
6.045681683502617254e-01
6.031706150163433922e-01
6.004603711462338511e-01
5.997189899870823959e-01
5.993324848080977540e-01
5.987884026550548411e-01
5.963853844863864495e-01
5.941006610651615727e-01
5.929186330427813623e-01
5.912354892695358410e-01
5.906191913870312282e-01
5.883374732202539814e-01
5.881622420215061320e-01
5.872167158655012820e-01
5.867474696857788441e-01
5.862024603938146283e-01
5.836641522620291678e-01
5.821050050676497278e-01
5.788148574087336184e-01
5.774323113470464230e-01
5.758791758214879541e-01
5.755309121982137288e-01
5.740682108531504069e-01
5.691413801965050645e-01
5.663706758208205683e-01
5.658693797209002341e-01
5.622715839250884695e-01
5.619165430691798191e-01
5.601515313835527810e-01
5.600332376733352380e-01
5.585155285512112266e-01
5.562637861923434013e-01
5.546062714601949217e-01
5.540406443957064386e-01
5.516806241796808896e-01
5.495253307151425348e-01
5.493275039019906991e-01
5.461980131235207869e-01
5.458190544991805560e-01
5.457404698032225498e-01
5.454351944859427981e-01
5.437367116122814314e-01
5.411006434725276204e-01
5.409791309402254278e-01
5.387561029632411680e-01
5.350412241957710480e-01
5.346525005989810619e-01
5.343919775141299233e-01
5.324260574806539692e-01
5.308355455178580540e-01
5.306706434428947183e-01
5.298756047844098704e-01
5.249030414840480940e-01
5.245171834229807040e-01
5.225646487414895569e-01
5.220943173596090947e-01
5.206133477721494041e-01
5.177086041834357832e-01
5.138813786236601233e-01
5.109384242249663810e-01
5.109019458610019049e-01
5.099722001924827941e-01
5.098363330821291672e-01
5.074286637492299024e-01
5.071296355901940833e-01
5.034305484397934016e-01
5.032385922403749268e-01
5.013786049004673728e-01
4.980896048848914570e-01
4.975926284253023857e-01
4.959057231322152037e-01
4.953222651650313058e-01
4.933996731485631448e-01
4.907470997869673446e-01
4.882477859111720719e-01
4.873637602556085135e-01
4.826807697166775046e-01
4.810051122741694218e-01
4.802805773575683501e-01
4.791855033590224355e-01
4.791725366534188013e-01
4.736647079281087747e-01
4.728654788757626348e-01
4.717662926803574686e-01
4.692329559901178282e-01
4.673685599133025614e-01
4.646663099420973442e-01
4.627191816646774591e-01
4.577783281669674520e-01
4.557942268498094696e-01
4.527480615206343484e-01
4.512598841759574708e-01
4.469665576891566072e-01
4.448424715588233935e-01
4.418334312123742280e-01
4.369977517853033122e-01
4.324115622859108221e-01
4.311045077845301332e-01
4.291931309143770523e-01
4.244677349152269352e-01
4.212721110903037136e-01
4.203305681158360230e-01
4.189425061912173676e-01
4.158909075497597696e-01
4.111285538859966726e-01
4.098585723555941973e-01
4.084953835585485304e-01
4.044554727080062473e-01
4.029343963176078569e-01
4.009426245233601027e-01
4.004612912644312517e-01
3.967938343397803269e-01
3.962635373039495867e-01
3.951374851417569500e-01
3.939445808814042160e-01
3.938870708876174298e-01
3.932602760112385298e-01
3.920687961486346018e-01
3.866088471034629936e-01
3.862179822605809054e-01
3.778662172499190897e-01
3.764037284262535255e-01
3.698863227426638645e-01
3.648659106604352775e-01
3.583925379067411376e-01
3.580699778251349996e-01
3.576499677098938790e-01
3.486061564729295292e-01
3.448962544846915779e-01
3.446446299423843729e-01
3.385026590000417279e-01
3.375711738609032397e-01
3.345430198670467092e-01
3.240160598571860118e-01
3.198237208613619043e-01
3.137696356425657140e-01
3.124058276948660229e-01
3.110367419026691116e-01
3.036040729451484621e-01
3.006432128518808367e-01
3.006423565505789153e-01
2.986453820017128669e-01
2.961978872766121706e-01
2.909025250580309918e-01
2.900051545500219596e-01
2.899982569671674115e-01
2.838482437374382772e-01
2.793355071624382124e-01
2.757512050164620532e-01
2.751066830712081135e-01
2.727487093444736499e-01
2.652704897990006971e-01
2.648739969763964086e-01
2.610244915287282530e-01
2.602646097405716397e-01
2.556860074132232263e-01
2.491912498530382269e-01
2.477753978946165836e-01
2.463618621924675844e-01
2.413192101505708398e-01
2.364347294150396517e-01
2.340678475532227965e-01
2.337979327879121660e-01
2.242928617419379655e-01
2.061151322120938767e-01
1.951579927487174237e-01
1.893673293024935589e-01
1.805701583849426139e-01
1.785725636788569048e-01
1.661633418197842604e-01
1.524957322972317064e-01
1.408527322006883908e-01
1.280626941705856892e-01
1.266436679456706127e-01
1.678032104466669205e-13
