# Singular values
1.040185620916204279e+01
9.819435566343383215e+00
8.352932983956263158e+00
8.333195589366141576e+00
7.588220778237170450e+00
7.556555528305770153e+00
7.072202183588832902e+00
7.004246575624078375e+00
6.935674788946736946e+00
6.805244604370359163e+00
6.699928864558858166e+00
6.641923222219721090e+00
6.598982410052263603e+00
6.094240192441434445e+00
6.050535229729230302e+00
5.866191061530228623e+00
5.737169384867897293e+00
5.520864478566696043e+00
5.506762605393339172e+00
5.454456679894132520e+00
5.352030992868542114e+00
5.327101776032815650e+00
5.323370522902954427e+00
5.264772309034372100e+00
5.159669241436484199e+00
5.043358565888636846e+00
4.975878685573207783e+00
4.868772594894997141e+00
4.800679033951039898e+00
4.790438950347637004e+00
4.759810885259941671e+00
4.710754243705401301e+00
4.641535231991652743e+00
4.606586723093235136e+00
4.595097753143337904e+00
4.540588784578520887e+00
4.432817972826404329e+00
4.415915669929161069e+00
4.394657582527602635e+00
4.374858443263011765e+00
4.365043342940778892e+00
4.307661734162782530e+00
4.240323207575634967e+00
4.216450746100568914e+00
4.167821402919727802e+00
4.117646654082084190e+00
4.115228598712223906e+00
3.999569070322762432e+00
3.943550672515764965e+00
3.900214723421874918e+00
3.859558608592489115e+00
3.837180555908265234e+00
3.791200005716296229e+00
3.771652846652077784e+00
3.763630975157270075e+00
3.723442498809872880e+00
3.698622324701076547e+00
3.670506183046259974e+00
3.664630486748824190e+00
3.615345741778616784e+00
3.595461362193502097e+00
3.568663365449973757e+00
3.517841991258444878e+00
3.500129294517413392e+00
3.467367213216296484e+00
3.449489742783171220e+00
3.444525828983598270e+00
3.406726754583774497e+00
3.371181077414314498e+00
3.330685520913917674e+00
3.314271000384049870e+00
3.289221837822296823e+00
3.255926463295569118e+00
3.242432208073682265e+00
3.196643445315506149e+00
3.172094883963134215e+00
3.170086486626034983e+00
3.166292884478772329e+00
3.151521081625363152e+00
3.144420174275467605e+00
3.128256409652689030e+00
3.102630001576556662e+00
3.082535950121979340e+00
3.075089677728530813e+00
3.061040897268855865e+00
3.035148644905365067e+00
3.034902906763700781e+00
3.005858484210275350e+00
3.000000000000007994e+00
2.991088925288117650e+00
2.990929874292743040e+00
2.987936478206337565e+00
2.986903158898531085e+00
2.970439188730026547e+00
2.940981204550195738e+00
2.917141918498225461e+00
2.914999659103189256e+00
2.910914057763171137e+00
2.881867314005353009e+00
2.866311832120572500e+00
2.864608121917956662e+00
2.857959363167388744e+00
2.831548390305513863e+00
2.821753678702239920e+00
2.811801463097868048e+00
2.799373839134759567e+00
2.789680804257041569e+00
2.779764180214772118e+00
2.742294177729342586e+00
2.738488340010533317e+00
2.732050807568875417e+00
2.731983300320783403e+00
2.720361167506783140e+00
2.706117712571556755e+00
2.694476198995036764e+00
2.681484119827446833e+00
2.670300886242814808e+00
2.661478486783928066e+00
2.643878778307680921e+00
2.642691038012440430e+00
2.633578072351222765e+00
2.618063690236128505e+00
2.597607084005913336e+00
2.596687504437341865e+00
2.588633783483925033e+00
2.581780588031412194e+00
2.554103450603155245e+00
2.553979914585136068e+00
2.543486963923891064e+00
2.518613947778650441e+00
2.497271037182904774e+00
2.490948319014206991e+00
2.481194304092017688e+00
2.480907666581847248e+00
2.459866751563432707e+00
2.453205077607535589e+00
2.430210113188200349e+00
2.430040407587212847e+00
2.423806002642660662e+00
2.414213562373096700e+00
2.414213562373096256e+00
2.414213562373096256e+00
2.414213562373095368e+00
2.414213562373095368e+00
2.414213562373094923e+00
2.414213562373094479e+00
2.414213562373094479e+00
2.414213562373091815e+00
2.414213562373091815e+00
2.414213562373091371e+00
2.411762368565124159e+00
2.398318907043242021e+00
2.396162881604975148e+00
2.386183177372078745e+00
2.373608837734172639e+00
2.357442308918626495e+00
2.348646895895138531e+00
2.345871430525937829e+00
2.333644475406089214e+00
2.325253773817521186e+00
2.319727320771988399e+00
2.319259815976847605e+00
2.292274705803092782e+00
2.287570791274603721e+00
2.284093173036233271e+00
2.262764682247733194e+00
2.258769684171030523e+00
2.255094036468427543e+00
2.252565853357233028e+00
2.241563697252621612e+00
2.223555540714834411e+00
2.219744749268086181e+00
2.218127235937068509e+00
2.198089068349253772e+00
2.196873310018768510e+00
2.175193333593045342e+00
2.172702297301686514e+00
2.162865989180652537e+00
2.157970979189893335e+00
2.142429494077962016e+00
2.137931499842236960e+00
2.127433703415552380e+00
2.118875030898578427e+00
2.106108100034419284e+00
2.096393049459145175e+00
2.095740779664489128e+00
2.092152438681547988e+00
2.076031603798532910e+00
2.073613172203399024e+00
2.068763304063166331e+00
2.057598830728931460e+00
2.055910331958303860e+00
2.050845244458607830e+00
2.037450356130458662e+00
2.034764298411627426e+00
2.030798233742700631e+00
2.026382196620362564e+00
2.021624373686383258e+00
2.015531915906016547e+00
2.007842541895087152e+00
2.000000000000003109e+00
2.000000000000002665e+00
2.000000000000002665e+00
2.000000000000002220e+00
2.000000000000002220e+00
2.000000000000002220e+00
2.000000000000001776e+00
2.000000000000001776e+00
2.000000000000001776e+00
2.000000000000001332e+00
2.000000000000001332e+00
2.000000000000000888e+00
2.000000000000000888e+00
2.000000000000000444e+00
2.000000000000000444e+00
2.000000000000000444e+00
2.000000000000000444e+00
2.000000000000000000e+00
2.000000000000000000e+00
2.000000000000000000e+00
2.000000000000000000e+00
2.000000000000000000e+00
2.000000000000000000e+00
2.000000000000000000e+00
2.000000000000000000e+00
2.000000000000000000e+00
1.999999999999999778e+00
1.999999999999999334e+00
1.999999999999999334e+00
1.999999999999999334e+00
1.999999999999999334e+00
1.999999999999999334e+00
1.999999999999999334e+00
1.999999999999999334e+00
1.999999999999998890e+00
1.999999999999998890e+00
1.999999999999998890e+00
1.999999999999998890e+00
1.999999999999998890e+00
1.999999999999998668e+00
1.999999999999998668e+00
1.999999999999998668e+00
1.999999999999998668e+00
1.999999999999998224e+00
1.999999999999997113e+00
1.998935980661006306e+00
1.995151780882934212e+00
1.991376589941985964e+00
1.988779923209268441e+00
1.984346339646042789e+00
1.977063147436356694e+00
1.976305923201608916e+00
1.969066679532212039e+00
1.955370911688286251e+00
1.950114758395248504e+00
1.939915692534175617e+00
1.937804522120788686e+00
1.924103913747170935e+00
1.920260781579948839e+00
1.915204272775374639e+00
1.910221843097775318e+00
1.898675470454856073e+00
1.891411404081505765e+00
1.882704267098093132e+00
1.882502608592756310e+00
1.874406789342281776e+00
1.873172281271991757e+00
1.864190717545599174e+00
1.860283355427740037e+00
1.851563843708404988e+00
1.844883853198228563e+00
1.841059049738633435e+00
1.839727822913052258e+00
1.837075593064960266e+00
1.832991047303268006e+00
1.826228748893511389e+00
1.819987837454328350e+00
1.815970339908245190e+00
1.807500953478602401e+00
1.797105931333471851e+00
1.794233004973602164e+00
1.792051574418034754e+00
1.791723336165651270e+00
1.777121767171060851e+00
1.773129513422609271e+00
1.759178404341504187e+00
1.758929897806023046e+00
1.755886764747781603e+00
1.749968275503138715e+00
1.748922752731742802e+00
1.738039501156544375e+00
1.732050807568877859e+00
1.732050807568877415e+00
1.732050807568877193e+00
1.732050807568876749e+00
1.732050807568876527e+00
1.732050807568875861e+00
1.730851155721611967e+00
1.721710603762759861e+00
1.713579697329445262e+00
1.693262646600177002e+00
1.686668450854529100e+00
1.682852597778837778e+00
1.677545333982205955e+00
1.677537588276856617e+00
1.671969512023390392e+00
1.670657123311537262e+00
1.658749791135220253e+00
1.656867881290122080e+00
1.637958390343747572e+00
1.628490076113211948e+00
1.619416876011830597e+00
1.618033988749895791e+00
1.618033988749895347e+00
1.618033988749893348e+00
1.618033988749893348e+00
1.616149825267081397e+00
1.610671281505552610e+00
1.606857021572209998e+00
1.595010996402940640e+00
1.589427798902627309e+00
1.587602065899440307e+00
1.586256526373047038e+00
1.584917871134744471e+00
1.580820860109684700e+00
1.578132727691489601e+00
1.573283826622900561e+00
1.571667750932119745e+00
1.564612313665579624e+00
1.558833633312677547e+00
1.556864100307512766e+00
1.555845029718786909e+00
1.531216618062484436e+00
1.526823175148882772e+00
1.519578004162785323e+00
1.517834496172828729e+00
1.505553818647272557e+00
1.502162939412566622e+00
1.489080523225936981e+00
1.486914828426520341e+00
1.482046279742867290e+00
1.473758697025229880e+00
1.471763577575513349e+00
1.458322577665007724e+00
1.457759023852549296e+00
1.452448108439318819e+00
1.449489742783176993e+00
1.440686590834064917e+00
1.422191542540558462e+00
1.414223200015702009e+00
1.414213562373100697e+00
1.414213562373097144e+00
1.414213562373096700e+00
1.414213562373096478e+00
1.414213562373096478e+00
1.414213562373096256e+00
1.414213562373095812e+00
1.414213562373095812e+00
1.414213562373095812e+00
1.414213562373095812e+00
1.414213562373095812e+00
1.414213562373095812e+00
1.414213562373095590e+00
1.414213562373095590e+00
1.414213562373095590e+00
1.414213562373095590e+00
1.414213562373095590e+00
1.414213562373095590e+00
1.414213562373095368e+00
1.414213562373095368e+00
1.414213562373095368e+00
1.414213562373095145e+00
1.414213562373095145e+00
1.414213562373095145e+00
1.414213562373095145e+00
1.414213562373095145e+00
1.414213562373094923e+00
1.414213562373094923e+00
1.414213562373094923e+00
1.414213562373094923e+00
1.414213562373094701e+00
1.414213562373094701e+00
1.414213562373094701e+00
1.414213562373094479e+00
1.414213562373094479e+00
1.414213562373094479e+00
1.414213562373094479e+00
1.414213562373094257e+00
1.414213562373094257e+00
1.414213562373094257e+00
1.414213562373094035e+00
1.414213562373094035e+00
1.414213562373094035e+00
1.414213562373093813e+00
1.414213562373093591e+00
1.414213562373093591e+00
1.414213562373093591e+00
1.414213562373093147e+00
1.414213562373092925e+00
1.414213562373090705e+00
1.406995051211074710e+00
1.406620035506400468e+00
1.403466779634306993e+00
1.400278469819518978e+00
1.391911367797417531e+00
1.391822363537749796e+00
1.389878664366473116e+00
1.389592609092185738e+00
1.388450594056565457e+00
1.386886335394371894e+00
1.386567158433989144e+00
1.381772192178396752e+00
1.378411258237341341e+00
1.374260408297073299e+00
1.371587460202759123e+00
1.367230413228984753e+00
1.366037683361836397e+00
1.362835073014251552e+00
1.362241484728469176e+00
1.359310679822085977e+00
1.356505867623808426e+00
1.353832178209426251e+00
1.352909368009939994e+00
1.346181829292327325e+00
1.337944744655286788e+00
1.332579650665957294e+00
1.331711716748108731e+00
1.329751021369250941e+00
1.325098830018353269e+00
1.320883671389457614e+00
1.318396110171249802e+00
1.318028022737007809e+00
1.311107817465981151e+00
1.308887964265332382e+00
1.306517429046073042e+00
1.300164721927678180e+00
1.296343334613432985e+00
1.286408814674046441e+00
1.285610385108072240e+00
1.280111958128415717e+00
1.276673274581901829e+00
1.274255572341424836e+00
1.268446667632723068e+00
1.266036248037190504e+00
1.263378460487318833e+00
1.261652906239462135e+00
1.255287709918220918e+00
1.249798432161632000e+00
1.247207594380721707e+00
1.246500126061612646e+00
1.242899609733494559e+00
1.236658080344149369e+00
1.234370081467555558e+00
1.234276999054551016e+00
1.231494803607309674e+00
1.230926487582074680e+00
1.225581792279343052e+00
1.221337969992534855e+00
1.218848206007372648e+00
1.215641796908856653e+00
1.211896298423718266e+00
1.209499076234023862e+00
1.208784192702494265e+00
1.201153425126308738e+00
1.197797588559499582e+00
1.194011241412489488e+00
1.191698316996890661e+00
1.187846058208103184e+00
1.186423036017761667e+00
1.178431566994696533e+00
1.176735660640446879e+00
1.175446246069807632e+00
1.170086486626032318e+00
1.169111045424727768e+00
1.168413928196913920e+00
1.167251533319363377e+00
1.162599288745397974e+00
1.161209193416947949e+00
1.157413542825295849e+00
1.152338656446314502e+00
1.149904223086185784e+00
1.142220242940100272e+00
1.140696072154211427e+00
1.139432614902425422e+00
1.136125530785808913e+00
1.130134723344209835e+00
1.127968477634594846e+00
1.124442417541193340e+00
1.120859761736488158e+00
1.112663879302793424e+00
1.110514598962778932e+00
1.105609284955137994e+00
1.102516280477842558e+00
1.099572697633290685e+00
1.087948783056617463e+00
1.086560337471363269e+00
1.077205873231982469e+00
1.065098236506638596e+00
1.056301041110222050e+00
1.051877664091353637e+00
1.048737198085549771e+00
1.046345637291683728e+00
1.036861792757474587e+00
1.036378540872791021e+00
1.030486964187235621e+00
1.024802299646444315e+00
1.024579346611140584e+00
1.014230795702856014e+00
1.008618474201393500e+00
1.000000000000005107e+00
1.000000000000003553e+00
1.000000000000003109e+00
1.000000000000002442e+00
1.000000000000002220e+00
1.000000000000002220e+00
1.000000000000001998e+00
1.000000000000001776e+00
1.000000000000001554e+00
1.000000000000001554e+00
1.000000000000001554e+00
1.000000000000001554e+00
1.000000000000001332e+00
1.000000000000001332e+00
1.000000000000001332e+00
1.000000000000001332e+00
1.000000000000001332e+00
1.000000000000001332e+00
1.000000000000001332e+00
1.000000000000001332e+00
1.000000000000001332e+00
1.000000000000001332e+00
1.000000000000001110e+00
1.000000000000001110e+00
1.000000000000001110e+00
1.000000000000000888e+00
1.000000000000000888e+00
1.000000000000000888e+00
1.000000000000000888e+00
1.000000000000000888e+00
1.000000000000000888e+00
1.000000000000000888e+00
1.000000000000000888e+00
1.000000000000000888e+00
1.000000000000000888e+00
1.000000000000000666e+00
1.000000000000000666e+00
1.000000000000000666e+00
1.000000000000000666e+00
1.000000000000000666e+00
1.000000000000000666e+00
1.000000000000000666e+00
1.000000000000000666e+00
1.000000000000000666e+00
1.000000000000000666e+00
1.000000000000000666e+00
1.000000000000000666e+00
1.000000000000000666e+00
1.000000000000000666e+00
1.000000000000000444e+00
1.000000000000000444e+00
1.000000000000000444e+00
1.000000000000000444e+00
1.000000000000000444e+00
1.000000000000000444e+00
1.000000000000000444e+00
1.000000000000000444e+00
1.000000000000000444e+00
1.000000000000000444e+00
1.000000000000000444e+00
1.000000000000000444e+00
1.000000000000000444e+00
1.000000000000000222e+00
1.000000000000000222e+00
1.000000000000000222e+00
1.000000000000000222e+00
1.000000000000000222e+00
1.000000000000000222e+00
1.000000000000000222e+00
1.000000000000000222e+00
1.000000000000000222e+00
1.000000000000000222e+00
1.000000000000000222e+00
1.000000000000000222e+00
1.000000000000000222e+00
1.000000000000000222e+00
1.000000000000000222e+00
1.000000000000000222e+00
1.000000000000000222e+00
1.000000000000000222e+00
1.000000000000000222e+00
1.000000000000000222e+00
1.000000000000000222e+00
1.000000000000000222e+00
1.000000000000000222e+00
1.000000000000000222e+00
1.000000000000000222e+00
1.000000000000000222e+00
1.000000000000000222e+00
1.000000000000000222e+00
1.000000000000000222e+00
1.000000000000000000e+00
1.000000000000000000e+00
1.000000000000000000e+00
1.000000000000000000e+00
1.000000000000000000e+00
1.000000000000000000e+00
1.000000000000000000e+00
1.000000000000000000e+00
1.000000000000000000e+00
1.000000000000000000e+00
1.000000000000000000e+00
1.000000000000000000e+00
1.000000000000000000e+00
1.000000000000000000e+00
1.000000000000000000e+00
1.000000000000000000e+00
1.000000000000000000e+00
1.000000000000000000e+00
1.000000000000000000e+00
1.000000000000000000e+00
1.000000000000000000e+00
1.000000000000000000e+00
1.000000000000000000e+00
1.000000000000000000e+00
1.000000000000000000e+00
1.000000000000000000e+00
1.000000000000000000e+00
1.000000000000000000e+00
1.000000000000000000e+00
1.000000000000000000e+00
1.000000000000000000e+00
1.000000000000000000e+00
1.000000000000000000e+00
1.000000000000000000e+00
1.000000000000000000e+00
1.000000000000000000e+00
9.999999999999998890e-01
9.999999999999998890e-01
9.999999999999998890e-01
9.999999999999998890e-01
9.999999999999998890e-01
9.999999999999998890e-01
9.999999999999998890e-01
9.999999999999998890e-01
9.999999999999998890e-01
9.999999999999998890e-01
9.999999999999998890e-01
9.999999999999998890e-01
9.999999999999998890e-01
9.999999999999998890e-01
9.999999999999998890e-01
9.999999999999998890e-01
9.999999999999998890e-01
9.999999999999998890e-01
9.999999999999996669e-01
9.999999999999996669e-01
9.999999999999996669e-01
9.999999999999996669e-01
9.999999999999996669e-01
9.999999999999996669e-01
9.999999999999996669e-01
9.999999999999996669e-01
9.999999999999996669e-01
9.999999999999996669e-01
9.999999999999996669e-01
9.999999999999996669e-01
9.999999999999996669e-01
9.999999999999996669e-01
9.999999999999996669e-01
9.999999999999996669e-01
9.999999999999996669e-01
9.999999999999996669e-01
9.999999999999996669e-01
9.999999999999996669e-01
9.999999999999994449e-01
9.999999999999994449e-01
9.999999999999994449e-01
9.999999999999994449e-01
9.999999999999994449e-01
9.999999999999994449e-01
9.999999999999994449e-01
9.999999999999994449e-01
9.999999999999994449e-01
9.999999999999994449e-01
9.999999999999993339e-01
9.999999999999993339e-01
9.999999999999993339e-01
9.999999999999993339e-01
9.999999999999993339e-01
9.999999999999993339e-01
9.999999999999991118e-01
9.999999999999991118e-01
9.999999999999991118e-01
9.999999999999991118e-01
9.999999999999991118e-01
9.999999999999991118e-01
9.999999999999988898e-01
9.999999999999988898e-01
9.999999999999988898e-01
9.999999999999988898e-01
9.999999999999986677e-01
9.999999999999986677e-01
9.999999999999986677e-01
9.999999999999985567e-01
9.999999999999983347e-01
9.999999999999983347e-01
9.999999999999983347e-01
9.999999999999981126e-01
9.999999999999981126e-01
9.999999999999973355e-01
9.999999999999973355e-01
9.999999999999970024e-01
9.999999999999967804e-01
9.999999999999956701e-01
9.999999999999915623e-01
9.995535525468449700e-01
9.978823924724011807e-01
9.937627149633488921e-01
9.934502587314608668e-01
9.903844940939409147e-01
9.893567817293232869e-01
9.889861171888530977e-01
9.881602373913151993e-01
9.879083763435895227e-01
9.876136563615893760e-01
9.860585021641384840e-01
9.854398935212572708e-01
9.787974457436456888e-01
9.765858434251705189e-01
9.750183272383027289e-01
9.741159105274698193e-01
9.713341680273822609e-01
9.685440025226836891e-01
9.635955021585898006e-01
9.632528386950288679e-01
9.593025447489470503e-01
9.591943701230456476e-01
9.570025027757497194e-01
9.512599233907849117e-01
9.470072059235913331e-01
9.469309698221467508e-01
9.436147489488099227e-01
9.425857947816219662e-01
9.412038063902403717e-01
9.354305662508778374e-01
9.319572619213217779e-01
9.311546169484778979e-01
9.226919177217783874e-01
9.221063469714556593e-01
9.210197353735618542e-01
9.206076230733367671e-01
9.152847451770798060e-01
9.077607274038648200e-01
9.064514687650837566e-01
9.050429384945970490e-01
8.994517092111936618e-01
8.983727606418151490e-01
8.897505003686657643e-01
8.887455215151091048e-01
8.886210675331751574e-01
8.871084338895673937e-01
8.846255731245643572e-01
8.822074211244607111e-01
8.776968642549080046e-01
8.719218002165167736e-01
8.676563463519207930e-01
8.640675474778896081e-01
8.612477928638034852e-01
8.561481871154267287e-01
8.553191134905745452e-01
8.520962843600800030e-01
8.495165348520845594e-01
8.467357897620042539e-01
8.448297095784946809e-01
8.417666753128074664e-01
8.406242461642428054e-01
8.396990842338993843e-01
8.335539108080924908e-01
8.307487348496470636e-01
8.306681168555638539e-01
8.294500450857887897e-01
8.263891614138303421e-01
8.218929289414801387e-01
8.216100052779944374e-01
8.202458560106206109e-01
8.201153922819182096e-01
8.155978821178353488e-01
8.084387818706813000e-01
8.077410043246097127e-01
8.073882417563690295e-01
8.001985541592172568e-01
7.926987433070448175e-01
7.886672212176100150e-01
7.859597047364661471e-01
7.835653866078747809e-01
7.830765331645325178e-01
7.720410515101083782e-01
7.678741410864797778e-01
7.593734804016144535e-01
7.578793248936155358e-01
7.555118945111874984e-01
7.536326761478133740e-01
7.498904347800089409e-01
7.493050681248890621e-01
7.453969202636759883e-01
7.433329229097370705e-01
7.391264352661869319e-01
7.356214638950959728e-01
7.347130414624906125e-01
7.320508075688760830e-01
7.312883189174895771e-01
7.242421508539680364e-01
7.220900762818049934e-01
7.174352342925607307e-01
7.116081685850080829e-01
7.033100456316687676e-01
7.032736388875692191e-01
6.909325913039142675e-01
6.888921825340168503e-01
6.834494825181972599e-01
6.714050617669433674e-01
6.693809377708332953e-01
6.673591670437341028e-01
6.636885756741619513e-01
6.623399425656499862e-01
6.562447523129288918e-01
6.441422164294958730e-01
6.409870432080075897e-01
6.382262923892485507e-01
6.276644110088593909e-01
6.272602201933390464e-01
6.236302359020294839e-01
6.186428382426620853e-01
6.180339887498956797e-01
6.180339887498956797e-01
6.180339887498951246e-01
6.180339887498944584e-01
6.146841541350654969e-01
6.112847361087704323e-01
6.097302588073115759e-01
6.010449421398138536e-01
5.927325481582375044e-01
5.920794868372099007e-01
5.887705311507408501e-01
5.845897064198330995e-01
5.681862711876020100e-01
5.609364938099699049e-01
5.580508738859616402e-01
5.504747668424351259e-01
5.454252970648667542e-01
5.340361444773951138e-01
5.262289490867472219e-01
5.260372500039561805e-01
5.188632705972159309e-01
5.115996515627698749e-01
5.034431692310165074e-01
4.981784542676772065e-01
4.945701628912000936e-01
4.932555903321912405e-01
4.930773484807439710e-01
4.918987989622165546e-01
4.830958850475921551e-01
4.811943040920164671e-01
4.764902704155144497e-01
4.694917576762987488e-01
4.691057544929702061e-01
4.530704317731177877e-01
4.522354655440192772e-01
4.424573718149973356e-01
4.381571797479640873e-01
4.330012602805238808e-01
4.231986879505382770e-01
4.142135623730966998e-01
4.142135623730958116e-01
4.142135623730951455e-01
4.142135623730951455e-01
4.142135623730951455e-01
4.142135623730950900e-01
4.142135623730950345e-01
4.142135623730949789e-01
4.142135623730949789e-01
4.142135623730947014e-01
4.142135623730945349e-01
4.044302283190755465e-01
3.921064662921962540e-01
3.722102398424181335e-01
3.685351760366607499e-01
3.650648073621687861e-01
3.578694839937669459e-01
3.564491481735190259e-01
3.499610729374159623e-01
3.436122109649574763e-01
3.352357405883555908e-01
3.095191879038957095e-01
3.088169004058355926e-01
2.885243061322829150e-01
2.839145504127975617e-01
2.628660095463369317e-01
2.524253887526138884e-01
2.210529602046759634e-01
2.158232550200357147e-01
1.947553237615359811e-01
1.566570494955926984e-01
1.452078615879010548e-01
1.226937445444047647e-01
7.091288507951806763e-02
