# Singular values
1.196113983062263486e+01
9.256099578546502116e+00
8.986828539889305745e+00
8.687042027187725779e+00
8.468158640080050148e+00
8.331046344794602376e+00
8.041875584498050955e+00
7.622622148911415429e+00
7.097194585449102533e+00
7.060777703425595853e+00
6.911410195515766297e+00
6.776402604567056898e+00
6.747066284524267488e+00
6.231895527605436413e+00
5.982222537433547593e+00
5.979555704359796664e+00
5.936933430460023864e+00
5.799312940237246750e+00
5.760541720466578752e+00
5.501438743596206216e+00
5.411757696571145360e+00
5.327698724706224631e+00
5.218706109774280399e+00
5.108422309216757107e+00
5.022337878570936276e+00
4.974343968026951224e+00
4.804338529750780573e+00
4.786663213477878820e+00
4.725099020936895933e+00
4.645705415839763930e+00
4.554870885113111889e+00
4.493443482570929959e+00
4.431580152853375587e+00
4.362252813228353787e+00
4.299547496324926499e+00
4.269732866674831762e+00
4.219988412064634709e+00
4.213219882886672707e+00
4.178834281007970830e+00
4.151788549058336386e+00
4.142432998142915324e+00
4.129045779189968179e+00
4.078863313979565142e+00
4.046249693781569512e+00
4.010829263530001576e+00
3.950243864529694449e+00
3.915868693720645055e+00
3.895348670691058057e+00
3.835313897993687604e+00
3.791795299521444562e+00
3.766252882709876459e+00
3.749897924312123099e+00
3.703510923057181436e+00
3.694806130287824786e+00
3.673350899275152681e+00
3.665853374384930419e+00
3.629770512319771658e+00
3.588047412235063849e+00
3.523357264451335791e+00
3.518232429484703605e+00
3.510178373411057429e+00
3.487048794863924606e+00
3.439579884978983149e+00
3.387416190457784193e+00
3.368069956536690057e+00
3.348708875842663968e+00
3.343118911130533721e+00
3.300004868451583917e+00
3.294555945403804031e+00
3.274540299550796618e+00
3.256000766017772996e+00
3.244039878366422158e+00
3.204866451200342858e+00
3.197161401467678132e+00
3.174713755577142749e+00
3.153466819359473039e+00
3.139863610474329825e+00
3.132894614613156659e+00
3.120788982887523932e+00
3.095798342300561945e+00
3.059387046473758254e+00
3.046611545780017138e+00
3.033952659660088980e+00
3.020248489535716896e+00
3.020099117312431414e+00
3.007774919072326192e+00
2.974944488334320791e+00
2.965227024412573797e+00
2.962319630450936714e+00
2.951711324896436395e+00
2.944242281682341478e+00
2.908306228083915368e+00
2.904291395737288450e+00
2.897937645131809070e+00
2.889537687092256668e+00
2.882737402365810997e+00
2.859562099219446374e+00
2.854993634651590728e+00
2.849451853663954370e+00
2.832893378772172177e+00
2.821395483666361947e+00
2.804254823945927733e+00
2.798700071318255045e+00
2.773545113483069979e+00
2.747063876653844883e+00
2.745050255900853831e+00
2.732241658252075656e+00
2.732050807568879414e+00
2.732050807568874085e+00
2.732011723588691154e+00
2.716054606000402494e+00
2.712815144146933477e+00
2.697948089972253882e+00
2.688163001466943758e+00
2.683107841509805969e+00
2.638069242242523149e+00
2.637041091132994453e+00
2.631521045760860655e+00
2.627773715093295159e+00
2.618006871091375309e+00
2.615405403405920204e+00
2.590695238806668854e+00
2.582778852900219579e+00
2.574694421230758756e+00
2.553752676586541259e+00
2.549419795123287980e+00
2.547404256565029446e+00
2.541398695375252537e+00
2.530652010593772427e+00
2.527125183868570435e+00
2.508475534591079192e+00
2.504923518528653137e+00
2.482441769754923477e+00
2.481324391545121966e+00
2.474777349631123613e+00
2.460923458967600563e+00
2.448294147373569984e+00
2.440821912518536418e+00
2.432429641050532609e+00
2.428383633242608308e+00
2.424419398173793372e+00
2.419157086016265001e+00
2.414213562373097144e+00
2.414213562373094479e+00
2.413398682115781568e+00
2.403386538054372412e+00
2.396911825764089343e+00
2.391153047804683407e+00
2.390246314924395765e+00
2.368518268321775810e+00
2.361185754961333316e+00
2.353846267226434641e+00
2.343308770927643003e+00
2.342916871426238945e+00
2.316667670710015781e+00
2.315624068323994145e+00
2.308846145958630913e+00
2.305031299649709542e+00
2.303625872353857851e+00
2.279967242402419547e+00
2.277737594458237869e+00
2.259583254630443516e+00
2.254736384847781494e+00
2.243807534962118488e+00
2.241108659138469683e+00
2.235755761769222527e+00
2.227963238908655885e+00
2.227186544258688450e+00
2.215029290865926370e+00
2.207381209480102413e+00
2.202361376573517493e+00
2.201574241300397361e+00
2.196074772374451811e+00
2.190395502829172614e+00
2.185498565438532381e+00
2.181609840704080039e+00
2.181412785021563661e+00
2.166447928986470206e+00
2.156666825962999301e+00
2.151083434694938568e+00
2.147665267341943629e+00
2.138006907146074109e+00
2.136248344711299652e+00
2.127314668455871693e+00
2.119976590521959192e+00
2.108298274109729142e+00
2.097803771266828932e+00
2.092883097051181807e+00
2.091989217494916176e+00
2.080680763522587018e+00
2.067818356018945813e+00
2.066084058685583091e+00
2.051643419329759688e+00
2.041543710271612966e+00
2.038042338447127566e+00
2.034247156103625276e+00
2.027980079748065378e+00
2.024538033468942899e+00
2.018453794799355716e+00
2.006719294576130519e+00
2.002539123945601851e+00
2.000000000000003109e+00
2.000000000000000888e+00
2.000000000000000888e+00
2.000000000000000888e+00
2.000000000000000444e+00
2.000000000000000444e+00
2.000000000000000000e+00
2.000000000000000000e+00
1.999999999999999778e+00
1.999999999999999778e+00
1.999999999999999334e+00
1.999999999999998002e+00
1.999999999999997335e+00
1.998273847802281233e+00
1.994614273064083010e+00
1.984690756228063790e+00
1.979955239763321329e+00
1.971583720858256283e+00
1.967112207044915628e+00
1.964757629247381177e+00
1.953352407255207313e+00
1.950925925903022495e+00
1.948286498260304977e+00
1.946010571785728338e+00
1.935374452306231730e+00
1.928906926103640895e+00
1.923941008013704712e+00
1.921142959962257590e+00
1.917120831987561447e+00
1.908734023635971111e+00
1.897983163795847972e+00
1.867825370682373087e+00
1.866825800422542203e+00
1.863134307706120429e+00
1.862964705037785329e+00
1.855296800298523952e+00
1.853730412883106027e+00
1.846712128250354912e+00
1.845022201010522389e+00
1.842444246187260326e+00
1.837584769405040452e+00
1.835131713988276569e+00
1.827279101599740718e+00
1.822195497498342753e+00
1.821612219162596302e+00
1.815607293610406181e+00
1.806298475871719988e+00
1.803877456163118342e+00
1.802208426119608298e+00
1.794415491097121285e+00
1.789571837542148103e+00
1.781543273060968602e+00
1.779415737420736665e+00
1.766533185304497877e+00
1.762954084204924943e+00
1.755280004913769121e+00
1.751138241109851723e+00
1.746412099915835903e+00
1.746036538090077306e+00
1.744967990285593240e+00
1.734009346193904122e+00
1.732050807568878970e+00
1.732050807568876971e+00
1.732050807568876971e+00
1.732050807568876749e+00
1.730656718973767161e+00
1.725727714349952091e+00
1.724730795403765171e+00
1.723151921198759595e+00
1.722265140334045430e+00
1.716970023983646065e+00
1.715629468046685702e+00
1.703804039669853942e+00
1.699489042708200337e+00
1.689091815066200875e+00
1.688883540189176413e+00
1.679940246904591650e+00
1.672770682710128964e+00
1.669019221011783571e+00
1.665439562169227727e+00
1.660944974229722648e+00
1.655594584458542906e+00
1.648409542370619763e+00
1.645826020130384260e+00
1.644318533102810065e+00
1.634894633296095412e+00
1.627801725668015287e+00
1.618033988749896457e+00
1.618033988749896013e+00
1.618033988749895347e+00
1.618033988749894014e+00
1.616550140840043337e+00
1.610247942607775817e+00
1.605872792713916031e+00
1.605704595218766517e+00
1.600667764526951142e+00
1.596017480000489597e+00
1.588815650737307239e+00
1.585686083727571027e+00
1.582498233417941824e+00
1.564417738915437228e+00
1.564005001628488545e+00
1.554194377324779941e+00
1.542485445083619622e+00
1.540232671786944563e+00
1.535014278620884243e+00
1.532424123500735647e+00
1.528950869112553512e+00
1.520423885994126811e+00
1.516667458300062332e+00
1.514601111323524263e+00
1.509275341234793011e+00
1.495764351325998165e+00
1.495612709751702685e+00
1.490550931941486024e+00
1.488156551559279839e+00
1.482124591970128025e+00
1.475337820486053220e+00
1.470602438865655781e+00
1.470540043722602164e+00
1.467632624529892293e+00
1.462968217233025614e+00
1.461079250776750493e+00
1.455871604602525293e+00
1.454784835840438717e+00
1.448245726727006577e+00
1.437480294121233904e+00
1.435907745387729806e+00
1.434108354159435716e+00
1.433418341870481338e+00
1.428921084521442619e+00
1.424214871626791501e+00
1.414508169802347837e+00
1.414213562373096922e+00
1.414213562373096478e+00
1.414213562373096034e+00
1.414213562373095812e+00
1.414213562373095590e+00
1.414213562373095368e+00
1.414213562373095368e+00
1.414213562373095145e+00
1.414213562373095145e+00
1.414213562373095145e+00
1.414213562373094923e+00
1.414213562373094923e+00
1.414213562373094923e+00
1.414213562373094257e+00
1.414213562373093369e+00
1.414213562373093369e+00
1.412239264319857357e+00
1.407635891303688824e+00
1.405129115528011230e+00
1.404387719635231235e+00
1.399742330942147506e+00
1.391012562003258735e+00
1.385108265714487086e+00
1.378351010787166153e+00
1.378118711755699000e+00
1.372098759333292728e+00
1.369970345329213579e+00
1.367786612822167402e+00
1.364515460650016720e+00
1.360548899307253867e+00
1.360088249317352949e+00
1.351050915342422831e+00
1.349113754766209983e+00
1.345621528306843340e+00
1.345485580091606348e+00
1.342254450348296935e+00
1.336593136964044470e+00
1.336409423691834242e+00
1.333450350874678669e+00
1.327572084379688544e+00
1.325812811407021785e+00
1.323049281863025506e+00
1.321714634465471994e+00
1.318661468634767076e+00
1.315965842510023354e+00
1.311991739539775770e+00
1.310168086105803154e+00
1.299267240335357565e+00
1.296762418821696849e+00
1.293774521285752988e+00
1.289240968577347379e+00
1.283899799260792340e+00
1.282901410925067820e+00
1.277849606813565186e+00
1.276075275160383660e+00
1.270528750166519449e+00
1.269165079659723139e+00
1.263341376111548842e+00
1.259724824591268888e+00
1.252391500249155687e+00
1.250663016344784717e+00
1.247278262734439647e+00
1.233815047587415670e+00
1.231141834608614483e+00
1.227872882200138793e+00
1.222565638383602993e+00
1.213785247901214337e+00
1.211670775489298357e+00
1.211022568791056075e+00
1.202161697451479272e+00
1.197067960364867290e+00
1.181368957801252728e+00
1.181037202765828686e+00
1.178078223069250141e+00
1.168597039365705248e+00
1.164695099603849870e+00
1.159611291297513169e+00
1.150671531933229019e+00
1.145107721475676632e+00
1.140698526321737294e+00
1.133657417872196094e+00
1.132115997405181318e+00
1.121906756806696936e+00
1.115519902814301467e+00
1.112536058066969868e+00
1.111770317817079912e+00
1.104805586045942700e+00
1.098306053792676096e+00
1.095937528731538713e+00
1.092174615801276838e+00
1.088144088955236510e+00
1.083096268236400705e+00
1.074242281415542566e+00
1.070210049822577281e+00
1.065661146376969404e+00
1.047922943430467546e+00
1.047521100440666597e+00
1.043297423324353490e+00
1.030567216882298798e+00
1.024618881064301990e+00
1.023681898272231772e+00
1.016674850932144825e+00
1.011737852954010197e+00
1.009402513756037845e+00
1.008912249649613679e+00
1.000000000000002665e+00
1.000000000000001998e+00
1.000000000000001776e+00
1.000000000000001776e+00
1.000000000000001776e+00
1.000000000000001554e+00
1.000000000000001554e+00
1.000000000000001554e+00
1.000000000000001332e+00
1.000000000000001110e+00
1.000000000000001110e+00
1.000000000000001110e+00
1.000000000000001110e+00
1.000000000000000888e+00
1.000000000000000888e+00
1.000000000000000888e+00
1.000000000000000888e+00
1.000000000000000888e+00
1.000000000000000666e+00
1.000000000000000666e+00
1.000000000000000666e+00
1.000000000000000666e+00
1.000000000000000666e+00
1.000000000000000666e+00
1.000000000000000666e+00
1.000000000000000444e+00
1.000000000000000444e+00
1.000000000000000444e+00
1.000000000000000444e+00
1.000000000000000444e+00
1.000000000000000444e+00
1.000000000000000444e+00
1.000000000000000444e+00
1.000000000000000222e+00
1.000000000000000222e+00
1.000000000000000222e+00
1.000000000000000222e+00
1.000000000000000222e+00
1.000000000000000222e+00
1.000000000000000222e+00
1.000000000000000222e+00
1.000000000000000222e+00
1.000000000000000222e+00
1.000000000000000000e+00
1.000000000000000000e+00
1.000000000000000000e+00
1.000000000000000000e+00
1.000000000000000000e+00
1.000000000000000000e+00
1.000000000000000000e+00
1.000000000000000000e+00
1.000000000000000000e+00
1.000000000000000000e+00
1.000000000000000000e+00
1.000000000000000000e+00
1.000000000000000000e+00
1.000000000000000000e+00
1.000000000000000000e+00
1.000000000000000000e+00
1.000000000000000000e+00
1.000000000000000000e+00
1.000000000000000000e+00
1.000000000000000000e+00
1.000000000000000000e+00
9.999999999999998890e-01
9.999999999999998890e-01
9.999999999999998890e-01
9.999999999999998890e-01
9.999999999999998890e-01
9.999999999999998890e-01
9.999999999999998890e-01
9.999999999999998890e-01
9.999999999999998890e-01
9.999999999999996669e-01
9.999999999999996669e-01
9.999999999999996669e-01
9.999999999999996669e-01
9.999999999999996669e-01
9.999999999999996669e-01
9.999999999999996669e-01
9.999999999999996669e-01
9.999999999999994449e-01
9.999999999999994449e-01
9.999999999999994449e-01
9.999999999999994449e-01
9.999999999999994449e-01
9.999999999999992228e-01
9.999999999999992228e-01
9.999999999999990008e-01
9.999999999999990008e-01
9.999999999999988898e-01
9.999999999999988898e-01
9.999999999999988898e-01
9.999999999999986677e-01
9.999999999999984457e-01
9.999999999999966693e-01
9.940846690698550425e-01
9.937675384766017084e-01
9.929068346388570943e-01
9.906536978677225047e-01
9.895316529370303815e-01
9.860889256960916338e-01
9.850669379542796866e-01
9.838794381108986187e-01
9.824245462343951241e-01
9.807748201719135306e-01
9.795239265475595980e-01
9.775561966431689509e-01
9.766413579792855293e-01
9.734139416298773773e-01
9.638843171932024445e-01
9.598080657739328503e-01
9.488452595376686283e-01
9.472110580561705628e-01
9.434313160175140656e-01
9.371448396969339623e-01
9.368758231296578920e-01
9.365765550185722876e-01
9.321143015613903016e-01
9.314627578827308074e-01
9.255470244768082555e-01
9.212952216436481878e-01
9.211893546926581688e-01
9.159870972026220581e-01
9.129108241935980361e-01
9.105812918800052502e-01
9.084537498752568441e-01
9.015568338956233552e-01
9.010844791859012881e-01
8.958119771001584741e-01
8.931687292504169040e-01
8.911058079758772399e-01
8.848525505609339259e-01
8.843953725819247991e-01
8.792169988800060398e-01
8.764745540313004790e-01
8.749231765111239456e-01
8.623869633952829794e-01
8.620060889149292471e-01
8.565078363995981547e-01
8.450506465431271153e-01
8.438901702447184627e-01
8.424470505689598543e-01
8.343153800557473465e-01
8.295647984089196125e-01
8.215804420742653935e-01
8.153937793194452333e-01
8.098300234073517734e-01
8.016837598611195048e-01
7.953368370674783749e-01
7.910507241947114521e-01
7.886862765097465422e-01
7.850890323039896312e-01
7.759806611452353398e-01
7.748624584264366399e-01
7.692439033601893295e-01
7.597453303095562660e-01
7.530546310528528631e-01
7.527595071047952224e-01
7.510221883932621800e-01
7.447340585710110483e-01
7.416188620515100638e-01
7.381849602849180902e-01
7.340902864801581718e-01
7.320508075688777483e-01
7.320508075688769711e-01
7.318215326282598854e-01
7.232509008383457560e-01
7.201153654876994992e-01
7.194203804954314441e-01
7.063945158628280874e-01
7.051381427055063433e-01
7.048564110351414058e-01
7.031971929711737790e-01
7.003340369727369952e-01
6.986867469476997217e-01
6.974856329445022762e-01
6.940953152496334155e-01
6.909886496394437305e-01
6.876288144274318448e-01
6.840826658386386372e-01
6.799778847973708684e-01
6.697263386301319787e-01
6.666824011973910835e-01
6.641968309581858243e-01
6.524610290726963191e-01
6.522649599830363520e-01
6.478287629272920789e-01
6.410618789756852287e-01
6.402475324130982859e-01
6.388995040870047992e-01
6.345351205325799882e-01
6.320174462768669565e-01
6.269362294303434391e-01
6.180339887498951246e-01
6.180339887498949025e-01
6.180339887498949025e-01
6.180339887498944584e-01
6.133421085503559800e-01
6.127824483738495420e-01
6.098546794969080809e-01
6.085405502980569814e-01
6.036277607908150378e-01
6.028918770709628117e-01
6.001315612418945955e-01
5.985786830994842544e-01
5.894477146452219429e-01
5.879775460793266184e-01
5.856982704243094418e-01
5.748870622661395036e-01
5.746804807009486815e-01
5.698115249392442516e-01
5.665530175879029962e-01
5.625906163339251531e-01
5.577314461896569764e-01
5.525083702583425405e-01
5.471765749551049662e-01
5.456733244367319990e-01
5.404566630135759775e-01
5.404417520754197790e-01
5.356663199949063259e-01
5.290697342425098038e-01
5.244686278648786892e-01
5.230527668931167495e-01
5.167188089082912494e-01
5.060658660921316665e-01
4.887276483532111415e-01
4.781346861702429618e-01
4.729181039840840151e-01
4.655437672086240042e-01
4.641853682824597649e-01
4.608146993099936917e-01
4.581311539344070094e-01
4.536574534931721026e-01
4.327405304234865357e-01
4.234163915537097478e-01
4.215301976145062746e-01
4.153874853856042160e-01
4.142135623730953120e-01
4.142135623730949234e-01
4.112245404142099714e-01
4.062222440288240644e-01
4.037335469892108231e-01
3.973642688320560001e-01
3.946654036541981103e-01
3.630310819368854358e-01
3.592769068376477359e-01
3.574449263490020456e-01
3.518939120683452493e-01
3.459700761403637914e-01
3.390430427679890224e-01
3.347851480447565087e-01
3.163202765071390088e-01
3.083179363571603160e-01
3.061505258855214961e-01
2.993947889765644077e-01
2.970211234869818973e-01
2.640095894273913335e-01
2.613835721659647504e-01
2.365520320145694244e-01
1.791575824226298019e-01
1.719669301828361807e-01
1.455767531639387546e-01
