# Singular values
1.838757256235581963e+02
1.062554358647143147e+02
9.371495916353343603e+01
9.035173695922686932e+01
5.701915423490559931e+01
4.609772672293361495e+01
4.446843144471287701e+01
4.384627191996484186e+01
4.223069516580039107e+01
3.993798961442862350e+01
3.867986317948731312e+01
3.597403678463326315e+01
3.538484090394128856e+01
3.355717449132236396e+01
3.318091868945015932e+01
3.039057615095378750e+01
2.963276350045400065e+01
2.902728715636121137e+01
2.826856883757208294e+01
2.765404107714605431e+01
2.731830891809620354e+01
2.653603274294162162e+01
2.624559212400423291e+01
2.494590579925829843e+01
2.449890009731320362e+01
2.430403211576890143e+01
2.398583709686560184e+01
2.383159388427199232e+01
2.303994297702475080e+01
2.283126965369127959e+01
2.212631838019062869e+01
2.153747678026899237e+01
2.113308334504318609e+01
2.081315877673667458e+01
2.011889758967539166e+01
1.959104101762072858e+01
1.919883571818136403e+01
1.886424529901548652e+01
1.804964682062166403e+01
1.792676443627490457e+01
1.762676615880326025e+01
1.736419450041770318e+01
1.712034669502636675e+01
1.664540848916202265e+01
1.603825277476003919e+01
1.578728378720128411e+01
1.556083148875032585e+01
1.518794731626079297e+01
1.507498836926293606e+01
1.491393558270548425e+01
1.471695865465816055e+01
1.450005832782986204e+01
1.439761694740589881e+01
1.427188202535346484e+01
1.413146773960638392e+01
1.392310196072792472e+01
1.342180937241457173e+01
1.311638337866800619e+01
1.279655522970992898e+01
1.268169102503109968e+01
1.257515597575706856e+01
1.244485611703037264e+01
1.209612200116585612e+01
1.168699610646184084e+01
1.139584249266946259e+01
1.106662948472126473e+01
1.088689182200014116e+01
1.052773424293341975e+01
1.021719097029337675e+01
9.977516035866274891e+00
9.728934086511239698e+00
9.453830619446909722e+00
9.358854704457696627e+00
9.168005316748379485e+00
8.857172944741611431e+00
8.729413289998618097e+00
8.546132727613223068e+00
8.303169821839961884e+00
8.236114722155344126e+00
8.163914265840759299e+00
7.916493925007844545e+00
7.622193450799891856e+00
7.540166098948685836e+00
7.355608845936732365e+00
7.221711057637290487e+00
7.145461095646696847e+00
7.016949222133375130e+00
6.868791419449252977e+00
6.846597218835497323e+00
6.788027451681548641e+00
6.539990776557955243e+00
6.478261794882145708e+00
6.434849551303306825e+00
6.357050507678704498e+00
6.261793527476128496e+00
6.198807415063505744e+00
6.063768147950531429e+00
5.979677878953791215e+00
5.861802081971161371e+00
5.677722153630509361e+00
5.625292199325634179e+00
5.511491831433026789e+00
5.396697611625127067e+00
5.320982130174713554e+00
5.253497446043255081e+00
5.152133481069550491e+00
5.108426306542996009e+00
4.947619223673546784e+00
4.851586386787996474e+00
4.796706295740994719e+00
4.767182907516434476e+00
4.680322715663886690e+00
4.606863155355302553e+00
4.498530105689328984e+00
4.422138589974164091e+00
4.293421855654706576e+00
4.241997746997387964e+00
4.102329881255454502e+00
4.100751092455838354e+00
4.056466374164060973e+00
3.966884266443126528e+00
3.853044625658468281e+00
3.754940295304593167e+00
3.716876316719480489e+00
3.688921157219444247e+00
3.626817678255438437e+00
3.542417466750102495e+00
3.525769412364310629e+00
3.404425965008820221e+00
3.318976009930738158e+00
3.273664006730105935e+00
3.251572515175601197e+00
3.190238931229011143e+00
3.163738223796384474e+00
3.043197972205806234e+00
3.006893318898576251e+00
2.953756603819210014e+00
2.924373271466981450e+00
2.758180031709173363e+00
2.734730324621093889e+00
2.679149804911891142e+00
2.589742442226141694e+00
2.567970972664959106e+00
2.547009877091477303e+00
2.461381433360844362e+00
2.437346867908362302e+00
2.425723703457706382e+00
2.370990981566031941e+00
2.303659318803701339e+00
2.280492002958608211e+00
2.241165523138788362e+00
2.194551557736536651e+00
2.107044782841298147e+00
2.100707703293000161e+00
2.056733274522475785e+00
2.032690582742632479e+00
1.961939009441144854e+00
1.899591682380677105e+00
1.862732162528328406e+00
1.812216608988328703e+00
1.733987826601650406e+00
1.720343717641588333e+00
1.673037584782578246e+00
1.591160653185035523e+00
1.568696608334761766e+00
1.528680643883443935e+00
1.518330901624669549e+00
1.482428968064084751e+00
1.467945161552929312e+00
1.406778929382833665e+00
1.386696741258504062e+00
1.385153717367533011e+00
1.338933548914216898e+00
1.286571780680520805e+00
1.242192328605067120e+00
1.224708674384991092e+00
1.194170392659101632e+00
1.183530613205081572e+00
1.169133354714656736e+00
1.137736034571350974e+00
1.100779434483127650e+00
1.089152329943208208e+00
1.073144013683275722e+00
1.038612088506277953e+00
1.030803752119816341e+00
1.014378203298277548e+00
1.007518874253483743e+00
9.995620764800848823e-01
9.896967235777353045e-01
9.786851087374990321e-01
9.586690526082820574e-01
9.407133901482020999e-01
9.258556137640225892e-01
9.198459348976943950e-01
8.922384808341736750e-01
8.795377944222327882e-01
8.597159796904303430e-01
8.304294156034374152e-01
8.189396752717333916e-01
8.050407852936639630e-01
7.671530505801490429e-01
7.492021831679768207e-01
7.421623400034373930e-01
7.330949723115365302e-01
7.199266914240793902e-01
7.016188883028836587e-01
6.732976068425285954e-01
6.384730208352598080e-01
6.158822399844499085e-01
6.011584697564261726e-01
5.970342811177988818e-01
5.749295531882180343e-01
5.614481093216132646e-01
5.433320345078818114e-01
5.016262426758850701e-01
4.796896283607797740e-01
4.676378343545833371e-01
4.481670878611193620e-01
4.202815438006310411e-01
3.789085206591128463e-01
3.706609569354599176e-01
3.521948731051315895e-01
3.448637414029839254e-01
3.297268425111732904e-01
3.110174118115424102e-01
2.991609224429037650e-01
2.784636350972951591e-01
2.632947649857010353e-01
2.424692465752231463e-01
2.391064546012905689e-01
2.333526841322088041e-01
2.260997607714677338e-01
1.912334790563345044e-01
1.742316945434046471e-01
1.540408618307116950e-01
1.376954978905760019e-01
1.104333486508186218e-01
1.004134575430697257e-01
8.046548820305589322e-02
7.503403585347254157e-02
5.674643359690727251e-02
4.903156384139142204e-02
3.622620041001790858e-02
3.168431874037724166e-02
2.930502478654465476e-02
1.915619403715491942e-02
1.708691177123341717e-02
8.230034113772561472e-03
