# Singular values
9.418657273498970426e+02
8.077982580135151238e+02
4.341713768615807680e+02
4.222800056049472914e+02
3.977879122948525605e+02
3.546922404342464006e+02
2.408925022462239838e+02
2.067643435899636586e+02
1.760636873038591261e+02
1.592079304053758335e+02
1.101028507776781424e+02
1.067034506209259916e+02
1.020509589278797336e+02
1.012514825329518260e+02
9.858986582654644337e+01
9.857378532497436652e+01
9.565257307215546234e+01
9.345149737801368417e+01
9.287865710327830016e+01
9.275825579523935005e+01
9.048735620898278853e+01
8.891535530498842377e+01
8.681018404765048047e+01
8.451432170218367901e+01
8.302078185103836461e+01
8.238355533098133776e+01
7.966598795643263031e+01
7.963650001576368709e+01
7.597876343331782323e+01
7.530065244838530703e+01
7.425596937208848658e+01
7.382251098248612209e+01
7.075825529012134041e+01
7.018072759028532914e+01
6.605329269767192102e+01
6.477929438293585918e+01
6.344472918468355971e+01
6.273064374063711313e+01
6.127879383599918128e+01
5.955449430649913012e+01
5.833678426663075811e+01
5.589884987959755591e+01
5.523886844295763154e+01
5.511595388128033335e+01
5.443694343994178553e+01
5.277094704647529255e+01
5.049131814497769710e+01
4.876232515264108969e+01
4.851615193991985819e+01
4.684016405263543703e+01
4.657558839054382105e+01
4.582506778792214419e+01
4.487186587993706155e+01
4.422127330714269533e+01
4.300726962969715572e+01
4.235070878798962468e+01
4.156466227895118948e+01
4.125665919294573314e+01
4.121617778898382767e+01
4.082430099513868527e+01
4.061626502534490868e+01
3.900029189217833903e+01
3.783491735118479937e+01
3.748598958055838892e+01
3.699301781057383209e+01
3.684789329777145639e+01
3.626842694280721702e+01
3.585387051354736343e+01
3.570940957492989298e+01
3.546244197947385146e+01
3.510285196337842706e+01
3.492574725821594939e+01
3.393757520489160839e+01
3.365262206916664667e+01
3.360710910531025775e+01
3.354295448190261197e+01
3.354123285189919557e+01
3.353809865754274711e+01
3.340135864279120170e+01
3.320535195790051120e+01
3.274103019039682039e+01
3.231226847458526663e+01
3.229523097708391788e+01
3.182935712446625232e+01
3.151238636794830583e+01
3.118035731193983651e+01
3.097928177624297774e+01
3.092833221964286494e+01
3.086022992886039518e+01
3.016463467328435044e+01
3.008560291996248992e+01
2.977246524040105768e+01
2.972181163205032561e+01
2.972042918002317791e+01
2.971190124670450672e+01
2.962886379818289129e+01
2.954833610938014132e+01
2.951383261608764386e+01
2.946949813339943702e+01
2.935000146267972454e+01
2.926413562357468123e+01
2.920046399398162151e+01
2.894541003309758764e+01
2.886153905945173648e+01
2.877322142320994658e+01
2.876835064154137456e+01
2.874640978490695531e+01
2.866989960194517906e+01
2.828751778735957600e+01
2.825895212211855068e+01
2.816654344028536983e+01
2.796841756908341736e+01
2.788835430191036480e+01
2.752179347728657532e+01
2.740927719102969107e+01
2.740563741327782665e+01
2.740030612504945751e+01
2.692779403030396423e+01
2.682485605098582226e+01
2.667218034668693250e+01
2.652605408469660730e+01
2.650678019317987477e+01
2.634920495254249673e+01
2.627811369760763327e+01
2.616671623429374094e+01
2.612871249499062287e+01
2.604446479162369954e+01
2.590600026075597384e+01
2.567530546432776717e+01
2.549276547955713212e+01
2.535112604280551452e+01
2.533878747670406639e+01
2.516150717459377972e+01
2.469928559184430839e+01
2.466480174662181923e+01
2.447994137237294510e+01
2.447765417525812381e+01
2.443889136489948655e+01
2.440359331474407867e+01
2.435020583646716474e+01
2.404780590258955186e+01
2.392529590490251223e+01
2.355284478483213206e+01
2.348252500294196565e+01
2.348129535104597920e+01
2.320978280987884901e+01
2.306243194054851386e+01
2.297079037319551986e+01
2.272727786815375239e+01
2.270149235651106778e+01
2.265538380474431790e+01
2.252648500049438240e+01
2.226636655826620625e+01
2.223141465157117480e+01
2.210303613944916279e+01
2.202019909347385607e+01
2.150139666778774128e+01
2.147688478362474385e+01
2.130073113426126596e+01
2.122506295654486763e+01
2.111768212866757466e+01
2.109309258680012533e+01
2.087273645945700551e+01
2.078257654034208812e+01
2.077742383593909636e+01
2.065447541903491313e+01
2.049829146486399978e+01
2.035513964617739546e+01
2.033332340951674055e+01
1.977951166071199296e+01
1.972372497203300057e+01
1.958197542262201907e+01
1.951290058018132001e+01
1.943157933948842242e+01
1.910220871909346840e+01
1.899635701814001365e+01
1.891101675286989092e+01
1.887671155013885027e+01
1.851650636443738307e+01
1.846573394927905909e+01
1.845167961913452004e+01
1.841181892129751674e+01
1.833664823336889782e+01
1.828560458312945158e+01
1.813739491570382256e+01
1.810071207616422839e+01
1.809292699108495128e+01
1.795007890502568415e+01
1.794370120025418203e+01
1.791497209628206733e+01
1.768772002531341769e+01
1.750760885132122979e+01
1.737612592909142961e+01
1.723398399299884431e+01
1.716185816495255168e+01
1.712003498911577637e+01
1.671793286235418563e+01
1.647555894930394871e+01
1.646357210487340339e+01
1.639393338440261871e+01
1.628335438407132330e+01
1.626262166600280068e+01
1.618936297617780795e+01
1.616783526724323039e+01
1.609133852817245014e+01
1.596643748397815088e+01
1.586407695968158471e+01
1.585826696770030253e+01
1.567368158031337977e+01
1.563534593899919756e+01
1.542065520812392521e+01
1.522835546958645381e+01
1.517778470111652211e+01
1.505405580159803236e+01
1.500000000000002665e+01
1.500000000000001066e+01
1.500000000000000711e+01
1.499999999999999645e+01
1.474084450289870318e+01
1.469069352897883896e+01
1.467044014178764222e+01
1.445735988014898332e+01
1.426417807471843524e+01
1.421500906154281552e+01
1.420460456402091864e+01
1.398286568721757916e+01
1.396347343726162649e+01
1.382734529800500667e+01
1.378125300671255005e+01
1.374784747455448830e+01
1.373732017948516493e+01
1.340242264441802256e+01
1.318849949902729080e+01
1.307349384456253105e+01
1.297002916391147487e+01
1.292315747616335919e+01
1.283268682147772743e+01
1.279843506740159498e+01
1.263635786269399119e+01
1.257162763492503643e+01
1.235351246513928913e+01
1.231899691307087075e+01
1.224782759636321394e+01
1.210892783630721325e+01
1.195013382585597306e+01
1.172638122808717931e+01
1.163008559030636846e+01
1.157748863932928529e+01
1.148661916375945680e+01
1.110407402829147827e+01
1.092441035112613434e+01
1.091005262152159894e+01
1.077630628505890620e+01
1.064960908486207991e+01
1.062448534299549507e+01
1.039531383808555098e+01
1.031341749634335869e+01
1.026224359741038761e+01
1.018333026943711239e+01
1.012450098353844652e+01
1.009746400010292433e+01
9.946889546966188433e+00
9.911551783398300230e+00
9.832348225265324260e+00
9.694042064778125578e+00
9.673783883055223853e+00
9.573710817356651859e+00
9.369174927141441955e+00
9.244813272923646963e+00
9.175657991897095300e+00
9.158353800541648937e+00
9.135694425025501886e+00
9.084160005566026541e+00
9.019395964103562591e+00
8.976454805782891455e+00
8.894169978958524680e+00
8.829368291190062834e+00
8.765754353213820238e+00
8.720007985471015743e+00
8.695201332116260673e+00
8.600494606673203535e+00
8.582312919715596067e+00
8.434042633784534004e+00
8.398658072939261032e+00
8.306221864204850647e+00
8.211947468157202223e+00
8.169313216943921319e+00
8.075261671639488270e+00
8.055627192669973624e+00
7.984129160446346241e+00
7.865073788733218940e+00
7.750654615837207828e+00
7.691463419248818489e+00
7.665382697693858383e+00
7.614812647452430916e+00
7.578874170736885851e+00
7.468454778550168704e+00
7.420250469049622488e+00
7.278053383054787773e+00
7.267825664371429184e+00
7.173057506978379294e+00
7.156189654674530054e+00
7.052886255688514794e+00
6.978616609716024044e+00
6.890028550284699627e+00
6.867498353872033334e+00
6.805394851542271084e+00
6.777148816256594266e+00
6.767831913156597601e+00
6.471981912350011967e+00
6.447468764577082290e+00
6.379196747157429570e+00
6.329879926890168207e+00
6.287805429176103189e+00
6.269570369962888634e+00
6.200828809994490598e+00
6.027279481643349257e+00
6.007720852118791477e+00
5.988553014304210720e+00
5.906555636921060781e+00
5.903385543152348980e+00
5.827507405716172428e+00
5.824077187469659300e+00
5.692702741536918687e+00
5.681308948300239692e+00
5.680363876989956928e+00
5.612791261408450971e+00
5.593145522839583883e+00
5.586380009575233174e+00
5.562154420901840091e+00
5.503513560075700362e+00
5.482093876971469548e+00
5.361611120051896329e+00
5.345078957708047973e+00
5.340412788427593149e+00
5.292998813138734882e+00
5.257701256468690687e+00
5.244630024163715376e+00
5.219951233364726662e+00
5.149445492602358065e+00
5.077066823935409978e+00
5.076181290068349838e+00
5.067281306916163963e+00
4.971270063917871518e+00
4.902348889914014407e+00
4.740295787069017663e+00
4.710267916115667752e+00
4.655647988750327038e+00
4.616000642632791973e+00
4.588177146630261660e+00
4.559639718803441433e+00
4.526937989611609758e+00
4.474829089335216281e+00
4.419809877645029417e+00
4.358308709574766127e+00
4.281888635460280312e+00
4.256862787667285986e+00
4.204461353548207825e+00
4.179631528623743542e+00
4.172631222341253832e+00
4.158864966214542491e+00
4.123928382643720525e+00
4.111571704311672626e+00
4.104208629877125425e+00
4.050046287426588343e+00
3.960819475971511849e+00
3.939143933038383949e+00
3.920747070526410027e+00
3.894663215588006100e+00
3.890660012434405512e+00
3.766827817738259476e+00
3.755936662866612874e+00
3.648293470810235917e+00
3.641485789449580235e+00
3.552967187281731665e+00
3.548289351445684581e+00
3.495443283363221187e+00
3.458781869742736603e+00
3.455914148983171508e+00
3.402632145330200863e+00
3.399704669811628222e+00
3.373216237040971510e+00
3.355416982997950104e+00
3.338759542076532139e+00
3.324378256849019664e+00
3.224263950146969204e+00
3.210708190948137641e+00
3.182083547508203214e+00
3.067088824783265277e+00
3.030198882747042965e+00
3.020731718404830790e+00
3.014042516996826127e+00
3.010234956160873665e+00
3.000000000000058620e+00
2.999999999999943601e+00
2.957751574558705521e+00
2.954810430319548153e+00
2.950300590127638234e+00
2.824838714542908580e+00
2.782040496552748987e+00
2.748423060375595472e+00
2.693455383264263592e+00
2.567929119406395788e+00
2.543031065027675286e+00
2.497065282258804864e+00
2.463313362964024922e+00
2.430067696603221972e+00
2.399472879016510518e+00
2.303529804197131714e+00
2.271801275770147122e+00
2.236241300666003351e+00
2.175370585230348208e+00
2.090684862585419523e+00
2.061279900873332238e+00
1.990506422573009360e+00
1.983656464517373541e+00
1.938438868466092257e+00
1.908991270138272078e+00
1.897340946647382065e+00
1.882087130564884747e+00
1.860327879011016261e+00
1.855774741515261450e+00
1.854515313170677526e+00
1.842860896745892596e+00
1.834472864963861527e+00
1.813535169662087831e+00
1.780050985231495853e+00
1.779388721100579218e+00
1.774291775471278809e+00
1.760398687895585512e+00
1.712403938406117820e+00
1.676973428910762953e+00
1.658539981394701934e+00
1.644097320253910421e+00
1.634342956515576706e+00
1.605836758622207983e+00
1.595804624398925231e+00
1.588662106769869631e+00
1.536531322452688197e+00
1.487503881884494561e+00
1.480055337546351879e+00
1.361300428955008357e+00
1.345417526002875341e+00
1.344922745891443672e+00
1.339862703024022217e+00
1.266556748864695603e+00
1.244275294667475995e+00
1.210403123629125055e+00
1.184562208885065582e+00
1.174788574419345144e+00
1.173720626639246145e+00
1.134487740404834355e+00
1.109562133683095198e+00
1.089619641033119812e+00
1.051702498249112550e+00
1.033151076339432262e+00
9.949761173122249058e-01
9.854140526657213517e-01
9.831546816782874565e-01
9.590648747312823241e-01
9.491382439504698620e-01
9.401953224200778614e-01
9.396350599259896130e-01
9.100346263746263986e-01
8.736800350335600651e-01
8.683699288888430123e-01
8.668479757446893030e-01
8.459770275116508254e-01
8.431033434249913805e-01
8.346709134932489560e-01
8.065024158385752928e-01
7.960793244145349945e-01
7.881600440162542798e-01
7.656533114757341218e-01
7.515957918228831636e-01
6.963262891462774773e-01
6.944497608726353244e-01
6.645104392490924772e-01
6.519187576071583390e-01
6.516999629987125786e-01
6.243615943085482067e-01
6.052882109527687460e-01
5.780813605448880121e-01
5.666378675330888681e-01
5.642273550352465694e-01
5.553396314740112194e-01
5.319306740396269051e-01
5.260095748470535737e-01
5.049917445182346976e-01
4.923522664214608491e-01
4.785031734546553728e-01
4.694849124166164400e-01
4.612115573571502480e-01
4.555857194206033300e-01
4.361587349613467723e-01
4.126587226595713753e-01
3.870492201512082397e-01
3.829667587622039848e-01
3.389685796690383168e-01
3.053078005241669501e-01
2.924413115875701408e-01
2.804239044385846147e-01
2.500005238965000709e-01
2.485516711428732706e-01
2.282875621801137844e-01
2.275436977232910551e-01
2.227453771944492844e-01
2.156812839103605384e-01
2.066859105956194709e-01
1.843216717857436848e-01
1.751554030463330913e-01
1.682442102372078141e-01
1.285679126219248791e-01
1.173977386902180231e-01
1.099091882279650406e-01
1.062019841760055011e-01
9.718802073936981534e-02
9.277063420526326931e-02
8.700325581647150308e-02
6.707849228462203772e-02
6.453817625456494123e-02
6.203198926573258443e-02
5.763237847979652689e-02
4.897747645336466421e-02
4.708588287273628853e-02
3.277728846885925862e-02
1.847485063765490557e-02
1.441474168677765212e-02
1.024201155215724579e-02
9.447084524082867071e-03
7.888738836306608340e-03
4.580551567594325253e-03
2.130772339155465826e-03
1.368234960801981018e-03
5.397303793477236820e-04
2.131556567361241972e-04
1.614029170472105585e-13
