# Singular values
1.058964890424177838e+03
9.631475417324013506e+02
5.744976324715547662e+02
5.696692590222529589e+02
2.458841933020595718e+02
2.452096822518834358e+02
1.082662934021140870e+02
1.017258960840869406e+02
9.888235239463159587e+01
9.823758182933751471e+01
9.496651243569512246e+01
8.524642189557231120e+01
8.239153825437792023e+01
8.173632240589218156e+01
7.857996282855346237e+01
5.760503726503766586e+01
5.539467425182846938e+01
5.129146796303611922e+01
4.746851985834330634e+01
4.449565772581832590e+01
4.288289161578619257e+01
4.241717918501723972e+01
4.116924939419076424e+01
3.973505459476324120e+01
3.810383745182218007e+01
3.575320958039320374e+01
3.552020516375145576e+01
3.465242708908353819e+01
3.429520391636700083e+01
3.394425778189607712e+01
3.359996150639891255e+01
3.349253077271861656e+01
3.219126972028720246e+01
3.068885597377973085e+01
2.996897136660629357e+01
2.990067642979817819e+01
2.980595236823496208e+01
2.976495885731729274e+01
2.972227351991964284e+01
2.970272060768211730e+01
2.963007273902055516e+01
2.959951436102215183e+01
2.959346515521384191e+01
2.949938328878288019e+01
2.925488985988460655e+01
2.924826699919919548e+01
2.912249334479987795e+01
2.901763002175040640e+01
2.881968058361940876e+01
2.877943070630943012e+01
2.871357867302597811e+01
2.846926134118085017e+01
2.829410764459581529e+01
2.802675353394534596e+01
2.790703887388091786e+01
2.783140706543768061e+01
2.780115461887107386e+01
2.762805273577698273e+01
2.742904873625051465e+01
2.734504151926331872e+01
2.716855613356580790e+01
2.712857305531136731e+01
2.708866692987259484e+01
2.687339292892987785e+01
2.684172940615226111e+01
2.621354614734141109e+01
2.615845272971898794e+01
2.588012783849454124e+01
2.564471660146440257e+01
2.562880052173466439e+01
2.538252340484379843e+01
2.522055758469692677e+01
2.505598166308918806e+01
2.501003263322823145e+01
2.491555649848423215e+01
2.468807155417349009e+01
2.404908023676416207e+01
2.400206856109806708e+01
2.396036352456927077e+01
2.387907420726881114e+01
2.375981067323808205e+01
2.347480823858787602e+01
2.290774406626735527e+01
2.273777290396147066e+01
2.262346205913056352e+01
2.253421669531402571e+01
2.252068240604511118e+01
2.218867222594438005e+01
2.216780038069002146e+01
2.187178011747064232e+01
2.183846212664466790e+01
2.176779838962149327e+01
2.157676026060678609e+01
2.140237840138446757e+01
2.130854428532727951e+01
2.116074558085356117e+01
2.091142973791637516e+01
2.078631962180453030e+01
2.058641471000835210e+01
2.039440972760797521e+01
2.038114865363539252e+01
2.021325518639224939e+01
1.976863523191970629e+01
1.955084657168632489e+01
1.920686398026548147e+01
1.920448663987034266e+01
1.898939438424798354e+01
1.879079312744146080e+01
1.871906150274095282e+01
1.870043815636403295e+01
1.861688040698482283e+01
1.835613302443925221e+01
1.823776089363279596e+01
1.822280242701103958e+01
1.817979764236926954e+01
1.792303875569240290e+01
1.787062743784225205e+01
1.776089400804132978e+01
1.774384380092277169e+01
1.759230381451080305e+01
1.742458208795488872e+01
1.731991227967226976e+01
1.721166290445587066e+01
1.711305926159050017e+01
1.706988162362436512e+01
1.666843569303049932e+01
1.633711640638456331e+01
1.624053896929007834e+01
1.617915813895191235e+01
1.603855121524943428e+01
1.594135355260054432e+01
1.557080434435994398e+01
1.538298295134861071e+01
1.521193636076139377e+01
1.508326487174709918e+01
1.506571416753444659e+01
1.503785881916536660e+01
1.501543225207978693e+01
1.499999999999998757e+01
1.467150778548952061e+01
1.449524094138774366e+01
1.437261777819618302e+01
1.422561148913112383e+01
1.410191755899586852e+01
1.399794524896097592e+01
1.387026862100753988e+01
1.368357031245528788e+01
1.359006894243482932e+01
1.333827439881483023e+01
1.328449867210807511e+01
1.319507152214930024e+01
1.314933253067876784e+01
1.294724250704976498e+01
1.280247762880487983e+01
1.279423849538590119e+01
1.277410834132421158e+01
1.275623181795317329e+01
1.269720244170973444e+01
1.263850136005578406e+01
1.260389606139519891e+01
1.250622126799942535e+01
1.224458650294177176e+01
1.200973071009788384e+01
1.185889973036110412e+01
1.163358595085737868e+01
1.150792563020910819e+01
1.139445302227649393e+01
1.132084794025749908e+01
1.118979899354103758e+01
1.114690927460984327e+01
1.105928776330117635e+01
1.097916624689909071e+01
1.089014943612255948e+01
1.079872477057726066e+01
1.074357202679854417e+01
1.064422645075615925e+01
1.062813206112617337e+01
1.061313290697409784e+01
1.052264330767449607e+01
1.032074957292969408e+01
1.029432390315097834e+01
1.014348184019821275e+01
1.012850033529211480e+01
1.009127142177503167e+01
9.935592183391902310e+00
9.879495960189426995e+00
9.766004549141833024e+00
9.704602118564984892e+00
9.674314230709319062e+00
9.595592462432328773e+00
9.456967722060266368e+00
9.425351515218061138e+00
9.402248738359254787e+00
9.382495541139769912e+00
9.224068953876477295e+00
9.198601393164477003e+00
9.179851597166416965e+00
9.132475099560240395e+00
9.084256140500579946e+00
9.082840692313176589e+00
8.892871667888298859e+00
8.878160748488269860e+00
8.857442821545172151e+00
8.826757976475144929e+00
8.774108341324227567e+00
8.774108341324211580e+00
8.748263856208838618e+00
8.704467352318205897e+00
8.624901506586223121e+00
8.621629915590682813e+00
8.574862705462908963e+00
8.490021478947832989e+00
8.451670295523632248e+00
8.419233952860068371e+00
8.380135469733399844e+00
8.270264173581741929e+00
8.138590894306796386e+00
8.103478071513388059e+00
8.076227557941599855e+00
8.006657533235312485e+00
7.966928231962175921e+00
7.925407734411471061e+00
7.839444893343328502e+00
7.675637522603406815e+00
7.552305993041637855e+00
7.488102961858832174e+00
7.473135168127814865e+00
7.388500106732225348e+00
7.372028068524796751e+00
7.223032723388923770e+00
7.216191253933036620e+00
7.148521869625385605e+00
7.119511023307476094e+00
7.053233682552183303e+00
7.051363035394368595e+00
7.013945824323459810e+00
6.914915193258443615e+00
6.844281650839891817e+00
6.796333052270402852e+00
6.760419405917907021e+00
6.741804440683425881e+00
6.738429846091398723e+00
6.460860954953664859e+00
6.447950773578431161e+00
6.384071416350691308e+00
6.345911210953961934e+00
6.302273318301843119e+00
6.192017667477746734e+00
6.149769638368394631e+00
6.092275081299050044e+00
6.054452188865417916e+00
6.024971111927211354e+00
5.964092929229083850e+00
5.935513399332970508e+00
5.712572030279969404e+00
5.689661621313318207e+00
5.649055665672823245e+00
5.639484011212171133e+00
5.621904739264841133e+00
5.588197575912914772e+00
5.518871671842934035e+00
5.508180623892640071e+00
5.493960476016756189e+00
5.432609533455020845e+00
5.415094281986409186e+00
5.378245749435258460e+00
5.373974797321149133e+00
5.299386626500998787e+00
5.274370132727129956e+00
5.257113581687909765e+00
5.233623658575703885e+00
5.222237755994263431e+00
5.184140135682189232e+00
5.179851597166399202e+00
5.179851597166394761e+00
5.178175535285957309e+00
5.160275973720898968e+00
5.046767983735723107e+00
4.993007380704701070e+00
4.960648220425167843e+00
4.934099134450328883e+00
4.892450340370513295e+00
4.825638935149906494e+00
4.787346160287658137e+00
4.774108341324215132e+00
4.774108341324214244e+00
4.757809603119455666e+00
4.699877457059844055e+00
4.619473857303167286e+00
4.600946563938093981e+00
4.556714614827154897e+00
4.498742010057331875e+00
4.421509395142405374e+00
4.411988782460595004e+00
4.247651625753280591e+00
4.219809056199041564e+00
4.195008385156362429e+00
4.193308960621649817e+00
4.123686258784709402e+00
4.111423232174334252e+00
4.045243709740716120e+00
4.008704876569921360e+00
3.990922125482702310e+00
3.958362088482484165e+00
3.952611775427575136e+00
3.894501912648556718e+00
3.833936251688046859e+00
3.817469164698805706e+00
3.803671608709475738e+00
3.763811939826407826e+00
3.670093724226113796e+00
3.659088029950066989e+00
3.599959948463008264e+00
3.579226658904606229e+00
3.561390163646555695e+00
3.546305258941892635e+00
3.503111641699727219e+00
3.490561347334151687e+00
3.453652634332546434e+00
3.435994443826131839e+00
3.409133256169649684e+00
3.382110588996703360e+00
3.376298689669462672e+00
3.293439717459814897e+00
3.260177833120451396e+00
3.163693543783938189e+00
3.063876240364562076e+00
3.056012153894573036e+00
3.021110898135756617e+00
2.991475626434987767e+00
2.956700029171242861e+00
2.943625844379514689e+00
2.893360099064663959e+00
2.823378100451784167e+00
2.820148402833602130e+00
2.802856624033821742e+00
2.767639937184846577e+00
2.711845118183829229e+00
2.698744901836193311e+00
2.695904711034886159e+00
2.667729589684877389e+00
2.585032989068008824e+00
2.569266488378227908e+00
2.551047774638206977e+00
2.524687047049857025e+00
2.523302111996249764e+00
2.483725475778198355e+00
2.353844007802829985e+00
2.315273963613473818e+00
2.310893316581347001e+00
2.263599141779821800e+00
2.253603524916657719e+00
2.243044758669846761e+00
2.155558590878125180e+00
2.072470557232295896e+00
2.050636791510652479e+00
2.042599260829700558e+00
1.968316302859919542e+00
1.928451304768753927e+00
1.883996205297448157e+00
1.851012976084235984e+00
1.838913953968441817e+00
1.799279371948433015e+00
1.787795990945230562e+00
1.774429264168176035e+00
1.755200627924938805e+00
1.709878162007071323e+00
1.703337133149721350e+00
1.642007966273517194e+00
1.611392101780493746e+00
1.608941645665759257e+00
1.596350443201176583e+00
1.589220745716621419e+00
1.560649440142067856e+00
1.541858403500228736e+00
1.469533373672666343e+00
1.463382963635415868e+00
1.418412697153093482e+00
1.416259432884355407e+00
1.410734686379752301e+00
1.391452516811519269e+00
1.389069471299267500e+00
1.347759788498726019e+00
1.309622211992437890e+00
1.305314765027966395e+00
1.294237452919184461e+00
1.243147914530510434e+00
1.229566771761548161e+00
1.193678064293180130e+00
1.179851597166396537e+00
1.179851597166396537e+00
1.167605191965617850e+00
1.132794441621721715e+00
1.109641715065730061e+00
1.052270211131816957e+00
1.045900835664610229e+00
1.015189571987594963e+00
1.007100717874891194e+00
1.000000000000001554e+00
9.999999999999973355e-01
9.259914581595126704e-01
8.971621733681481858e-01
8.793958726769316447e-01
8.416766084362764522e-01
8.089155415017627027e-01
8.031992960427547512e-01
7.916567174260599193e-01
7.786247029970136957e-01
7.741083413242157985e-01
7.698945220369193265e-01
7.315477779133507941e-01
7.207675796644581467e-01
6.991570686203080198e-01
6.868862567600627633e-01
6.519532140063388770e-01
6.353913249247835626e-01
6.236699020339809829e-01
6.039894773435929842e-01
6.009219381676197402e-01
5.636511745047662059e-01
5.563279344664650017e-01
5.277606578869673548e-01
5.189918383536223923e-01
5.060308373113547864e-01
4.931740317748870006e-01
4.687426226666680518e-01
4.669556468063954524e-01
4.289651387111124703e-01
4.138842592307289125e-01
3.977654861788652019e-01
3.871098695282365609e-01
3.823203620866887920e-01
3.418126288707487581e-01
3.328593371131283174e-01
3.302552795678925790e-01
3.015512639626692915e-01
2.766840538076529854e-01
2.390336283533648909e-01
2.215374233704202889e-01
2.182055641856466555e-01
1.925727644775031555e-01
1.909955805960461550e-01
1.741022647142849711e-01
1.539698629223674453e-01
1.334530833113813930e-01
1.302043022545681383e-01
1.137817487709346792e-01
9.844091332761623070e-02
8.829164810880844871e-02
8.599579378328899015e-02
8.496082284713082911e-02
6.308062780031241379e-02
5.304946279865083852e-02
5.154933987855289668e-02
3.391666179632876060e-02
1.716847543105892368e-02
8.322396381227156748e-03
1.858718056519198915e-03
1.102747652279264298e-03
3.747032854109945822e-04
