# Singular values
9.507783843987625971e+01
4.723938056117157203e+01
4.145177002342128958e+01
4.052460915265022123e+01
3.810933691333059414e+01
3.722072638314163839e+01
3.335710262606835386e+01
3.150841524894783419e+01
2.960186706413712798e+01
2.885626282183271130e+01
2.860135419305392190e+01
2.700924237795818073e+01
2.651408438943440515e+01
2.528040237774405341e+01
2.463294444933314153e+01
2.382518354668371074e+01
2.287179279480856664e+01
2.224790476934357386e+01
2.118942761491504356e+01
2.028382052968285620e+01
2.007746349367691963e+01
1.960493461607417487e+01
1.875163794189988664e+01
1.772825559962178943e+01
1.760991497700026187e+01
1.675989298120693505e+01
1.663309831665385730e+01
1.622657721125493069e+01
1.581648339387461455e+01
1.524510286746215826e+01
1.505475781843378336e+01
1.470827932649568304e+01
1.426043358457831545e+01
1.405585357727646922e+01
1.395650860956106243e+01
1.391902105506616394e+01
1.368981840641480296e+01
1.331699330425772665e+01
1.304227241092201162e+01
1.300530036282856550e+01
1.271796275651487562e+01
1.269771534984213446e+01
1.254263173452413405e+01
1.248436019899089366e+01
1.237078021143706330e+01
1.218360734013545610e+01
1.207123473607092556e+01
1.203050206278142653e+01
1.200000000000000000e+01
1.195997879436163025e+01
1.186033413417582771e+01
1.175478539517771992e+01
1.170037500792055241e+01
1.160965141362468422e+01
1.142155114102875579e+01
1.138154552413170606e+01
1.116209664885615105e+01
1.105237501602579009e+01
1.098250017459459649e+01
1.094680355274748962e+01
1.071026317475782541e+01
1.068119551532386957e+01
1.061432024542941299e+01
1.047921602883546122e+01
1.047046687566735379e+01
1.039720122145992676e+01
1.022447476705218605e+01
1.018490280865783504e+01
1.010360724951217470e+01
1.003735328060875531e+01
9.865089846721097899e+00
9.856930949378014617e+00
9.782972823790263561e+00
9.764716592584322896e+00
9.763506962193119421e+00
9.569798331767731980e+00
9.551156617679694705e+00
9.443882179423829015e+00
9.339264314680166379e+00
9.281638306483710465e+00
9.176178435048765181e+00
9.153628001858885810e+00
9.123667132558324511e+00
9.086233581815527316e+00
9.022777792379494954e+00
8.923559194901441671e+00
8.891182320896117375e+00
8.799170867379949357e+00
8.755277233508167001e+00
8.737641526173197448e+00
8.645908305186438270e+00
8.586992054601696012e+00
8.528381766255414220e+00
8.488167676817496954e+00
8.450016501642428679e+00
8.400395779736088642e+00
8.330028062121847654e+00
8.283882783164742136e+00
8.227490475900482991e+00
8.225727595676655568e+00
8.121095421099401079e+00
8.083183032697940362e+00
8.072336066999199033e+00
8.006429092150954219e+00
7.948672603944443971e+00
7.890167671037248809e+00
7.848168712498422295e+00
7.757477204668878912e+00
7.677537104603278095e+00
7.652715920121468507e+00
7.633167775544233535e+00
7.581950588321799245e+00
7.544769556358155604e+00
7.523208464031120535e+00
7.513700596202675719e+00
7.425210584702617744e+00
7.390135530237447625e+00
7.364579993595453011e+00
7.315024873363345392e+00
7.275403645830612831e+00
7.217461677730950598e+00
7.211422975278437342e+00
7.187420540599960717e+00
7.139402682596690752e+00
7.096848025018140049e+00
7.005097279990596171e+00
6.940255282141944981e+00
6.919443101489354042e+00
6.870921797602227876e+00
6.867312469850832102e+00
6.820806414666602535e+00
6.783834661252514664e+00
6.725026264555397759e+00
6.721333827458686017e+00
6.663227975673208903e+00
6.633224691708039522e+00
6.618534854912875964e+00
6.574996935954425581e+00
6.570349802551100460e+00
6.488983798296289685e+00
6.482190429454093739e+00
6.416392450944961467e+00
6.355879348326408440e+00
6.327084091011806244e+00
6.301424642767424089e+00
6.279224351966278483e+00
6.259373130786729966e+00
6.210503082889027304e+00
6.188557667616620961e+00
6.161513572757050028e+00
6.136546651466847635e+00
6.133421757811617248e+00
6.084306392847938838e+00
6.019013140961510189e+00
6.017968501816276294e+00
5.989095283678379289e+00
5.949430361640076548e+00
5.864709255932727849e+00
5.862898415002636199e+00
5.794857270168202845e+00
5.781732007592251144e+00
5.752289116231331434e+00
5.741479766126736273e+00
5.717629876237237951e+00
5.712645670036349266e+00
5.703180900829840638e+00
5.679544790482963457e+00
5.651321207175423744e+00
5.613736681637285564e+00
5.606593807116825090e+00
5.597926303803620662e+00
5.566550752568716121e+00
5.552293596516677532e+00
5.534746605397701025e+00
5.507916463334529666e+00
5.480035156347168979e+00
5.451255405600965886e+00
5.421325504215182889e+00
5.405212536710680915e+00
5.388233283704535026e+00
5.366053087134365462e+00
5.274208639504776919e+00
5.251439546556478710e+00
5.202340069264393740e+00
5.190427656917797172e+00
5.174214679160051844e+00
5.141183843538096099e+00
5.124550558356576246e+00
5.086432204282823832e+00
5.063091662902873047e+00
5.060428334562454999e+00
5.005037122706372799e+00
5.000878567038433253e+00
4.978752401015038132e+00
4.948541772879290868e+00
4.935415781103800192e+00
4.925915044115881436e+00
4.893907447740106775e+00
4.886751863109069838e+00
4.849715591100804524e+00
4.791447873971820037e+00
4.786078021086010992e+00
4.775467082394524887e+00
4.760599218550794376e+00
4.757264029987076093e+00
4.706265796100208121e+00
4.671593694551478215e+00
4.655227812806473686e+00
4.642610171667373109e+00
4.627958706642160358e+00
4.592435201746773110e+00
4.575588293263725070e+00
4.563189549074500917e+00
4.508950213919066918e+00
4.501803554063838142e+00
4.498085988139026270e+00
4.492578445944628740e+00
4.476727591998810318e+00
4.426255610894477499e+00
4.384904446244825671e+00
4.372261391857939827e+00
4.367247564648391922e+00
4.358519409675060352e+00
4.346101977041945119e+00
4.312308379914850498e+00
4.306353716150390198e+00
4.300721785548169862e+00
4.282183565424184657e+00
4.274912451783382750e+00
4.224934102942311753e+00
4.204484300704899979e+00
4.197312594229313909e+00
4.172776895391056229e+00
4.161628386974784988e+00
4.136509395065603556e+00
4.119919489384392008e+00
4.088698242395318871e+00
4.068142579160055838e+00
4.057936296171207324e+00
4.043136483025496553e+00
4.037223317390790989e+00
4.032929568577081625e+00
3.995032413129234516e+00
3.988599896938091138e+00
3.964442424249374319e+00
3.959101873339259559e+00
3.953537565208476767e+00
3.941054341848576392e+00
3.893814447446010352e+00
3.868710516794812815e+00
3.863788358958414104e+00
3.846876175398157738e+00
3.838359427812492619e+00
3.833942861894182652e+00
3.814779354521134813e+00
3.782666957679828190e+00
3.775742577848813397e+00
3.763954652688240365e+00
3.739403816533506841e+00
3.729039209013604861e+00
3.719477856503474289e+00
3.702237057625730632e+00
3.657890031695357536e+00
3.642882831114928610e+00
3.629096064572569169e+00
3.604382044103640048e+00
3.598866026409109242e+00
3.591055961590828627e+00
3.586815972197322289e+00
3.556203471834515462e+00
3.542580720700291952e+00
3.516827921501950449e+00
3.514559221207977480e+00
3.507689474173393052e+00
3.499773632811985280e+00
3.481887071462247185e+00
3.450922669767019002e+00
3.450326605864138418e+00
3.440730076448631269e+00
3.424108728798362478e+00
3.397162408443404669e+00
3.371523173986771038e+00
3.367883290526893170e+00
3.355055482676780443e+00
3.349508327964166199e+00
3.334587585990854475e+00
3.325415749778684926e+00
3.321006173296257025e+00
3.297196246119542540e+00
3.283614565191831591e+00
3.253340568802176147e+00
3.246082183880211858e+00
3.241874458503464673e+00
3.227044609193793434e+00
3.213716813098995928e+00
3.201693933824710125e+00
3.166888082108389124e+00
3.149739227805621766e+00
3.130697190392235818e+00
3.129949242927459796e+00
3.115116555245858621e+00
3.095766938470786656e+00
3.088576541685343901e+00
3.073790353279904242e+00
3.055331461386882719e+00
3.054929233719894999e+00
3.041087109757266926e+00
3.032154541517812607e+00
3.020836148155098044e+00
3.004196983292114709e+00
2.992196630438915150e+00
2.975066399812788198e+00
2.970846338169597534e+00
2.967403140611129864e+00
2.954295212132101778e+00
2.941146112434422033e+00
2.940040905840672902e+00
2.938563120407382101e+00
2.915179883453762777e+00
2.899766012454543684e+00
2.881045056924614212e+00
2.866583770437045153e+00
2.859756638849136223e+00
2.859667478410897967e+00
2.835097293741665858e+00
2.830532247093027198e+00
2.804017574270909030e+00
2.789151409871439391e+00
2.780035225315582892e+00
2.761762620985916072e+00
2.755183847278912523e+00
2.744464890851598060e+00
2.730933878208158472e+00
2.723270968026006322e+00
2.717588565503614717e+00
2.703916538113100287e+00
2.692846025573502278e+00
2.686189744263344448e+00
2.684078903347780543e+00
2.665223933746487806e+00
2.657744256296428631e+00
2.649004815016492209e+00
2.648134961599316828e+00
2.627393535609510611e+00
2.626482782733481791e+00
2.613834854084979842e+00
2.586991495906012961e+00
2.584482587923222496e+00
2.576439394197805655e+00
2.562114753708818249e+00
2.556059231738207593e+00
2.554069688220557577e+00
2.537612321771464785e+00
2.523469983550499229e+00
2.509394454839626309e+00
2.501138543346854259e+00
2.496294274176994232e+00
2.489142860310437744e+00
2.473152362890903344e+00
2.461980322437424373e+00
2.456619171653842137e+00
2.446783719506183008e+00
2.424656992427318691e+00
2.418445381958388651e+00
2.414898330503269186e+00
2.397690736744498174e+00
2.394968515030532430e+00
2.392111145690662077e+00
2.387865673789343557e+00
2.379547755246107066e+00
2.357783605746871736e+00
2.344267803153214036e+00
2.339650045070534645e+00
2.331585022144128327e+00
2.324023928416032891e+00
2.315373356431083884e+00
2.314896036210132735e+00
2.291861096028763978e+00
2.286986973209944374e+00
2.276163513935285376e+00
2.271011833283832271e+00
2.267933857081406490e+00
2.266963420176262733e+00
2.251331429725285549e+00
2.238117275418577190e+00
2.223431656532838918e+00
2.213882415993473796e+00
2.205693605603589624e+00
2.194984449369821178e+00
2.192130796480442179e+00
2.170759745964250698e+00
2.166569924480130194e+00
2.159823139067375219e+00
2.149478261681835978e+00
2.149292290692588203e+00
2.139275963894916810e+00
2.118114001749108688e+00
2.115706953193793538e+00
2.114937946467976282e+00
2.105662365702086092e+00
2.102220174501747252e+00
2.083256325634615269e+00
2.079631759852714978e+00
2.075124844630952037e+00
2.054938581172142786e+00
2.040920997970892437e+00
2.035307454726431153e+00
2.030706792871732613e+00
2.024563240084491067e+00
2.010445725866110145e+00
2.001677655504631836e+00
2.000000000000000444e+00
1.999999999999999556e+00
1.990503980150580610e+00
1.989669049102671616e+00
1.982907152850491350e+00
1.981871507187620063e+00
1.976990959418013505e+00
1.970357388991338610e+00
1.958493134455760565e+00
1.954338082565856727e+00
1.948562983111918445e+00
1.934357886554779471e+00
1.928729214308227746e+00
1.919524479281530693e+00
1.900674828527692872e+00
1.895286508163348982e+00
1.883781142322917823e+00
1.882890830289527084e+00
1.877794051426849631e+00
1.869643378227043407e+00
1.869195879472823174e+00
1.866043836553372026e+00
1.857015744321302231e+00
1.856133147504171577e+00
1.839456014875061829e+00
1.837115154122245686e+00
1.831751293482719145e+00
1.822130324710399263e+00
1.817467095488126905e+00
1.812373467520032921e+00
1.809416994985068916e+00
1.805658349857720557e+00
1.797096054684269362e+00
1.786133827551724895e+00
1.775810874342303336e+00
1.765735082520108135e+00
1.763594461502624666e+00
1.761632685497773521e+00
1.746817285728946123e+00
1.741611614382835516e+00
1.738907959022454319e+00
1.735893503616437572e+00
1.731078656135339733e+00
1.725497204270666662e+00
1.716326725238881190e+00
1.713201413439423559e+00
1.705079822583572158e+00
1.697345945819665358e+00
1.688608508374944916e+00
1.673636217848218033e+00
1.665647508389944020e+00
1.653450346994710163e+00
1.643705881460088891e+00
1.641066717216526971e+00
1.637438485546012679e+00
1.626302681103864778e+00
1.617327079015202340e+00
1.615082499141393679e+00
1.610388415948264207e+00
1.605239028815282021e+00
1.603700407639428560e+00
1.597309013492337781e+00
1.588654066460410075e+00
1.585490271452735689e+00
1.582162596904622243e+00
1.573694909207680181e+00
1.567589976574681687e+00
1.559471721522515786e+00
1.547129528122345166e+00
1.542821907691892536e+00
1.542407958056619455e+00
1.538310603714785119e+00
1.533323872563123524e+00
1.531477762985486990e+00
1.527502069121385198e+00
1.527031844100422697e+00
1.510077457853134852e+00
1.501476165203388558e+00
1.498650076356054184e+00
1.485272118962525090e+00
1.481753959534496179e+00
1.472004940243337057e+00
1.470897288122936741e+00
1.462494272850210164e+00
1.461968491663490965e+00
1.456191640062928006e+00
1.455116501768592752e+00
1.445592066277194832e+00
1.440878133072974299e+00
1.430049450275027612e+00
1.426807197267601302e+00
1.425986991168424423e+00
1.423200837517511808e+00
1.423002696545440759e+00
1.419267762032981439e+00
1.415626148702295861e+00
1.412500899639460128e+00
1.406569784409436474e+00
1.399870105178547153e+00
1.393064751429373915e+00
1.389436888720658292e+00
1.379434456883062987e+00
1.379282845753561304e+00
1.377751589731960546e+00
1.365721300530311488e+00
1.363852482669232424e+00
1.356649465744906191e+00
1.347191615456239777e+00
1.340201826329060930e+00
1.336176403155926451e+00
1.332675880149978953e+00
1.329026815961283248e+00
1.326063620634426510e+00
1.321939313787459103e+00
1.319350130089370632e+00
1.305797697485762576e+00
1.304044854847599355e+00
1.303775792614233486e+00
1.294931756906138487e+00
1.287690965358301964e+00
1.285017875527892484e+00
1.274357453508398796e+00
1.273326649888538720e+00
1.261634750812713479e+00
1.258859963554902039e+00
1.253805783821458242e+00
1.249692316227815736e+00
1.246636295892802559e+00
1.237402578538213005e+00
1.232818215058210543e+00
1.220194899551656276e+00
1.219006997361457012e+00
1.213514906948090166e+00
1.211157166169140487e+00
1.208226342426240940e+00
1.199234848158374334e+00
1.191350673953137873e+00
1.190816138940292257e+00
1.184890849846600647e+00
1.180987701551814428e+00
1.170076714716559385e+00
1.163001845885436314e+00
1.158673704397684023e+00
1.156057751746901729e+00
1.152133250869717296e+00
1.143885984219598306e+00
1.140522070598619209e+00
1.125801393001795159e+00
1.124427077924213592e+00
1.115187732085316519e+00
1.113943804524449188e+00
1.109434393268462715e+00
1.105450660442848454e+00
1.095785495208806637e+00
1.094656931902976416e+00
1.090351087833572929e+00
1.088640499575282083e+00
1.076287011324409182e+00
1.074704713847493665e+00
1.066807577521761807e+00
1.059010094998808604e+00
1.051714090276040681e+00
1.047937231369777900e+00
1.044889788643972972e+00
1.036375689737885297e+00
1.029677931703883997e+00
1.021073909567558724e+00
1.014428998331947218e+00
1.009295782059799862e+00
1.007274539298757210e+00
1.003051120034125221e+00
1.000000000000001554e+00
1.000000000000000888e+00
1.000000000000000666e+00
1.000000000000000666e+00
1.000000000000000666e+00
1.000000000000000444e+00
1.000000000000000444e+00
1.000000000000000444e+00
1.000000000000000444e+00
1.000000000000000444e+00
1.000000000000000444e+00
1.000000000000000444e+00
1.000000000000000444e+00
1.000000000000000444e+00
1.000000000000000444e+00
1.000000000000000444e+00
1.000000000000000444e+00
1.000000000000000444e+00
1.000000000000000444e+00
1.000000000000000222e+00
1.000000000000000222e+00
1.000000000000000222e+00
1.000000000000000222e+00
1.000000000000000222e+00
1.000000000000000222e+00
1.000000000000000222e+00
1.000000000000000222e+00
1.000000000000000222e+00
1.000000000000000222e+00
1.000000000000000222e+00
1.000000000000000222e+00
1.000000000000000222e+00
1.000000000000000222e+00
1.000000000000000222e+00
1.000000000000000222e+00
1.000000000000000222e+00
1.000000000000000222e+00
1.000000000000000222e+00
1.000000000000000222e+00
1.000000000000000222e+00
1.000000000000000222e+00
1.000000000000000222e+00
1.000000000000000222e+00
1.000000000000000222e+00
1.000000000000000222e+00
1.000000000000000222e+00
1.000000000000000222e+00
1.000000000000000222e+00
1.000000000000000222e+00
1.000000000000000222e+00
1.000000000000000222e+00
1.000000000000000222e+00
1.000000000000000222e+00
1.000000000000000222e+00
1.000000000000000222e+00
1.000000000000000222e+00
1.000000000000000222e+00
1.000000000000000222e+00
1.000000000000000222e+00
1.000000000000000222e+00
1.000000000000000222e+00
1.000000000000000222e+00
1.000000000000000222e+00
1.000000000000000222e+00
1.000000000000000222e+00
1.000000000000000222e+00
1.000000000000000222e+00
1.000000000000000000e+00
1.000000000000000000e+00
1.000000000000000000e+00
1.000000000000000000e+00
1.000000000000000000e+00
1.000000000000000000e+00
1.000000000000000000e+00
1.000000000000000000e+00
1.000000000000000000e+00
1.000000000000000000e+00
1.000000000000000000e+00
1.000000000000000000e+00
1.000000000000000000e+00
1.000000000000000000e+00
1.000000000000000000e+00
1.000000000000000000e+00
1.000000000000000000e+00
1.000000000000000000e+00
1.000000000000000000e+00
1.000000000000000000e+00
1.000000000000000000e+00
1.000000000000000000e+00
1.000000000000000000e+00
1.000000000000000000e+00
1.000000000000000000e+00
1.000000000000000000e+00
1.000000000000000000e+00
1.000000000000000000e+00
1.000000000000000000e+00
1.000000000000000000e+00
1.000000000000000000e+00
1.000000000000000000e+00
1.000000000000000000e+00
1.000000000000000000e+00
1.000000000000000000e+00
1.000000000000000000e+00
1.000000000000000000e+00
1.000000000000000000e+00
1.000000000000000000e+00
1.000000000000000000e+00
1.000000000000000000e+00
1.000000000000000000e+00
1.000000000000000000e+00
1.000000000000000000e+00
1.000000000000000000e+00
1.000000000000000000e+00
1.000000000000000000e+00
1.000000000000000000e+00
1.000000000000000000e+00
1.000000000000000000e+00
1.000000000000000000e+00
1.000000000000000000e+00
1.000000000000000000e+00
1.000000000000000000e+00
1.000000000000000000e+00
1.000000000000000000e+00
1.000000000000000000e+00
1.000000000000000000e+00
1.000000000000000000e+00
1.000000000000000000e+00
1.000000000000000000e+00
1.000000000000000000e+00
9.999999999999998890e-01
9.999999999999998890e-01
9.999999999999998890e-01
9.999999999999998890e-01
9.999999999999998890e-01
9.999999999999998890e-01
9.999999999999998890e-01
9.999999999999998890e-01
9.999999999999998890e-01
9.999999999999998890e-01
9.999999999999998890e-01
9.999999999999998890e-01
9.999999999999998890e-01
9.999999999999998890e-01
9.999999999999998890e-01
9.999999999999998890e-01
9.999999999999998890e-01
9.999999999999998890e-01
9.999999999999998890e-01
9.999999999999998890e-01
9.999999999999998890e-01
9.999999999999998890e-01
9.999999999999998890e-01
9.999999999999998890e-01
9.999999999999998890e-01
9.999999999999998890e-01
9.999999999999998890e-01
9.999999999999998890e-01
9.999999999999998890e-01
9.999999999999997780e-01
9.999999999999997780e-01
9.999999999999997780e-01
9.999999999999997780e-01
9.999999999999997780e-01
9.999999999999997780e-01
9.999999999999997780e-01
9.999999999999997780e-01
9.999999999999997780e-01
9.999999999999997780e-01
9.999999999999997780e-01
9.999999999999997780e-01
9.999999999999997780e-01
9.999999999999997780e-01
9.999999999999997780e-01
9.999999999999996669e-01
9.999999999999996669e-01
9.999999999999996669e-01
9.999999999999996669e-01
9.999999999999996669e-01
9.999999999999995559e-01
9.999999999999995559e-01
9.999999999999995559e-01
9.999999999999993339e-01
9.999999999999993339e-01
9.999999999999991118e-01
9.999999999999981126e-01
9.999999999999976685e-01
9.999999999999975575e-01
9.999999999999973355e-01
9.992609779822954064e-01
9.912435411206290681e-01
9.884305769078854942e-01
9.844030650076163180e-01
9.775654087635758938e-01
9.751604389561845387e-01
9.656950525367729021e-01
9.553799818789002751e-01
9.517885020990776157e-01
9.490625649090772553e-01
9.444378671604893860e-01
9.339340665137709774e-01
9.306601368153928355e-01
9.221147086076251220e-01
9.174755090546359293e-01
9.047076115500638505e-01
9.012023664350886643e-01
8.954550826498985927e-01
8.838596145460743125e-01
8.748840815678458060e-01
8.740262523573978370e-01
8.685779500251383789e-01
8.649068764321148350e-01
8.632106643386160405e-01
8.498021006335234606e-01
8.479425413323006255e-01
8.371247088479664145e-01
8.346885481824938280e-01
8.232087990116914167e-01
8.181944230865608736e-01
8.129570938460535245e-01
8.090894754166658709e-01
7.983942126909920889e-01
7.892257603132522004e-01
7.841182673190431052e-01
7.792897227083458445e-01
7.744952755103724495e-01
7.727098538859448196e-01
7.659676012970573211e-01
7.587468080726476050e-01
7.577350536120711633e-01
7.446965121647193264e-01
7.429402091154384546e-01
7.375039499414356436e-01
7.275626729001702930e-01
7.222062349772897516e-01
7.186967302534589264e-01
7.164994905100313671e-01
7.048712265163807889e-01
7.043770253872937426e-01
6.978042029759006226e-01
6.928748372931475830e-01
6.829092984973325065e-01
6.604197937416702580e-01
6.486091814659222798e-01
6.445362985960985114e-01
6.432694212033257530e-01
6.324907473768194288e-01
6.286456262126133288e-01
6.263684754079704708e-01
6.245836291303716870e-01
6.098725147204890895e-01
6.065960689525644600e-01
5.919311749854039295e-01
5.784762332054946832e-01
5.730412550242920400e-01
5.626587551821535804e-01
5.562678566630318011e-01
5.548594880956152497e-01
5.460160328409250363e-01
5.402729851022821661e-01
5.375898861395609352e-01
5.337532678441144762e-01
5.268244039947322932e-01
5.210674219239281868e-01
5.202184262939507642e-01
5.157491416699139242e-01
4.903133715067491405e-01
4.752187980469211870e-01
4.700485320237609566e-01
4.647581133558275068e-01
4.627320063199786282e-01
4.534336443644962356e-01
4.412674285579417099e-01
4.375230769236945205e-01
4.341097004812808913e-01
4.253149274786868772e-01
4.218740152089965889e-01
4.142191227238628537e-01
4.073607358833916670e-01
4.062970678535163249e-01
3.964755181561247510e-01
3.866574583764444961e-01
3.743048235596749262e-01
3.670071229540001201e-01
3.577482282833377991e-01
3.569721649946157038e-01
3.379039038872967415e-01
3.356915541317371798e-01
3.319802732029876191e-01
3.209224165813119867e-01
3.180267962496022838e-01
3.074612474444482491e-01
2.954472176446362730e-01
2.901107206193386800e-01
2.871726574548777444e-01
2.843286468697096003e-01
2.747430906115189142e-01
2.708953182241902735e-01
2.501335054908410682e-01
2.481508579187390040e-01
2.455299711790871475e-01
2.311851398456556406e-01
2.231651442732618673e-01
2.145906348198846625e-01
2.098941930355106011e-01
2.071144585599309917e-01
2.020227373917446723e-01
1.919485991517943524e-01
1.774599384386726375e-01
1.675016895655110361e-01
1.655496356603826658e-01
1.430745469664678193e-01
1.330320871332520138e-01
1.265057827773654331e-01
1.208725467717716578e-01
1.125663288653569460e-01
1.057410515612218216e-01
9.334294464866416119e-02
9.292737509620785374e-02
8.839519942967109800e-02
8.300044015582762336e-02
7.108889395232313724e-02
5.756768542701497932e-02
5.253226290799496712e-02
3.913292747498130913e-02
3.759712171714110762e-02
2.951547619956162993e-02
2.375246105497313270e-02
2.068929780434992927e-02
1.735840674795720642e-02
3.272778936944151663e-03
