# Singular values
6.465508338706539071e+00
6.465508338706536406e+00
3.579572635957551263e+00
3.579572635957548155e+00
2.775962301805969812e+00
2.775962301805968924e+00
2.521675692624853582e+00
2.521675692624851806e+00
2.213403109446729466e+00
2.213403109446729466e+00
2.064223592874374624e+00
2.064223592874373736e+00
1.887477951235844165e+00
1.887477951235843499e+00
1.689039905216488835e+00
1.689039905216488169e+00
1.567415416988078514e+00
1.567415416988077403e+00
1.398035124701599630e+00
1.398035124701599408e+00
1.314291036842692773e+00
1.314291036842690774e+00
1.244396530598898432e+00
1.244396530598897543e+00
1.123522224427366600e+00
1.123522224427366378e+00
1.057861718426091890e+00
1.057861718426091890e+00
8.215198864287144298e-01
8.215198864287137637e-01
