# Singular values
5.317247230622444931e+01
4.379645723749857211e+01
2.799039895385442733e+01
2.231877336472652118e+01
2.028437085685185437e+01
1.763594121220766908e+01
1.645090084947762676e+01
1.599584161319246789e+01
1.549408266023990066e+01
1.491909111247595554e+01
1.366091301152290960e+01
1.321752858579522183e+01
1.254480452706463112e+01
1.214097605971464233e+01
1.155445842084418118e+01
1.101621203350397771e+01
1.077543497098955427e+01
9.907636231425046347e+00
9.393845970861738337e+00
8.897319978483956504e+00
8.567235236248329500e+00
8.192109700022770724e+00
7.016051943679444847e+00
6.280725158333289926e+00
5.444991755405582445e+00
4.561033458590575407e+00
2.916419887807368827e+00
2.515487342083642996e+00
2.011055715350846818e+00
1.464980973451173618e+00
2.160124064563220536e-01
