# Singular values
1.231028314749513811e+03
2.118267396182673110e+02
2.058998878400923616e+02
1.869043845329915712e+02
1.833004752484767153e+02
1.671151546167326671e+02
1.623589817962275390e+02
1.472194477670537651e+02
1.425267962685757936e+02
1.406233062346568659e+02
1.328970514895739541e+02
1.327002026184010219e+02
1.314420350408264824e+02
1.251360683926693582e+02
1.248017708348735795e+02
1.213212890998448898e+02
1.135075645697610014e+02
1.108315769657228174e+02
1.064321006653906920e+02
1.009933151002368135e+02
9.668974650486326539e+01
9.607332140877261395e+01
9.234257173259076978e+01
9.060401053304615004e+01
8.836759611932127711e+01
8.143143094978543672e+01
7.539704796397508346e+01
7.538771520229163059e+01
7.003872223816495080e+01
6.601006062692594867e+01
6.313255958844831639e+01
6.182003143864595529e+01
5.621452153827385700e+01
5.048063965978879253e+01
4.991486584436702856e+01
4.657027703288138554e+01
4.338893118423290218e+01
4.135671932502265946e+01
3.684841931838664664e+01
3.620930022191524955e+01
3.386043317523611762e+01
2.969513037124644583e+01
2.884671695415918435e+01
2.412990889691008078e+01
1.850499830706095850e+01
1.828542290723868291e+01
1.791103633377484883e+01
1.549563005971570107e+01
1.401209072218051510e+01
1.208810611184849471e+01
1.020485333689560470e+01
1.011096682992639906e+01
7.721463137704112079e+00
7.400035661892657046e+00
6.033534549341910136e+00
5.622293341053062221e+00
4.171890298328848168e+00
3.882530647428203086e+00
3.699196759677763957e+00
3.449747304433158135e+00
3.097088913497310081e+00
2.881328257359963008e+00
2.201008555613051421e+00
2.154389634532523523e+00
1.737142809959324019e+00
1.683803415243941837e+00
1.535267831270735961e+00
1.413695728802234708e+00
1.164711734587104752e+00
1.079270300971659324e+00
8.644641861910514757e-01
7.631366926324733013e-01
6.689646399813953259e-01
6.622542502242709794e-01
5.423229745919516676e-01
4.066563755072913899e-01
3.874363478489540880e-01
3.811391222682770641e-01
3.364777568103856087e-01
2.527582783514256137e-01
2.395347658666094615e-01
1.880617866845255559e-01
