# Singular values
2.722655031199683151e+01
1.954320685452789874e+01
1.691702324262444534e+01
1.348807307909677888e+01
1.090776351781934395e+01
9.786688640012378926e+00
8.730200049201611634e+00
8.674878501435975053e+00
8.459939957730572502e+00
8.047263327909583097e+00
7.671218717833363954e+00
7.366182845058684592e+00
7.038526556143870572e+00
6.631884009029423765e+00
6.538820776899772369e+00
6.095891640656422084e+00
5.733257649088953301e+00
5.499104157634332246e+00
5.437585924409542137e+00
5.239026382875452192e+00
4.876460559312644882e+00
4.754282660358086332e+00
4.486058697588745758e+00
4.403859574922394771e+00
4.319715218811261082e+00
3.987044702500795790e+00
3.895809200299428898e+00
3.693691298126640987e+00
3.410481663824741272e+00
3.258493297987063553e+00
2.991934208135843321e+00
2.968962443480155589e+00
2.912134242329216693e+00
2.748653790822021659e+00
2.736337221749827187e+00
2.722057041333117322e+00
2.529744223167053274e+00
2.413487877702769513e+00
2.369871315220696051e+00
2.250394225260178516e+00
2.161539069187340179e+00
1.934228261297305851e+00
1.854244934944190515e+00
1.634330694712121002e+00
1.503338166895631378e+00
1.379561402141089133e+00
1.290309844642208104e+00
1.278527893812232641e+00
1.151981092213075097e+00
1.056323034341827061e+00
9.868467661675178748e-01
9.559341654779728303e-01
7.392323281462853668e-01
7.272393243228694182e-01
6.710281012682899338e-01
4.473208847143947953e-01
3.492004630474135896e-01
2.604046196659222101e-01
2.356098014979496613e-01
9.599150348776183672e-02
7.699088330142063452e-02
