# Singular values
5.321403051407783913e+00
4.026526815094624290e+00
2.725521939256499326e+00
2.300461093211905172e+00
2.272788072234620316e+00
2.130237480672628525e+00
2.047058226280384030e+00
1.796484519871794028e+00
1.664124792342919212e+00
1.555836920154023195e+00
1.418087566511533337e+00
1.332115264577878877e+00
1.221731529356402612e+00
1.076233808419311710e+00
1.000000000000000000e+00
9.456440938425547671e-01
8.751608904575652881e-01
8.305043832104249679e-01
7.706184360408360190e-01
5.905030417511260010e-01
5.707660617452400276e-01
5.497209606860621323e-01
2.675110286541829696e-01
9.780518905867195689e-02
