# Singular values
6.813611809202337000e+00
4.936916532153513337e+00
4.238940396159834201e+00
3.233836386861123291e+00
3.059394860163416663e+00
2.944760995997230513e+00
2.612597941771437782e+00
2.238037734187303673e+00
2.036878201051234072e+00
1.985966795691410880e+00
1.828539236516693700e+00
1.768473093764920900e+00
1.674731836901420134e+00
1.657058049074328521e+00
1.525393068029870847e+00
1.456212848556585060e+00
1.394581275074204374e+00
1.309896558803676170e+00
1.212876483551126316e+00
1.142748423427480287e+00
1.103311940835637550e+00
9.726840479347126367e-01
9.045232526757388536e-01
7.892885590064870893e-01
7.715936049292750898e-01
6.219497790075136923e-01
5.886113477042991260e-01
5.664649705960692616e-01
4.924111121808400493e-01
4.681214950872542024e-01
2.804202511725506497e-01
2.770990075510708639e-01
1.727992429366594362e-01
7.287136104376608359e-02
5.834151109487642484e-02
