# Singular values
1.012170617325362940e+02
1.012170617325362656e+02
6.869595831091466209e+01
6.869595831091460525e+01
5.513075505935226772e+01
5.513075505935224641e+01
4.721228653645152207e+01
4.721228653645151496e+01
2.398046407168687111e+01
2.398046407168682848e+01
1.682508338577276774e+01
1.682508338577275708e+01
1.621330220929946719e+01
1.621330220929944232e+01
1.475379723447443148e+01
1.475379723447440661e+01
1.331014361350020003e+01
1.331014361350017694e+01
1.012609840433666264e+01
1.012609840433665731e+01
9.492732599541625405e+00
9.492732599541577443e+00
7.771809390434349041e+00
7.771809390434343712e+00
7.109442461834107441e+00
7.109442461834080795e+00
6.400021403272880605e+00
6.400021403272878828e+00
6.319300699053249204e+00
6.319300699053238546e+00
5.943136700623363744e+00
5.943136700623356639e+00
5.099019513592791597e+00
5.099019513592789821e+00
5.099019513592780939e+00
5.099019513592773833e+00
4.713604037151510440e+00
4.713604037151504222e+00
4.470249011458065524e+00
4.470249011458061084e+00
4.371745074657438224e+00
4.371745074657434671e+00
4.242640687119289211e+00
4.242640687119282994e+00
4.186857233846684068e+00
4.186857233846682291e+00
4.123105625617666803e+00
4.123105625617661474e+00
4.000000000000004441e+00
4.000000000000000888e+00
4.000000000000000000e+00
3.999999999999997335e+00
3.826092140301744049e+00
3.826092140301736055e+00
3.741657386773947991e+00
3.741657386773940441e+00
3.645947065303335677e+00
3.645947065303329016e+00
3.605551275463990901e+00
3.605551275463987793e+00
3.584691226966513877e+00
3.584691226966505440e+00
3.455043873269536103e+00
3.455043873269534771e+00
3.252144644747272828e+00
3.252144644747263946e+00
3.183122935621186311e+00
3.183122935621180538e+00
3.161572061035447412e+00
3.161572061035440750e+00
3.000000000000006661e+00
3.000000000000002665e+00
3.000000000000002665e+00
3.000000000000002220e+00
2.999999999999999556e+00
2.999999999999992450e+00
2.999261963403045073e+00
2.999261963403039744e+00
2.887587603358360511e+00
2.887587603358355182e+00
2.828427124746228039e+00
2.828427124746198729e+00
2.828427124746191179e+00
2.828427124746157872e+00
2.764772891197469828e+00
2.764772891197402327e+00
2.612464906518150887e+00
2.612464906518148666e+00
2.606971983103456125e+00
2.606971983103451684e+00
2.563192650981279463e+00
2.563192650981275467e+00
2.485539510662143847e+00
2.485539510662141183e+00
2.478809546401618658e+00
2.478809546401610220e+00
2.449489742783180546e+00
2.449489742783178325e+00
2.445861068163529772e+00
2.445861068163522667e+00
2.420751571854535822e+00
2.420751571854523831e+00
2.385074880117287410e+00
2.385074880117284302e+00
2.236067977499793358e+00
2.236067977499792025e+00
2.223255086656879431e+00
2.223255086656874990e+00
2.170747357648444620e+00
2.170747357648438403e+00
2.059473969453989195e+00
2.059473969453985642e+00
2.000000000000004885e+00
2.000000000000003997e+00
2.000000000000002220e+00
1.999999999999999556e+00
1.999999999999998668e+00
1.999999999999994005e+00
1.999759522933642453e+00
1.999759522933629574e+00
1.986593627267451367e+00
1.986593627267448703e+00
1.838485774027390329e+00
1.838485774027377229e+00
1.732050807568879192e+00
1.732050807568878525e+00
1.732050807568877193e+00
1.732050807568876083e+00
1.692786610005459158e+00
1.692786610005457382e+00
1.618033988749897567e+00
1.618033988749896901e+00
1.618033988749895347e+00
1.618033988749891572e+00
1.596351997165876835e+00
1.596351997165872394e+00
1.523425746878773079e+00
1.523425746878749543e+00
1.465353134690971393e+00
1.465353134690968950e+00
1.414213562373106026e+00
1.414213562373097144e+00
1.414213562373096034e+00
1.414213562373095812e+00
1.414213562373095590e+00
1.414213562373095590e+00
1.414213562373095590e+00
1.414213562373095590e+00
1.414213562373095590e+00
1.414213562373095145e+00
1.414213562373095145e+00
1.414213562373095145e+00
1.414213562373095145e+00
1.414213562373094923e+00
1.414213562373094923e+00
1.414213562373094923e+00
1.414213562373094923e+00
1.414213562373094701e+00
1.414213562373094479e+00
1.414213562373094479e+00
1.414213562373094479e+00
1.414213562373094257e+00
1.414213562373094257e+00
1.414213562373094035e+00
1.414213562373093813e+00
1.414213562373093813e+00
1.414213562373093813e+00
1.414213562373093591e+00
1.414213562373093147e+00
1.414213562373089150e+00
1.413437931874943487e+00
1.413437931874942599e+00
1.408398675152722435e+00
1.408398675152722213e+00
1.359777293465450398e+00
1.359777293465430414e+00
1.333589458648389403e+00
1.333589458648382520e+00
1.305419499326839095e+00
1.305419499326836874e+00
1.227867368557769456e+00
1.227867368557736372e+00
1.156459305424783812e+00
1.156459305424779371e+00
1.082170732449213135e+00
1.082170732449209360e+00
1.000000000000076383e+00
1.000000000000030420e+00
1.000000000000014211e+00
1.000000000000012434e+00
1.000000000000009770e+00
1.000000000000008660e+00
1.000000000000007105e+00
1.000000000000005773e+00
1.000000000000004885e+00
1.000000000000004219e+00
1.000000000000003553e+00
1.000000000000002665e+00
1.000000000000001776e+00
1.000000000000000888e+00
1.000000000000000888e+00
1.000000000000000888e+00
1.000000000000000888e+00
1.000000000000000666e+00
1.000000000000000666e+00
1.000000000000000666e+00
1.000000000000000666e+00
1.000000000000000666e+00
1.000000000000000666e+00
1.000000000000000444e+00
1.000000000000000444e+00
1.000000000000000444e+00
1.000000000000000444e+00
1.000000000000000444e+00
1.000000000000000444e+00
1.000000000000000444e+00
1.000000000000000222e+00
1.000000000000000222e+00
1.000000000000000222e+00
1.000000000000000222e+00
1.000000000000000222e+00
1.000000000000000222e+00
1.000000000000000222e+00
1.000000000000000222e+00
1.000000000000000222e+00
1.000000000000000222e+00
1.000000000000000222e+00
1.000000000000000222e+00
1.000000000000000222e+00
1.000000000000000222e+00
1.000000000000000222e+00
1.000000000000000222e+00
1.000000000000000222e+00
1.000000000000000222e+00
1.000000000000000222e+00
1.000000000000000222e+00
1.000000000000000222e+00
1.000000000000000222e+00
1.000000000000000222e+00
1.000000000000000222e+00
1.000000000000000222e+00
1.000000000000000222e+00
1.000000000000000222e+00
1.000000000000000222e+00
1.000000000000000000e+00
1.000000000000000000e+00
1.000000000000000000e+00
1.000000000000000000e+00
1.000000000000000000e+00
1.000000000000000000e+00
1.000000000000000000e+00
1.000000000000000000e+00
1.000000000000000000e+00
1.000000000000000000e+00
1.000000000000000000e+00
1.000000000000000000e+00
1.000000000000000000e+00
9.999999999999997780e-01
9.999999999999997780e-01
9.999999999999997780e-01
9.999999999999997780e-01
9.999999999999997780e-01
9.999999999999997780e-01
9.999999999999997780e-01
9.999999999999997780e-01
9.999999999999997780e-01
9.999999999999997780e-01
9.999999999999997780e-01
9.999999999999997780e-01
9.999999999999997780e-01
9.999999999999997780e-01
9.999999999999997780e-01
9.999999999999997780e-01
9.999999999999997780e-01
9.999999999999997780e-01
9.999999999999996669e-01
9.999999999999996669e-01
9.999999999999996669e-01
9.999999999999996669e-01
9.999999999999996669e-01
9.999999999999996669e-01
9.999999999999996669e-01
9.999999999999996669e-01
9.999999999999996669e-01
9.999999999999996669e-01
9.999999999999996669e-01
9.999999999999996669e-01
9.999999999999996669e-01
9.999999999999994449e-01
9.999999999999994449e-01
9.999999999999994449e-01
9.999999999999994449e-01
9.999999999999994449e-01
9.999999999999994449e-01
9.999999999999994449e-01
9.999999999999993339e-01
9.999999999999993339e-01
9.999999999999993339e-01
9.999999999999993339e-01
9.999999999999993339e-01
9.999999999999993339e-01
9.999999999999991118e-01
9.999999999999991118e-01
9.999999999999990008e-01
9.999999999999990008e-01
9.999999999999990008e-01
9.999999999999987788e-01
9.999999999999986677e-01
9.999999999999980016e-01
9.999999999999980016e-01
9.999999999999967804e-01
9.999999999999957812e-01
9.999999999999947820e-01
9.999999999999944489e-01
9.999999999999934497e-01
9.999999999999928946e-01
9.999999999999917843e-01
9.999999999999891198e-01
9.999999999999878986e-01
9.999999999999870104e-01
9.999999999999693578e-01
9.999999999999218403e-01
9.999250492051816597e-01
9.999250492051788841e-01
9.946520848221536149e-01
9.946520848221496180e-01
9.878335030302949349e-01
9.878335030302900499e-01
9.743304741614856601e-01
9.743304741614670084e-01
9.659272340341430452e-01
9.659272340341419349e-01
9.452272310842071423e-01
9.452272310842017022e-01
9.239503007363288889e-01
9.239503007363205622e-01
9.163316161104964053e-01
9.163316161104008151e-01
8.981020648631542480e-01
8.981020648631539149e-01
8.929025447154401718e-01
8.929025447153181583e-01
8.892625033629779630e-01
8.892625033629744102e-01
7.616552023216248690e-01
7.616552023216077716e-01
6.180339887498967899e-01
6.180339887498959017e-01
6.180339887498945695e-01
6.180339887498936813e-01
5.833693422151469132e-01
5.833693422151403629e-01
5.145911800158237126e-01
5.145911800158217142e-01
3.101368741697233533e-01
3.101368741697231313e-01
2.743855531648838886e-01
2.743855531648808910e-01
5.161586392647141142e-02
5.161586392642959070e-02
