# Singular values
4.518849411078002731e+01
4.518849411077995626e+01
3.394323971219213121e+01
3.394323971219213121e+01
1.824810690020047232e+01
1.824810690020046167e+01
1.818039029545230889e+01
1.818039029545230179e+01
1.598624684022073694e+01
1.598624684022072806e+01
9.110842549637236942e+00
9.110842549637231613e+00
9.083301428247215981e+00
9.083301428247210652e+00
8.797845945072536367e+00
8.797845945072529261e+00
7.421490608097382591e+00
7.421490608097373709e+00
7.068589247235116169e+00
7.068589247235109951e+00
6.960865018228396650e+00
6.960865018228395762e+00
6.240959794001082805e+00
6.240959794001081029e+00
5.969249061613209228e+00
5.969249061613208340e+00
5.292139819703648662e+00
5.292139819703645998e+00
5.135073005266792556e+00
5.135073005266782786e+00
5.099019513592788932e+00
5.099019513592780939e+00
4.483734833415806698e+00
4.483734833415801369e+00
4.123105625617671244e+00
4.123105625617656145e+00
4.000000000000003553e+00
3.999999999999996447e+00
3.870920139032466345e+00
3.870920139032459684e+00
3.860480150219448792e+00
3.860480150219447015e+00
3.643515116952889432e+00
3.643515116952889432e+00
3.605551275463993122e+00
3.605551275463990013e+00
3.315911807405051093e+00
3.315911807405044431e+00
3.162768149659542782e+00
3.162768149659539674e+00
3.160426656964763659e+00
3.160426656964750336e+00
3.118391732768616365e+00
3.118391732768613700e+00
3.017856644819659984e+00
3.017856644819658207e+00
3.000000000000005773e+00
3.000000000000002220e+00
3.000000000000000444e+00
2.999999999999999556e+00
2.998019851906308375e+00
2.998019851906300826e+00
2.828427124746188071e+00
2.828427124746187182e+00
2.745589410317684553e+00
2.745589410317682333e+00
2.673372537023628759e+00
2.673372537023627871e+00
2.642090381151051659e+00
2.642090381151045442e+00
2.605142586385296166e+00
2.605142586385293502e+00
2.449489742783180990e+00
2.449489742783178325e+00
2.445857277497686777e+00
2.445857277497681448e+00
2.236067977499791581e+00
2.236067977499787141e+00
2.226915873967775461e+00
2.226915873967772352e+00
2.066506262470218402e+00
2.066506262470210409e+00
2.000000000000001776e+00
2.000000000000001776e+00
2.000000000000001332e+00
1.999999999999998224e+00
1.999999999999997335e+00
1.999999999999995559e+00
1.983837599276818020e+00
1.983837599276817132e+00
1.871480930006928611e+00
1.871480930006926391e+00
1.732052489095521564e+00
1.732052489095511127e+00
1.732050807568878525e+00
1.732050807568877859e+00
1.732050807568875639e+00
1.732050807568875195e+00
1.717582266410686564e+00
1.717582266410679015e+00
1.618033988749899121e+00
1.618033988749894014e+00
1.618033988749893126e+00
1.618033988749892238e+00
1.617450539901109652e+00
1.617450539901107209e+00
1.575658314036938901e+00
1.575658314036936680e+00
1.414213562373119126e+00
1.414213562373097810e+00
1.414213562373097144e+00
1.414213562373096034e+00
1.414213562373095812e+00
1.414213562373095812e+00
1.414213562373095812e+00
1.414213562373095812e+00
1.414213562373095812e+00
1.414213562373095812e+00
1.414213562373095368e+00
1.414213562373095368e+00
1.414213562373095145e+00
1.414213562373095145e+00
1.414213562373095145e+00
1.414213562373095145e+00
1.414213562373095145e+00
1.414213562373095145e+00
1.414213562373095145e+00
1.414213562373094923e+00
1.414213562373094923e+00
1.414213562373094923e+00
1.414213562373094923e+00
1.414213562373094923e+00
1.414213562373094479e+00
1.414213562373094479e+00
1.414213562373094479e+00
1.414213562373094479e+00
1.414213562373094257e+00
1.414213562373094257e+00
1.414213562373094257e+00
1.414213562373093591e+00
1.414213562373093369e+00
1.414213562373092703e+00
1.414213562373090260e+00
1.414213562373068944e+00
1.406929892146521199e+00
1.406929892146510985e+00
1.387668758010328629e+00
1.387668758010326853e+00
1.338788377703346688e+00
1.338788377703345800e+00
1.324503444727666013e+00
1.324503444727665791e+00
1.249809544850641663e+00
1.249809544850641219e+00
1.242999560463892372e+00
1.242999560463886377e+00
1.001530145596119414e+00
1.001530145596118082e+00
1.000000000000016653e+00
1.000000000000006661e+00
1.000000000000005329e+00
1.000000000000004441e+00
1.000000000000004441e+00
1.000000000000003997e+00
1.000000000000003109e+00
1.000000000000002887e+00
1.000000000000002665e+00
1.000000000000002442e+00
1.000000000000002220e+00
1.000000000000001998e+00
1.000000000000001776e+00
1.000000000000001776e+00
1.000000000000001554e+00
1.000000000000001554e+00
1.000000000000001110e+00
1.000000000000001110e+00
1.000000000000001110e+00
1.000000000000000888e+00
1.000000000000000666e+00
1.000000000000000666e+00
1.000000000000000666e+00
1.000000000000000666e+00
1.000000000000000666e+00
1.000000000000000666e+00
1.000000000000000666e+00
1.000000000000000666e+00
1.000000000000000444e+00
1.000000000000000444e+00
1.000000000000000444e+00
1.000000000000000222e+00
1.000000000000000222e+00
1.000000000000000222e+00
1.000000000000000222e+00
1.000000000000000222e+00
1.000000000000000222e+00
1.000000000000000222e+00
1.000000000000000222e+00
1.000000000000000222e+00
1.000000000000000222e+00
1.000000000000000222e+00
1.000000000000000222e+00
1.000000000000000222e+00
1.000000000000000222e+00
1.000000000000000222e+00
1.000000000000000222e+00
1.000000000000000222e+00
1.000000000000000222e+00
1.000000000000000222e+00
1.000000000000000222e+00
1.000000000000000222e+00
1.000000000000000222e+00
1.000000000000000222e+00
1.000000000000000222e+00
1.000000000000000222e+00
1.000000000000000222e+00
1.000000000000000222e+00
1.000000000000000222e+00
1.000000000000000000e+00
1.000000000000000000e+00
1.000000000000000000e+00
1.000000000000000000e+00
1.000000000000000000e+00
1.000000000000000000e+00
1.000000000000000000e+00
1.000000000000000000e+00
1.000000000000000000e+00
1.000000000000000000e+00
1.000000000000000000e+00
1.000000000000000000e+00
1.000000000000000000e+00
1.000000000000000000e+00
1.000000000000000000e+00
1.000000000000000000e+00
1.000000000000000000e+00
1.000000000000000000e+00
9.999999999999998890e-01
9.999999999999998890e-01
9.999999999999998890e-01
9.999999999999998890e-01
9.999999999999998890e-01
9.999999999999998890e-01
9.999999999999998890e-01
9.999999999999998890e-01
9.999999999999998890e-01
9.999999999999998890e-01
9.999999999999998890e-01
9.999999999999998890e-01
9.999999999999998890e-01
9.999999999999998890e-01
9.999999999999998890e-01
9.999999999999997780e-01
9.999999999999997780e-01
9.999999999999997780e-01
9.999999999999997780e-01
9.999999999999997780e-01
9.999999999999997780e-01
9.999999999999997780e-01
9.999999999999997780e-01
9.999999999999997780e-01
9.999999999999997780e-01
9.999999999999997780e-01
9.999999999999997780e-01
9.999999999999997780e-01
9.999999999999997780e-01
9.999999999999997780e-01
9.999999999999995559e-01
9.999999999999995559e-01
9.999999999999995559e-01
9.999999999999995559e-01
9.999999999999994449e-01
9.999999999999994449e-01
9.999999999999994449e-01
9.999999999999994449e-01
9.999999999999993339e-01
9.999999999999993339e-01
9.999999999999991118e-01
9.999999999999991118e-01
9.999999999999991118e-01
9.999999999999985567e-01
9.999999999999981126e-01
9.999999999999981126e-01
9.999999999999976685e-01
9.999999999999972244e-01
9.999999999999968914e-01
9.999999999999961142e-01
9.999999999999956701e-01
9.999999999999943379e-01
9.999999999999938938e-01
9.999999999999922284e-01
9.999999999999809042e-01
9.946046232875135340e-01
9.946046232875102033e-01
9.878373754215241664e-01
9.878373754215215019e-01
9.637058265058473516e-01
9.637058265058449091e-01
9.592789712619459452e-01
9.592789712619430587e-01
9.266598714420321015e-01
9.266598714420246630e-01
9.148113223866557453e-01
9.148113223866555233e-01
7.344326149418478611e-01
7.344326149418449745e-01
7.164551857224706888e-01
7.164551857224693565e-01
6.737097661648001612e-01
6.737097661647952762e-01
6.624032241230747298e-01
6.624032241230736195e-01
6.217535088394192666e-01
6.217535088394189335e-01
6.180339887498974560e-01
6.180339887498954576e-01
6.180339887498953466e-01
6.180339887498940143e-01
6.179128737044180530e-01
6.179128737044102815e-01
5.394182504557918367e-01
5.394182504557912816e-01
2.300848567624928787e-01
2.300848567624881047e-01
1.692468009878861090e-01
1.692468009878731749e-01
1.546889307012829229e-01
1.546889307012820902e-01
