# Singular values
1.072109473939697182e+02
1.072109473939696613e+02
8.439440112471827149e+01
8.439440112471821465e+01
4.006282773638392314e+01
4.006282773638388051e+01
3.822302970723276871e+01
3.822302970723274029e+01
3.432226433175775782e+01
3.432226433175770097e+01
3.223156307181212554e+01
3.223156307181208291e+01
3.092735311137715115e+01
3.092735311137713339e+01
2.733368950560070587e+01
2.733368950560068456e+01
2.540789650980519454e+01
2.540789650980518033e+01
2.033513182815370612e+01
2.033513182815365639e+01
1.860556444102853746e+01
1.860556444102847706e+01
1.667326855730248525e+01
1.667326855730245327e+01
1.556526441346944445e+01
1.556526441346943912e+01
1.542206795456242219e+01
1.542206795456237423e+01
1.530892454311731754e+01
1.530892454311730866e+01
1.313036075038413486e+01
1.313036075038401584e+01
1.284617743670997925e+01
1.284617743670992951e+01
1.223577116257726694e+01
1.223577116257723318e+01
1.026707370382454698e+01
1.026707370382452211e+01
9.573636328730824374e+00
9.573636328730822598e+00
8.979931296432651422e+00
8.979931296432630106e+00
8.442057123987270373e+00
8.442057123987257938e+00
7.533301654790816926e+00
7.533301654790806268e+00
7.118459536620919792e+00
7.118459536620901140e+00
6.815755157635992489e+00
6.815755157635982719e+00
6.639919968032701014e+00
6.639919968032693909e+00
6.311085631310549893e+00
6.311085631310535682e+00
6.082762530298226444e+00
6.082762530298216674e+00
6.000000000000000000e+00
5.999999999999995559e+00
5.730106575148085746e+00
5.730106575148078640e+00
5.595748523322876977e+00
5.595748523322866319e+00
5.192456937742251810e+00
5.192456937742249146e+00
4.870356646763386976e+00
4.870356646763386088e+00
4.811578367976663273e+00
4.811578367976657944e+00
4.592662840228586951e+00
4.592662840228564747e+00
4.552839878402428653e+00
4.552839878402424212e+00
4.476648534950243175e+00
4.476648534950226299e+00
4.364679561877771619e+00
4.364679561877764513e+00
4.000000000000007105e+00
4.000000000000004441e+00
3.741657386773945770e+00
3.741657386773940441e+00
3.617010164527910021e+00
3.617010164527905580e+00
3.535217853411060762e+00
3.535217853411059874e+00
3.390993907322116918e+00
3.390993907322044532e+00
3.315824403040664503e+00
3.315824403040657842e+00
3.162277660168379079e+00
3.162277660168378191e+00
3.140460709030721720e+00
3.140460709030717279e+00
3.000000000000017764e+00
3.000000000000003553e+00
3.000000000000000444e+00
2.999999999999986677e+00
2.960005663461849235e+00
2.960005663461837688e+00
2.853282903832247364e+00
2.853282903832246475e+00
2.828427124746193844e+00
2.828427124746191179e+00
2.762901923775509694e+00
2.762901923775504365e+00
2.740275100934125518e+00
2.740275100934099761e+00
2.673058877574318704e+00
2.673058877574316927e+00
2.641575948849799182e+00
2.641575948849796962e+00
2.603122422092404964e+00
2.603122422092396082e+00
2.598624243423997893e+00
2.598624243423986346e+00
2.561013963889298584e+00
2.561013963889277267e+00
2.449489742783184099e+00
2.449489742783171220e+00
2.422479157305993169e+00
2.422479157305988284e+00
2.277374942368488586e+00
2.277374942368467270e+00
2.236067977499815118e+00
2.236067977499791581e+00
2.236067977499789805e+00
2.236067977499789805e+00
2.236067977499788917e+00
2.236067977499781367e+00
2.228591969544498230e+00
2.228591969544489793e+00
2.226090962428221243e+00
2.226090962428215914e+00
2.063869153813870483e+00
2.063869153813862045e+00
2.028070105400073153e+00
2.028070105400071377e+00
2.000000000000002220e+00
2.000000000000002220e+00
2.000000000000001332e+00
2.000000000000001332e+00
2.000000000000000000e+00
1.999999999999999778e+00
1.999999999999999778e+00
1.999999999999999334e+00
1.999999999999998668e+00
1.999999999999996447e+00
1.730692658300754250e+00
1.730692658300750475e+00
1.703051595749315084e+00
1.703051595749289993e+00
1.679656990120299787e+00
1.679656990120288684e+00
1.652089895433155764e+00
1.652089895433149991e+00
1.618033988749900454e+00
1.618033988749894458e+00
1.616997538350128938e+00
1.616997538350120056e+00
1.571235650658525440e+00
1.571235650658515448e+00
1.414213562373129562e+00
1.414213562373111355e+00
1.414213562373110245e+00
1.414213562373097366e+00
1.414213562373097366e+00
1.414213562373096700e+00
1.414213562373096700e+00
1.414213562373096700e+00
1.414213562373096256e+00
1.414213562373096256e+00
1.414213562373096256e+00
1.414213562373096256e+00
1.414213562373096256e+00
1.414213562373095812e+00
1.414213562373095812e+00
1.414213562373095812e+00
1.414213562373095590e+00
1.414213562373095590e+00
1.414213562373095590e+00
1.414213562373095590e+00
1.414213562373095145e+00
1.414213562373095145e+00
1.414213562373095145e+00
1.414213562373095145e+00
1.414213562373095145e+00
1.414213562373095145e+00
1.414213562373094923e+00
1.414213562373094923e+00
1.414213562373094923e+00
1.414213562373094479e+00
1.414213562373094479e+00
1.414213562373092703e+00
1.414213562373090483e+00
1.414213562373087596e+00
1.414213562373081379e+00
1.414213562373058730e+00
1.404960865900557687e+00
1.404960865900556577e+00
1.402065425775750107e+00
1.402065425775748997e+00
1.388916932179333985e+00
1.388916932179331098e+00
1.385471369072649006e+00
1.385471369072639902e+00
1.345504037662964558e+00
1.345504037662957675e+00
1.339322674994286144e+00
1.339322674994280371e+00
1.337198711533939877e+00
1.337198711533932771e+00
1.332117536100934085e+00
1.332117536100932531e+00
1.281402026244522707e+00
1.281402026244520931e+00
1.253501160986587371e+00
1.253501160986570939e+00
1.248473085904888480e+00
1.248473085904874269e+00
1.120198109060487779e+00
1.120198109060462688e+00
1.000000000000019984e+00
1.000000000000013101e+00
1.000000000000012212e+00
1.000000000000006439e+00
1.000000000000006439e+00
1.000000000000005995e+00
1.000000000000005329e+00
1.000000000000004885e+00
1.000000000000004441e+00
1.000000000000003109e+00
1.000000000000002665e+00
1.000000000000002442e+00
1.000000000000002220e+00
1.000000000000001332e+00
1.000000000000000666e+00
1.000000000000000666e+00
1.000000000000000666e+00
1.000000000000000666e+00
1.000000000000000666e+00
1.000000000000000666e+00
1.000000000000000444e+00
1.000000000000000444e+00
1.000000000000000444e+00
1.000000000000000444e+00
1.000000000000000444e+00
1.000000000000000444e+00
1.000000000000000444e+00
1.000000000000000444e+00
1.000000000000000222e+00
1.000000000000000222e+00
1.000000000000000222e+00
1.000000000000000222e+00
1.000000000000000222e+00
1.000000000000000222e+00
1.000000000000000222e+00
1.000000000000000222e+00
1.000000000000000222e+00
1.000000000000000000e+00
1.000000000000000000e+00
1.000000000000000000e+00
1.000000000000000000e+00
1.000000000000000000e+00
1.000000000000000000e+00
1.000000000000000000e+00
1.000000000000000000e+00
1.000000000000000000e+00
1.000000000000000000e+00
1.000000000000000000e+00
1.000000000000000000e+00
1.000000000000000000e+00
1.000000000000000000e+00
9.999999999999998890e-01
9.999999999999998890e-01
9.999999999999998890e-01
9.999999999999998890e-01
9.999999999999998890e-01
9.999999999999998890e-01
9.999999999999998890e-01
9.999999999999998890e-01
9.999999999999998890e-01
9.999999999999998890e-01
9.999999999999998890e-01
9.999999999999998890e-01
9.999999999999998890e-01
9.999999999999998890e-01
9.999999999999997780e-01
9.999999999999997780e-01
9.999999999999997780e-01
9.999999999999997780e-01
9.999999999999997780e-01
9.999999999999997780e-01
9.999999999999997780e-01
9.999999999999997780e-01
9.999999999999997780e-01
9.999999999999996669e-01
9.999999999999996669e-01
9.999999999999996669e-01
9.999999999999996669e-01
9.999999999999995559e-01
9.999999999999995559e-01
9.999999999999993339e-01
9.999999999999993339e-01
9.999999999999993339e-01
9.999999999999993339e-01
9.999999999999993339e-01
9.999999999999992228e-01
9.999999999999992228e-01
9.999999999999992228e-01
9.999999999999992228e-01
9.999999999999991118e-01
9.999999999999991118e-01
9.999999999999991118e-01
9.999999999999984457e-01
9.999999999999973355e-01
9.999999999999970024e-01
9.999999999999960032e-01
9.999999999999954481e-01
9.999999999999946709e-01
9.999999999999942268e-01
9.999999999999937828e-01
9.999999999999931166e-01
9.999999999999921174e-01
9.999999999999916733e-01
9.999999999999861222e-01
9.999999999999816813e-01
9.999999999999783507e-01
9.995125432137739185e-01
9.995125432137728083e-01
9.990940109765211741e-01
9.990940109765161781e-01
9.969297766345533995e-01
9.969297766345520673e-01
9.901582767891109471e-01
9.901582767890909631e-01
9.714423374249349097e-01
9.714423374249321341e-01
9.674165765456034238e-01
9.674165765456012034e-01
9.647426103719478618e-01
9.647426103719458634e-01
9.580147548156190407e-01
9.580147548156173753e-01
9.577251535288099360e-01
9.577251535288082707e-01
9.148349142367220299e-01
9.148349142367199205e-01
8.865244464292669768e-01
8.865244464292111326e-01
8.243645113611619557e-01
8.243645113611590691e-01
8.050898946862153904e-01
8.050898946862116157e-01
7.969494616067925863e-01
7.969494616067894777e-01
7.295196052776355966e-01
7.295196052776107276e-01
7.132724026201322509e-01
7.132724026201165968e-01
6.180339887498950135e-01
6.180339887498932372e-01
6.167980088315812015e-01
6.167980088315776488e-01
5.427539065788876682e-01
5.427539065788805628e-01
4.402396275562820427e-01
4.402396275562802108e-01
3.730603096887450953e-01
3.730603096886853098e-01
8.292211684981624920e-02
8.292211684981505571e-02
