# Singular values
1.738718437408706222e+03
1.738718437408705768e+03
2.820546733859738424e+02
2.820546733859736150e+02
1.198885176070870529e+02
1.198885176070869250e+02
8.370486420117909176e+01
8.370486420117902071e+01
7.712902898056466938e+01
7.712902898056462675e+01
6.308367313196116299e+01
6.308367313196111326e+01
5.499574521449473252e+01
5.499574521449466147e+01
4.562731128474800357e+01
4.562731128474796805e+01
4.120703296280568395e+01
4.120703296280559869e+01
4.036244481461056921e+01
4.036244481461051237e+01
3.813505844755112406e+01
3.813505844755100327e+01
3.729854839099042607e+01
3.729854839099031949e+01
3.297694875643120582e+01
3.297694875643109924e+01
3.004029992413018846e+01
3.004029992413017069e+01
2.794348069106263566e+01
2.794348069106252197e+01
2.783337224819334921e+01
2.783337224819319999e+01
2.729209840952405131e+01
2.729209840952394828e+01
2.422860684965601408e+01
2.422860684965595723e+01
2.377852142125625079e+01
2.377852142125623303e+01
2.352809928012115748e+01
2.352809928012110419e+01
2.303176958248106843e+01
2.303176958248101869e+01
2.223297455711799131e+01
2.223297455711787762e+01
2.052190943636119158e+01
2.052190943636106368e+01
1.971381924708106226e+01
1.971381924708102673e+01
1.874234985582953783e+01
1.874234985582943480e+01
1.833827561239663240e+01
1.833827561239654713e+01
1.724410450211617274e+01
1.724410450211613011e+01
1.700975589181538794e+01
1.700975589181532399e+01
1.670674834907637418e+01
1.670674834907629958e+01
1.622566013724743073e+01
1.622566013724742362e+01
1.600000000000008882e+01
1.599999999999990230e+01
1.568224808058455011e+01
1.568224808058438491e+01
1.524312770344154799e+01
1.524312770344152490e+01
1.484493524368214779e+01
1.484493524368213002e+01
1.402401339726022478e+01
1.402401339726022300e+01
1.393138232824234990e+01
1.393138232824233214e+01
1.377187850528469681e+01
1.377187850528464352e+01
1.342532315130752352e+01
1.342532315130750042e+01
1.340790889189257662e+01
1.340790889189256241e+01
1.278164139775330277e+01
1.278164139775324415e+01
1.270641897225033645e+01
1.270641897225032224e+01
1.229166385296925768e+01
1.229166385296919373e+01
1.191705709846537076e+01
1.191705709846529970e+01
1.178073572947256764e+01
1.178073572947247882e+01
1.118476248983769317e+01
1.118476248983763632e+01
1.088545127929569922e+01
1.088545127929568679e+01
1.061097725994876306e+01
1.061097725994872931e+01
1.039741140350439963e+01
1.039741140350438364e+01
1.023401369298577990e+01
1.023401369298576036e+01
9.752648381089707996e+00
9.752648381089620955e+00
9.584603026728739650e+00
9.584603026728602870e+00
8.240197576267595636e+00
8.240197576267583202e+00
8.015452061753268964e+00
8.015452061753176594e+00
8.000000000000030198e+00
7.999999999999992006e+00
7.820548438175680239e+00
7.820548438175658035e+00
7.715385849641037019e+00
7.715385849640700400e+00
7.141300440981731334e+00
7.141300440981710018e+00
7.082909310555478122e+00
7.082909310555442595e+00
7.047549959066479630e+00
7.047549959066425451e+00
6.399957233212767882e+00
6.399957233212766106e+00
6.194700498168602465e+00
6.194700498168585590e+00
6.099248713541213007e+00
6.099248713541204125e+00
6.082762530298229109e+00
6.082762530298222003e+00
6.082576260108561783e+00
6.082576260108503163e+00
6.017636358466679880e+00
6.017636358466657676e+00
5.994433448719791890e+00
5.994433448719787449e+00
5.937050451123901063e+00
5.937050451123888628e+00
5.824807157401745705e+00
5.824807157401653335e+00
5.729944487085117721e+00
5.729944487085108840e+00
5.722313795749657039e+00
5.722313795749648158e+00
5.433227297603418826e+00
5.433227297602868155e+00
5.393816526804909195e+00
5.393816526804598332e+00
5.275035138677534263e+00
5.275035138676398283e+00
5.133893952176058484e+00
5.133893952176002529e+00
5.098997712430406892e+00
5.098997712430342055e+00
5.054753241873287450e+00
5.054753241873271463e+00
5.000000000000001776e+00
4.999999999999987566e+00
4.825683459950355747e+00
4.825683459950345089e+00
4.684512619113659682e+00
4.684512619113650800e+00
4.590228092507993019e+00
4.590228092507983249e+00
4.484075364809082309e+00
4.484075364809080533e+00
4.476335443970538286e+00
4.476335443970524963e+00
4.445007880335343664e+00
4.445007880335336559e+00
4.358260975690301464e+00
4.358260975690292582e+00
4.326382938345606277e+00
4.326382938345599172e+00
4.187301878496657359e+00
4.187301878496644925e+00
4.123105625617674797e+00
4.123105625617669467e+00
4.122746686571462149e+00
4.122746686571436392e+00
4.096422112204253452e+00
4.096422112204249899e+00
4.076087488799290171e+00
4.076087488799243097e+00
4.011816574275395730e+00
4.011816574274579494e+00
4.001826344803979474e+00
4.001826344803956381e+00
3.998088719329643936e+00
3.998088719329635055e+00
3.981301628523760350e+00
3.981301628523541414e+00
3.927187924886834214e+00
3.927187924886692993e+00
3.890172248151102075e+00
3.890172248151075873e+00
3.859624491356332232e+00
3.859624491356322906e+00
3.828666191942240449e+00
3.828666191942213359e+00
3.784041926962297353e+00
3.784041926961910551e+00
3.765938216850560405e+00
3.765938216850557296e+00
3.741657386773951988e+00
3.741657386773931560e+00
3.711989737915426080e+00
3.711989737915421639e+00
3.623448931151168395e+00
3.623448931151140862e+00
3.609089519228938059e+00
3.609089519228927401e+00
3.514157724968390628e+00
3.514157724967728491e+00
3.466293972470328555e+00
3.466293972468916795e+00
3.400094364543216230e+00
3.400094364543154946e+00
3.318136802673954833e+00
3.318136802672066565e+00
3.274471942978841810e+00
3.274471942978637973e+00
3.161071193648413491e+00
3.161071193647420952e+00
3.046435433244421898e+00
3.046435433244403246e+00
3.034650411748687659e+00
3.034650411748672116e+00
3.010339208651731102e+00
3.010339208651589438e+00
3.001069899050665235e+00
3.001069899050633261e+00
3.000000000000022204e+00
2.999999999999992895e+00
2.999999963244477375e+00
2.999999963244473822e+00
2.999243818169932130e+00
2.999243818169923248e+00
2.998689676119392633e+00
2.998689676119391301e+00
2.994076530118932489e+00
2.994076530118880086e+00
2.991981758565090743e+00
2.991981758565033012e+00
2.983338772915766768e+00
2.983338772915749004e+00
2.968708479907993691e+00
2.968708479907980813e+00
2.949992716527225944e+00
2.949992716527199743e+00
2.931776292973738318e+00
2.931776292973615305e+00
2.816085616722143303e+00
2.816085616722136198e+00
2.707820845388864139e+00
2.707820845388845488e+00
2.665512654043224572e+00
2.665512654043202811e+00
2.632470042801294596e+00
2.632470042801293708e+00
2.614709204734984915e+00
2.614709204734978698e+00
2.593556647764324374e+00
2.593556647764302170e+00
2.540582340734605538e+00
2.540582340734545141e+00
2.504021778105450124e+00
2.504021778105440355e+00
2.481975988074324402e+00
2.481975988074321737e+00
2.450170237570906018e+00
2.450170237570901577e+00
2.449489742783189428e+00
2.449489742783188984e+00
2.445785554121453043e+00
2.445785554121440164e+00
2.431715242008090971e+00
2.431715242008030575e+00
2.395582280991229052e+00
2.395582280991211732e+00
2.385974033635943403e+00
2.385974033635938518e+00
2.374394895902546043e+00
2.374394895902510516e+00
2.344207591432066362e+00
2.344207591431771043e+00
2.321432584227780094e+00
2.321432584227757445e+00
2.237143973194001045e+00
2.237143973193997937e+00
2.236067977499794246e+00
2.236067977499791137e+00
2.236066911232711618e+00
2.236066911232710286e+00
2.235726961353473374e+00
2.235726961353470266e+00
2.235448276622308050e+00
2.235448276622301389e+00
2.233942462539280083e+00
2.233942462539278750e+00
2.232313252553421723e+00
2.232313252553419503e+00
2.230852601721246664e+00
2.230852601721229789e+00
2.230388025949435082e+00
2.230388025949426645e+00
2.226641088749880204e+00
2.226641088749867325e+00
2.178278156501870733e+00
2.178278156501868512e+00
2.168356468173292306e+00
2.168356468173269214e+00
2.090406556164383645e+00
2.090406556164383645e+00
2.043425393143376123e+00
2.043425393143368574e+00
2.040758218544842073e+00
2.040758218544818980e+00
2.025388350319553776e+00
2.025388350319549779e+00
2.015689876081407483e+00
2.015689876081394605e+00
2.000000000000024869e+00
2.000000000000006661e+00
2.000000000000006661e+00
2.000000000000003553e+00
2.000000000000003553e+00
2.000000000000003553e+00
2.000000000000000888e+00
2.000000000000000000e+00
2.000000000000000000e+00
2.000000000000000000e+00
1.999999999999999778e+00
1.999999999999999778e+00
1.999999999999999112e+00
1.999999999999998668e+00
1.999999999999997558e+00
1.999999999999980238e+00
1.999536259326903487e+00
1.999536259326890608e+00
1.999260773067874197e+00
1.999260773067866426e+00
1.998668784479403771e+00
1.998668784479397331e+00
1.997952340054643061e+00
1.997952340054637510e+00
1.993942208254255055e+00
1.993942208254219084e+00
1.990991799819597396e+00
1.990991799819591401e+00
1.989067780547258302e+00
1.989067780547254749e+00
1.985579539312736452e+00
1.985579539312734010e+00
1.975571004630298333e+00
1.975571004630295224e+00
1.972055629601343174e+00
1.972055629601334070e+00
1.966863716490719005e+00
1.966863716490715674e+00
1.950538815877512322e+00
1.950538815877498333e+00
1.941473021784284381e+00
1.941473021784279718e+00
1.934412952809193120e+00
1.934412952809181574e+00
1.922958653999217171e+00
1.922958653999207845e+00
1.861215221985215829e+00
1.861215221985208279e+00
1.833092564727751617e+00
1.833092564727747176e+00
1.831047357759503447e+00
1.831047357759439942e+00
1.805721494593504506e+00
1.805721494593485854e+00
1.784988614575318211e+00
1.784988614575284460e+00
1.778268876923072339e+00
1.778268876923065234e+00
1.755575080391416520e+00
1.755575080391385656e+00
1.732045262728515223e+00
1.732045262728512114e+00
1.730963838534128607e+00
1.730963838534123278e+00
1.730052365695388117e+00
1.730052365695383232e+00
1.721890585167825449e+00
1.721890585167822341e+00
1.711044699564539862e+00
1.711044699564538085e+00
1.696143910438759672e+00
1.696143910438731472e+00
1.686825885043759854e+00
1.686825885043755191e+00
1.655042083903816685e+00
1.655042083903811800e+00
1.621910409440410206e+00
1.621910409440371348e+00
1.618033988749918217e+00
1.618033988749897567e+00
1.618033988749889129e+00
1.618033988749872476e+00
1.612859749707941770e+00
1.612859749707912904e+00
1.606347924283226591e+00
1.606347924283222817e+00
1.591806621507780406e+00
1.591806621507774411e+00
1.572128604391102469e+00
1.572128604390818696e+00
1.552123207334660027e+00
1.552123207334652921e+00
1.542657182175170227e+00
1.542657182175131148e+00
1.526337150332861103e+00
1.526337150332860437e+00
1.490997893370198613e+00
1.490997893370197946e+00
1.451338408619670561e+00
1.451338408619658127e+00
1.446169309862648245e+00
1.446169309862580965e+00
1.426608536173804342e+00
1.426608536173798125e+00
1.414213562373112021e+00
1.414213562373105137e+00
1.414213562373100253e+00
1.414213562373099808e+00
1.414213562373099808e+00
1.414213562373098254e+00
1.414213562373097810e+00
1.414213562373097588e+00
1.414213562373097366e+00
1.414213562373096922e+00
1.414213562373096700e+00
1.414213562373096478e+00
1.414213562373096256e+00
1.414213562373096034e+00
1.414213562373095812e+00
1.414213562373095812e+00
1.414213562373095812e+00
1.414213562373095590e+00
1.414213562373095590e+00
1.414213562373095590e+00
1.414213562373095145e+00
1.414213562373095145e+00
1.414213562373095145e+00
1.414213562373094923e+00
1.414213562373094923e+00
1.414213562373094923e+00
1.414213562373094923e+00
1.414213562373094035e+00
1.414213562373093813e+00
1.414213562373093813e+00
1.414213562373093813e+00
1.414213562373093369e+00
1.414213562373093369e+00
1.414213562373092925e+00
1.414213562373090705e+00
1.414213562373090705e+00
1.414213562373082933e+00
1.414213562373077604e+00
1.414202756580889897e+00
1.414202756580886566e+00
1.413724676061115071e+00
1.413724676061107965e+00
1.412491890627253666e+00
1.412491890627225688e+00
1.411276655422194493e+00
1.411276655422188497e+00
1.409882176724337910e+00
1.409882176724324587e+00
1.409138389692462079e+00
1.409138389692453419e+00
1.406561319155595902e+00
1.406561319155589906e+00
1.404072471365685804e+00
1.404072471365682251e+00
1.402278804707217885e+00
1.402278804707153492e+00
1.397629623202406579e+00
1.397629623202366389e+00
1.393480424585088473e+00
1.393480424585084032e+00
1.388755654580772214e+00
1.388755654580753340e+00
1.384106739865573088e+00
1.384106739865540892e+00
1.372996505525747146e+00
1.372996505525720057e+00
1.363300510279408684e+00
1.363300510279318534e+00
1.362755945616795028e+00
1.362755945616791253e+00
1.332163841697857398e+00
1.332163841697846740e+00
1.319094622331632438e+00
1.319094622331520084e+00
1.307940627227251129e+00
1.307940627227249353e+00
1.234920128374154435e+00
1.234920128374138670e+00
1.199582114120236964e+00
1.199582114120185006e+00
1.098852112224858901e+00
1.098852112224827371e+00
1.062756205899112905e+00
1.062756205899111128e+00
1.037430767307944368e+00
1.037430767307918611e+00
1.009759103137208625e+00
1.009759103137208403e+00
1.000250599784917371e+00
1.000250599784909822e+00
1.000000000000076161e+00
1.000000000000042188e+00
1.000000000000031530e+00
1.000000000000025091e+00
1.000000000000023981e+00
1.000000000000020650e+00
1.000000000000018652e+00
1.000000000000015099e+00
1.000000000000014655e+00
1.000000000000011990e+00
1.000000000000011324e+00
1.000000000000011324e+00
1.000000000000007772e+00
1.000000000000006883e+00
1.000000000000004441e+00
1.000000000000003553e+00
1.000000000000002665e+00
1.000000000000002442e+00
1.000000000000002220e+00
1.000000000000001776e+00
1.000000000000001776e+00
1.000000000000001776e+00
1.000000000000001554e+00
1.000000000000001332e+00
1.000000000000001110e+00
1.000000000000001110e+00
1.000000000000000888e+00
1.000000000000000888e+00
1.000000000000000888e+00
1.000000000000000888e+00
1.000000000000000888e+00
1.000000000000000888e+00
1.000000000000000888e+00
1.000000000000000888e+00
1.000000000000000888e+00
1.000000000000000888e+00
1.000000000000000888e+00
1.000000000000000888e+00
1.000000000000000888e+00
1.000000000000000666e+00
1.000000000000000666e+00
1.000000000000000666e+00
1.000000000000000666e+00
1.000000000000000666e+00
1.000000000000000666e+00
1.000000000000000444e+00
1.000000000000000444e+00
1.000000000000000444e+00
1.000000000000000444e+00
1.000000000000000444e+00
1.000000000000000444e+00
1.000000000000000444e+00
1.000000000000000222e+00
1.000000000000000222e+00
1.000000000000000222e+00
1.000000000000000222e+00
1.000000000000000222e+00
1.000000000000000222e+00
1.000000000000000222e+00
1.000000000000000222e+00
1.000000000000000222e+00
1.000000000000000222e+00
1.000000000000000222e+00
1.000000000000000222e+00
1.000000000000000222e+00
1.000000000000000222e+00
1.000000000000000222e+00
1.000000000000000222e+00
1.000000000000000000e+00
1.000000000000000000e+00
1.000000000000000000e+00
1.000000000000000000e+00
1.000000000000000000e+00
1.000000000000000000e+00
9.999999999999998890e-01
9.999999999999998890e-01
9.999999999999998890e-01
9.999999999999998890e-01
9.999999999999998890e-01
9.999999999999998890e-01
9.999999999999998890e-01
9.999999999999998890e-01
9.999999999999998890e-01
9.999999999999998890e-01
9.999999999999998890e-01
9.999999999999998890e-01
9.999999999999998890e-01
9.999999999999998890e-01
9.999999999999998890e-01
9.999999999999998890e-01
9.999999999999998890e-01
9.999999999999998890e-01
9.999999999999998890e-01
9.999999999999996669e-01
9.999999999999996669e-01
9.999999999999996669e-01
9.999999999999996669e-01
9.999999999999996669e-01
9.999999999999996669e-01
9.999999999999996669e-01
9.999999999999996669e-01
9.999999999999996669e-01
9.999999999999996669e-01
9.999999999999996669e-01
9.999999999999996669e-01
9.999999999999996669e-01
9.999999999999995559e-01
9.999999999999995559e-01
9.999999999999995559e-01
9.999999999999995559e-01
9.999999999999995559e-01
9.999999999999995559e-01
9.999999999999995559e-01
9.999999999999995559e-01
9.999999999999995559e-01
9.999999999999995559e-01
9.999999999999995559e-01
9.999999999999993339e-01
9.999999999999993339e-01
9.999999999999993339e-01
9.999999999999993339e-01
9.999999999999993339e-01
9.999999999999993339e-01
9.999999999999993339e-01
9.999999999999992228e-01
9.999999999999992228e-01
9.999999999999992228e-01
9.999999999999992228e-01
9.999999999999990008e-01
9.999999999999990008e-01
9.999999999999990008e-01
9.999999999999990008e-01
9.999999999999990008e-01
9.999999999999990008e-01
9.999999999999990008e-01
9.999999999999990008e-01
9.999999999999990008e-01
9.999999999999987788e-01
9.999999999999987788e-01
9.999999999999987788e-01
9.999999999999987788e-01
9.999999999999986677e-01
9.999999999999986677e-01
9.999999999999986677e-01
9.999999999999984457e-01
9.999999999999975575e-01
9.999999999999974465e-01
9.999999999999974465e-01
9.999999999999966693e-01
9.999999999999963363e-01
9.999999999999963363e-01
9.999999999999931166e-01
9.999999999999924505e-01
9.999999999999885647e-01
9.999999999999885647e-01
9.999999999999855671e-01
9.999999999999841238e-01
9.999999999999826805e-01
9.999999999999794609e-01
9.999999999999771294e-01
9.999999999999731326e-01
9.999999999999704681e-01
9.999999999999553690e-01
9.999999999999229505e-01
9.999999112975720417e-01
9.999999112975660465e-01
9.999980739972145205e-01
9.999980739972138544e-01
9.999575617304936603e-01
9.999575617304925501e-01
9.998857631375742683e-01
9.998857631375610566e-01
9.997287136747513570e-01
9.997287136747475822e-01
9.993739676650368331e-01
9.993739676650300607e-01
9.990117408507021013e-01
9.990117408506936636e-01
9.985624624984866804e-01
9.985624624984834607e-01
9.981828304857127687e-01
9.981828304857099932e-01
9.981532468431479899e-01
9.981532468431425498e-01
9.977199149211517515e-01
9.977199149211493090e-01
9.972419384360886596e-01
9.972419384360862171e-01
9.969198804314968188e-01
9.969198804314917117e-01
9.962406587707443029e-01
9.962406587707400840e-01
9.961199862368731450e-01
9.961199862368680380e-01
9.958189271443539381e-01
9.958189271443445012e-01
9.952797922307832224e-01
9.952797922307816680e-01
9.938740482983594582e-01
9.938740482983509095e-01
9.931678094297458070e-01
9.931678094297348158e-01
9.911127303157646340e-01
9.911127303157418744e-01
9.898678526309934167e-01
9.898678526309845349e-01
9.879258027150777943e-01
9.879258027150739085e-01
9.870348549372085500e-01
9.870348549372063296e-01
9.861694216400800350e-01
9.861694216400788138e-01
9.846999438247970859e-01
9.846999438247944214e-01
9.832543583556240252e-01
9.832543583556199174e-01
9.824300912274717135e-01
9.824300912274681608e-01
9.803077481518072123e-01
9.803077481518024383e-01
9.800261503501463967e-01
9.800261503501431770e-01
9.750299502981321087e-01
9.750299502981312205e-01
9.734600356409089938e-01
9.734600356409044419e-01
9.697425768522804912e-01
9.697425768522776046e-01
9.679999595534813928e-01
9.679999595534798384e-01
9.664815265921066212e-01
9.664815265921042897e-01
9.642759410651541296e-01
9.642759410651488006e-01
9.618700949756416874e-01
9.618700949756389118e-01
9.594392132636042625e-01
9.594392132636015980e-01
9.573733867981297774e-01
9.573733867981262247e-01
9.554521359365001354e-01
9.554521359364973598e-01
9.516341150961585837e-01
9.516341150961564743e-01
9.512251042280750468e-01
9.512251042280719382e-01
9.462387015212192498e-01
9.462387015212176955e-01
9.406601781661785289e-01
9.406601781661733108e-01
9.370660015335531279e-01
9.370660015335486870e-01
9.283053608651178346e-01
9.283053608651089528e-01
9.186833386551800373e-01
9.186833386551768177e-01
9.062835974680347739e-01
9.062835974680274465e-01
9.002033027727371906e-01
9.002033027727326386e-01
8.910521986998709565e-01
8.910521986998596322e-01
8.788567658158118467e-01
8.788567658157985241e-01
8.570236581142235410e-01
8.570236581142208765e-01
8.455062780483137974e-01
8.455062780483127982e-01
7.799816342027965366e-01
7.799816342027902083e-01
7.666573691459425133e-01
7.666573691459378503e-01
7.570693023522211407e-01
7.570693023522196974e-01
7.504025344035869516e-01
7.504025344035843981e-01
6.723459858900117103e-01
6.723459858900051600e-01
6.522609308134328376e-01
6.522609308134266204e-01
6.180441835773388126e-01
6.180441835773308190e-01
6.180339887499124440e-01
6.180339887498960127e-01
6.180339887498942364e-01
6.180339887498791374e-01
6.109768945658420325e-01
6.109768945658415884e-01
5.909849509329085926e-01
5.909849509329020423e-01
5.898034269893224213e-01
5.898034269893035475e-01
5.853901254184241676e-01
5.853901254184104008e-01
5.733693581869999667e-01
5.733693581869943046e-01
5.544945564446677189e-01
5.544945564446653874e-01
5.331343211095926904e-01
5.331343211095838086e-01
3.752928215455468841e-01
3.752928215454953698e-01
3.741374556345891667e-01
3.741374556345658520e-01
2.981538213144714899e-01
2.981538213144653282e-01
2.555747581516288891e-01
2.555747581516271683e-01
2.236148666142455110e-01
2.236148666142440677e-01
1.689576974079877447e-01
1.689576974079854410e-01
1.207470089459615065e-01
1.207470089459571905e-01
2.684243505112255563e-13
1.979330674756953994e-13
1.400567421790971026e-13
1.251926692341852747e-13
1.041908424902928128e-13
