# Singular values
3.605321350508316414e+02
3.605321350508315845e+02
2.637355456394568023e+02
2.637355456394567454e+02
1.845792489499125111e+02
1.845792489499123974e+02
1.698138867449403904e+02
1.698138867449403335e+02
7.731239406747913279e+01
7.731239406747897647e+01
6.400375301290209507e+01
6.400375301290203822e+01
6.146444377254470481e+01
6.146444377254461955e+01
5.451838264369686726e+01
5.451838264369681752e+01
5.022424949430316587e+01
5.022424949430313035e+01
4.586883940563229345e+01
4.586883940563227213e+01
4.013097632343867360e+01
4.013097632343866650e+01
3.967989988124126199e+01
3.967989988124123357e+01
3.921734310225519238e+01
3.921734310225503606e+01
2.773963848657444586e+01
2.773963848657437481e+01
2.712663653215884096e+01
2.712663653215870596e+01
2.657266239512994233e+01
2.657266239512944850e+01
2.596692664976350429e+01
2.596692664976336573e+01
2.530174778327940288e+01
2.530174778327939222e+01
2.449307917328518869e+01
2.449307917328516737e+01
2.410089817673004475e+01
2.410089817673003054e+01
2.032997841086428181e+01
2.032997841086418234e+01
2.012407500983469788e+01
2.012407500983469433e+01
1.608092438040186423e+01
1.608092438040185357e+01
1.569932519291670836e+01
1.569932519291670303e+01
1.255632434213952919e+01
1.255632434213924498e+01
1.159459547286155789e+01
1.159459547286152592e+01
1.120615152052487851e+01
1.120615152052484120e+01
1.024287407977977260e+01
1.024287407977976727e+01
9.996466943173018649e+00
9.996466943172826802e+00
9.790064993766979029e+00
9.790064993766970147e+00
9.371240969785631592e+00
9.371240969785496588e+00
9.322879543769222010e+00
9.322879543769170496e+00
8.545803652773129144e+00
8.545803652773129144e+00
8.253023586308367854e+00
8.253023586308271931e+00
8.096823899625285037e+00
8.096823899625256615e+00
8.004325101397444797e+00
8.004325101397114395e+00
7.773442036325751481e+00
7.773442036325711513e+00
7.673209861655826636e+00
7.673209861655779562e+00
7.592061231672614596e+00
7.592061231672538213e+00
7.188720753442291667e+00
7.188720753442291667e+00
6.820715952630149737e+00
6.820715952630129308e+00
6.389324772080886561e+00
6.389324772080872350e+00
6.311974409502768779e+00
6.311974409502763450e+00
6.082762530298231773e+00
6.082762530298194470e+00
6.016963593851734515e+00
6.016963593850908509e+00
5.995916098811045813e+00
5.995916098811035155e+00
5.909346473669592648e+00
5.909346473669577549e+00
5.846442672963714671e+00
5.846442672963688914e+00
5.535072946156621931e+00
5.535072946156617490e+00
5.386823445942111377e+00
5.386823445942099831e+00
5.320637730802608267e+00
5.320637730802607379e+00
5.246099055003853096e+00
5.246099055003851319e+00
5.106890740508074344e+00
5.106890740508066351e+00
5.058448862698525339e+00
5.058448862698516457e+00
4.999951989054087775e+00
4.999951989054064683e+00
4.991468047574447731e+00
4.991468047574439737e+00
4.921257454565060918e+00
4.921257454564995193e+00
4.695341864296048051e+00
4.695341864296039169e+00
4.561473781877360523e+00
4.561473781877356970e+00
4.123105625617662362e+00
4.123105625617630388e+00
4.113302648621536051e+00
4.113302648621531610e+00
4.104201013478518512e+00
4.104201013478503413e+00
3.952409095265192018e+00
3.952409095265185801e+00
3.866435883932523687e+00
3.866435883931795825e+00
3.774197388645973206e+00
3.774197388645910589e+00
3.643381339900055416e+00
3.643381339900051419e+00
3.594488761504770924e+00
3.594488761504768704e+00
3.325137233673828518e+00
3.325137233673827630e+00
3.160070410722619627e+00
3.160070410722616518e+00
3.000000000000002665e+00
3.000000000000001776e+00
2.999880348816575282e+00
2.999880348816570397e+00
2.993540455734063244e+00
2.993540455734059247e+00
2.991880381957976454e+00
2.991880381957957802e+00
2.872136266068955557e+00
2.872136266068824551e+00
2.828427124746190735e+00
2.828427124746184518e+00
2.823395582643738244e+00
2.823395582643733803e+00
2.739986170691329104e+00
2.739986170691265155e+00
2.719642743389262929e+00
2.719642743389251383e+00
2.644746954262293670e+00
2.644746954262292782e+00
2.642425192365137843e+00
2.642425192365136066e+00
2.640978136687120781e+00
2.640978136687116340e+00
2.617632846877464114e+00
2.617632846877454789e+00
2.603119814020835143e+00
2.603119814020829814e+00
2.561552812808836954e+00
2.561552812808830293e+00
2.529737103879059923e+00
2.529737103879051485e+00
2.449473250307661054e+00
2.449473250307655281e+00
2.443828619900395349e+00
2.443828619900390464e+00
2.421985720887809279e+00
2.421985720887797733e+00
2.419606106911365462e+00
2.419606106911345478e+00
2.411228530456264618e+00
2.411228530456261510e+00
2.244112925638519052e+00
2.244112925638518607e+00
2.236067977499796022e+00
2.236067977499792914e+00
2.234772320857714156e+00
2.234772320857706163e+00
2.234425469447831158e+00
2.234425469447824053e+00
2.232929201749401127e+00
2.232929201749395354e+00
2.227506402697110310e+00
2.227506402697101429e+00
2.222783600441700536e+00
2.222783600441696983e+00
2.222178288738523300e+00
2.222178288738521523e+00
2.218195292782794592e+00
2.218195292782747075e+00
2.202605736974317274e+00
2.202605736974301287e+00
2.172706946962604135e+00
2.172706946962600583e+00
2.132848902478352127e+00
2.132848902478341468e+00
2.056532718694011219e+00
2.056532718694002781e+00
2.000000000000003997e+00
2.000000000000002220e+00
2.000000000000000888e+00
2.000000000000000888e+00
2.000000000000000444e+00
1.999999999999999556e+00
1.999999999999999334e+00
1.999999999999999112e+00
1.846914276316940828e+00
1.846914276316937942e+00
1.830011351354182247e+00
1.830011351354179139e+00
1.818493486288790262e+00
1.818493486288754513e+00
1.732047689771865073e+00
1.732047689771855303e+00
1.731923501540295174e+00
1.731923501540292509e+00
1.731870963865907775e+00
1.731870963865905111e+00
1.731544159770594504e+00
1.731544159770591396e+00
1.731022277769605600e+00
1.731022277769602269e+00
1.730791640095403539e+00
1.730791640095390438e+00
1.730731943659631566e+00
1.730731943659626904e+00
1.729570410181779039e+00
1.729570410181768381e+00
1.728374625841651024e+00
1.728374625841636592e+00
1.710169970748932844e+00
1.710169970748917523e+00
1.688811139731529298e+00
1.688811139731523747e+00
1.640987100417007793e+00
1.640987100417000688e+00
1.618033988749925101e+00
1.618033988749892460e+00
1.599775893947087413e+00
1.599775893946957961e+00
1.561552812808832735e+00
1.561552812808825408e+00
1.559393018495080829e+00
1.559393018495022210e+00
1.503402572515589730e+00
1.503402572515514679e+00
1.494670025396119595e+00
1.494670025396072743e+00
1.414213562373099364e+00
1.414213562373099364e+00
1.414213562373098920e+00
1.414213562373098698e+00
1.414213562373098698e+00
1.414213562373098698e+00
1.414213562373098698e+00
1.414213562373098254e+00
1.414213562373098254e+00
1.414213562373098032e+00
1.414213562373097810e+00
1.414213562373097588e+00
1.414213562373097588e+00
1.414213562373097144e+00
1.414213562373096922e+00
1.414213562373096922e+00
1.414213562373096922e+00
1.414213562373096700e+00
1.414213562373096478e+00
1.414213562373096478e+00
1.414213562373096034e+00
1.414213562373096034e+00
1.414213562373095812e+00
1.414213562373094923e+00
1.414213562373094701e+00
1.414213562373094701e+00
1.414213562373094479e+00
1.414213562373094479e+00
1.414213562373094257e+00
1.414213562373092259e+00
1.414213562373092037e+00
1.414213562373091149e+00
1.414204215191316560e+00
1.414204215191310343e+00
1.414184273153185956e+00
1.414184273153184623e+00
1.414101747115551477e+00
1.414101747115549035e+00
1.413978002054996796e+00
1.413978002054993244e+00
1.413864650014879265e+00
1.413864650014876156e+00
1.412815551927649738e+00
1.412815551927646629e+00
1.412518896058157392e+00
1.412518896058156059e+00
1.412087575149087559e+00
1.412087575149083118e+00
1.411800011217621442e+00
1.411800011217620332e+00
1.410423445296381084e+00
1.410423445296375977e+00
1.409275057006054821e+00
1.409275057006052823e+00
1.406760845232443380e+00
1.406760845232439605e+00
1.405280401265901480e+00
1.405280401265898149e+00
1.383415582085655959e+00
1.383415582085653739e+00
1.338103294531278520e+00
1.338103294531261644e+00
1.302439593944028973e+00
1.302439593944023866e+00
1.251744788231403227e+00
1.251744788231390348e+00
1.238002168603965725e+00
1.238002168603962172e+00
1.022174731511809709e+00
1.022174731511809265e+00
1.000000000000200728e+00
1.000000000000078604e+00
1.000000000000071276e+00
1.000000000000047740e+00
1.000000000000043077e+00
1.000000000000030642e+00
1.000000000000025979e+00
1.000000000000020650e+00
1.000000000000016875e+00
1.000000000000013767e+00
1.000000000000011546e+00
1.000000000000010658e+00
1.000000000000006883e+00
1.000000000000004663e+00
1.000000000000004441e+00
1.000000000000003331e+00
1.000000000000002665e+00
1.000000000000002442e+00
1.000000000000002442e+00
1.000000000000002220e+00
1.000000000000002220e+00
1.000000000000002220e+00
1.000000000000001998e+00
1.000000000000001998e+00
1.000000000000001776e+00
1.000000000000001554e+00
1.000000000000001554e+00
1.000000000000001554e+00
1.000000000000001332e+00
1.000000000000001110e+00
1.000000000000001110e+00
1.000000000000001110e+00
1.000000000000000888e+00
1.000000000000000888e+00
1.000000000000000888e+00
1.000000000000000888e+00
1.000000000000000888e+00
1.000000000000000666e+00
1.000000000000000666e+00
1.000000000000000666e+00
1.000000000000000666e+00
1.000000000000000666e+00
1.000000000000000666e+00
1.000000000000000666e+00
1.000000000000000666e+00
1.000000000000000666e+00
1.000000000000000666e+00
1.000000000000000666e+00
1.000000000000000666e+00
1.000000000000000666e+00
1.000000000000000666e+00
1.000000000000000666e+00
1.000000000000000444e+00
1.000000000000000444e+00
1.000000000000000444e+00
1.000000000000000444e+00
1.000000000000000444e+00
1.000000000000000444e+00
1.000000000000000444e+00
1.000000000000000444e+00
1.000000000000000444e+00
1.000000000000000444e+00
1.000000000000000444e+00
1.000000000000000444e+00
1.000000000000000444e+00
1.000000000000000222e+00
1.000000000000000222e+00
1.000000000000000222e+00
1.000000000000000222e+00
1.000000000000000222e+00
1.000000000000000222e+00
1.000000000000000222e+00
1.000000000000000222e+00
1.000000000000000000e+00
1.000000000000000000e+00
1.000000000000000000e+00
1.000000000000000000e+00
1.000000000000000000e+00
1.000000000000000000e+00
1.000000000000000000e+00
1.000000000000000000e+00
1.000000000000000000e+00
9.999999999999998890e-01
9.999999999999998890e-01
9.999999999999998890e-01
9.999999999999998890e-01
9.999999999999998890e-01
9.999999999999998890e-01
9.999999999999998890e-01
9.999999999999997780e-01
9.999999999999997780e-01
9.999999999999997780e-01
9.999999999999996669e-01
9.999999999999996669e-01
9.999999999999996669e-01
9.999999999999996669e-01
9.999999999999996669e-01
9.999999999999996669e-01
9.999999999999996669e-01
9.999999999999996669e-01
9.999999999999996669e-01
9.999999999999996669e-01
9.999999999999995559e-01
9.999999999999995559e-01
9.999999999999995559e-01
9.999999999999995559e-01
9.999999999999995559e-01
9.999999999999992228e-01
9.999999999999992228e-01
9.999999999999992228e-01
9.999999999999991118e-01
9.999999999999991118e-01
9.999999999999990008e-01
9.999999999999990008e-01
9.999999999999990008e-01
9.999999999999986677e-01
9.999999999999985567e-01
9.999999999999982236e-01
9.999999999999981126e-01
9.999999999999980016e-01
9.999999999999980016e-01
9.999999999999980016e-01
9.999999999999978906e-01
9.999999999999975575e-01
9.999999999999964473e-01
9.999999999999953371e-01
9.999999999999911182e-01
9.999999999999903411e-01
9.999999999999864553e-01
9.999999999999835687e-01
9.999999999999796829e-01
9.999999999999755751e-01
9.999999999999686917e-01
9.999999999999574785e-01
9.999999999999571454e-01
9.999999999999323874e-01
9.999999999999253930e-01
9.999999999998038236e-01
9.999923615327751536e-01
9.999923615327722670e-01
9.999636674159645411e-01
9.999636674159612104e-01
9.999533039283523550e-01
9.999533039283511338e-01
9.999187560778186601e-01
9.999187560778164396e-01
9.997945786512781874e-01
9.997945786512728583e-01
9.997380116841382280e-01
9.997380116841378950e-01
9.996727810374028689e-01
9.996727810373950973e-01
9.993776400638333390e-01
9.993776400638300084e-01
9.992560047820635560e-01
9.992560047820544522e-01
9.991388326422472321e-01
9.991388326422450117e-01
9.989113322639647796e-01
9.989113322639626702e-01
9.985213047845241663e-01
9.985213047845192813e-01
9.985102604452521513e-01
9.985102604452477104e-01
9.983202540560983662e-01
9.983202540560962568e-01
9.981290333781679402e-01
9.981290333781638324e-01
9.974625832949330917e-01
9.974625832949319815e-01
9.973657437957329508e-01
9.973657437957289540e-01
9.966586595210452648e-01
9.966586595210300548e-01
9.963703037642931415e-01
9.963703037642931415e-01
9.948631655800712625e-01
9.948631655800583840e-01
9.935907940687741524e-01
9.935907940687623841e-01
9.915686646601780119e-01
9.915686646601719056e-01
9.837226243100052336e-01
9.837226243100031242e-01
9.830037824791389989e-01
9.830037824791364454e-01
9.802765315980566108e-01
9.802765315980420668e-01
9.773075867883476153e-01
9.773075867882180523e-01
9.759493024531598060e-01
9.759493024531543659e-01
9.758675344475506996e-01
9.758675344475442603e-01
9.749290281359124233e-01
9.749290281359108690e-01
9.691437172051414750e-01
9.691437172051301507e-01
9.567681805184715671e-01
9.567681805184677923e-01
9.486434759804059924e-01
9.486434759804024397e-01
9.138630784050351119e-01
9.138630784049178724e-01
7.650099544189491452e-01
7.650099544189484790e-01
7.559042498118229148e-01
7.559042498118027087e-01
7.259341704535344775e-01
7.259341704534295614e-01
6.312651794425782059e-01
6.312651794425772067e-01
6.199306389999929001e-01
6.199306389999886813e-01
6.180339887498979001e-01
6.180339887498892404e-01
6.068294368559910001e-01
6.068294368559851160e-01
4.847470703073848419e-01
4.847470703073727405e-01
3.819638826823339994e-01
3.819638826823321676e-01
3.734004711589224978e-01
3.734004711589215542e-01
3.034111774625050661e-01
3.034111774624815294e-01
