# Singular values
1.987578760807313358e+02
1.987578760807312506e+02
1.751998104303710591e+02
1.751998104303710022e+02
1.176420089463281045e+02
1.176420089463280902e+02
1.016231159661986254e+02
1.016231159661985686e+02
9.000250697316833737e+01
9.000250697316812420e+01
4.504386616474003802e+01
4.504386616474001670e+01
4.310662763390627106e+01
4.310662763390625685e+01
3.822302970723293214e+01
3.822302970723279003e+01
2.576787174966266036e+01
2.576787174966261063e+01
2.336506045070963822e+01
2.336506045070962045e+01
1.991767912121482098e+01
1.991767912121479966e+01
1.857511409071273789e+01
1.857511409071269881e+01
1.777703639075734898e+01
1.777703639075728503e+01
1.583009361522654856e+01
1.583009361522631231e+01
1.459739930978914835e+01
1.459739930978912525e+01
1.299348655175356093e+01
1.299348655175354317e+01
1.238987237848165179e+01
1.238987237848147771e+01
1.209871025375510634e+01
1.209871025375508857e+01
1.048246040236306520e+01
1.048246040236303678e+01
8.831760866327847737e+00
8.831760866327838855e+00
8.525145482202123759e+00
8.525145482202113101e+00
7.773043582582263689e+00
7.773043582582186417e+00
7.562888307651466135e+00
7.562888307651459918e+00
7.480596621209260277e+00
7.480596621209254060e+00
6.931973102857572400e+00
6.931973102857567959e+00
6.818742475855605889e+00
6.818742475855604113e+00
6.162903260954727180e+00
6.162903260954687212e+00
6.082762530298240655e+00
6.082762530298222892e+00
5.994643802115890097e+00
5.994643802115882103e+00
5.848495669479020442e+00
5.848495669479004455e+00
5.197991238916383594e+00
5.197991238916375600e+00
5.095940812993362989e+00
5.095940812993355884e+00
4.959398305812752206e+00
4.959398305812736218e+00
4.709806124016464146e+00
4.709806124016401085e+00
4.635414392831795460e+00
4.635414392831774144e+00
4.560298767150204213e+00
4.560298767150192667e+00
4.246971522312697367e+00
4.246971522312688485e+00
4.084353702033326705e+00
4.084353702033242328e+00
4.000000000000006217e+00
4.000000000000004441e+00
3.835530485927177935e+00
3.835530485927173050e+00
3.751862633277364800e+00
3.751862633277357251e+00
3.740937793008409340e+00
3.740937793008393797e+00
3.592018785172120143e+00
3.592018785172111706e+00
3.296738986322585330e+00
3.296738986322571563e+00
3.195824510745010283e+00
3.195824510745004954e+00
3.162277660168384408e+00
3.162277660168383076e+00
3.160649183044384802e+00
3.160649183044358601e+00
3.000000000000001776e+00
3.000000000000000888e+00
2.999999999999999112e+00
2.999999999999998668e+00
2.999827833553871503e+00
2.999827833553860845e+00
2.959362451258269022e+00
2.959362451258263693e+00
2.828506049598693561e+00
2.828506049598662919e+00
2.828427124746191623e+00
2.828427124746188959e+00
2.827166418020524485e+00
2.827166418020406358e+00
2.824929742300725355e+00
2.824929742300712476e+00
2.678566003265502538e+00
2.678566003265492768e+00
2.672783762425697152e+00
2.672783762425696263e+00
2.603122024229814091e+00
2.603122024229809650e+00
2.449489742783178770e+00
2.449489742783176105e+00
2.287279665868862111e+00
2.287279665868860334e+00
2.236067977499790693e+00
2.236067977499786696e+00
2.236067977499784920e+00
2.236067977499782700e+00
2.226790943879243923e+00
2.226790943879236817e+00
2.154610230540058069e+00
2.154610230540056737e+00
2.020213926542482774e+00
2.020213926542474336e+00
2.000000000000007550e+00
2.000000000000003553e+00
2.000000000000000888e+00
2.000000000000000888e+00
2.000000000000000444e+00
1.999999999999998668e+00
1.999999999999997780e+00
1.999999999999997113e+00
1.999999999999996891e+00
1.999999999999995781e+00
1.999459228679549172e+00
1.999459228679512535e+00
1.999186376296554046e+00
1.999186376296484102e+00
1.986204285891987498e+00
1.986204285891980170e+00
1.974428432829322677e+00
1.974428432829315572e+00
1.967880488355918889e+00
1.967880488355895352e+00
1.963836220921789444e+00
1.963836220921767683e+00
1.898721837577228788e+00
1.898721837577219906e+00
1.823122316406543542e+00
1.823122316406347476e+00
1.742630335523587704e+00
1.742630335523565943e+00
1.732050807568876971e+00
1.732050807568875195e+00
1.731874618835343771e+00
1.731874618835266055e+00
1.731568749494060366e+00
1.731568749494033499e+00
1.641649533791303739e+00
1.641649533791122773e+00
1.628613202477879440e+00
1.628613202477804389e+00
1.621206761680502151e+00
1.621206761680383135e+00
1.618033988749893570e+00
1.618033988749891572e+00
1.617024387274377029e+00
1.617024387274371255e+00
1.414213562373242805e+00
1.414213562373134669e+00
1.414213562373098032e+00
1.414213562373097366e+00
1.414213562373096256e+00
1.414213562373096256e+00
1.414213562373096256e+00
1.414213562373096034e+00
1.414213562373095812e+00
1.414213562373095812e+00
1.414213562373095812e+00
1.414213562373095368e+00
1.414213562373095145e+00
1.414213562373095145e+00
1.414213562373094923e+00
1.414213562373094923e+00
1.414213562373094701e+00
1.414213562373094701e+00
1.414213562373094701e+00
1.414213562373094257e+00
1.414213562373094257e+00
1.414213562373094257e+00
1.414213562373094035e+00
1.414213562373094035e+00
1.414213562373094035e+00
1.414213562373093813e+00
1.414213562373093591e+00
1.414213562373093591e+00
1.414213562373092703e+00
1.414213562373092259e+00
1.414213562373091815e+00
1.414213562373071165e+00
1.414213562373048516e+00
1.414213562372947930e+00
1.411344507107647583e+00
1.411344507107580970e+00
1.411174626994026182e+00
1.411174626994013304e+00
1.409590052474263500e+00
1.409590052474257060e+00
1.407100178995399631e+00
1.407100178995397854e+00
1.402278086075074759e+00
1.402278086075069208e+00
1.395063509813825542e+00
1.395063509813821101e+00
1.383688861246711532e+00
1.383688861246710422e+00
1.372040277596230151e+00
1.372040277596211277e+00
1.323397114283134446e+00
1.323397114283120013e+00
1.295883327458575707e+00
1.295883327458558165e+00
1.287421785060433255e+00
1.287421785060343105e+00
1.175265037519749756e+00
1.175265037519737321e+00
1.021150017997676240e+00
1.021150017997350501e+00
1.020695118523962552e+00
1.020695118523945677e+00
1.000000000000083267e+00
1.000000000000052180e+00
1.000000000000036637e+00
1.000000000000025535e+00
1.000000000000022204e+00
1.000000000000014877e+00
1.000000000000011324e+00
1.000000000000011102e+00
1.000000000000010880e+00
1.000000000000008438e+00
1.000000000000007327e+00
1.000000000000004219e+00
1.000000000000004219e+00
1.000000000000001998e+00
1.000000000000001776e+00
1.000000000000001554e+00
1.000000000000001332e+00
1.000000000000001332e+00
1.000000000000001110e+00
1.000000000000001110e+00
1.000000000000001110e+00
1.000000000000000888e+00
1.000000000000000888e+00
1.000000000000000666e+00
1.000000000000000666e+00
1.000000000000000666e+00
1.000000000000000666e+00
1.000000000000000666e+00
1.000000000000000666e+00
1.000000000000000666e+00
1.000000000000000444e+00
1.000000000000000444e+00
1.000000000000000444e+00
1.000000000000000444e+00
1.000000000000000444e+00
1.000000000000000444e+00
1.000000000000000444e+00
1.000000000000000222e+00
1.000000000000000222e+00
1.000000000000000222e+00
1.000000000000000222e+00
1.000000000000000222e+00
1.000000000000000222e+00
1.000000000000000222e+00
1.000000000000000222e+00
1.000000000000000222e+00
1.000000000000000222e+00
1.000000000000000222e+00
1.000000000000000222e+00
1.000000000000000000e+00
1.000000000000000000e+00
1.000000000000000000e+00
1.000000000000000000e+00
1.000000000000000000e+00
1.000000000000000000e+00
1.000000000000000000e+00
1.000000000000000000e+00
1.000000000000000000e+00
9.999999999999997780e-01
9.999999999999997780e-01
9.999999999999997780e-01
9.999999999999997780e-01
9.999999999999997780e-01
9.999999999999996669e-01
9.999999999999996669e-01
9.999999999999996669e-01
9.999999999999996669e-01
9.999999999999996669e-01
9.999999999999996669e-01
9.999999999999996669e-01
9.999999999999996669e-01
9.999999999999996669e-01
9.999999999999996669e-01
9.999999999999996669e-01
9.999999999999994449e-01
9.999999999999994449e-01
9.999999999999994449e-01
9.999999999999994449e-01
9.999999999999994449e-01
9.999999999999993339e-01
9.999999999999992228e-01
9.999999999999990008e-01
9.999999999999990008e-01
9.999999999999990008e-01
9.999999999999990008e-01
9.999999999999990008e-01
9.999999999999988898e-01
9.999999999999986677e-01
9.999999999999985567e-01
9.999999999999984457e-01
9.999999999999984457e-01
9.999999999999970024e-01
9.999999999999970024e-01
9.999999999999954481e-01
9.999999999999944489e-01
9.999999999999921174e-01
9.999999999999898970e-01
9.999999999999884537e-01
9.999999999999883427e-01
9.999999999999873435e-01
9.999999999999853451e-01
9.999999999999791278e-01
9.999999999999736877e-01
9.999999999999549249e-01
9.999999999999462652e-01
9.999999999999196199e-01
9.989931523225099586e-01
9.989931523224906407e-01
9.986322224515986612e-01
9.986322224515896684e-01
9.985493645196636958e-01
9.985493645196511503e-01
9.925077887763799067e-01
9.925077887763730233e-01
9.844625035512575284e-01
9.844625035512512001e-01
9.730483860341487823e-01
9.730483860341382352e-01
9.669213336578310614e-01
9.669213336578141860e-01
9.624953637304456411e-01
9.624953637304448639e-01
9.610030078085359806e-01
9.610030078085318728e-01
9.148293973863355077e-01
9.148293973863328432e-01
7.660923939937944738e-01
7.660923939937768212e-01
7.532994118227401836e-01
7.532994118227165359e-01
6.180339887498946805e-01
6.180339887498931262e-01
6.168569164534541960e-01
6.168569164534474236e-01
5.710838249577826486e-01
5.710838249577684378e-01
5.575332966101745891e-01
5.575332966101728127e-01
4.717375816043831716e-01
4.717375816043763437e-01
4.423414866313159499e-01
4.423414866313033489e-01
3.876933311302201979e-01
3.876933311301875018e-01
3.395044610261639950e-01
3.395044610261605533e-01
