# Singular values
3.041848253394300627e+02
3.041848253394300627e+02
1.201903900377555487e+02
1.201903900377554777e+02
9.527477684911974620e+01
9.527477684911966094e+01
8.830576264154994703e+01
8.830576264154994703e+01
6.721524183034256339e+01
6.721524183034247812e+01
5.828713101839975508e+01
5.828713101839969113e+01
5.666155088784196181e+01
5.666155088784189786e+01
4.074209851388317816e+01
4.074209851388306447e+01
3.920117517372794680e+01
3.920117517372783311e+01
3.813549133924409773e+01
3.813549133924405510e+01
3.722902093797262069e+01
3.722902093797260648e+01
3.699512985975691493e+01
3.699512985975689361e+01
3.084892885983258992e+01
3.084892885983256505e+01
2.948182210557795102e+01
2.948182210557791549e+01
2.582431042939564492e+01
2.582431042939564136e+01
2.359036648219829502e+01
2.359036648219820265e+01
2.332996875013906646e+01
2.332996875013899896e+01
2.152055277486895690e+01
2.152055277486894980e+01
2.097115082582292800e+01
2.097115082582289958e+01
1.969506911582707787e+01
1.969506911582700681e+01
1.918263703298622502e+01
1.918263703298618594e+01
1.774740176675664927e+01
1.774740176675662440e+01
1.661703766519424619e+01
1.661703766519423908e+01
1.581682095537743926e+01
1.581682095537743749e+01
1.540668825246103424e+01
1.540668825246099516e+01
1.459218115194196308e+01
1.459218115194195775e+01
1.435286589389561485e+01
1.435286589389558110e+01
1.376418809516903607e+01
1.376418809516897213e+01
1.278229837759907106e+01
1.278229837759901422e+01
1.257417591272997548e+01
1.257417591272996127e+01
1.224416227884461073e+01
1.224416227884457697e+01
1.218923154287645971e+01
1.218923154287642774e+01
1.160740057234614575e+01
1.160740057234611911e+01
1.103612618049408667e+01
1.103612618049407601e+01
1.062618285542041718e+01
1.062618285542039409e+01
9.956260682765071479e+00
9.956260682765060821e+00
9.841732039002447863e+00
9.841732039002430099e+00
9.606054820144008133e+00
9.606054820143979711e+00
9.524805679549091408e+00
9.524805679549075421e+00
9.226066217554535598e+00
9.226066217554512505e+00
9.177323031936461817e+00
9.177323031936440501e+00
9.000000000000008882e+00
9.000000000000007105e+00
8.971154589352254405e+00
8.971154589352142494e+00
8.646528321310077203e+00
8.646528321310055887e+00
8.375629979313121254e+00
8.375629979313101714e+00
8.212743827916046513e+00
8.212743827916032302e+00
7.644317637050624725e+00
7.644317637050589198e+00
7.376576377126978556e+00
7.376576377126939477e+00
7.320139168111382766e+00
7.320139168111378325e+00
7.264080682635456476e+00
7.264080682635421837e+00
7.085801410870358197e+00
7.085801410870307571e+00
6.827350911751842943e+00
6.827350911751837614e+00
6.749641285843862804e+00
6.749641285843847704e+00
6.445838461780709849e+00
6.445838461780692086e+00
6.395792438504989796e+00
6.395792438504802391e+00
6.321028325505996470e+00
6.321028325505799295e+00
6.247920079624719847e+00
6.247920079624696754e+00
6.166664931494177715e+00
6.166664931494159063e+00
6.118488703773127035e+00
6.118488703773096837e+00
6.082762530298230885e+00
6.082762530298214898e+00
6.000000000000012434e+00
6.000000000000008882e+00
5.982807932088247682e+00
5.982807932088239689e+00
5.958758701732486784e+00
5.958758701732484120e+00
5.820625384966502835e+00
5.820625384966497506e+00
5.748751889084113387e+00
5.748751889084081412e+00
5.692857827263392068e+00
5.692857827263368975e+00
5.555722971729832871e+00
5.555722971729819548e+00
5.394493085609936678e+00
5.394493085609935790e+00
5.274468269143413046e+00
5.274468269143405053e+00
5.138186723077109441e+00
5.138186723077084572e+00
5.099019513592798702e+00
5.099019513592791597e+00
5.097674722791326829e+00
5.097674722791315283e+00
5.060033661985627873e+00
5.060033661985625209e+00
5.000000000000009770e+00
5.000000000000003553e+00
5.000000000000002665e+00
4.999999999999998224e+00
4.886196652852969891e+00
4.886196652852937916e+00
4.821748450179275558e+00
4.821748450179272005e+00
4.724094679308407763e+00
4.724094679308401545e+00
4.656798640862661820e+00
4.656798640862654715e+00
4.595507811510255003e+00
4.595507811510249674e+00
4.561900652274961665e+00
4.561900652274946566e+00
4.525793076855514130e+00
4.525793076855493702e+00
4.440317424976313099e+00
4.440317424976307770e+00
4.346999180723792655e+00
4.346999180723789102e+00
4.299626969017277922e+00
4.299626969017272593e+00
4.248101108672677206e+00
4.248101108672666548e+00
4.180657871911026113e+00
4.180657871911019896e+00
4.158689954752752271e+00
4.158689954752746054e+00
4.128034175278019191e+00
4.128034175278002316e+00
4.122430964386495589e+00
4.122430964386477825e+00
4.120119717559332706e+00
4.120119717559329153e+00
4.118068172338365862e+00
4.118068172338364086e+00
4.039685834960365263e+00
4.039685834960359934e+00
4.000000000000003553e+00
4.000000000000001776e+00
4.000000000000000888e+00
3.999999999999999112e+00
3.996298870204074039e+00
3.996298870204071818e+00
3.983434321239226250e+00
3.983434321239215592e+00
3.945920887818849643e+00
3.945920887818838096e+00
3.890234821810927723e+00
3.890234821810911292e+00
3.838132354181317041e+00
3.838132354181305939e+00
3.756886456973096422e+00
3.756886456973083099e+00
3.751862633277369241e+00
3.751862633277365688e+00
3.745188115252085392e+00
3.745188115252082728e+00
3.602697364803711277e+00
3.602697364803702396e+00
3.456675642370463652e+00
3.456675642370439672e+00
3.316624790355403807e+00
3.316624790355396257e+00
3.315893995476578038e+00
3.315893995476566936e+00
3.304224614317197162e+00
3.304224614317196718e+00
3.263268845689528685e+00
3.263268845689521580e+00
3.218922743125044672e+00
3.218922743125041563e+00
3.176069528608859827e+00
3.176069528608850501e+00
3.162277660168383964e+00
3.162277660168382631e+00
3.140345082257698817e+00
3.140345082257691711e+00
3.123155731513829636e+00
3.123155731513824751e+00
3.000000000000006217e+00
3.000000000000005329e+00
3.000000000000004885e+00
2.999999999999998224e+00
2.999999999999995559e+00
2.999999999999991562e+00
2.999511672980234245e+00
2.999511672980227583e+00
2.999184463628129738e+00
2.999184463628119524e+00
2.995348878815677907e+00
2.995348878815675686e+00
2.993447264453120038e+00
2.993447264453118262e+00
2.983995208646406994e+00
2.983995208646403885e+00
2.975749933147114223e+00
2.975749933147100013e+00
2.926421697958716539e+00
2.926421697958685009e+00
2.867100498577942247e+00
2.867100498577932921e+00
2.828427124746188071e+00
2.828427124746186738e+00
2.826525241696260959e+00
2.826525241696255186e+00
2.788431672661136229e+00
2.788431672661132676e+00
2.761125690260035626e+00
2.761125690260032961e+00
2.726082932721984875e+00
2.726082932721975105e+00
2.687160049956727192e+00
2.687160049956709873e+00
2.665352199456169302e+00
2.665352199456163529e+00
2.641851954736818886e+00
2.641851954736818886e+00
2.623844825803016256e+00
2.623844825803014036e+00
2.603378063105608931e+00
2.603378063105599161e+00
2.583445406040147052e+00
2.583445406040135950e+00
2.528784174514660421e+00
2.528784174514655536e+00
2.515313536849363096e+00
2.515313536849362652e+00
2.497731819395337283e+00
2.497731819395314634e+00
2.461281438919055375e+00
2.461281438919051379e+00
2.449489742783180102e+00
2.449489742783176993e+00
2.439093445078355238e+00
2.439093445078349021e+00
2.395469566704080844e+00
2.395469566704072406e+00
2.378837641155084004e+00
2.378837641155081783e+00
2.350692129354746029e+00
2.350692129354740700e+00
2.304948080291820744e+00
2.304948080291817636e+00
2.289111513785154983e+00
2.289111513785133223e+00
2.236067977499788473e+00
2.236067977499788029e+00
2.205907208344455750e+00
2.205907208344447312e+00
2.193873138329879513e+00
2.193873138329871519e+00
2.145875782774368634e+00
2.145875782774351759e+00
2.096398270328367897e+00
2.096398270328365232e+00
2.053397495980796794e+00
2.053397495980789689e+00
2.042051782422176665e+00
2.042051782422172668e+00
2.008857565211309204e+00
2.008857565211306095e+00
2.000000000000004885e+00
2.000000000000004885e+00
2.000000000000003553e+00
2.000000000000003553e+00
2.000000000000003109e+00
2.000000000000003109e+00
2.000000000000002665e+00
2.000000000000002220e+00
2.000000000000001332e+00
2.000000000000000888e+00
2.000000000000000888e+00
2.000000000000000444e+00
1.999999999999999334e+00
1.999999999999999334e+00
1.999999999999998890e+00
1.999999999999997558e+00
1.999999999999997113e+00
1.999999999999996669e+00
1.998781390735556496e+00
1.998781390735552499e+00
1.998443687548382197e+00
1.998443687548376202e+00
1.992852713988496616e+00
1.992852713988488400e+00
1.989946880059182410e+00
1.989946880059170864e+00
1.988089853745095281e+00
1.988089853745093283e+00
1.982794930813486678e+00
1.982794930813480017e+00
1.968322518103196472e+00
1.968322518103193142e+00
1.957012154903609913e+00
1.957012154903608137e+00
1.883325809074650969e+00
1.883325809074635648e+00
1.865130426539412856e+00
1.865130426539408193e+00
1.849853142147007246e+00
1.849853142147003915e+00
1.837901925864918962e+00
1.837901925864903641e+00
1.787420264536907277e+00
1.787420264536907277e+00
1.756508856657690965e+00
1.756508856657688522e+00
1.748884590603690503e+00
1.748884590603688727e+00
1.733313664184536140e+00
1.733313664184531255e+00
1.732050807568878081e+00
1.732050807568877637e+00
1.730239222262346610e+00
1.730239222262344834e+00
1.727985620301693670e+00
1.727985620301693448e+00
1.726277653640788001e+00
1.726277653640785559e+00
1.716548177450268664e+00
1.716548177450265111e+00
1.697322101520024162e+00
1.697322101520010840e+00
1.683832986306574631e+00
1.683832986306569746e+00
1.674078830731470902e+00
1.674078830731469125e+00
1.669914324804609551e+00
1.669914324804601780e+00
1.659505300284514595e+00
1.659505300284504159e+00
1.649627423681234051e+00
1.649627423681215621e+00
1.617119915229022986e+00
1.617119915229018767e+00
1.588710170423189627e+00
1.588710170423185186e+00
1.534516487818334385e+00
1.534516487818333497e+00
1.510295315557968143e+00
1.510295315557965479e+00
1.448045989490250429e+00
1.448045989490249319e+00
1.418211987219616388e+00
1.418211987219612391e+00
1.414213562373109800e+00
1.414213562373097810e+00
1.414213562373096700e+00
1.414213562373096478e+00
1.414213562373096034e+00
1.414213562373095812e+00
1.414213562373095590e+00
1.414213562373095590e+00
1.414213562373095590e+00
1.414213562373095590e+00
1.414213562373095590e+00
1.414213562373095368e+00
1.414213562373095368e+00
1.414213562373095368e+00
1.414213562373095145e+00
1.414213562373095145e+00
1.414213562373095145e+00
1.414213562373094923e+00
1.414213562373094923e+00
1.414213562373094923e+00
1.414213562373094701e+00
1.414213562373094701e+00
1.414213562373094701e+00
1.414213562373094701e+00
1.414213562373094701e+00
1.414213562373094479e+00
1.414213562373094257e+00
1.414213562373094257e+00
1.414213562373094035e+00
1.414213562373094035e+00
1.414213562373092925e+00
1.414213562373083155e+00
1.412870071941989103e+00
1.412870071941985772e+00
1.406640201118461775e+00
1.406640201118458000e+00
1.404365914809976079e+00
1.404365914809971194e+00
1.403290930170969064e+00
1.403290930170968398e+00
1.400996037244083059e+00
1.400996037244060854e+00
1.392513928579830029e+00
1.392513928579821147e+00
1.388682770808146172e+00
1.388682770808144396e+00
1.385849120450314276e+00
1.385849120450314054e+00
1.380568307341063061e+00
1.380568307341061729e+00
1.371184505379953622e+00
1.371184505379950513e+00
1.358483635391813937e+00
1.358483635391812827e+00
1.342283136182856662e+00
1.342283136182854220e+00
1.327938713117022829e+00
1.327938713117019942e+00
1.323328287899531830e+00
1.323328287899530942e+00
1.302044114292526311e+00
1.302044114292519650e+00
1.288458478868130141e+00
1.288458478868128587e+00
1.266620321050660358e+00
1.266620321050657694e+00
1.243827628013915776e+00
1.243827628013907782e+00
1.235041583612952687e+00
1.235041583612947802e+00
1.232053063175146734e+00
1.232053063175144958e+00
1.170638825577809961e+00
1.170638825577807074e+00
1.154763514009490954e+00
1.154763514009474967e+00
1.143842291120737764e+00
1.143842291120729548e+00
1.115262419923038095e+00
1.115262419923022552e+00
1.088323685975211674e+00
1.088323685975210120e+00
1.015405596720847958e+00
1.015405596720835524e+00
1.012057194503374946e+00
1.012057194503370061e+00
1.000000000000015099e+00
1.000000000000008882e+00
1.000000000000007994e+00
1.000000000000005995e+00
1.000000000000003331e+00
1.000000000000003331e+00
1.000000000000003109e+00
1.000000000000001776e+00
1.000000000000001554e+00
1.000000000000001332e+00
1.000000000000001110e+00
1.000000000000000888e+00
1.000000000000000888e+00
1.000000000000000666e+00
1.000000000000000666e+00
1.000000000000000666e+00
1.000000000000000666e+00
1.000000000000000666e+00
1.000000000000000666e+00
1.000000000000000444e+00
1.000000000000000444e+00
1.000000000000000444e+00
1.000000000000000444e+00
1.000000000000000444e+00
1.000000000000000444e+00
1.000000000000000444e+00
1.000000000000000444e+00
1.000000000000000444e+00
1.000000000000000444e+00
1.000000000000000444e+00
1.000000000000000444e+00
1.000000000000000444e+00
1.000000000000000444e+00
1.000000000000000222e+00
1.000000000000000222e+00
1.000000000000000222e+00
1.000000000000000222e+00
1.000000000000000222e+00
1.000000000000000222e+00
1.000000000000000222e+00
1.000000000000000222e+00
1.000000000000000222e+00
1.000000000000000222e+00
1.000000000000000222e+00
1.000000000000000222e+00
1.000000000000000222e+00
1.000000000000000222e+00
1.000000000000000222e+00
1.000000000000000222e+00
1.000000000000000222e+00
1.000000000000000222e+00
1.000000000000000222e+00
1.000000000000000222e+00
1.000000000000000222e+00
1.000000000000000222e+00
1.000000000000000222e+00
1.000000000000000222e+00
1.000000000000000222e+00
1.000000000000000000e+00
9.999999999999998890e-01
9.999999999999998890e-01
9.999999999999998890e-01
9.999999999999998890e-01
9.999999999999998890e-01
9.999999999999998890e-01
9.999999999999998890e-01
9.999999999999998890e-01
9.999999999999997780e-01
9.999999999999997780e-01
9.999999999999997780e-01
9.999999999999997780e-01
9.999999999999997780e-01
9.999999999999997780e-01
9.999999999999997780e-01
9.999999999999997780e-01
9.999999999999997780e-01
9.999999999999997780e-01
9.999999999999996669e-01
9.999999999999996669e-01
9.999999999999996669e-01
9.999999999999996669e-01
9.999999999999996669e-01
9.999999999999996669e-01
9.999999999999996669e-01
9.999999999999996669e-01
9.999999999999996669e-01
9.999999999999996669e-01
9.999999999999995559e-01
9.999999999999995559e-01
9.999999999999995559e-01
9.999999999999995559e-01
9.999999999999995559e-01
9.999999999999994449e-01
9.999999999999994449e-01
9.999999999999994449e-01
9.999999999999994449e-01
9.999999999999994449e-01
9.999999999999994449e-01
9.999999999999994449e-01
9.999999999999994449e-01
9.999999999999994449e-01
9.999999999999993339e-01
9.999999999999993339e-01
9.999999999999993339e-01
9.999999999999993339e-01
9.999999999999993339e-01
9.999999999999992228e-01
9.999999999999992228e-01
9.999999999999992228e-01
9.999999999999992228e-01
9.999999999999990008e-01
9.999999999999988898e-01
9.999999999999988898e-01
9.999999999999987788e-01
9.999999999999986677e-01
9.999999999999986677e-01
9.999999999999975575e-01
9.999999999999967804e-01
9.999999999999952260e-01
9.999999999999924505e-01
9.999999999999908962e-01
9.999999999999861222e-01
9.999790191284563257e-01
9.999790191284538832e-01
9.999308051375968009e-01
9.999308051375925821e-01
9.998373881540395525e-01
9.998373881540357777e-01
9.993979316663669232e-01
9.993979316663639256e-01
9.992168903146076975e-01
9.992168903146053660e-01
9.988913079139090101e-01
9.988913079139046802e-01
9.986943345211032330e-01
9.986943345211001244e-01
9.986073381916995562e-01
9.986073381916955594e-01
9.977407760689270821e-01
9.977407760689231964e-01
9.973709985531644673e-01
9.973709985531492572e-01
9.968659289270768165e-01
9.968659289270757062e-01
9.943211737898209890e-01
9.943211737898197677e-01
9.930557890917823816e-01
9.930557890917808272e-01
9.913727111559221816e-01
9.913727111559200722e-01
9.899860717543360611e-01
9.899860717543339517e-01
9.856557816521204218e-01
9.856557816521179793e-01
9.841862040895940078e-01
9.841862040895908992e-01
9.821579832380668007e-01
9.821579832380648023e-01
9.769989268945439287e-01
9.769989268945421523e-01
9.739683801433286492e-01
9.739683801433192123e-01
9.733158012074685228e-01
9.733158012074628607e-01
9.722339029291684476e-01
9.722339029291658941e-01
9.715082480457954972e-01
9.715082480457900571e-01
9.684798557200375857e-01
9.684798557200348101e-01
9.610030078085352034e-01
9.610030078085292082e-01
9.562457263996240187e-01
9.562457263996128054e-01
9.533215961175142139e-01
9.533215961175128816e-01
9.520634869633308739e-01
9.520634869633278763e-01
9.508296945613197160e-01
9.508296945613103901e-01
9.447756594003410280e-01
9.447756594003378083e-01
9.297116417527320209e-01
9.297116417527273580e-01
9.253324479435698358e-01
9.253324479435681704e-01
9.180440466398567256e-01
9.180440466398561705e-01
9.143142479658925570e-01
9.143142479658875610e-01
9.063521170067878607e-01
9.063521170067857513e-01
9.048284220036638681e-01
9.048284220036624248e-01
8.999481422727931834e-01
8.999481422727914071e-01
8.894266776830889176e-01
8.894266776830862531e-01
8.777130326380417902e-01
8.777130326380317982e-01
8.730391447941153737e-01
8.730391447941131533e-01
8.590393438082384314e-01
8.590393438082328803e-01
8.506636442517974128e-01
8.506636442517745422e-01
8.445470330709013984e-01
8.445470330708985118e-01
7.906876433389332659e-01
7.906876433389306014e-01
7.305237913328854749e-01
7.305237913328712640e-01
7.071211016281107042e-01
7.071211016281082617e-01
6.942630588699496563e-01
6.942630588699075789e-01
6.789463507777838691e-01
6.789463507777778739e-01
6.511960349594901887e-01
6.511960349594858588e-01
6.388153805175552646e-01
6.388153805175348365e-01
6.062556900736481014e-01
6.062556900736466581e-01
5.931655300884096649e-01
5.931655300884060011e-01
5.254802403044260828e-01
5.254802403044224191e-01
4.451464848414302122e-01
4.451464848414214970e-01
3.722073585777481708e-01
3.722073585777418425e-01
3.042528895776256403e-01
3.042528895776248632e-01
2.782286523639946330e-01
2.782286523639936338e-01
