# Singular values
3.544107551750556695e+01
3.544107551750546037e+01
1.578281865151448038e+01
1.578281865151447505e+01
1.005479905608916091e+01
1.005479905608915203e+01
9.110433579144293859e+00
9.110433579144290306e+00
8.441016652606503357e+00
8.441016652606494475e+00
6.512792431724658826e+00
6.512792431724655273e+00
4.106712112249322644e+00
4.106712112249308433e+00
2.999999999999990230e+00
2.999999999999967137e+00
2.828427124746187182e+00
2.828427124746187182e+00
2.358487103736661261e+00
2.358487103736653712e+00
2.236067977499797355e+00
2.236067977499792025e+00
2.236067977499788473e+00
2.236067977499784032e+00
2.000000000000037303e+00
2.000000000000002665e+00
2.000000000000000888e+00
2.000000000000000888e+00
2.000000000000000444e+00
1.999999999999963141e+00
1.998325578327565744e+00
1.998325578327553309e+00
1.976409971150822509e+00
1.976409971150820510e+00
1.727636104709705300e+00
1.727636104709695752e+00
1.719264823062246483e+00
1.719264823062241820e+00
1.486870360180120976e+00
1.486870360180113204e+00
1.414213562373221489e+00
1.414213562373155542e+00
1.414213562373113131e+00
1.414213562373097588e+00
1.414213562373096478e+00
1.414213562373096034e+00
1.414213562373095812e+00
1.414213562373095590e+00
1.414213562373095590e+00
1.414213562373095368e+00
1.414213562373094701e+00
1.414213562373094479e+00
1.414213562373094479e+00
1.414213562373094479e+00
1.414213562373082489e+00
1.414213562372793609e+00
1.000000000000046851e+00
1.000000000000020428e+00
1.000000000000014877e+00
1.000000000000010658e+00
1.000000000000007105e+00
1.000000000000003109e+00
1.000000000000000888e+00
1.000000000000000666e+00
1.000000000000000444e+00
1.000000000000000444e+00
1.000000000000000444e+00
1.000000000000000444e+00
1.000000000000000000e+00
1.000000000000000000e+00
9.999999999999996669e-01
9.999999999999994449e-01
9.999999999999992228e-01
9.999999999999971134e-01
9.999999999999952260e-01
9.999999999999927836e-01
9.999999999999918954e-01
9.999999999999843459e-01
9.999999999999676925e-01
9.999999999999519273e-01
9.975021093344890177e-01
9.975021093344793588e-01
9.863914531167690125e-01
9.863914531167597977e-01
5.957103336942948246e-01
5.957103336942901617e-01
5.150844378484502606e-01
5.150844378484120689e-01
