# Singular values
4.220189569201838253e+01
4.220189569201836122e+01
6.708203932499370303e+00
6.708203932499368527e+00
6.075695414293583951e+00
6.075695414293577734e+00
4.720840111179771981e+00
4.720840111179769316e+00
4.237413925705767248e+00
4.237413925705763695e+00
3.295140224204067714e+00
3.295140224204065937e+00
3.255290390716647053e+00
3.255290390716645721e+00
2.994366651807670809e+00
2.994366651807667701e+00
2.828427124746192067e+00
2.828427124746185850e+00
2.301997690558817311e+00
2.301997690558815535e+00
2.236067977499791137e+00
2.236067977499789805e+00
2.236067977499788473e+00
2.236067977499787141e+00
1.999999999999999556e+00
1.999999999999998890e+00
1.980051006291141613e+00
1.980051006291140059e+00
1.732050807568878081e+00
1.732050807568876083e+00
1.706695760971313813e+00
1.706695760971312259e+00
1.601086508550091603e+00
1.601086508550091381e+00
1.444273254177339760e+00
1.444273254177339094e+00
1.414213562373096478e+00
1.414213562373096034e+00
1.414213562373095812e+00
1.414213562373095590e+00
1.414213562373095590e+00
1.414213562373095145e+00
1.414213562373094923e+00
1.414213562373094701e+00
1.414213562373094701e+00
1.414213562373094257e+00
1.395918211859385138e+00
1.395918211859384694e+00
1.325516265375893177e+00
1.325516265375892067e+00
1.307982640811110597e+00
1.307982640811110153e+00
1.220767812317488987e+00
1.220767812317488543e+00
1.152246750922030882e+00
1.152246750922030438e+00
1.000000000000008660e+00
1.000000000000006217e+00
1.000000000000001998e+00
1.000000000000001554e+00
1.000000000000001110e+00
1.000000000000001110e+00
1.000000000000000666e+00
1.000000000000000666e+00
1.000000000000000666e+00
1.000000000000000666e+00
1.000000000000000444e+00
1.000000000000000444e+00
1.000000000000000222e+00
1.000000000000000222e+00
1.000000000000000222e+00
1.000000000000000222e+00
1.000000000000000222e+00
1.000000000000000222e+00
1.000000000000000222e+00
1.000000000000000000e+00
9.999999999999998890e-01
9.999999999999997780e-01
9.999999999999997780e-01
9.999999999999997780e-01
9.999999999999995559e-01
9.999999999999994449e-01
9.999999999999994449e-01
9.999999999999982236e-01
9.999999999999982236e-01
9.999999999999976685e-01
9.999999999999924505e-01
9.999999999999837907e-01
9.171409102046815809e-01
9.171409102046815809e-01
7.518764025757548319e-01
7.518764025757543878e-01
