# Singular values
9.206313245095761033e+01
9.206313245095756770e+01
3.925558945371695074e+01
3.925558945371692943e+01
2.325273360130088562e+01
2.325273360130087852e+01
1.581200686033406377e+01
1.581200686033404956e+01
1.573158342296155077e+01
1.573158342296154188e+01
1.435870333903546303e+01
1.435870333903545415e+01
1.010820255646177124e+01
1.010820255646174815e+01
9.061682294464565857e+00
9.061682294464565857e+00
8.967384215321660079e+00
8.967384215321647645e+00
8.636078388078981760e+00
8.636078388078960444e+00
7.706987366703841325e+00
7.706987366703839548e+00
7.435722771743857429e+00
7.435722771743852100e+00
6.873181121535881566e+00
6.873181121535878013e+00
6.820400640154533178e+00
6.820400640154532290e+00
6.501590987491606022e+00
6.501590987491589146e+00
6.082762530298218451e+00
6.082762530298214898e+00
6.019959053655997039e+00
6.019959053655993486e+00
6.000000000000010658e+00
5.999999999999993783e+00
5.837544820504764864e+00
5.837544820504761311e+00
5.417627867510263151e+00
5.417627867510257822e+00
5.386802781745521962e+00
5.386802781745518409e+00
5.288043142099153826e+00
5.288043142099136062e+00
5.177232252966847525e+00
5.177232252966835979e+00
4.751491612165064993e+00
4.751491612165056111e+00
4.710881746692605176e+00
4.710881746692599847e+00
4.571767894221512307e+00
4.571767894221512307e+00
4.569487481853717448e+00
4.569487481853701460e+00
4.244183733929622448e+00
4.244183733929619784e+00
4.239773596924880650e+00
4.239773596924877097e+00
4.123105625617663250e+00
4.123105625617662362e+00
4.008288035459877996e+00
4.008288035459877996e+00
4.000243630421394414e+00
4.000243630421394414e+00
3.994979879642877929e+00
3.994979879642870824e+00
3.902564121973773226e+00
3.902564121973756794e+00
3.643072349938320631e+00
3.643072349938320631e+00
3.532573884232108163e+00
3.532573884232108163e+00
3.315874799344262325e+00
3.315874799344257440e+00
3.232159290330875567e+00
3.232159290330868462e+00
3.222789932798471035e+00
3.222789932798467927e+00
3.162277660168382631e+00
3.162277660168379967e+00
3.059542032108953702e+00
3.059542032108953258e+00
3.000000000000002665e+00
3.000000000000001776e+00
3.000000000000000888e+00
2.999999999999999112e+00
2.999999999999997335e+00
2.999999999999997335e+00
2.865285688778100859e+00
2.865285688778099082e+00
2.828427124746193400e+00
2.828427124746191179e+00
2.828427124746187182e+00
2.828427124746184074e+00
2.821065266656451520e+00
2.821065266656445747e+00
2.777636920219952010e+00
2.777636920219949790e+00
2.673038337536628006e+00
2.673038337536626674e+00
2.641576002538641887e+00
2.641576002538639223e+00
2.603305120929247263e+00
2.603305120929237049e+00
2.600029127494767778e+00
2.600029127494758008e+00
2.502943817549098782e+00
2.502943817549087679e+00
2.449489742783181878e+00
2.449489742783176993e+00
2.449461157979324621e+00
2.449461157979320625e+00
2.376636767659235261e+00
2.376636767659225935e+00
2.236067977499792025e+00
2.236067977499789805e+00
2.200865489176609735e+00
2.200865489176579537e+00
2.190107397684972312e+00
2.190107397684965207e+00
2.157776974755040378e+00
2.157776974755030608e+00
2.052298517527848087e+00
2.052298517527842758e+00
2.000000000000002665e+00
2.000000000000002665e+00
2.000000000000002665e+00
2.000000000000001776e+00
2.000000000000000888e+00
2.000000000000000000e+00
1.999999999999999334e+00
1.999999999999999334e+00
1.954458685154038866e+00
1.954458685154025099e+00
1.730790500328502235e+00
1.730790500328500237e+00
1.618033988749897567e+00
1.618033988749893126e+00
1.591072487232366717e+00
1.591072487232336297e+00
1.546603875685492291e+00
1.546603875685485185e+00
1.414213562373098032e+00
1.414213562373097144e+00
1.414213562373096700e+00
1.414213562373096700e+00
1.414213562373096700e+00
1.414213562373096256e+00
1.414213562373096256e+00
1.414213562373095590e+00
1.414213562373095590e+00
1.414213562373095590e+00
1.414213562373095590e+00
1.414213562373095590e+00
1.414213562373095368e+00
1.414213562373095368e+00
1.414213562373095368e+00
1.414213562373095368e+00
1.414213562373095368e+00
1.414213562373095368e+00
1.414213562373095368e+00
1.414213562373094923e+00
1.414213562373094923e+00
1.414213562373094923e+00
1.414213562373094701e+00
1.414213562373094701e+00
1.414213562373094035e+00
1.414213562373094035e+00
1.414213562373093813e+00
1.414213562373093813e+00
1.414213562373093147e+00
1.414213562373092259e+00
1.411810088259128237e+00
1.411810088259117579e+00
1.403676371388925981e+00
1.403676371388918653e+00
1.395431150214565763e+00
1.395431150214563987e+00
1.383267185245698361e+00
1.383267185245696806e+00
1.337537948351160910e+00
1.337537948351152473e+00
1.317459489572183395e+00
1.317459489572180065e+00
1.303538111188366377e+00
1.303538111188360826e+00
1.250747770820819671e+00
1.250747770820818783e+00
1.237794166227930370e+00
1.237794166227928816e+00
1.012069655572492177e+00
1.012069655572490179e+00
1.000000000000012879e+00
1.000000000000007994e+00
1.000000000000006439e+00
1.000000000000005773e+00
1.000000000000004663e+00
1.000000000000003775e+00
1.000000000000003553e+00
1.000000000000002665e+00
1.000000000000002442e+00
1.000000000000002220e+00
1.000000000000001332e+00
1.000000000000000888e+00
1.000000000000000888e+00
1.000000000000000666e+00
1.000000000000000666e+00
1.000000000000000666e+00
1.000000000000000444e+00
1.000000000000000444e+00
1.000000000000000444e+00
1.000000000000000444e+00
1.000000000000000444e+00
1.000000000000000444e+00
1.000000000000000444e+00
1.000000000000000444e+00
1.000000000000000444e+00
1.000000000000000444e+00
1.000000000000000444e+00
1.000000000000000444e+00
1.000000000000000222e+00
1.000000000000000222e+00
1.000000000000000222e+00
1.000000000000000222e+00
1.000000000000000222e+00
1.000000000000000222e+00
1.000000000000000222e+00
1.000000000000000222e+00
1.000000000000000222e+00
1.000000000000000222e+00
1.000000000000000000e+00
1.000000000000000000e+00
1.000000000000000000e+00
1.000000000000000000e+00
1.000000000000000000e+00
1.000000000000000000e+00
1.000000000000000000e+00
1.000000000000000000e+00
1.000000000000000000e+00
1.000000000000000000e+00
9.999999999999998890e-01
9.999999999999998890e-01
9.999999999999998890e-01
9.999999999999998890e-01
9.999999999999998890e-01
9.999999999999997780e-01
9.999999999999997780e-01
9.999999999999997780e-01
9.999999999999997780e-01
9.999999999999997780e-01
9.999999999999997780e-01
9.999999999999997780e-01
9.999999999999997780e-01
9.999999999999996669e-01
9.999999999999996669e-01
9.999999999999996669e-01
9.999999999999994449e-01
9.999999999999994449e-01
9.999999999999994449e-01
9.999999999999994449e-01
9.999999999999994449e-01
9.999999999999994449e-01
9.999999999999994449e-01
9.999999999999994449e-01
9.999999999999994449e-01
9.999999999999994449e-01
9.999999999999994449e-01
9.999999999999993339e-01
9.999999999999991118e-01
9.999999999999991118e-01
9.999999999999991118e-01
9.999999999999991118e-01
9.999999999999991118e-01
9.999999999999986677e-01
9.999999999999986677e-01
9.999999999999986677e-01
9.999999999999981126e-01
9.999999999999981126e-01
9.999999999999975575e-01
9.999999999999972244e-01
9.999999999999963363e-01
9.999999999999960032e-01
9.999999999999954481e-01
9.999999999999952260e-01
9.999999999999934497e-01
9.999999999999918954e-01
9.930539189855788207e-01
9.930539189855742688e-01
9.888434739623864767e-01
9.888434739623804814e-01
9.836888828193394163e-01
9.836888828193368628e-01
9.787534116312460730e-01
9.787534116312447408e-01
9.728239762351671427e-01
9.728239762351634790e-01
9.723544559970942469e-01
9.723544559970922485e-01
9.662437708928441893e-01
9.662437708928431901e-01
9.361641032214345071e-01
9.361641032214332858e-01
9.172272735990765202e-01
9.172272735990514292e-01
9.148629100288506732e-01
9.148629100288495630e-01
8.629299098817444502e-01
8.629299098817440061e-01
6.753462592140808685e-01
6.753462592140765386e-01
6.201167419021538230e-01
6.201167419021480498e-01
6.180339887498970119e-01
6.180339887498935703e-01
6.150711461897073740e-01
6.150711461896993804e-01
5.838175580529346709e-01
5.838175580529288977e-01
4.654120253821674158e-01
4.654120253821551478e-01
3.973894054649843577e-01
3.973894054649812491e-01
3.384772978504849908e-13
