# Singular values
2.491791594495160211e+02
2.491791594495158506e+02
2.385771176660278741e+02
2.385771176660275614e+02
1.038295231324359662e+02
1.038295231324358383e+02
9.628703368364885762e+01
9.628703368364868709e+01
6.806068781814128954e+01
6.806068781814128954e+01
6.335048573418789886e+01
6.335048573418780649e+01
6.057122074192054839e+01
6.057122074192046313e+01
5.180173877044064312e+01
5.180173877044060760e+01
4.737178198314381206e+01
4.737178198314371258e+01
4.392175153021246814e+01
4.392175153021243972e+01
4.124318125460300166e+01
4.124318125460261797e+01
3.954773102519575900e+01
3.954773102519534689e+01
3.756922249956851090e+01
3.756922249956738824e+01
3.486487777376748198e+01
3.486487777376740382e+01
3.427142381825643014e+01
3.427142381825613171e+01
3.151030985638475812e+01
3.151030985638470483e+01
2.940795630440299391e+01
2.940795630440289088e+01
2.745186021114757935e+01
2.745186021114745500e+01
2.561827451681213219e+01
2.561827451681198653e+01
2.498505604626011234e+01
2.498505604626002352e+01
2.257548110176160350e+01
2.257548110176159639e+01
2.208545995008765672e+01
2.208545995008751106e+01
2.089265819969150328e+01
2.089265819969137539e+01
2.078578114113902586e+01
2.078578114113889796e+01
2.059888994994806311e+01
2.059888994994796008e+01
2.022662053400026494e+01
2.022662053400014770e+01
1.868392969015615890e+01
1.868392969015608429e+01
1.839902982451675939e+01
1.839902982451656044e+01
1.797284563743791352e+01
1.797284563743783181e+01
1.746809347161157078e+01
1.746809347161147130e+01
1.731506843561145104e+01
1.731506843561137643e+01
1.572459516600385321e+01
1.572459516600381413e+01
1.459114167285423314e+01
1.459114167285418340e+01
1.421444287728062505e+01
1.421444287728052025e+01
1.380783837210965537e+01
1.380783837210956655e+01
1.370038483459277856e+01
1.370038483459271639e+01
1.359209955594372232e+01
1.359209955594363706e+01
1.302239643987202022e+01
1.302239643987200068e+01
1.266077242915061696e+01
1.266077242915050149e+01
1.258559260298050653e+01
1.258559260298049765e+01
1.224737101673360407e+01
1.224737101673342643e+01
1.198480580078751601e+01
1.198480580078745028e+01
1.195672215741501887e+01
1.195672215741495847e+01
1.155845181635803343e+01
1.155845181635797658e+01
1.078181682772015115e+01
1.078181682772009786e+01
1.074214454577905009e+01
1.074214454577903943e+01
1.033004280298258593e+01
1.033004280298255395e+01
9.999999999999994671e+00
9.999999999999950262e+00
9.070858311719181444e+00
9.070858311719169009e+00
9.061477886455545416e+00
9.061477886455486797e+00
8.834126800499035426e+00
8.834126800498873777e+00
8.776698106326669802e+00
8.776698106326598747e+00
8.640217951999753510e+00
8.640217951999684232e+00
8.595650249086720152e+00
8.595650249086631334e+00
7.768241597712721713e+00
7.768241597712667534e+00
7.314126204092474381e+00
7.314126204092432637e+00
7.010197488429695589e+00
7.010197488429674273e+00
6.742279256016146860e+00
6.742279256016091793e+00
6.701320669395465224e+00
6.701320669395273377e+00
6.524799676945327143e+00
6.524799676945292504e+00
6.464368644786225637e+00
6.464368644786197216e+00
6.436348543088524110e+00
6.436348543088445062e+00
6.325356058398175385e+00
6.325356058398075021e+00
6.228041598350484875e+00
6.228041598350367636e+00
6.186916277987632995e+00
6.186916277987562829e+00
6.082762530298231773e+00
6.082762530298218451e+00
6.079611645635779382e+00
6.079611645635777606e+00
6.040512240597357696e+00
6.040512240597323945e+00
6.024603158527400915e+00
6.024603158527374269e+00
5.998033964900368886e+00
5.998033964900348458e+00
5.983601829432707575e+00
5.983601829432697805e+00
5.942789894408723406e+00
5.942789894408710083e+00
5.742766122773709014e+00
5.742766122773701909e+00
5.737196290954954314e+00
5.737196290954939215e+00
5.698049424606983493e+00
5.698049424606942637e+00
5.680192599154150201e+00
5.680192599154143984e+00
5.533145439287583400e+00
5.533145439287579848e+00
5.512424097552468538e+00
5.512424097552447222e+00
5.499487569292258904e+00
5.499487569292202060e+00
5.474070989881346883e+00
5.474070989881297145e+00
5.425433666410664379e+00
5.425433666410634181e+00
5.383064730863238445e+00
5.383064730863224234e+00
5.375488431874131834e+00
5.375488431874119399e+00
5.275113130759652158e+00
5.275113130759631730e+00
5.220463816054389916e+00
5.220463816054372153e+00
5.099019513592788932e+00
5.099019513592773833e+00
5.096572437484332418e+00
5.096572437484318208e+00
5.006787011350704475e+00
5.006787011350674277e+00
4.942694051908503639e+00
4.942694051908474329e+00
4.890616619858640490e+00
4.890616619858611180e+00
4.838776445747716259e+00
4.838776445747693167e+00
4.817515956950994216e+00
4.817515956950979117e+00
4.815472890923170546e+00
4.815472890923151894e+00
4.720881099602998177e+00
4.720881099602985742e+00
4.685501996158383697e+00
4.685501996158381921e+00
4.659120290067463088e+00
4.659120290067455095e+00
4.595933342483741413e+00
4.595933342483711215e+00
4.553888763157756259e+00
4.553888763157749153e+00
4.422884286894638528e+00
4.422884286894579020e+00
4.342333389205509597e+00
4.342333389205504268e+00
4.322157120548705045e+00
4.322157120548702380e+00
4.251518028757856449e+00
4.251518028757816481e+00
4.236363896099268445e+00
4.236363896099258675e+00
4.165059362942719723e+00
4.165059362942588272e+00
4.118100027963922827e+00
4.118100027963840226e+00
4.005967635510550906e+00
4.005967635510510050e+00
3.999999999999999556e+00
3.999999999999984013e+00
3.977170987887366671e+00
3.977170987887329812e+00
3.928130937734123140e+00
3.928130937734096495e+00
3.909966102976948576e+00
3.909966102976937030e+00
3.899163361316765997e+00
3.899163361316742016e+00
3.878159631856325174e+00
3.878159631856292755e+00
3.849644287622057348e+00
3.849644287621983629e+00
3.834081798112167316e+00
3.834081798112150885e+00
3.784925263709096210e+00
3.784925263709072674e+00
3.774070234615848118e+00
3.774070234615831687e+00
3.741657386773973304e+00
3.741657386773932892e+00
3.668830751956996483e+00
3.668830751956916991e+00
3.536083649220844727e+00
3.536083649220832736e+00
3.514503488840575951e+00
3.514503488840534651e+00
3.446915954686412764e+00
3.446915954686386563e+00
3.386944780846794512e+00
3.386944780846779857e+00
3.364975054665948928e+00
3.364975054665919618e+00
3.360997824096525033e+00
3.360997824096271902e+00
3.322239194173886467e+00
3.322239194173876253e+00
3.316111715122590731e+00
3.316111715122147086e+00
3.315475001958795520e+00
3.315475001958658741e+00
3.311582192137289216e+00
3.311582192137191072e+00
3.264424435186449980e+00
3.264424435186402906e+00
3.231676883856661409e+00
3.231676883856645865e+00
3.193386646882626412e+00
3.193386646882598878e+00
3.177050053983965672e+00
3.177050053983959010e+00
3.170511439573375778e+00
3.170511439573266088e+00
3.161370772585720079e+00
3.161370772585715194e+00
3.133299815401088040e+00
3.133299815401068944e+00
3.097309331190386317e+00
3.097309331190361448e+00
3.096693818713165403e+00
3.096693818713159629e+00
3.000000000000027534e+00
3.000000000000007550e+00
3.000000000000004885e+00
2.999999999999996891e+00
2.999999999999995115e+00
2.999999999999984901e+00
2.989654335335492519e+00
2.989654335335477420e+00
2.984614188102262755e+00
2.984614188102253429e+00
2.983070295342195255e+00
2.983070295342175715e+00
2.925809756709257137e+00
2.925809756709244258e+00
2.893361743693233734e+00
2.893361743693216859e+00
2.877419091406546503e+00
2.877419091406464347e+00
2.828427124746204502e+00
2.828427124746190735e+00
2.825534849276442717e+00
2.825534849276440497e+00
2.814465616305414475e+00
2.814465616305402484e+00
2.785579807544750874e+00
2.785579807544704689e+00
2.753026906594727041e+00
2.753026906594712830e+00
2.667487095097693661e+00
2.667487095097674121e+00
2.644500309745923428e+00
2.644500309745920763e+00
2.643137803211538905e+00
2.643137803211528247e+00
2.637333426113256163e+00
2.637333426113242840e+00
2.623099080147792250e+00
2.623099080147762052e+00
2.621252504303709596e+00
2.621252504303700714e+00
2.610556132405605023e+00
2.610556132405583707e+00
2.608707471026663782e+00
2.608707471026606495e+00
2.575459791778067498e+00
2.575459791778064389e+00
2.545001174639000663e+00
2.545001174638971353e+00
2.449489742783181878e+00
2.449489742783177881e+00
2.449489742783174773e+00
2.449489742783164115e+00
2.449489742783160562e+00
2.449489742783157897e+00
2.448919994307743764e+00
2.448919994307722448e+00
2.448816184547180530e+00
2.448816184547152996e+00
2.446326959730245054e+00
2.446326959730234840e+00
2.444895492272705972e+00
2.444895492272684212e+00
2.425787775394208534e+00
2.425787775394192991e+00
2.416278208631368329e+00
2.416278208631331470e+00
2.396250382370853416e+00
2.396250382370787246e+00
2.333212580993880181e+00
2.333212580993860197e+00
2.296477137041033068e+00
2.296477137041032179e+00
2.253010773267938749e+00
2.253010773267901445e+00
2.242097313037366924e+00
2.242097313037362039e+00
2.236067977499809789e+00
2.236067977499803572e+00
2.236067977499801795e+00
2.236067977499795134e+00
2.236067977499793358e+00
2.236067977499778703e+00
2.236027754166987958e+00
2.236027754166972858e+00
2.235700095493216466e+00
2.235700095493212913e+00
2.235545285275923444e+00
2.235545285275921223e+00
2.235250710783872385e+00
2.235250710783863060e+00
2.233754523162337691e+00
2.233754523162306160e+00
2.227365987853266116e+00
2.227365987853251905e+00
2.221695353922629845e+00
2.221695353922620075e+00
2.218424020895393145e+00
2.218424020895389592e+00
2.202523288172983928e+00
2.202523288172955951e+00
2.199529864464157658e+00
2.199529864464104811e+00
2.109437375449178198e+00
2.109437375449171537e+00
2.033541221671177901e+00
2.033541221671160582e+00
2.032377582998149190e+00
2.032377582998107890e+00
2.000000000000030642e+00
2.000000000000013767e+00
2.000000000000011546e+00
2.000000000000004885e+00
2.000000000000004885e+00
2.000000000000002220e+00
2.000000000000001776e+00
2.000000000000001332e+00
2.000000000000000444e+00
2.000000000000000000e+00
2.000000000000000000e+00
1.999999999999999778e+00
1.999999999999999334e+00
1.999999999999998224e+00
1.999999999999997113e+00
1.999999999999996003e+00
1.999999999999996003e+00
1.999999999999996003e+00
1.999999999999986011e+00
1.999999999999973577e+00
1.998258047762462963e+00
1.998258047762460077e+00
1.997655363239188242e+00
1.997655363239157156e+00
1.996905634180261790e+00
1.996905634180235811e+00
1.994376018699979269e+00
1.994376018699966613e+00
1.991717400876162003e+00
1.991717400876150013e+00
1.988499919339381528e+00
1.988499919339360433e+00
1.984273965834542075e+00
1.984273965834532083e+00
1.981790325371853623e+00
1.981790325371821870e+00
1.976149366369250870e+00
1.976149366369235549e+00
1.969806966838690609e+00
1.969806966838675955e+00
1.957301326000983499e+00
1.957301326000979724e+00
1.956698912906951415e+00
1.956698912906943200e+00
1.950774826083003122e+00
1.950774826082989577e+00
1.929065162532206390e+00
1.929065162532195066e+00
1.915349602013312280e+00
1.915349602013249442e+00
1.889447205746735747e+00
1.889447205746719982e+00
1.874630384534810457e+00
1.874630384534806238e+00
1.866732830168589707e+00
1.866732830168580382e+00
1.848833172470374819e+00
1.848833172469973807e+00
1.834670264070439094e+00
1.834670264070396239e+00
1.794514038913671561e+00
1.794514038913666010e+00
1.786526888408588087e+00
1.786526888408333402e+00
1.732050807568889850e+00
1.732050807568885631e+00
1.732050807568884965e+00
1.732050807568879414e+00
1.732050807568877859e+00
1.732050807568873418e+00
1.732038112873780067e+00
1.732038112873776736e+00
1.730994524645787180e+00
1.730994524645779409e+00
1.730092276354473713e+00
1.730092276354457947e+00
1.727963855471522203e+00
1.727963855471516874e+00
1.727629861166731340e+00
1.727629861166728897e+00
1.719078152197455189e+00
1.719078152197432763e+00
1.712794650949660991e+00
1.712794650949656106e+00
1.706158176432408080e+00
1.706158176432383655e+00
1.696748658835842027e+00
1.696748658835842027e+00
1.544480755085950063e+00
1.544480755085921642e+00
1.466498410550838738e+00
1.466498410550836740e+00
1.445130970220553701e+00
1.445130970220535493e+00
1.416124223540325966e+00
1.416124223540230043e+00
1.414213562373261679e+00
1.414213562373142663e+00
1.414213562373131339e+00
1.414213562373130673e+00
1.414213562373123789e+00
1.414213562373118460e+00
1.414213562373112465e+00
1.414213562373111355e+00
1.414213562373106248e+00
1.414213562373103805e+00
1.414213562373101363e+00
1.414213562373100697e+00
1.414213562373100030e+00
1.414213562373099586e+00
1.414213562373099586e+00
1.414213562373098920e+00
1.414213562373098476e+00
1.414213562373097588e+00
1.414213562373096922e+00
1.414213562373096256e+00
1.414213562373095812e+00
1.414213562373095812e+00
1.414213562373095812e+00
1.414213562373095590e+00
1.414213562373095590e+00
1.414213562373095590e+00
1.414213562373095368e+00
1.414213562373095368e+00
1.414213562373094923e+00
1.414213562373094701e+00
1.414213562373094479e+00
1.414213562373094035e+00
1.414213562373094035e+00
1.414213562373093369e+00
1.414213562373090927e+00
1.414213562373090483e+00
1.414213562373085820e+00
1.414213562373084931e+00
1.414213562373084265e+00
1.414213562373082933e+00
1.414213562373080935e+00
1.414213562373076050e+00
1.414213562373072941e+00
1.414213562373065391e+00
1.414213562373064059e+00
1.414213562372914179e+00
1.413906387718214752e+00
1.413906387718202984e+00
1.413856284717353695e+00
1.413856284717341261e+00
1.413714569521190345e+00
1.413714569521184128e+00
1.413657435734011925e+00
1.413657435733998380e+00
1.413572390254991928e+00
1.413572390254978606e+00
1.412876786705268728e+00
1.412876786705250964e+00
1.411957733198361931e+00
1.411957733198340614e+00
1.410892405221568113e+00
1.410892405221545465e+00
1.410034323279059532e+00
1.410034323279058199e+00
1.402700435616997643e+00
1.402700435616980323e+00
1.399630927466227970e+00
1.399630927466217978e+00
1.396795357689583295e+00
1.396795357689581740e+00
1.391134730897908955e+00
1.391134730897893634e+00
1.387597093392319847e+00
1.387597093392315628e+00
1.382645715910981288e+00
1.382645715910973960e+00
1.358162853278855664e+00
1.358162853278833904e+00
1.345816048642653584e+00
1.345816048642583196e+00
1.318418330116467807e+00
1.318418330116406523e+00
1.289982158037247473e+00
1.289982158037237925e+00
1.256758052454747920e+00
1.256758052454743035e+00
1.225927549344134393e+00
1.225927549344007605e+00
1.137992169241398122e+00
1.137992169241387019e+00
1.104740306208338518e+00
1.104740306208337186e+00
1.090778507033740796e+00
1.090778507033724809e+00
1.010715501285715190e+00
1.010715501285495810e+00
1.000000000000118572e+00
1.000000000000044409e+00
1.000000000000037970e+00
1.000000000000036193e+00
1.000000000000031308e+00
1.000000000000028644e+00
1.000000000000028422e+00
1.000000000000027311e+00
1.000000000000026867e+00
1.000000000000026201e+00
1.000000000000025535e+00
1.000000000000023759e+00
1.000000000000022204e+00
1.000000000000021538e+00
1.000000000000021538e+00
1.000000000000020206e+00
1.000000000000019762e+00
1.000000000000019540e+00
1.000000000000018652e+00
1.000000000000017097e+00
1.000000000000015321e+00
1.000000000000013767e+00
1.000000000000012434e+00
1.000000000000011768e+00
1.000000000000011324e+00
1.000000000000010880e+00
1.000000000000010658e+00
1.000000000000010658e+00
1.000000000000010214e+00
1.000000000000008438e+00
1.000000000000007105e+00
1.000000000000006661e+00
1.000000000000004663e+00
1.000000000000004663e+00
1.000000000000004663e+00
1.000000000000003553e+00
1.000000000000003331e+00
1.000000000000003109e+00
1.000000000000002887e+00
1.000000000000002665e+00
1.000000000000002442e+00
1.000000000000002442e+00
1.000000000000002442e+00
1.000000000000002442e+00
1.000000000000002442e+00
1.000000000000002220e+00
1.000000000000001998e+00
1.000000000000001776e+00
1.000000000000001776e+00
1.000000000000001554e+00
1.000000000000001554e+00
1.000000000000001554e+00
1.000000000000001554e+00
1.000000000000001332e+00
1.000000000000001110e+00
1.000000000000001110e+00
1.000000000000001110e+00
1.000000000000001110e+00
1.000000000000001110e+00
1.000000000000001110e+00
1.000000000000001110e+00
1.000000000000000888e+00
1.000000000000000888e+00
1.000000000000000888e+00
1.000000000000000888e+00
1.000000000000000666e+00
1.000000000000000666e+00
1.000000000000000666e+00
1.000000000000000444e+00
1.000000000000000444e+00
1.000000000000000444e+00
1.000000000000000444e+00
1.000000000000000444e+00
1.000000000000000444e+00
1.000000000000000444e+00
1.000000000000000444e+00
1.000000000000000444e+00
1.000000000000000222e+00
1.000000000000000222e+00
1.000000000000000222e+00
1.000000000000000222e+00
1.000000000000000000e+00
1.000000000000000000e+00
1.000000000000000000e+00
1.000000000000000000e+00
1.000000000000000000e+00
1.000000000000000000e+00
1.000000000000000000e+00
1.000000000000000000e+00
1.000000000000000000e+00
9.999999999999998890e-01
9.999999999999998890e-01
9.999999999999998890e-01
9.999999999999998890e-01
9.999999999999998890e-01
9.999999999999998890e-01
9.999999999999996669e-01
9.999999999999996669e-01
9.999999999999996669e-01
9.999999999999996669e-01
9.999999999999996669e-01
9.999999999999995559e-01
9.999999999999995559e-01
9.999999999999995559e-01
9.999999999999995559e-01
9.999999999999995559e-01
9.999999999999995559e-01
9.999999999999995559e-01
9.999999999999995559e-01
9.999999999999995559e-01
9.999999999999995559e-01
9.999999999999995559e-01
9.999999999999995559e-01
9.999999999999995559e-01
9.999999999999995559e-01
9.999999999999993339e-01
9.999999999999993339e-01
9.999999999999993339e-01
9.999999999999993339e-01
9.999999999999993339e-01
9.999999999999991118e-01
9.999999999999991118e-01
9.999999999999991118e-01
9.999999999999991118e-01
9.999999999999991118e-01
9.999999999999991118e-01
9.999999999999991118e-01
9.999999999999991118e-01
9.999999999999991118e-01
9.999999999999991118e-01
9.999999999999991118e-01
9.999999999999990008e-01
9.999999999999990008e-01
9.999999999999990008e-01
9.999999999999990008e-01
9.999999999999987788e-01
9.999999999999985567e-01
9.999999999999985567e-01
9.999999999999985567e-01
9.999999999999982236e-01
9.999999999999982236e-01
9.999999999999980016e-01
9.999999999999980016e-01
9.999999999999980016e-01
9.999999999999980016e-01
9.999999999999980016e-01
9.999999999999978906e-01
9.999999999999978906e-01
9.999999999999976685e-01
9.999999999999974465e-01
9.999999999999974465e-01
9.999999999999973355e-01
9.999999999999973355e-01
9.999999999999971134e-01
9.999999999999968914e-01
9.999999999999965583e-01
9.999999999999965583e-01
9.999999999999955591e-01
9.999999999999955591e-01
9.999999999999933387e-01
9.999999999999916733e-01
9.999999999999900080e-01
9.999999999999884537e-01
9.999999999999883427e-01
9.999999999999881206e-01
9.999999999999877875e-01
9.999999999999877875e-01
9.999999999999865663e-01
9.999999999999854561e-01
9.999999999999840128e-01
9.999999999999840128e-01
9.999999999999824585e-01
9.999999999999824585e-01
9.999999999999812372e-01
9.999999999999807931e-01
9.999999999999800160e-01
9.999999999999787947e-01
9.999999999999774625e-01
9.999999999999757971e-01
9.999999999999750200e-01
9.999999999999740208e-01
9.999999999999725775e-01
9.999999999999723554e-01
9.999999999999704681e-01
9.999999999999699130e-01
9.999999999999695799e-01
9.999999999999692468e-01
9.999999999999668043e-01
9.999999999999663602e-01
9.999999999999639178e-01
9.999999999999603650e-01
9.999999999998773204e-01
9.999755476920927366e-01
9.999755476920899611e-01
9.999151918443657250e-01
9.999151918443542897e-01
9.998859930190902023e-01
9.998859930190865386e-01
9.995664859652583223e-01
9.995664859652547696e-01
9.993835432082623926e-01
9.993835432082541770e-01
9.993276380702318384e-01
9.993276380702293960e-01
9.989535516936008941e-01
9.989535516935937887e-01
9.987428541946000715e-01
9.987428541945957416e-01
9.982031813252474350e-01
9.982031813252437713e-01
9.973995221541920309e-01
9.973995221541916978e-01
9.970855406374035113e-01
9.970855406373971830e-01
9.969302526307984857e-01
9.969302526307960433e-01
9.965201194733712686e-01
9.965201194733617207e-01
9.944874127555147769e-01
9.944874127555071164e-01
9.944447809369422187e-01
9.944447809369332258e-01
9.937471915831760372e-01
9.937471915831591618e-01
9.926042738085013584e-01
9.926042738084891459e-01
9.906673418536534603e-01
9.906673418536428022e-01
9.901079459700945495e-01
9.901079459700421470e-01
9.894686155030860686e-01
9.894686155029063235e-01
9.868466907802844190e-01
9.868466907802782018e-01
9.846204749292462033e-01
9.846204749292269964e-01
9.830720166878115229e-01
9.830720166878040844e-01
9.823550478948057663e-01
9.823550478948046560e-01
9.772332446003599848e-01
9.772332446003491047e-01
9.768820371668262004e-01
9.768820371668173186e-01
9.738172567167874272e-01
9.738172567167775462e-01
9.726339257891649659e-01
9.726339257891578605e-01
9.681589865845624532e-01
9.681589865845499077e-01
9.660221762451989269e-01
9.660221762451974836e-01
9.637081703012138068e-01
9.637081703012055911e-01
9.618659196545882306e-01
9.618659196545695789e-01
9.605351788643324840e-01
9.605351788642083610e-01
9.599884584013752553e-01
9.599884584013570477e-01
9.513661710909460112e-01
9.513661710909361302e-01
9.428222072647902685e-01
9.428222072647852725e-01
9.213704204054008473e-01
9.213704204053965174e-01
9.091729072120194877e-01
9.091729072120020572e-01
8.934614097418702716e-01
8.934614097418622780e-01
8.804535842615569541e-01
8.804535842615357488e-01
8.454892815215836466e-01
8.454892815215743207e-01
8.389723464122843533e-01
8.389723464122660346e-01
7.695982448007759880e-01
7.695982448007658849e-01
7.547589618594258143e-01
7.547589618592398519e-01
7.463834124825886596e-01
7.463834124825833305e-01
7.146659380598213707e-01
7.146659380598001654e-01
5.596444166921833441e-01
5.596444166921707986e-01
5.492695636536828463e-01
5.492695636536732984e-01
5.065585863171472303e-01
5.065585863171446768e-01
3.987239231958172869e-01
3.987239231957898089e-01
2.527041957372704317e-01
2.527041957372174186e-01
1.404270047354972406e-01
1.404270047354841955e-01
5.965464321754216509e-02
5.965464321753041754e-02
4.828956874955373715e-13
2.947846171518381069e-13
2.649418836187217586e-13
2.543359344335402247e-13
2.282790320358394128e-13
1.770196168965278025e-13
1.714483600731189331e-13
1.621890967813168956e-13
1.280246297909589593e-13
1.139936204817826807e-13
1.122311840000423903e-13
