# Singular values
6.706796828090966756e+02
6.706796828090966756e+02
2.392631763620453000e+02
2.392631763620451579e+02
1.294086439064129479e+02
1.294086439064128911e+02
1.135680703111794543e+02
1.135680703111793690e+02
1.057252910518366207e+02
1.057252910518364359e+02
9.961805238577775867e+01
9.961805238577744603e+01
9.948253828336942206e+01
9.948253828336926574e+01
8.553328370520098645e+01
8.553328370520090118e+01
8.425541017228043472e+01
8.425541017228007945e+01
7.778117119240819477e+01
7.778117119240808108e+01
7.581703312694905605e+01
7.581703312694878605e+01
6.859875834510862092e+01
6.859875834510853565e+01
6.479198339455054168e+01
6.479198339455028588e+01
6.468352378050059315e+01
6.468352378050036577e+01
4.729151827152900722e+01
4.729151827152891485e+01
4.701907040862749909e+01
4.701907040862728593e+01
4.220189569201847490e+01
4.220189569201845359e+01
4.084190652494703500e+01
4.084190652494699236e+01
4.067864848703990788e+01
4.067864848703943892e+01
4.000471100963328297e+01
4.000471100963326876e+01
3.593228006658738138e+01
3.593228006658732454e+01
3.360917640932356676e+01
3.360917640932351702e+01
2.982016637639284085e+01
2.982016637639279466e+01
2.929532943922379928e+01
2.929532943922358967e+01
2.896544267325507604e+01
2.896544267325504407e+01
2.634064618410996061e+01
2.634064618410981851e+01
2.578103160693486018e+01
2.578103160693479623e+01
2.509779140424607036e+01
2.509779140424605970e+01
2.295712463133355996e+01
2.295712463133346759e+01
2.227364933752082266e+01
2.227364933752075871e+01
2.199588180376250435e+01
2.199588180376244395e+01
2.169353479120518102e+01
2.169353479120515615e+01
2.145261218229431677e+01
2.145261218229428124e+01
2.042696511220092859e+01
2.042696511220088240e+01
2.029753896549287973e+01
2.029753896549286907e+01
1.946790560114486723e+01
1.946790560114481750e+01
1.914476554321427670e+01
1.914476554321425894e+01
1.868617894135607216e+01
1.868617894135602242e+01
1.857068702432092167e+01
1.857068702432084706e+01
1.828535038980133365e+01
1.828535038980124128e+01
1.813127208250987721e+01
1.813127208250982392e+01
1.771866387134456033e+01
1.771866387134450349e+01
1.623632630249836239e+01
1.623632630249833397e+01
1.593592049498224839e+01
1.593592049498220398e+01
1.587220740930518126e+01
1.587220740930514395e+01
1.575189593671077048e+01
1.575189593671074917e+01
1.559692866245912946e+01
1.559692866245910281e+01
1.466752623393339228e+01
1.466752623393339228e+01
1.455776726473058069e+01
1.455776726473054161e+01
1.452815369700680392e+01
1.452815369700678438e+01
1.441922967857547278e+01
1.441922967857543192e+01
1.430293735929292609e+01
1.430293735929286925e+01
1.428779720169944945e+01
1.428779720169941214e+01
1.408901211461715164e+01
1.408901211461711611e+01
1.389778622314970669e+01
1.389778622314969603e+01
1.353157456068342412e+01
1.353157456068339215e+01
1.194790838515311293e+01
1.194790838515271325e+01
1.169835146115238267e+01
1.169835146115199009e+01
1.126942766958465114e+01
1.126942766958460496e+01
1.070201302167650148e+01
1.070201302167648727e+01
1.009505406293402174e+01
1.009505406293383523e+01
1.001188738624715491e+01
1.001188738624713892e+01
9.948327288533917567e+00
9.948327288533901580e+00
9.769235807038961994e+00
9.769235807038874952e+00
9.677177513351518101e+00
9.677177513350184057e+00
9.356385790068360464e+00
9.356385790068310726e+00
9.273696725855996803e+00
9.273696725855851142e+00
9.143831961593365421e+00
9.143831961593186008e+00
9.000000000000024869e+00
9.000000000000021316e+00
8.416191366125220341e+00
8.416191366125080009e+00
8.100393015401408547e+00
8.100393015401401442e+00
7.725396816479083384e+00
7.725396816479079831e+00
7.517569027183466979e+00
7.517569027183415464e+00
7.439125851403636247e+00
7.439125851403573186e+00
7.390436419538315427e+00
7.390436419538304769e+00
7.000000000000020428e+00
7.000000000000003553e+00
6.918100118579323166e+00
6.918100118579309843e+00
6.742625360625905451e+00
6.742625360625895681e+00
6.463823801402093672e+00
6.463823801401879621e+00
6.324555320336767039e+00
6.324555320336763486e+00
6.280403740781796529e+00
6.280403740781778765e+00
6.244997998398414296e+00
6.244997998398404526e+00
6.096561738645044137e+00
6.096561738645037032e+00
6.000000000000011546e+00
5.999999999999992006e+00
5.962778919425872459e+00
5.962778919425827162e+00
5.915751538155896938e+00
5.915751538155888944e+00
5.897673645420389299e+00
5.897673645420386634e+00
5.850161196780656603e+00
5.850161196780654826e+00
5.400762312070112259e+00
5.400762312070077620e+00
5.286839235341074250e+00
5.286839235341044940e+00
5.123875858212189272e+00
5.123875858212178613e+00
5.021750299431094966e+00
5.021750299431094078e+00
5.000000000000031974e+00
5.000000000000021316e+00
5.000000000000014211e+00
5.000000000000007994e+00
5.000000000000004441e+00
4.999999999999993783e+00
4.999879133611083049e+00
4.999879133611074167e+00
4.839088484377684019e+00
4.839088484377660038e+00
4.686856218898979520e+00
4.686856218898975968e+00
4.592467619263008949e+00
4.592467619263007172e+00
4.574922615502129197e+00
4.574922615502109657e+00
4.550508752493901632e+00
4.550508752493861664e+00
4.358898943540674864e+00
4.358898943540667759e+00
4.279807793949710337e+00
4.279807793949684580e+00
4.242640687119284770e+00
4.242640687119279441e+00
4.201782807830026556e+00
4.201782807829997246e+00
4.152335501764563119e+00
4.152335501764553349e+00
4.139408544204550289e+00
4.139408544204544071e+00
4.126414235154796550e+00
4.126414235154779675e+00
4.123105625617668579e+00
4.123105625617666803e+00
4.123105625617658809e+00
4.123105625617656145e+00
4.110959562460980266e+00
4.110959562460953620e+00
4.026989935327511816e+00
4.026989935327496717e+00
4.000000000000003553e+00
4.000000000000001776e+00
3.999999999999992450e+00
3.999999999999984457e+00
3.981691827305773312e+00
3.981691827305753772e+00
3.940981567132919583e+00
3.940981567132906260e+00
3.814643858518419695e+00
3.814643858518407260e+00
3.795576581730339072e+00
3.795576581730329302e+00
3.704767699378822332e+00
3.704767699378748169e+00
3.666490292458627120e+00
3.666490292458621791e+00
3.617010164527915350e+00
3.617010164527906024e+00
3.552917535496371126e+00
3.552917535496242341e+00
3.539132023733126076e+00
3.539132023733117194e+00
3.397068744197160761e+00
3.397068744197152768e+00
3.315870431371613858e+00
3.315870431371613858e+00
3.181819669744998968e+00
3.181819669744990087e+00
3.167345009855496940e+00
3.167345009855488946e+00
3.162224873331042740e+00
3.162224873331022312e+00
3.159478912323266719e+00
3.159478912323260502e+00
3.159149521825439511e+00
3.159149521825433293e+00
3.083420519197514142e+00
3.083420519197478615e+00
3.075295023763948254e+00
3.075295023763942037e+00
3.039861584081283485e+00
3.039861584081274160e+00
3.013251073073436981e+00
3.013251073073435649e+00
3.000000000000010658e+00
3.000000000000008882e+00
3.000000000000007105e+00
3.000000000000006661e+00
3.000000000000004441e+00
3.000000000000003553e+00
3.000000000000002665e+00
3.000000000000002220e+00
3.000000000000001776e+00
3.000000000000001776e+00
2.999671851225072849e+00
2.999671851225070629e+00
2.990272606526891863e+00
2.990272606526830135e+00
2.940217749772132017e+00
2.940217749772124467e+00
2.885882506430795580e+00
2.885882506430784034e+00
2.876264050580756404e+00
2.876264050580698672e+00
2.865957423262130099e+00
2.865957423262114556e+00
2.828427124746196952e+00
2.828427124746192511e+00
2.660405016516600440e+00
2.660405016516593779e+00
2.658893518231271180e+00
2.658893518231262298e+00
2.644185411598686475e+00
2.644185411598667823e+00
2.631760377637780035e+00
2.631760377637750281e+00
2.602033840758009919e+00
2.602033840758001926e+00
2.573602729926673938e+00
2.573602729926651733e+00
2.527865886127212303e+00
2.527865886127201200e+00
2.502582056326050353e+00
2.502582056326047688e+00
2.449489742783185875e+00
2.449489742783181434e+00
2.449489742783180990e+00
2.449489742783178770e+00
2.449381376098177299e+00
2.449381376098161756e+00
2.449188572835131250e+00
2.449188572834812838e+00
2.445515415889972566e+00
2.445515415889755850e+00
2.425955866431687369e+00
2.425955866431677599e+00
2.394951841348026633e+00
2.394951841348022192e+00
2.379003785888762046e+00
2.379003785888753164e+00
2.354125730504186276e+00
2.354125730504180058e+00
2.342128547572043917e+00
2.342128547572036812e+00
2.312874621612113657e+00
2.312874621612110992e+00
2.311396592057046284e+00
2.311396592057040955e+00
2.287477327981165764e+00
2.287477327981157327e+00
2.245595496340410779e+00
2.245595496340402786e+00
2.228440806424541787e+00
2.228440806424538234e+00
2.209301851333203004e+00
2.209301851333180799e+00
2.127596401616961508e+00
2.127596401616960620e+00
2.067447590608146868e+00
2.067447590608141095e+00
2.061771718500225781e+00
2.061771718500212458e+00
2.031002409120071128e+00
2.031002409120064911e+00
2.008089037808923560e+00
2.008089037808900912e+00
2.000000000000017764e+00
2.000000000000010658e+00
2.000000000000009326e+00
2.000000000000007105e+00
2.000000000000006661e+00
2.000000000000006217e+00
2.000000000000005773e+00
2.000000000000005329e+00
2.000000000000005329e+00
2.000000000000004885e+00
2.000000000000004441e+00
2.000000000000003997e+00
2.000000000000003553e+00
2.000000000000003553e+00
2.000000000000003109e+00
2.000000000000002665e+00
2.000000000000002665e+00
2.000000000000002220e+00
2.000000000000002220e+00
2.000000000000001776e+00
2.000000000000001332e+00
2.000000000000000888e+00
2.000000000000000888e+00
2.000000000000000444e+00
2.000000000000000444e+00
2.000000000000000444e+00
2.000000000000000000e+00
1.999999999999999556e+00
1.999999999999999556e+00
1.999999999999999112e+00
1.999999999999998890e+00
1.999999999999998668e+00
1.999999999999998224e+00
1.999999999999997558e+00
1.999999999999996669e+00
1.999999999999993561e+00
1.999867948016513575e+00
1.999867948016507579e+00
1.995668670306181225e+00
1.995668670306159020e+00
1.990493289658969545e+00
1.990493289658961329e+00
1.977559640981350952e+00
1.977559640981348510e+00
1.959990447750907139e+00
1.959990447750892928e+00
1.950775373551759895e+00
1.950775373551757008e+00
1.892582034723567341e+00
1.892582034723562900e+00
1.886889992001111738e+00
1.886889992001102190e+00
1.881154245724776297e+00
1.881154245724767415e+00
1.876548969911692621e+00
1.876548969911666864e+00
1.871661384602770317e+00
1.871661384602760547e+00
1.860967094582806514e+00
1.860967094582804071e+00
1.854052390723099686e+00
1.854052390723097687e+00
1.822261777618304546e+00
1.822261777618267020e+00
1.764830058441134941e+00
1.764830058441128058e+00
1.733169137008988780e+00
1.733169137008980787e+00
1.732050807568880746e+00
1.732050807568876749e+00
1.704936469507472019e+00
1.704936469507467800e+00
1.689490590177881613e+00
1.689490590177878282e+00
1.683982714810724923e+00
1.683982714810709602e+00
1.669174288461814148e+00
1.669174288461809263e+00
1.658772913636329172e+00
1.658772913636320068e+00
1.652187921531757198e+00
1.652187921531744319e+00
1.628345790895493472e+00
1.628345790895478817e+00
1.618033988749898899e+00
1.618033988749898011e+00
1.618033988749893570e+00
1.618033988749891794e+00
1.601891247351282743e+00
1.601891247351275194e+00
1.588948515802175665e+00
1.588948515802169226e+00
1.533853532065686753e+00
1.533853532065680314e+00
1.516415127052310741e+00
1.516415127052297418e+00
1.513339313769160865e+00
1.513339313769145988e+00
1.492827332896562220e+00
1.492827332896556003e+00
1.414213562373117794e+00
1.414213562373106026e+00
1.414213562373101585e+00
1.414213562373100697e+00
1.414213562373098032e+00
1.414213562373097810e+00
1.414213562373097144e+00
1.414213562373096922e+00
1.414213562373096922e+00
1.414213562373096700e+00
1.414213562373096478e+00
1.414213562373096256e+00
1.414213562373096034e+00
1.414213562373095812e+00
1.414213562373095812e+00
1.414213562373095368e+00
1.414213562373095145e+00
1.414213562373095145e+00
1.414213562373094923e+00
1.414213562373094257e+00
1.414213562373094257e+00
1.414213562373094035e+00
1.414213562373093369e+00
1.414213562373093369e+00
1.414213562373093369e+00
1.414213562373093369e+00
1.414213562373093369e+00
1.414213562373092925e+00
1.414213562373092925e+00
1.414213562373087374e+00
1.414213562373086042e+00
1.414213562373073163e+00
1.413971763522778868e+00
1.413971763522767544e+00
1.413720348714547104e+00
1.413720348714539998e+00
1.412989938526707734e+00
1.412989938526703959e+00
1.411731040888536626e+00
1.411731040888533517e+00
1.406211869978993168e+00
1.406211869978990725e+00
1.400079116760066578e+00
1.400079116760060582e+00
1.399082137663638425e+00
1.399082137663633985e+00
1.371313421841073410e+00
1.371313421841070523e+00
1.358416185042273128e+00
1.358416185042269353e+00
1.352810520986612364e+00
1.352810520986597487e+00
1.341651485042423930e+00
1.341651485042418379e+00
1.323657437383919833e+00
1.323657437383903401e+00
1.310933616383105349e+00
1.310933616383100242e+00
1.310471711277917617e+00
1.310471711277909623e+00
1.278024551648313301e+00
1.278024551648275109e+00
1.261362490749764476e+00
1.261362490749762477e+00
1.218786834403710051e+00
1.218786834403622343e+00
1.184960617913852543e+00
1.184960617913843217e+00
1.150198569028202833e+00
1.150198569028200613e+00
1.145241648790559008e+00
1.145241648790553013e+00
1.128824877104440905e+00
1.128824877104424917e+00
1.103899680033499475e+00
1.103899680033497921e+00
1.090582675191100748e+00
1.090582675191094975e+00
1.004207127499921359e+00
1.004207127499920249e+00
1.000000000000055511e+00
1.000000000000043521e+00
1.000000000000036637e+00
1.000000000000031530e+00
1.000000000000023759e+00
1.000000000000022427e+00
1.000000000000015987e+00
1.000000000000014433e+00
1.000000000000013989e+00
1.000000000000010214e+00
1.000000000000008216e+00
1.000000000000005995e+00
1.000000000000004663e+00
1.000000000000004219e+00
1.000000000000003997e+00
1.000000000000002665e+00
1.000000000000001998e+00
1.000000000000001776e+00
1.000000000000001776e+00
1.000000000000001554e+00
1.000000000000001554e+00
1.000000000000001332e+00
1.000000000000001332e+00
1.000000000000001332e+00
1.000000000000001332e+00
1.000000000000001332e+00
1.000000000000001332e+00
1.000000000000001110e+00
1.000000000000001110e+00
1.000000000000001110e+00
1.000000000000000888e+00
1.000000000000000888e+00
1.000000000000000888e+00
1.000000000000000888e+00
1.000000000000000888e+00
1.000000000000000888e+00
1.000000000000000888e+00
1.000000000000000888e+00
1.000000000000000666e+00
1.000000000000000666e+00
1.000000000000000666e+00
1.000000000000000666e+00
1.000000000000000666e+00
1.000000000000000666e+00
1.000000000000000666e+00
1.000000000000000666e+00
1.000000000000000666e+00
1.000000000000000666e+00
1.000000000000000666e+00
1.000000000000000666e+00
1.000000000000000666e+00
1.000000000000000666e+00
1.000000000000000666e+00
1.000000000000000666e+00
1.000000000000000666e+00
1.000000000000000666e+00
1.000000000000000666e+00
1.000000000000000666e+00
1.000000000000000444e+00
1.000000000000000444e+00
1.000000000000000444e+00
1.000000000000000444e+00
1.000000000000000444e+00
1.000000000000000444e+00
1.000000000000000444e+00
1.000000000000000444e+00
1.000000000000000444e+00
1.000000000000000222e+00
1.000000000000000222e+00
1.000000000000000222e+00
1.000000000000000222e+00
1.000000000000000222e+00
1.000000000000000222e+00
1.000000000000000222e+00
1.000000000000000222e+00
1.000000000000000222e+00
1.000000000000000222e+00
1.000000000000000222e+00
1.000000000000000222e+00
1.000000000000000222e+00
1.000000000000000222e+00
1.000000000000000222e+00
1.000000000000000222e+00
1.000000000000000222e+00
1.000000000000000222e+00
1.000000000000000222e+00
1.000000000000000222e+00
1.000000000000000222e+00
1.000000000000000222e+00
1.000000000000000222e+00
1.000000000000000000e+00
1.000000000000000000e+00
1.000000000000000000e+00
1.000000000000000000e+00
1.000000000000000000e+00
1.000000000000000000e+00
1.000000000000000000e+00
1.000000000000000000e+00
1.000000000000000000e+00
1.000000000000000000e+00
1.000000000000000000e+00
9.999999999999998890e-01
9.999999999999998890e-01
9.999999999999998890e-01
9.999999999999998890e-01
9.999999999999998890e-01
9.999999999999998890e-01
9.999999999999998890e-01
9.999999999999998890e-01
9.999999999999998890e-01
9.999999999999998890e-01
9.999999999999998890e-01
9.999999999999997780e-01
9.999999999999997780e-01
9.999999999999997780e-01
9.999999999999997780e-01
9.999999999999997780e-01
9.999999999999997780e-01
9.999999999999997780e-01
9.999999999999997780e-01
9.999999999999997780e-01
9.999999999999997780e-01
9.999999999999997780e-01
9.999999999999996669e-01
9.999999999999996669e-01
9.999999999999996669e-01
9.999999999999995559e-01
9.999999999999995559e-01
9.999999999999995559e-01
9.999999999999995559e-01
9.999999999999995559e-01
9.999999999999995559e-01
9.999999999999995559e-01
9.999999999999995559e-01
9.999999999999994449e-01
9.999999999999994449e-01
9.999999999999994449e-01
9.999999999999994449e-01
9.999999999999994449e-01
9.999999999999993339e-01
9.999999999999993339e-01
9.999999999999993339e-01
9.999999999999993339e-01
9.999999999999993339e-01
9.999999999999992228e-01
9.999999999999992228e-01
9.999999999999992228e-01
9.999999999999992228e-01
9.999999999999992228e-01
9.999999999999992228e-01
9.999999999999991118e-01
9.999999999999991118e-01
9.999999999999988898e-01
9.999999999999988898e-01
9.999999999999987788e-01
9.999999999999987788e-01
9.999999999999987788e-01
9.999999999999987788e-01
9.999999999999986677e-01
9.999999999999985567e-01
9.999999999999984457e-01
9.999999999999984457e-01
9.999999999999984457e-01
9.999999999999984457e-01
9.999999999999984457e-01
9.999999999999984457e-01
9.999999999999980016e-01
9.999999999999980016e-01
9.999999999999978906e-01
9.999999999999972244e-01
9.999999999999932276e-01
9.999999999999915623e-01
9.999999999999898970e-01
9.999999999999856781e-01
9.999999999999853451e-01
9.999999999999819034e-01
9.999999999999773515e-01
9.999999999999752420e-01
9.999999999999698019e-01
9.999999999999640288e-01
9.999999999999634737e-01
9.999999999999484857e-01
9.999838518247007313e-01
9.999838518246928487e-01
9.996540867338432612e-01
9.996540867338375991e-01
9.987661375914754780e-01
9.987661375914711481e-01
9.984616067862527311e-01
9.984616067862502886e-01
9.981272905403910656e-01
9.981272905403862916e-01
9.969045079440614909e-01
9.969045079440541635e-01
9.965038042268877794e-01
9.965038042268832275e-01
9.963727035325464776e-01
9.963727035325405934e-01
9.945627316078871072e-01
9.945627316078815561e-01
9.920415759421673529e-01
9.920415759421634672e-01
9.906556147155215486e-01
9.906556147155164416e-01
9.904933650263996192e-01
9.904933650263949563e-01
9.847878527243164593e-01
9.847878527243144609e-01
9.799795581693836466e-01
9.799795581693806490e-01
9.756757015955790369e-01
9.756757015955779266e-01
9.735853785376731295e-01
9.735853785376656910e-01
9.725614761007752573e-01
9.725614761007661535e-01
9.709917403376014944e-01
9.709917403375902811e-01
9.628385217346973057e-01
9.628385217346915326e-01
9.612173976810431952e-01
9.612173976810378662e-01
9.577251535288120454e-01
9.577251535288064943e-01
9.383923343826723329e-01
9.383923343826708896e-01
9.358582821268988106e-01
9.358582821268971452e-01
9.181023881520470331e-01
9.181023881520433694e-01
9.120648279889916887e-01
9.120648279889898014e-01
9.018363884877373948e-01
9.018363884877061976e-01
8.864895745707216390e-01
8.864895745706977692e-01
8.806468247785940173e-01
8.806468247785910197e-01
8.429319843501127396e-01
8.429319843500991949e-01
8.342728871369630150e-01
8.342728871369616828e-01
7.880672166201705409e-01
7.880672166201678763e-01
7.842409279278059753e-01
7.842409279278026446e-01
7.561585545819655696e-01
7.561585545819612397e-01
7.531769491509574532e-01
7.531769491509477943e-01
7.290913755438116484e-01
7.290913755438029886e-01
7.075216494166196579e-01
7.075216494166142178e-01
7.025538336415980689e-01
7.025538336415917406e-01
6.924245354782290196e-01
6.924245354782259110e-01
6.676268535634196644e-01
6.676268535634173329e-01
6.632494183507843255e-01
6.632494183507834373e-01
6.180339887498972340e-01
6.180339887498964568e-01
6.180339887498943474e-01
6.180339887498923490e-01
6.071735769630842716e-01
6.071735769630790536e-01
6.065205696911004640e-01
6.065205696910982436e-01
5.873777660958797719e-01
5.873777660958613422e-01
5.305859541711940297e-01
5.305859541711864802e-01
4.652026592865687871e-01
4.652026592865636245e-01
4.481971472235883880e-01
4.481971472234527187e-01
4.331247519484323627e-01
4.331247519484274777e-01
2.800415709556714483e-01
2.800415709556123844e-01
2.499574602598756967e-01
2.499574602598749196e-01
2.484764238498448907e-01
2.484764238497821631e-01
1.895035392965478405e-01
1.895035392965469800e-01
1.076907290614479984e-01
1.076907290614426971e-01
6.197999604681480451e-02
6.197999604680762276e-02
3.646244762609678014e-13
2.089764241219435543e-13
2.070573529368329603e-13
1.664162950031023096e-13
1.566913437984620655e-13
1.501353017207665440e-13
1.324759126664855172e-13
1.208967552279551336e-13
