# Singular values
9.351835436832267590e+01
9.351835436832259063e+01
5.917492362307574894e+01
5.917492362307569920e+01
4.413634730471023460e+01
4.413634730471023460e+01
4.027801964382857847e+01
4.027801964382856426e+01
3.722902093797259226e+01
3.722902093797255674e+01
2.156305410575728487e+01
2.156305410575728487e+01
1.685394977879463241e+01
1.685394977879463241e+01
1.580273026514469770e+01
1.580273026514467816e+01
1.311112715619513303e+01
1.311112715619511881e+01
1.199162700752790833e+01
1.199162700752790478e+01
1.000124475027086390e+01
1.000124475027086035e+01
9.717824867349177609e+00
9.717824867349158069e+00
9.049551888309938619e+00
9.049551888309935066e+00
8.345250319612205203e+00
8.345250319612194545e+00
8.130625490629061147e+00
8.130625490629057595e+00
8.062257748298552684e+00
8.062257748298540250e+00
7.967068632734859435e+00
7.967068632734839895e+00
7.780664376355532319e+00
7.780664376355526990e+00
7.211903837934638517e+00
7.211903837934626083e+00
7.032408302868179639e+00
7.032408302868168093e+00
7.000000000000008882e+00
7.000000000000001776e+00
6.933226732676965653e+00
6.933226732676952331e+00
6.746652665709542696e+00
6.746652665709542696e+00
6.710736891656726044e+00
6.710736891656687853e+00
6.500525665154296640e+00
6.500525665154238908e+00
6.166664931494169721e+00
6.166664931494165280e+00
6.040054494149363684e+00
6.040054494149361908e+00
6.002543668629667373e+00
6.002543668629629181e+00
5.794209696955328504e+00
5.794209696955314293e+00
5.722499038814066630e+00
5.722499038814059524e+00
5.526981496780411618e+00
5.526981496780370762e+00
5.446032777068498199e+00
5.446032777068464448e+00
5.362642856690856163e+00
5.362642856690843729e+00
5.318847411839386474e+00
5.318847411839367822e+00
5.223594260273289436e+00
5.223594260273286771e+00
5.187949851482973607e+00
5.187949851482963837e+00
5.165666476189908707e+00
5.165666476189896272e+00
5.148839253678700878e+00
5.148839253678695549e+00
5.000000000000002665e+00
5.000000000000000888e+00
4.999999999999992895e+00
4.999999999999984013e+00
4.891792420944179653e+00
4.891792420944173436e+00
4.571104465366573777e+00
4.571104465366569336e+00
4.496409494559202358e+00
4.496409494559189923e+00
4.401228797151377492e+00
4.401228797151364169e+00
4.252316224649605125e+00
4.252316224649602461e+00
4.230642516128110486e+00
4.230642516128086505e+00
4.022732183136925599e+00
4.022732183136919382e+00
4.000000000000007105e+00
3.999999999999998668e+00
3.996054091434335653e+00
3.996054091434327660e+00
3.910510044718776612e+00
3.910510044718748635e+00
3.871627797240213109e+00
3.871627797240206448e+00
3.752335781024052075e+00
3.752335781024040529e+00
3.751862633277367465e+00
3.751862633277362580e+00
3.741657386773936445e+00
3.741657386773933780e+00
3.718775383255812805e+00
3.718775383255774614e+00
3.716225788520002737e+00
3.716225788520001405e+00
3.555957816694500728e+00
3.555957816694485185e+00
3.502717906195095487e+00
3.502717906195090158e+00
3.411649731022077248e+00
3.411649731022073695e+00
3.301389836155177893e+00
3.301389836155173452e+00
3.252498581183881132e+00
3.252498581183879356e+00
3.162277660168382631e+00
3.162277660168380411e+00
3.161482127969581057e+00
3.161482127969578837e+00
3.079706375652061290e+00
3.079706375652060846e+00
3.000000000000004885e+00
3.000000000000001776e+00
3.000000000000000000e+00
2.999999999999999112e+00
2.999999999999999112e+00
2.999999999999999112e+00
2.996653415735633263e+00
2.996653415735631931e+00
2.977346720199602448e+00
2.977346720199598451e+00
2.892070959245057971e+00
2.892070959245039319e+00
2.828427124746188515e+00
2.828427124746185406e+00
2.812503722381365368e+00
2.812503722381364923e+00
2.777801748918345304e+00
2.777801748918340863e+00
2.741805096298663980e+00
2.741805096298662647e+00
2.673196564501236328e+00
2.673196564501236328e+00
2.641809228156344780e+00
2.641809228156340783e+00
2.621807351529308328e+00
2.621807351529305219e+00
2.602033850843159524e+00
2.602033850843155971e+00
2.483723558220821914e+00
2.483723558220814365e+00
2.449489742783180546e+00
2.449489742783176105e+00
2.246992998058957802e+00
2.246992998058952917e+00
2.226769935683867718e+00
2.226769935683861945e+00
2.183149816630542084e+00
2.183149816630536755e+00
2.125226273428819201e+00
2.125226273428818757e+00
2.050712527248625960e+00
2.050712527248623740e+00
2.016328315588332920e+00
2.016328315588331588e+00
2.000000000000003997e+00
2.000000000000003553e+00
2.000000000000003553e+00
2.000000000000002220e+00
2.000000000000001332e+00
1.999999999999998668e+00
1.999999999999998446e+00
1.999999999999996003e+00
1.996549380347372171e+00
1.996549380347364178e+00
1.986105342762244597e+00
1.986105342762242154e+00
1.968725639750511736e+00
1.968725639750507739e+00
1.951667758581517864e+00
1.951667758581516310e+00
1.941141913715382250e+00
1.941141913715378697e+00
1.888220337119053349e+00
1.888220337119049574e+00
1.843220404908649801e+00
1.843220404908645138e+00
1.823587356777213175e+00
1.823587356777210733e+00
1.731888308937003407e+00
1.731888308936999410e+00
1.718815745396978789e+00
1.718815745396974126e+00
1.689683957211628673e+00
1.689683957211627341e+00
1.680773962246384201e+00
1.680773962246379538e+00
1.671906119166695737e+00
1.671906119166690630e+00
1.609473971638469836e+00
1.609473971638467171e+00
1.603268175119090033e+00
1.603268175119086925e+00
1.585548637666701177e+00
1.585548637666697624e+00
1.558173013317599942e+00
1.558173013317597944e+00
1.537193307381979457e+00
1.537193307381975016e+00
1.496085243754224470e+00
1.496085243754213145e+00
1.462235439729394626e+00
1.462235439729393738e+00
1.420587573643397272e+00
1.420587573643396384e+00
1.414213562373101363e+00
1.414213562373099808e+00
1.414213562373096922e+00
1.414213562373096478e+00
1.414213562373096256e+00
1.414213562373096256e+00
1.414213562373095368e+00
1.414213562373095145e+00
1.414213562373095145e+00
1.414213562373095145e+00
1.414213562373095145e+00
1.414213562373095145e+00
1.414213562373094923e+00
1.414213562373094923e+00
1.414213562373094923e+00
1.414213562373094479e+00
1.414213562373094479e+00
1.414213562373094257e+00
1.414213562373094257e+00
1.414213562373094257e+00
1.414213562373094257e+00
1.414213562373094257e+00
1.414213562373094035e+00
1.414213562373094035e+00
1.414213562373093813e+00
1.414213562373093591e+00
1.414213562373093591e+00
1.414213562373088040e+00
1.407699758371607546e+00
1.407699758371604881e+00
1.404365914809978522e+00
1.404365914809967197e+00
1.402897771365044344e+00
1.402897771365037904e+00
1.402344852936253661e+00
1.402344852936249886e+00
1.397561948331834225e+00
1.397561948331833559e+00
1.384636612983620729e+00
1.384636612983618953e+00
1.383702819633431114e+00
1.383702819633423564e+00
1.372619038869683061e+00
1.372619038869681507e+00
1.340155769370334760e+00
1.340155769370330763e+00
1.324204946861954779e+00
1.324204946861952781e+00
1.295263997565335723e+00
1.295263997565333725e+00
1.293339159847411768e+00
1.293339159847408437e+00
1.240873541778118927e+00
1.240873541778114264e+00
1.232923261495304290e+00
1.232923261495302958e+00
1.157647798498431690e+00
1.157647798498424363e+00
1.137609575907964521e+00
1.137609575907958748e+00
1.088726068448156337e+00
1.088726068448143680e+00
1.053756805652889872e+00
1.053756805652888762e+00
1.000272223141431605e+00
1.000272223141429828e+00
1.000000000000032419e+00
1.000000000000003997e+00
1.000000000000003775e+00
1.000000000000003109e+00
1.000000000000002665e+00
1.000000000000002220e+00
1.000000000000001776e+00
1.000000000000001776e+00
1.000000000000001554e+00
1.000000000000001110e+00
1.000000000000000888e+00
1.000000000000000888e+00
1.000000000000000888e+00
1.000000000000000666e+00
1.000000000000000666e+00
1.000000000000000444e+00
1.000000000000000444e+00
1.000000000000000444e+00
1.000000000000000444e+00
1.000000000000000444e+00
1.000000000000000444e+00
1.000000000000000222e+00
1.000000000000000222e+00
1.000000000000000222e+00
1.000000000000000222e+00
1.000000000000000222e+00
1.000000000000000222e+00
1.000000000000000222e+00
1.000000000000000222e+00
1.000000000000000222e+00
1.000000000000000222e+00
1.000000000000000222e+00
1.000000000000000222e+00
1.000000000000000222e+00
1.000000000000000222e+00
1.000000000000000222e+00
1.000000000000000000e+00
1.000000000000000000e+00
1.000000000000000000e+00
1.000000000000000000e+00
1.000000000000000000e+00
1.000000000000000000e+00
1.000000000000000000e+00
1.000000000000000000e+00
1.000000000000000000e+00
1.000000000000000000e+00
1.000000000000000000e+00
9.999999999999998890e-01
9.999999999999998890e-01
9.999999999999998890e-01
9.999999999999998890e-01
9.999999999999997780e-01
9.999999999999997780e-01
9.999999999999997780e-01
9.999999999999997780e-01
9.999999999999997780e-01
9.999999999999997780e-01
9.999999999999997780e-01
9.999999999999997780e-01
9.999999999999997780e-01
9.999999999999997780e-01
9.999999999999996669e-01
9.999999999999996669e-01
9.999999999999996669e-01
9.999999999999996669e-01
9.999999999999996669e-01
9.999999999999996669e-01
9.999999999999996669e-01
9.999999999999992228e-01
9.999999999999992228e-01
9.999999999999990008e-01
9.999999999999986677e-01
9.999999999999984457e-01
9.999999999999983347e-01
9.999999999999980016e-01
9.999999999999978906e-01
9.999999999999976685e-01
9.999999999999974465e-01
9.999999999999971134e-01
9.999999999999968914e-01
9.999999999999963363e-01
9.999999999999671374e-01
9.989204993620329764e-01
9.989204993620307560e-01
9.975180069892040091e-01
9.975180069892018997e-01
9.952689151710951698e-01
9.952689151710943927e-01
9.927072887853902738e-01
9.927072887853863881e-01
9.898512896318248933e-01
9.898512896318188981e-01
9.811918401122649014e-01
9.811918401122614597e-01
9.767454017918580922e-01
9.767454017918555387e-01
9.746999663651598755e-01
9.746999663651576551e-01
9.610030078085352034e-01
9.610030078085304295e-01
9.602470951597652515e-01
9.602470951597634752e-01
9.491137892000114373e-01
9.491137892000091059e-01
9.484690674798151866e-01
9.484690674798137433e-01
9.360744389888056016e-01
9.360744389888039363e-01
9.303023243312170676e-01
9.303023243312140700e-01
9.148708571447522475e-01
9.148708571447496940e-01
8.951309966137027674e-01
8.951309966137009910e-01
8.662072627385415391e-01
8.662072627385396517e-01
8.455247034940123196e-01
8.455247034940109874e-01
8.222936467831374330e-01
8.222936467831366558e-01
7.921802384413438869e-01
7.921802384413412224e-01
7.598836564295974316e-01
7.598836564295948781e-01
7.454832916234829243e-01
7.454832916234807039e-01
6.274308976120165360e-01
6.274308976120077652e-01
5.947634569512486591e-01
5.947634569512443292e-01
5.375889468098142832e-01
5.375889468098131729e-01
4.579668639478138847e-01
4.579668639478119974e-01
4.258901630707847552e-01
4.258901630707843111e-01
4.170227584528113929e-01
4.170227584528106157e-01
3.769927546839841881e-01
3.769927546839814125e-01
8.254898140459676625e-02
8.254898140459628053e-02
