# Singular values
3.766888981343213914e+02
3.766888981343212208e+02
3.376113551133998385e+02
3.376113551133995543e+02
2.738745508414359051e+02
2.738745508414352798e+02
2.596061393987927204e+02
2.596061393987926635e+02
2.549872986775812365e+02
2.549872986775811228e+02
2.296869328984349750e+02
2.296869328984346907e+02
2.204167127958267542e+02
2.204167127958266406e+02
1.713232103570736058e+02
1.713232103570734068e+02
1.617059539153005119e+02
1.617059539153002561e+02
1.472201895413015791e+02
1.472201895413015791e+02
1.357798922474253800e+02
1.357798922474253231e+02
1.248852501476849142e+02
1.248852501476845021e+02
1.162572043544919751e+02
1.162572043544918046e+02
9.811680507335175605e+01
9.811680507335164236e+01
7.993228489110870782e+01
7.993228489110867940e+01
7.800858988222216794e+01
7.800858988222206847e+01
7.380040906727153072e+01
7.380040906727143124e+01
7.196380517540343646e+01
7.196380517540340804e+01
6.939770396225790705e+01
6.939770396225783600e+01
6.909970729679716328e+01
6.909970729679699275e+01
6.672620545064924613e+01
6.672620545064907560e+01
6.468817310339943560e+01
6.468817310339933613e+01
6.412014300185413163e+01
6.412014300185381899e+01
6.217573825703038892e+01
6.217573825703020418e+01
5.797650295824021782e+01
5.797650295823984834e+01
5.648467961612295341e+01
5.648467961612268340e+01
5.372723554949403280e+01
5.372723554949318725e+01
5.366288366119437114e+01
5.366288366119382403e+01
5.204832861080171824e+01
5.204832861080139850e+01
4.875148469691209385e+01
4.875148469691202280e+01
4.830114888972963882e+01
4.830114888972952514e+01
4.809776456149645441e+01
4.809776456149617019e+01
4.626314651828853641e+01
4.626314651828818825e+01
4.493032481662751820e+01
4.493032481662746136e+01
4.403568518062277803e+01
4.403568518062270698e+01
4.378689335370270186e+01
4.378689335370261659e+01
4.220189569201878044e+01
4.220189569201839674e+01
4.182888848348520128e+01
4.182888848348475364e+01
3.971341232509341523e+01
3.971341232509330155e+01
3.732458028444954579e+01
3.732458028444943920e+01
3.392120958432565203e+01
3.392120958432556677e+01
3.244803242978896662e+01
3.244803242978888136e+01
3.202215579614043861e+01
3.202215579613998386e+01
2.990145817835145792e+01
2.990145817835140818e+01
2.928673706469530913e+01
2.928673706469529492e+01
2.922872626007684715e+01
2.922872626007678676e+01
2.912932456255740732e+01
2.912932456255720837e+01
2.836407457914398123e+01
2.836407457914391372e+01
2.801749739048873167e+01
2.801749739048872812e+01
2.799975587416323464e+01
2.799975587416322753e+01
2.781789358110500743e+01
2.781789358110495414e+01
2.705236119841982401e+01
2.705236119841945808e+01
2.636178580389696435e+01
2.636178580389692527e+01
2.586308377395416969e+01
2.586308377395404179e+01
2.433083554110298508e+01
2.433083554110285718e+01
2.395163768717375419e+01
2.395163768717371156e+01
2.376906726359537458e+01
2.376906726359532129e+01
2.233456033730199408e+01
2.233456033730123025e+01
2.060753693874961456e+01
2.060753693874952930e+01
2.037566442897200858e+01
2.037566442897193042e+01
1.979898969881833892e+01
1.979898969881820037e+01
1.953747768568523924e+01
1.953747768568517174e+01
1.912868830436319456e+01
1.912868830436305956e+01
1.899036620798177921e+01
1.899036620798168329e+01
1.813988340464462468e+01
1.813988340464459981e+01
1.797632899316505828e+01
1.797632899316500854e+01
1.754765484771874995e+01
1.754765484771866113e+01
1.730086428950617972e+01
1.730086428950603050e+01
1.704305558068270798e+01
1.704305558068270088e+01
1.700242134395289639e+01
1.700242134395276139e+01
1.694273200455197781e+01
1.694273200455194939e+01
1.683178378263245634e+01
1.683178378263238528e+01
1.660631211456001211e+01
1.660631211455996237e+01
1.646246335394754823e+01
1.646246335394753757e+01
1.630116044291210997e+01
1.630116044291208866e+01
1.627057189544650484e+01
1.627057189544648708e+01
1.607674840487780799e+01
1.607674840487777246e+01
1.603121954188150866e+01
1.603121954188141629e+01
1.599999999999998934e+01
1.599999999999998934e+01
1.599772082515818639e+01
1.599772082515810112e+01
1.572857245979033891e+01
1.572857245979025187e+01
1.512680392524543471e+01
1.512680392524542583e+01
1.497530837878423782e+01
1.497530837878360188e+01
1.480642568350785560e+01
1.480642568350782007e+01
1.471175008160606446e+01
1.471175008160604136e+01
1.468757063218065895e+01
1.468757063218065184e+01
1.423597381804901829e+01
1.423597381804897566e+01
1.419987604709002582e+01
1.419987604708998141e+01
1.417395492464987861e+01
1.417395492464983597e+01
1.341519077425135009e+01
1.341519077425133766e+01
1.315174449767961029e+01
1.315174449767952147e+01
1.306348522926121269e+01
1.306348522926118072e+01
1.297806378871837474e+01
1.297806378871829835e+01
1.264412916499373019e+01
1.264412916499372130e+01
1.231535976736167370e+01
1.231535976736150850e+01
1.227179479390788686e+01
1.227179479390777139e+01
1.179736451526136243e+01
1.179736451526134644e+01
1.174407108388818699e+01
1.174407108388815502e+01
1.154297574385731018e+01
1.154297574385730840e+01
1.142628721715051832e+01
1.142628721715050766e+01
1.126395414081590829e+01
1.126395414081587631e+01
1.125321006559637560e+01
1.125321006559635251e+01
1.100000000000037303e+01
1.099999999999996980e+01
1.094981896081533179e+01
1.094981896081528205e+01
1.090240453404605780e+01
1.090240453404600984e+01
1.066817735176045367e+01
1.066817735176037907e+01
1.060223189873186556e+01
1.060223189873185667e+01
1.046130442402694705e+01
1.046130442402683869e+01
1.009901963769715572e+01
1.009901963769710243e+01
9.923168539002551469e+00
9.923168539002517718e+00
9.700282530044324503e+00
9.700282530044265883e+00
9.490746541991965657e+00
9.490746541991947893e+00
9.352803491351597387e+00
9.352803491351577847e+00
9.261300778938029055e+00
9.261300778938002409e+00
9.038147735257458848e+00
9.038147735257412663e+00
9.000000000000028422e+00
8.999999999999964473e+00
8.875115584742470531e+00
8.875115584742115260e+00
8.740768961179128382e+00
8.740768961179099961e+00
8.608601571128946972e+00
8.608601571128792429e+00
8.532703271740889051e+00
8.532703271740873063e+00
8.487114783667973228e+00
8.487114783667843554e+00
8.307491336262296855e+00
8.307491336262163628e+00
8.299705573733957564e+00
8.299705573733938024e+00
8.253720985782063480e+00
8.253720985782010189e+00
8.228025147953658802e+00
8.228025147953639262e+00
8.213598324490375191e+00
8.213598324490368086e+00
8.066886924249317303e+00
8.066886924249285329e+00
8.000000000000012434e+00
7.999999999999995559e+00
7.898095205333953928e+00
7.898095205333929059e+00
7.827525838395510860e+00
7.827525838395504643e+00
7.701395566719607899e+00
7.701395566719580366e+00
7.686945327553409868e+00
7.686945327553400986e+00
7.637479268592054282e+00
7.637479268591981452e+00
7.613392639564732889e+00
7.613392639564710684e+00
7.430711835518180486e+00
7.430711835518147623e+00
7.398056334331045925e+00
7.398056334330962436e+00
7.156181708781536699e+00
7.156181708781534923e+00
7.133333695294364674e+00
7.133333695294330035e+00
7.070688404736997335e+00
7.070688404736990229e+00
7.034267024486458908e+00
7.034267024486444697e+00
6.999607475536696377e+00
6.999607475536673284e+00
6.997011666596023360e+00
6.997011666595994939e+00
6.940007310464434198e+00
6.940007310464390677e+00
6.802375017085477538e+00
6.802375017085447340e+00
6.748550245897612321e+00
6.748550245897595445e+00
6.747195593509852429e+00
6.747195593509834666e+00
6.718410402643486989e+00
6.718410402643449686e+00
6.699761086560870993e+00
6.699761086560809709e+00
6.667901577842993532e+00
6.667901577842976657e+00
6.637665153856356248e+00
6.637665153856321609e+00
6.546387714172330341e+00
6.546387714172316130e+00
6.517864433211799202e+00
6.517864433211780550e+00
6.358613749531394355e+00
6.358613749531394355e+00
6.264990506059857189e+00
6.264990506059842090e+00
6.251927795286986722e+00
6.251927795286950307e+00
6.235369017196231489e+00
6.235369017196224384e+00
6.141474419076311975e+00
6.141474419076297764e+00
6.122293563072038758e+00
6.122293563072022771e+00
6.112024458061316778e+00
6.112024458061313226e+00
6.109955729781401779e+00
6.109955729781400002e+00
6.091404856346517072e+00
6.091404856346515295e+00
6.048933229549407820e+00
6.048933229549398050e+00
6.000000000000013323e+00
6.000000000000001776e+00
5.999435589511313616e+00
5.999435589511297628e+00
5.968293330663636098e+00
5.968293330663625440e+00
5.944491512616070672e+00
5.944491512616060014e+00
5.936656710918637891e+00
5.936656710918628121e+00
5.906390557079898684e+00
5.906390557079885362e+00
5.865669419468225954e+00
5.865669419468200196e+00
5.817126565849690678e+00
5.817126565849668474e+00
5.671592534903249216e+00
5.671592534903227900e+00
5.652113684489856738e+00
5.652113684489846968e+00
5.640662353416467489e+00
5.640662353416458608e+00
5.596156507894966659e+00
5.596156507894938237e+00
5.524169139067706347e+00
5.524169139067693024e+00
5.500185374559813489e+00
5.500185374559765528e+00
5.458968006190073829e+00
5.458968006190068500e+00
5.427434548883478982e+00
5.427434548883457666e+00
5.414366801209768987e+00
5.414366801209659741e+00
5.379384120876315123e+00
5.379384120876310682e+00
5.344634174754873790e+00
5.344634174754866685e+00
5.319864407253631633e+00
5.319864407253620087e+00
5.266904405978229065e+00
5.266904405978223735e+00
5.216952959841361093e+00
5.216952959841353099e+00
5.183231073006993483e+00
5.183231073006981937e+00
5.137672652602343959e+00
5.137672652602339518e+00
5.120328120157027207e+00
5.120328120157023655e+00
5.100929644730623380e+00
5.100929644730602064e+00
5.099015569498962286e+00
5.099015569498944522e+00
5.058563867985632179e+00
5.058563867985619744e+00
5.011000590961230294e+00
5.011000590961205425e+00
5.000000000000019540e+00
5.000000000000003553e+00
5.000000000000000000e+00
4.999999999999988454e+00
4.985492033668374567e+00
4.985492033668347034e+00
4.980141707251200422e+00
4.980141707251166672e+00
4.961416604353850346e+00
4.961416604353841464e+00
4.954060212812647634e+00
4.954060212812615660e+00
4.927099102723012436e+00
4.927099102722985791e+00
4.915535843429792884e+00
4.915535843429765350e+00
4.834388243648852779e+00
4.834388243648839456e+00
4.824921144605652579e+00
4.824921144605631262e+00
4.739502315013949918e+00
4.739502315013946365e+00
4.663638586817939746e+00
4.663638586817935305e+00
4.614571483106008287e+00
4.614571483106006511e+00
4.568513656268275547e+00
4.568513656268253342e+00
4.560798490908823055e+00
4.560798490908811509e+00
4.558320679336597792e+00
4.558320679336589798e+00
4.547784202981242530e+00
4.547784202981199009e+00
4.493971574345962061e+00
4.493971574345948738e+00
4.486299450253637744e+00
4.486299450253619980e+00
4.482786322174902693e+00
4.482786322174892035e+00
4.449923126395354700e+00
4.449923126395344042e+00
4.400244202310778618e+00
4.400244202310744868e+00
4.396614895938387058e+00
4.396614895938377288e+00
4.387324292146071336e+00
4.387324292146059790e+00
4.371325961385815972e+00
4.371325961385807091e+00
4.358341533415622138e+00
4.358341533415572400e+00
4.347532199515418583e+00
4.347532199515404372e+00
4.298155912493024644e+00
4.298155912493022868e+00
4.247567399814256461e+00
4.247567399814246691e+00
4.242640687119281218e+00
4.242640687119275889e+00
4.242539295762449036e+00
4.242539295762412621e+00
4.218254401417371291e+00
4.218254401417358856e+00
4.210542067074841022e+00
4.210542067074823258e+00
4.193841365247801711e+00
4.193841365247793718e+00
4.186884352909266305e+00
4.186884352909237883e+00
4.173441684444732402e+00
4.173441684444720856e+00
4.154529356943176488e+00
4.154529356943170271e+00
4.138904924261465723e+00
4.138904924261461282e+00
4.127256567651537367e+00
4.127256567651511610e+00
4.122714423588302424e+00
4.122714423588285548e+00
4.078033115231811223e+00
4.078033115231797012e+00
4.057728705114714174e+00
4.057728705114682199e+00
4.052701111123797162e+00
4.052701111123787392e+00
4.010979922476183290e+00
4.010979922476181514e+00
4.000000000000012434e+00
4.000000000000004441e+00
3.999999999999996003e+00
3.999999999999988898e+00
3.994054449541018403e+00
3.994054449541004193e+00
3.990956390363871176e+00
3.990956390363865403e+00
3.959866099001961626e+00
3.959866099001950523e+00
3.915723461930619376e+00
3.915723461930607385e+00
3.905714954123607807e+00
3.905714954123594929e+00
3.891540575773577260e+00
3.891540575773542177e+00
3.885318518564299772e+00
3.885318518564288226e+00
3.833771207911183865e+00
3.833771207911178092e+00
3.823622906025249790e+00
3.823622906025224477e+00
3.816162968382214249e+00
3.816162968382202259e+00
3.775243374821138698e+00
3.775243374821069864e+00
3.767526486846778155e+00
3.767526486846707101e+00
3.741657386773947103e+00
3.741657386773946214e+00
3.735488992111283935e+00
3.735488992111255069e+00
3.721380130039033673e+00
3.721380130039016354e+00
3.701052758817818589e+00
3.701052758817798605e+00
3.642764098965510566e+00
3.642764098965490138e+00
3.617921171440629191e+00
3.617921171440621642e+00
3.617010164527914906e+00
3.617010164527906468e+00
3.595782210364315112e+00
3.595782210364286691e+00
3.569886728382451579e+00
3.569886728382443142e+00
3.525294528248803072e+00
3.525294528248794634e+00
3.502000051695216332e+00
3.502000051695207894e+00
3.487782797154820980e+00
3.487782797154811210e+00
3.463423026422850270e+00
3.463423026422841389e+00
3.461199129157223719e+00
3.461199129157205068e+00
3.455578103978093729e+00
3.455578103978054649e+00
3.438672231539098956e+00
3.438672231539082080e+00
3.427024043861967684e+00
3.427024043861964575e+00
3.388751114093462302e+00
3.388751114093434769e+00
3.333536108033541723e+00
3.333536108033533729e+00
3.317780499547750672e+00
3.317780499547744011e+00
3.313858170587651308e+00
3.313858170587630880e+00
3.294759764576008276e+00
3.294759764576001615e+00
3.276153355452612548e+00
3.276153355452603222e+00
3.259508976043650641e+00
3.259508976043643536e+00
3.244490531368948716e+00
3.244490531368940722e+00
3.206836613015180415e+00
3.206836613015168425e+00
3.174050569214419859e+00
3.174050569214411421e+00
3.166229261872437029e+00
3.166229261872413492e+00
3.162277660168394622e+00
3.162277660168391069e+00
3.162277660168378635e+00
3.162277660168373306e+00
3.162277660168371085e+00
3.162277660168343107e+00
3.161636852571435785e+00
3.161636852571418466e+00
3.134111141071370454e+00
3.134111141071364237e+00
3.125789743461047099e+00
3.125789743461031112e+00
3.116357572915224416e+00
3.116357572915220864e+00
3.102005040757653820e+00
3.102005040757635612e+00
3.081552617859098842e+00
3.081552617859096621e+00
3.067272873559429680e+00
3.067272873559424795e+00
3.037661147115157334e+00
3.037661147115147120e+00
3.011843698328061425e+00
3.011843698328053875e+00
3.004160211783387435e+00
3.004160211783382106e+00
3.001417109802997363e+00
3.001417109802995586e+00
3.000000000000009326e+00
3.000000000000004441e+00
3.000000000000004441e+00
3.000000000000003997e+00
3.000000000000003109e+00
3.000000000000002220e+00
3.000000000000002220e+00
2.999999999999998668e+00
2.999999999999997335e+00
2.999999999999997335e+00
2.999999999999995559e+00
2.999999999999992006e+00
2.999729385472499121e+00
2.999729385472237109e+00
2.999266145696517505e+00
2.999266145696501074e+00
2.997992210357302234e+00
2.997992210357230292e+00
2.996271838380921260e+00
2.996271838380909269e+00
2.993194255727779307e+00
2.993194255727771314e+00
2.987825303997106552e+00
2.987825303997079462e+00
2.984985266120834257e+00
2.984985266120832481e+00
2.983431200380551207e+00
2.983431200380548542e+00
2.981514117448273993e+00
2.981514117448269996e+00
2.958172640616182569e+00
2.958172640616168358e+00
2.952204982044027037e+00
2.952204982044020376e+00
2.909525641181592182e+00
2.909525641181583744e+00
2.891501857549518828e+00
2.891501857549497512e+00
2.889022220806183761e+00
2.889022220806181540e+00
2.875975754695893283e+00
2.875975754695892395e+00
2.868285279269313648e+00
2.868285279269308763e+00
2.857841004124948903e+00
2.857841004124937800e+00
2.835580694407206614e+00
2.835580694407198621e+00
2.828427124746198729e+00
2.828427124746193400e+00
2.828427124746188071e+00
2.828427124746184962e+00
2.828228631432013973e+00
2.828228631432002871e+00
2.827927396264438897e+00
2.827927396264426907e+00
2.805256668849708923e+00
2.805256668849707591e+00
2.802768707710784124e+00
2.802768707710765028e+00
2.769477038329678731e+00
2.769477038329673402e+00
2.755951215480982430e+00
2.755951215480959782e+00
2.723883279373632060e+00
2.723883279373616961e+00
2.705006075391108933e+00
2.705006075391080067e+00
2.704683725058133703e+00
2.704683725058126598e+00
2.683921633322349010e+00
2.683921633322345457e+00
2.645322800041650435e+00
2.645322800041628231e+00
2.644085216489392653e+00
2.644085216489387768e+00
2.629598714570909213e+00
2.629598714570906992e+00
2.619786808927962340e+00
2.619786808927949462e+00
2.616338690996688587e+00
2.616338690996684591e+00
2.602033855085634784e+00
2.602033855085625902e+00
2.583559771190433008e+00
2.583559771190324650e+00
2.578696002241313234e+00
2.578696002241307461e+00
2.558272475755652753e+00
2.558272475755647424e+00
2.546596740470455256e+00
2.546596740470444598e+00
2.522953360881311724e+00
2.522953360881309948e+00
2.506073974202189802e+00
2.506073974202183585e+00
2.485278669539727314e+00
2.485278669539715768e+00
2.474352803329254336e+00
2.474352803329249451e+00
2.463612989421287924e+00
2.463612989421281263e+00
2.449489742783184987e+00
2.449489742783179658e+00
2.422237892951681015e+00
2.422237892951670801e+00
2.409122871499632002e+00
2.409122871499624896e+00
2.402186451368572673e+00
2.402186451368560682e+00
2.390137711846984203e+00
2.390137711846947788e+00
2.388793776599169139e+00
2.388793776599154484e+00
2.380198917396918912e+00
2.380198917396907365e+00
2.345931472227732240e+00
2.345931472227706927e+00
2.340372465884627218e+00
2.340372465884592579e+00
2.297280453704933390e+00
2.297280453704927172e+00
2.240690670610630431e+00
2.240690670610623769e+00
2.236067977499793358e+00
2.236067977499792470e+00
2.236067977499792470e+00
2.236067977499789805e+00
2.236043674323680897e+00
2.236043674323677788e+00
2.232689298970792269e+00
2.232689298970781167e+00
2.229442091535189796e+00
2.229442091535181802e+00
2.226472729613243384e+00
2.226472729613240720e+00
2.223748045288499231e+00
2.223748045288495678e+00
2.212242578861175257e+00
2.212242578861163267e+00
2.198410676227664062e+00
2.198410676227655181e+00
2.197156607917016391e+00
2.197156607917000404e+00
2.183556373271930084e+00
2.183556373271919426e+00
2.181500864737681677e+00
2.181500864737676793e+00
2.179835022042913462e+00
2.179835022042908577e+00
2.170510825783600772e+00
2.170510825783593223e+00
2.163661831647175848e+00
2.163661831647167411e+00
2.161879860723138425e+00
2.161879860723133984e+00
2.108671746165749372e+00
2.108671746165737826e+00
2.093828595904093870e+00
2.093828595904086320e+00
2.085507263359883456e+00
2.085507263359879904e+00
2.078988193724016664e+00
2.078988193724010003e+00
2.044617034790507493e+00
2.044617034790495946e+00
2.033446983783484541e+00
2.033446983783476991e+00
2.015161453972320160e+00
2.015161453972315275e+00
2.007029888436856258e+00
2.007029888436847820e+00
2.000100282729652790e+00
2.000100282729649237e+00
2.000000000000031974e+00
2.000000000000004885e+00
2.000000000000004441e+00
2.000000000000003997e+00
2.000000000000003109e+00
2.000000000000003109e+00
2.000000000000003109e+00
2.000000000000002665e+00
2.000000000000002665e+00
2.000000000000002665e+00
2.000000000000001776e+00
2.000000000000001332e+00
2.000000000000001332e+00
2.000000000000000888e+00
2.000000000000000000e+00
1.999999999999999556e+00
1.999999999999999556e+00
1.999999999999998890e+00
1.999999999999998224e+00
1.999999999999998002e+00
1.999999999999997780e+00
1.999999999999996447e+00
1.999999999999996225e+00
1.999999999999995337e+00
1.999999999999995337e+00
1.999999999999994671e+00
1.999999999999994449e+00
1.999999999999992895e+00
1.999999999999991784e+00
1.999999999999991562e+00
1.999999999999981126e+00
1.999999999999965361e+00
1.999981504952296207e+00
1.999981504952284883e+00
1.999925664154640570e+00
1.999925664154624361e+00
1.999510937400098332e+00
1.999510937400072130e+00
1.998634732142354098e+00
1.998634732142352544e+00
1.998507071181981232e+00
1.998507071181978345e+00
1.998417804678045639e+00
1.998417804678044973e+00
1.998260194084821029e+00
1.998260194084819474e+00
1.996950804698642390e+00
1.996950804698636617e+00
1.993552177224895861e+00
1.993552177224894084e+00
1.988704797002489810e+00
1.988704797002481151e+00
1.987036470062073290e+00
1.987036470062067073e+00
1.984327443686693115e+00
1.984327443686643155e+00
1.980346467389913379e+00
1.980346467389910048e+00
1.977848875576978527e+00
1.977848875576972310e+00
1.976064884850620818e+00
1.976064884850615266e+00
1.970196370227067728e+00
1.970196370227062177e+00
1.967979204557915418e+00
1.967979204557906536e+00
1.963050415817774175e+00
1.963050415817769956e+00
1.959034112018277041e+00
1.959034112018270823e+00
1.953262575961856262e+00
1.953262575961847158e+00
1.951965686865472227e+00
1.951965686865471117e+00
1.944658573098268173e+00
1.944658573098265508e+00
1.942669822814054870e+00
1.942669822814048430e+00
1.940287241665439533e+00
1.940287241665434648e+00
1.939656988657772807e+00
1.939656988657767922e+00
1.923384111285860509e+00
1.923384111285848741e+00
1.917208097027545355e+00
1.917208097027539582e+00
1.902921243193588463e+00
1.902921243193583800e+00
1.893656036076335925e+00
1.893656036076330818e+00
1.886617698176271674e+00
1.886617698176264568e+00
1.876514247417639059e+00
1.876514247417608861e+00
1.862717758716100791e+00
1.862717758716094352e+00
1.853377125588898444e+00
1.853377125588890451e+00
1.847670030492264415e+00
1.847670030492255089e+00
1.842744121088207843e+00
1.842744121088194742e+00
1.824889511328375180e+00
1.824889511328355862e+00
1.797659267365944613e+00
1.797659267365942615e+00
1.790306249472084721e+00
1.790306249472078948e+00
1.765108390640920399e+00
1.765108390640915514e+00
1.760023573144999798e+00
1.760023573144994025e+00
1.751559776923672151e+00
1.751559776923652612e+00
1.732050807568881412e+00
1.732050807568878747e+00
1.731598999487968804e+00
1.731598999487966362e+00
1.730793277479796055e+00
1.730793277479782288e+00
1.729626234937232443e+00
1.729626234937227558e+00
1.728680775827777794e+00
1.728680775827771354e+00
1.728114040784730854e+00
1.728114040784708871e+00
1.726083384758833716e+00
1.726083384758821726e+00
1.720952878247144602e+00
1.720952878247134832e+00
1.709351513147293389e+00
1.709351513147291168e+00
1.698346193969926254e+00
1.698346193969912488e+00
1.690280061064105777e+00
1.690280061064081130e+00
1.674378722907049255e+00
1.674378722907020167e+00
1.657014732787349454e+00
1.657014732787343236e+00
1.652156755297839341e+00
1.652156755297827129e+00
1.648926805408377216e+00
1.648926805408327034e+00
1.642897631785841250e+00
1.642897631785838586e+00
1.618033988749896679e+00
1.618033988749893570e+00
1.618033988749892682e+00
1.618033988749892016e+00
1.605276246201264190e+00
1.605276246201258861e+00
1.592411638917827776e+00
1.592411638917805128e+00
1.590243586913239415e+00
1.590243586913229645e+00
1.579185602834517255e+00
1.579185602834512592e+00
1.576389863210251541e+00
1.576389863210250208e+00
1.569929760975161681e+00
1.569929760975159461e+00
1.561244833467132054e+00
1.561244833467126725e+00
1.547873809634960685e+00
1.547873809634956466e+00
1.536139700071347258e+00
1.536139700071346370e+00
1.516442478077661526e+00
1.516442478077653311e+00
1.497737623105597216e+00
1.497737623105583227e+00
1.489288050269203634e+00
1.489288050269200303e+00
1.475770723535472451e+00
1.475770723535466233e+00
1.456870561862960045e+00
1.456870561862954716e+00
1.454663647035624896e+00
1.454663647035622676e+00
1.443625230669969284e+00
1.443625230669964177e+00
1.419401715585838053e+00
1.419401715585833612e+00
1.415591300552547782e+00
1.415591300552502263e+00
1.414213562373106248e+00
1.414213562373105137e+00
1.414213562373099808e+00
1.414213562373098698e+00
1.414213562373098476e+00
1.414213562373098032e+00
1.414213562373097588e+00
1.414213562373097588e+00
1.414213562373096922e+00
1.414213562373096256e+00
1.414213562373096256e+00
1.414213562373096256e+00
1.414213562373096034e+00
1.414213562373096034e+00
1.414213562373095812e+00
1.414213562373095812e+00
1.414213562373095812e+00
1.414213562373095812e+00
1.414213562373095368e+00
1.414213562373095368e+00
1.414213562373095145e+00
1.414213562373094923e+00
1.414213562373094923e+00
1.414213562373094923e+00
1.414213562373094923e+00
1.414213562373094923e+00
1.414213562373094923e+00
1.414213562373094923e+00
1.414213562373094923e+00
1.414213562373094479e+00
1.414213562373094257e+00
1.414213562373094035e+00
1.414213562373093369e+00
1.414213562373093369e+00
1.414213562373093369e+00
1.414213562373093147e+00
1.414213562373092481e+00
1.414213562373090038e+00
1.414213562373086264e+00
1.414213562373081823e+00
1.414178375018918077e+00
1.414178375018901201e+00
1.414111934739650023e+00
1.414111934739644694e+00
1.413864754218186581e+00
1.413864754218176367e+00
1.413822294960437986e+00
1.413822294960430215e+00
1.413686611016525596e+00
1.413686611016520711e+00
1.413289911393246667e+00
1.413289911393243559e+00
1.412926576878673623e+00
1.412926576878657636e+00
1.412561596322268631e+00
1.412561596322265967e+00
1.411661772682319294e+00
1.411661772682317739e+00
1.411309337715927592e+00
1.411309337715922707e+00
1.408968410286095096e+00
1.408968410286087103e+00
1.406560223199413651e+00
1.406560223199407211e+00
1.405814913161881785e+00
1.405814913161869129e+00
1.403196811043129211e+00
1.403196811043121217e+00
1.402895574498328468e+00
1.402895574498306264e+00
1.398348701053782062e+00
1.398348701053773624e+00
1.395275152906457095e+00
1.395275152906450655e+00
1.389500820874253195e+00
1.389500820874247422e+00
1.385413606720301782e+00
1.385413606720297119e+00
1.383731718946330291e+00
1.383731718946324296e+00
1.382520555824782171e+00
1.382520555824776620e+00
1.372484613136035980e+00
1.372484613136033760e+00
1.368498877631304955e+00
1.368498877631303623e+00
1.366150354972861525e+00
1.366150354972855974e+00
1.365142168332363903e+00
1.365142168332362349e+00
1.363083641794982093e+00
1.363083641794979650e+00
1.345944331519955073e+00
1.345944331519948189e+00
1.339298671508972305e+00
1.339298671508966310e+00
1.335654716260100461e+00
1.335654716260097130e+00
1.333765513537896075e+00
1.333765513537893410e+00
1.323444294150569966e+00
1.323444294150564193e+00
1.321601963219917630e+00
1.321601963219909415e+00
1.318320951407822683e+00
1.318320951407818020e+00
1.310657025938430253e+00
1.310657025938427589e+00
1.305288933236326665e+00
1.305288933236320226e+00
1.295862902782137338e+00
1.295862902782135562e+00
1.284890230189404736e+00
1.284890230189401850e+00
1.282098713275913182e+00
1.282098713275907853e+00
1.278691602739045363e+00
1.278691602739040922e+00
1.273221347813304094e+00
1.273221347813295878e+00
1.266476365713189667e+00
1.266476365713179009e+00
1.261895412658340154e+00
1.261895412658328608e+00
1.238087498360436189e+00
1.238087498360424199e+00
1.225468518974852872e+00
1.225468518974845544e+00
1.220403555526243577e+00
1.220403555526234030e+00
1.212764607363645775e+00
1.212764607363611358e+00
1.198968390441689014e+00
1.198968390441681686e+00
1.178801859984905054e+00
1.178801859984891953e+00
1.171486721968776790e+00
1.171486721968775457e+00
1.165861271749063510e+00
1.165861271749062844e+00
1.153123570172545742e+00
1.153123570172543744e+00
1.134896213797842002e+00
1.134896213797828901e+00
1.119931754549037928e+00
1.119931754549025493e+00
1.110299470921879417e+00
1.110299470921878084e+00
1.108569763728949109e+00
1.108569763728934010e+00
1.097748305534574698e+00
1.097748305534560709e+00
1.091730223543635470e+00
1.091730223543629030e+00
1.070470726447863008e+00
1.070470726447860343e+00
1.067639053295206697e+00
1.067639053295205143e+00
1.060628018994785648e+00
1.060628018994785426e+00
1.051986362032132583e+00
1.051986362032111044e+00
1.029541992265189165e+00
1.029541992265180061e+00
1.010954389417071608e+00
1.010954389417069166e+00
1.005278038197905843e+00
1.005278038197903401e+00
1.004057324857039912e+00
1.004057324857035027e+00
1.001842773049945956e+00
1.001842773049933077e+00
1.000000000000070832e+00
1.000000000000044853e+00
1.000000000000043521e+00
1.000000000000020206e+00
1.000000000000016875e+00
1.000000000000014211e+00
1.000000000000012657e+00
1.000000000000011324e+00
1.000000000000010436e+00
1.000000000000008660e+00
1.000000000000007550e+00
1.000000000000003331e+00
1.000000000000003331e+00
1.000000000000003109e+00
1.000000000000002887e+00
1.000000000000002887e+00
1.000000000000002220e+00
1.000000000000001998e+00
1.000000000000001554e+00
1.000000000000001554e+00
1.000000000000001554e+00
1.000000000000001554e+00
1.000000000000001332e+00
1.000000000000001332e+00
1.000000000000001332e+00
1.000000000000001332e+00
1.000000000000001110e+00
1.000000000000001110e+00
1.000000000000001110e+00
1.000000000000001110e+00
1.000000000000001110e+00
1.000000000000001110e+00
1.000000000000001110e+00
1.000000000000001110e+00
1.000000000000001110e+00
1.000000000000001110e+00
1.000000000000001110e+00
1.000000000000000888e+00
1.000000000000000888e+00
1.000000000000000888e+00
1.000000000000000888e+00
1.000000000000000888e+00
1.000000000000000666e+00
1.000000000000000666e+00
1.000000000000000666e+00
1.000000000000000666e+00
1.000000000000000666e+00
1.000000000000000666e+00
1.000000000000000666e+00
1.000000000000000666e+00
1.000000000000000666e+00
1.000000000000000666e+00
1.000000000000000666e+00
1.000000000000000666e+00
1.000000000000000666e+00
1.000000000000000666e+00
1.000000000000000666e+00
1.000000000000000666e+00
1.000000000000000666e+00
1.000000000000000666e+00
1.000000000000000666e+00
1.000000000000000666e+00
1.000000000000000666e+00
1.000000000000000666e+00
1.000000000000000444e+00
1.000000000000000444e+00
1.000000000000000444e+00
1.000000000000000444e+00
1.000000000000000444e+00
1.000000000000000444e+00
1.000000000000000444e+00
1.000000000000000444e+00
1.000000000000000444e+00
1.000000000000000444e+00
1.000000000000000444e+00
1.000000000000000444e+00
1.000000000000000444e+00
1.000000000000000444e+00
1.000000000000000222e+00
1.000000000000000222e+00
1.000000000000000222e+00
1.000000000000000222e+00
1.000000000000000222e+00
1.000000000000000222e+00
1.000000000000000222e+00
1.000000000000000222e+00
1.000000000000000222e+00
1.000000000000000222e+00
1.000000000000000222e+00
1.000000000000000222e+00
1.000000000000000222e+00
1.000000000000000222e+00
1.000000000000000222e+00
1.000000000000000222e+00
1.000000000000000222e+00
1.000000000000000222e+00
1.000000000000000222e+00
1.000000000000000222e+00
1.000000000000000222e+00
1.000000000000000222e+00
1.000000000000000222e+00
1.000000000000000222e+00
1.000000000000000222e+00
1.000000000000000222e+00
1.000000000000000222e+00
1.000000000000000222e+00
1.000000000000000222e+00
1.000000000000000222e+00
1.000000000000000222e+00
1.000000000000000222e+00
1.000000000000000222e+00
1.000000000000000222e+00
1.000000000000000222e+00
1.000000000000000222e+00
1.000000000000000222e+00
1.000000000000000222e+00
1.000000000000000222e+00
1.000000000000000222e+00
1.000000000000000000e+00
1.000000000000000000e+00
1.000000000000000000e+00
1.000000000000000000e+00
1.000000000000000000e+00
1.000000000000000000e+00
1.000000000000000000e+00
1.000000000000000000e+00
1.000000000000000000e+00
1.000000000000000000e+00
1.000000000000000000e+00
1.000000000000000000e+00
1.000000000000000000e+00
1.000000000000000000e+00
1.000000000000000000e+00
1.000000000000000000e+00
1.000000000000000000e+00
1.000000000000000000e+00
1.000000000000000000e+00
1.000000000000000000e+00
1.000000000000000000e+00
9.999999999999998890e-01
9.999999999999998890e-01
9.999999999999998890e-01
9.999999999999998890e-01
9.999999999999998890e-01
9.999999999999998890e-01
9.999999999999998890e-01
9.999999999999998890e-01
9.999999999999998890e-01
9.999999999999998890e-01
9.999999999999998890e-01
9.999999999999998890e-01
9.999999999999998890e-01
9.999999999999998890e-01
9.999999999999998890e-01
9.999999999999998890e-01
9.999999999999998890e-01
9.999999999999997780e-01
9.999999999999997780e-01
9.999999999999997780e-01
9.999999999999997780e-01
9.999999999999997780e-01
9.999999999999997780e-01
9.999999999999997780e-01
9.999999999999997780e-01
9.999999999999997780e-01
9.999999999999997780e-01
9.999999999999997780e-01
9.999999999999997780e-01
9.999999999999997780e-01
9.999999999999997780e-01
9.999999999999997780e-01
9.999999999999997780e-01
9.999999999999997780e-01
9.999999999999997780e-01
9.999999999999997780e-01
9.999999999999997780e-01
9.999999999999997780e-01
9.999999999999997780e-01
9.999999999999995559e-01
9.999999999999995559e-01
9.999999999999995559e-01
9.999999999999995559e-01
9.999999999999995559e-01
9.999999999999995559e-01
9.999999999999995559e-01
9.999999999999995559e-01
9.999999999999995559e-01
9.999999999999995559e-01
9.999999999999995559e-01
9.999999999999995559e-01
9.999999999999995559e-01
9.999999999999995559e-01
9.999999999999995559e-01
9.999999999999994449e-01
9.999999999999994449e-01
9.999999999999994449e-01
9.999999999999994449e-01
9.999999999999994449e-01
9.999999999999994449e-01
9.999999999999994449e-01
9.999999999999994449e-01
9.999999999999994449e-01
9.999999999999994449e-01
9.999999999999994449e-01
9.999999999999994449e-01
9.999999999999994449e-01
9.999999999999994449e-01
9.999999999999994449e-01
9.999999999999994449e-01
9.999999999999994449e-01
9.999999999999994449e-01
9.999999999999994449e-01
9.999999999999994449e-01
9.999999999999994449e-01
9.999999999999994449e-01
9.999999999999993339e-01
9.999999999999993339e-01
9.999999999999993339e-01
9.999999999999993339e-01
9.999999999999993339e-01
9.999999999999991118e-01
9.999999999999991118e-01
9.999999999999991118e-01
9.999999999999991118e-01
9.999999999999991118e-01
9.999999999999991118e-01
9.999999999999991118e-01
9.999999999999990008e-01
9.999999999999990008e-01
9.999999999999990008e-01
9.999999999999990008e-01
9.999999999999990008e-01
9.999999999999990008e-01
9.999999999999988898e-01
9.999999999999988898e-01
9.999999999999988898e-01
9.999999999999988898e-01
9.999999999999988898e-01
9.999999999999988898e-01
9.999999999999988898e-01
9.999999999999988898e-01
9.999999999999988898e-01
9.999999999999988898e-01
9.999999999999986677e-01
9.999999999999985567e-01
9.999999999999985567e-01
9.999999999999985567e-01
9.999999999999984457e-01
9.999999999999982236e-01
9.999999999999980016e-01
9.999999999999980016e-01
9.999999999999975575e-01
9.999999999999967804e-01
9.999999999999944489e-01
9.999999999999937828e-01
9.999999999999908962e-01
9.999999999999886757e-01
9.999999999999872324e-01
9.999999999999859002e-01
9.999999999999849010e-01
9.999999999999831246e-01
9.999999999999616973e-01
9.999999999999598099e-01
9.999999999999310552e-01
9.999973287728673998e-01
9.999973287728632920e-01
9.999413854259067147e-01
9.999413854259047163e-01
9.998841654001413559e-01
9.998841654001370260e-01
9.997817379879028188e-01
9.997817379878973787e-01
9.997756729413426191e-01
9.997756729413362908e-01
9.997581883662964852e-01
9.997581883662807201e-01
9.997193402355500913e-01
9.997193402355476488e-01
9.996626373923542808e-01
9.996626373923451769e-01
9.994027819887186803e-01
9.994027819887172370e-01
9.991083004821689206e-01
9.991083004821641467e-01
9.990245010889821087e-01
9.990245010889744481e-01
9.989355200034725213e-01
9.989355200034694127e-01
9.979668492926959678e-01
9.979668492926904166e-01
9.973886863057292995e-01
9.973886863057254137e-01
9.970897217836665050e-01
9.970897217836625082e-01
9.964210358649077115e-01
9.964210358649010502e-01
9.960827991617474675e-01
9.960827991617452470e-01
9.956617496467948802e-01
9.956617496467782269e-01
9.938670635903803507e-01
9.938670635903781303e-01
9.927329090906162889e-01
9.927329090906154008e-01
9.919430060078640032e-01
9.919430060078625599e-01
9.911160205896901720e-01
9.911160205896880626e-01
9.908313919328904928e-01
9.908313919328853858e-01
9.902250498412560331e-01
9.902250498412524804e-01
9.890515127721956068e-01
9.890515127721919431e-01
9.885574387309765676e-01
9.885574387309699063e-01
9.861939568327268146e-01
9.861939568327240391e-01
9.856948644184223562e-01
9.856948644184210240e-01
9.844299228902407828e-01
9.844299228902386734e-01
9.841239976436477743e-01
9.841239976436459980e-01
9.817013258369200468e-01
9.817013258369119422e-01
9.813590906268907510e-01
9.813590906268877534e-01
9.810084428204972617e-01
9.810084428204940421e-01
9.792839206180335987e-01
9.792839206180314893e-01
9.774433656606820175e-01
9.774433656606802412e-01
9.734750992978012940e-01
9.734750992977936335e-01
9.733370234541219856e-01
9.733370234541173227e-01
9.715612959209742883e-01
9.715612959209707356e-01
9.676231053971782181e-01
9.676231053971746654e-01
9.660751853127658162e-01
9.660751853127642619e-01
9.637662863969430616e-01
9.637662863969377325e-01
9.603332430173312506e-01
9.603332430173292522e-01
9.577251535288102691e-01
9.577251535288092699e-01
9.565046720890690857e-01
9.565046720890677534e-01
9.544711344196546987e-01
9.544711344196525893e-01
9.539911440700722389e-01
9.539911440700672429e-01
9.356495588470946645e-01
9.356495588470924440e-01
9.350980719299808452e-01
9.350980719299757382e-01
9.279500195293565179e-01
9.279500195293493015e-01
9.259114810056392475e-01
9.259114810056350287e-01
9.209156540192776630e-01
9.209156540192702245e-01
9.161012844437015357e-01
9.161012844436979830e-01
9.111922077656009478e-01
9.111922077655919550e-01
9.092360399985501829e-01
9.092360399985448538e-01
9.043982988555309133e-01
9.043982988555285818e-01
9.023697041776940209e-01
9.023697041776911343e-01
8.971092723698956828e-01
8.971092723698919080e-01
8.851631965059653107e-01
8.851631965059632012e-01
8.798956375728834711e-01
8.798956375728813617e-01
8.759197154343109082e-01
8.759197154343081326e-01
8.710764617241563146e-01
8.710764617241529839e-01
8.618789476031769592e-01
8.618789476031719632e-01
8.557338718982973047e-01
8.557338718982939740e-01
8.501797652209690526e-01
8.501797652209630574e-01
8.495616067537469229e-01
8.495616067537413718e-01
8.433131205580935985e-01
8.433131205580854939e-01
8.407535015470198880e-01
8.407535015470153361e-01
8.147195481373480375e-01
8.147195481373434855e-01
8.051353806548590120e-01
8.051353806548531278e-01
7.995314378477779149e-01
7.995314378477667017e-01
7.931662328440701737e-01
7.931662328440678422e-01
7.893031421431904171e-01
7.893031421431898620e-01
7.818435980176702271e-01
7.818435980176655642e-01
7.675549359988199649e-01
7.675549359988189657e-01
7.653200849834674857e-01
7.653200849834643771e-01
7.520213791682955895e-01
7.520213791682917037e-01
7.380067545643451687e-01
7.380067545643350657e-01
7.349182555180654441e-01
7.349182555180346910e-01
7.332455427497868161e-01
7.332455427497661660e-01
7.261537596464818778e-01
7.261537596464721078e-01
7.248010175790725595e-01
7.248010175790708942e-01
7.148945336403899065e-01
7.148945336403831341e-01
7.105305795759410126e-01
7.105305795759355725e-01
7.053859539882776364e-01
7.053859539882753049e-01
6.958919064586682746e-01
6.958919064586671643e-01
6.893977883299416964e-01
6.893977883299140519e-01
6.828541757088831821e-01
6.828541757088453235e-01
6.788278851003519687e-01
6.788278851003395342e-01
6.651174305322595792e-01
6.651174305319030866e-01
6.513769989833158025e-01
6.513769989832941532e-01
6.465993910966553182e-01
6.465993910966285618e-01
6.311862587567864669e-01
6.311862587567850236e-01
6.221403367991940048e-01
6.221403367991730216e-01
6.180339887499015639e-01
6.180339887498961238e-01
6.180339887498933482e-01
6.180339887498870199e-01
6.144213488089109720e-01
6.144213488088111630e-01
6.134883361648835187e-01
6.134883361648815203e-01
6.106095561139601724e-01
6.106095561139527339e-01
6.100505547896214464e-01
6.100505547895980207e-01
5.877079584362895348e-01
5.877079584362675524e-01
5.814187583646960311e-01
5.814187583646760471e-01
5.695024875110825668e-01
5.695024875110701323e-01
5.622309603497471775e-01
5.622309603497465114e-01
5.507521579322349758e-01
5.507521579321617011e-01
5.497093670972552637e-01
5.497093670972491575e-01
5.459466957163227052e-01
5.459466957162955048e-01
5.402686070279513197e-01
5.402686070279377750e-01
5.267611824720498381e-01
5.267611824720442870e-01
5.099113605025473728e-01
5.099113605024407914e-01
5.051504590601557654e-01
5.051504590600627287e-01
5.030667648404925085e-01
5.030667648404907322e-01
4.984369336949400209e-01
4.984369336948510920e-01
4.844145112959525878e-01
4.844145112959087340e-01
4.644251633437467830e-01
4.644251633437453397e-01
4.463896549079486298e-01
4.463896549079337528e-01
4.392339273392254495e-01
4.392339273392215082e-01
4.376915309480770011e-01
4.376915309480625127e-01
4.368965817954051367e-01
4.368965817953927577e-01
3.909951976437153198e-01
3.909951976437149312e-01
3.847683519984326783e-01
3.847683519984053668e-01
3.746528311236843600e-01
3.746528311236822506e-01
3.713668971883705705e-01
3.713668971883700154e-01
3.478918259848667871e-01
3.478918259848314265e-01
3.323685563182420255e-01
3.323685563182345315e-01
3.044470462803006150e-01
3.044470462802992827e-01
2.958242860907857041e-01
2.958242860907824290e-01
2.715688395263652910e-01
2.715688395263499699e-01
2.646870150094727814e-01
2.646870150094704499e-01
2.527765664582773408e-01
2.527765664582611871e-01
1.930784746800234541e-01
1.930784746800228713e-01
1.833769252078712164e-01
1.833769252078668865e-01
1.722835253653486054e-01
1.722835253653325072e-01
1.679621227872640232e-01
1.679621227872526157e-01
1.553604627713054687e-01
1.553604627713037478e-01
1.480441684165035021e-01
1.480441684165023364e-01
1.401512858096865544e-01
1.401512858096858605e-01
1.200544868912015312e-01
1.200544868912007124e-01
3.507538008159365259e-03
3.507538008158519148e-03
3.497130847723172994e-13
2.604427861422494075e-13
2.346114454986642804e-13
2.162535600742341615e-13
1.959640972639277348e-13
1.558130437825251361e-13
1.445669969981688462e-13
1.356339782122812093e-13
1.245668117753309115e-13
1.045047314625698435e-13
