# Singular values
2.015335831076963871e+02
2.015335831076963018e+02
1.291363590956720202e+02
1.291363590956719918e+02
7.938371297477713995e+01
7.938371297477713995e+01
6.971199972388511412e+01
6.971199972388478727e+01
5.982828804960526980e+01
5.982828804960524849e+01
5.206884083474345459e+01
5.206884083474324854e+01
3.826225293941804750e+01
3.826225293941799777e+01
3.510976002443888433e+01
3.510976002443883459e+01
2.729744034013107878e+01
2.729744034013105747e+01
2.621830280106903643e+01
2.621830280106895827e+01
2.356329741483502715e+01
2.356329741483501650e+01
2.196975632713494875e+01
2.196975632713494520e+01
2.013977917854736788e+01
2.013977917854735011e+01
1.932755660642575535e+01
1.932755660642569850e+01
1.802609327003973405e+01
1.802609327003963458e+01
1.772260543425488066e+01
1.772260543425486645e+01
1.588275799329143467e+01
1.588275799329133342e+01
1.568777296699855128e+01
1.568777296699841450e+01
1.564667442502588557e+01
1.564667442502583938e+01
1.378213682052070865e+01
1.378213682052068023e+01
1.344139497770579439e+01
1.344139497770573399e+01
1.173839297759083600e+01
1.173839297759080758e+01
9.465093746089500826e+00
9.465093746089491944e+00
8.832536219032423475e+00
8.832536219032418146e+00
8.567875579689834709e+00
8.567875579689829380e+00
8.231174817007875788e+00
8.231174817007623545e+00
7.225054185761950798e+00
7.225054185761949910e+00
6.891135827236801958e+00
6.891135827236799294e+00
6.755179056691080319e+00
6.755179056691034134e+00
6.543875404775138627e+00
6.543875404775132409e+00
6.082762530298226444e+00
6.082762530298222003e+00
6.000000000000009770e+00
6.000000000000007994e+00
6.000000000000003553e+00
6.000000000000001776e+00
5.886889477600977472e+00
5.886889477600977472e+00
5.837949799687138785e+00
5.837949799687130792e+00
5.386809147682336096e+00
5.386809147682327215e+00
5.172956150282107757e+00
5.172956150282105092e+00
5.106008638077407014e+00
5.106008638077381256e+00
4.976705340493061236e+00
4.976705340493052354e+00
4.594871704149761982e+00
4.594871704149746883e+00
4.570899209406380947e+00
4.570899209406378283e+00
4.181858220608602572e+00
4.181858220608598131e+00
4.155317354445820399e+00
4.155317354445819511e+00
4.008288035459877996e+00
4.008288035459876220e+00
4.000000000000041744e+00
3.999999999999997335e+00
3.996954424947142925e+00
3.996954424947130491e+00
3.872304851030542228e+00
3.872304851030529349e+00
3.798847091429771616e+00
3.798847091429743195e+00
3.741657386773943994e+00
3.741657386773936000e+00
3.614405928553096725e+00
3.614405928553095393e+00
3.286051537114204724e+00
3.286051537114200727e+00
3.212863047718738763e+00
3.212863047718734322e+00
3.162277660168383520e+00
3.162277660168382631e+00
3.162277660168382631e+00
3.162277660168381299e+00
3.162277660168379967e+00
3.162277660168379523e+00
3.162277660168379523e+00
3.162277660168377302e+00
3.000000000000000000e+00
2.999999999999999112e+00
2.999999999999998224e+00
2.999999999999996447e+00
2.866891507804234518e+00
2.866891507804226968e+00
2.828427124746193400e+00
2.828427124746190291e+00
2.735203596285934236e+00
2.735203596285892491e+00
2.673237149016888470e+00
2.673237149016886693e+00
2.641874667201740579e+00
2.641874667201734805e+00
2.604331035635798486e+00
2.604331035635796709e+00
2.559448095301525061e+00
2.559448095301513071e+00
2.530018097148090561e+00
2.530018097148085676e+00
2.490009387764072102e+00
2.490009387763902016e+00
2.449489742783182322e+00
2.449489742783177437e+00
2.261006755808470547e+00
2.261006755808469659e+00
2.233003345156577168e+00
2.233003345156577168e+00
2.223616267636968402e+00
2.223616267636960409e+00
2.211084809588008238e+00
2.211084809588002908e+00
2.113523356245193607e+00
2.113523356245090135e+00
2.089685057471235119e+00
2.089685057471200924e+00
2.056550765680360993e+00
2.056550765680355219e+00
2.000000000000001332e+00
2.000000000000000444e+00
2.000000000000000444e+00
2.000000000000000000e+00
1.996780094349265067e+00
1.996780094349257517e+00
1.978126824319500487e+00
1.978126824319493382e+00
1.897460263711974404e+00
1.897460263711548745e+00
1.871772586993178056e+00
1.871772586993171616e+00
1.842933424020520627e+00
1.842933424020520183e+00
1.801636933427165355e+00
1.801636933427162690e+00
1.731025876102842975e+00
1.731025876102837868e+00
1.730655236463196189e+00
1.730655236463192415e+00
1.707995301957837109e+00
1.707995301957830891e+00
1.694028927049832101e+00
1.694028927049820110e+00
1.618033988749896235e+00
1.618033988749896013e+00
1.618033988749895125e+00
1.618033988749894236e+00
1.611946148385237976e+00
1.611946148385236866e+00
1.414213562373147992e+00
1.414213562373098254e+00
1.414213562373098032e+00
1.414213562373098032e+00
1.414213562373097588e+00
1.414213562373096922e+00
1.414213562373096034e+00
1.414213562373096034e+00
1.414213562373096034e+00
1.414213562373096034e+00
1.414213562373096034e+00
1.414213562373095812e+00
1.414213562373095812e+00
1.414213562373095590e+00
1.414213562373095590e+00
1.414213562373095368e+00
1.414213562373095368e+00
1.414213562373095368e+00
1.414213562373095368e+00
1.414213562373095145e+00
1.414213562373095145e+00
1.414213562373095145e+00
1.414213562373095145e+00
1.414213562373094923e+00
1.414213562373094923e+00
1.414213562373094479e+00
1.414213562373094479e+00
1.414213562373094257e+00
1.414213562373094035e+00
1.414213562373054067e+00
1.413271943115955720e+00
1.413271943115935514e+00
1.409039428958997586e+00
1.409039428958994034e+00
1.404598341458374033e+00
1.404598341458368926e+00
1.399154650131809952e+00
1.399154650131794408e+00
1.394223187720281087e+00
1.394223187720279533e+00
1.383637043516250165e+00
1.383637043516249721e+00
1.371334884613672589e+00
1.371334884613666372e+00
1.337539388397895435e+00
1.337539388397888107e+00
1.331796217490194278e+00
1.331796217490188061e+00
1.328361702668700906e+00
1.328361702668695354e+00
1.303562510512238815e+00
1.303562510512237038e+00
1.259643303588251939e+00
1.259643303588248830e+00
1.257298401782194208e+00
1.257298401782185771e+00
1.242433616070212299e+00
1.242433616070209856e+00
1.038773767060130693e+00
1.038773767060124475e+00
1.000891492972399544e+00
1.000891492972395547e+00
1.000000000000228262e+00
1.000000000000033751e+00
1.000000000000032196e+00
1.000000000000018208e+00
1.000000000000013989e+00
1.000000000000011768e+00
1.000000000000007994e+00
1.000000000000005773e+00
1.000000000000004885e+00
1.000000000000004663e+00
1.000000000000003331e+00
1.000000000000002665e+00
1.000000000000001332e+00
1.000000000000000888e+00
1.000000000000000666e+00
1.000000000000000666e+00
1.000000000000000666e+00
1.000000000000000666e+00
1.000000000000000666e+00
1.000000000000000666e+00
1.000000000000000666e+00
1.000000000000000444e+00
1.000000000000000444e+00
1.000000000000000444e+00
1.000000000000000444e+00
1.000000000000000444e+00
1.000000000000000444e+00
1.000000000000000444e+00
1.000000000000000444e+00
1.000000000000000444e+00
1.000000000000000222e+00
1.000000000000000222e+00
1.000000000000000222e+00
1.000000000000000222e+00
1.000000000000000222e+00
1.000000000000000222e+00
1.000000000000000222e+00
1.000000000000000222e+00
1.000000000000000222e+00
1.000000000000000222e+00
1.000000000000000222e+00
1.000000000000000222e+00
1.000000000000000222e+00
1.000000000000000000e+00
1.000000000000000000e+00
1.000000000000000000e+00
1.000000000000000000e+00
1.000000000000000000e+00
1.000000000000000000e+00
1.000000000000000000e+00
1.000000000000000000e+00
1.000000000000000000e+00
1.000000000000000000e+00
1.000000000000000000e+00
1.000000000000000000e+00
1.000000000000000000e+00
9.999999999999998890e-01
9.999999999999998890e-01
9.999999999999998890e-01
9.999999999999998890e-01
9.999999999999998890e-01
9.999999999999998890e-01
9.999999999999998890e-01
9.999999999999998890e-01
9.999999999999998890e-01
9.999999999999998890e-01
9.999999999999998890e-01
9.999999999999998890e-01
9.999999999999998890e-01
9.999999999999998890e-01
9.999999999999998890e-01
9.999999999999998890e-01
9.999999999999998890e-01
9.999999999999996669e-01
9.999999999999996669e-01
9.999999999999996669e-01
9.999999999999996669e-01
9.999999999999996669e-01
9.999999999999996669e-01
9.999999999999996669e-01
9.999999999999996669e-01
9.999999999999995559e-01
9.999999999999995559e-01
9.999999999999995559e-01
9.999999999999995559e-01
9.999999999999995559e-01
9.999999999999995559e-01
9.999999999999995559e-01
9.999999999999995559e-01
9.999999999999995559e-01
9.999999999999995559e-01
9.999999999999995559e-01
9.999999999999993339e-01
9.999999999999993339e-01
9.999999999999993339e-01
9.999999999999993339e-01
9.999999999999993339e-01
9.999999999999993339e-01
9.999999999999990008e-01
9.999999999999990008e-01
9.999999999999985567e-01
9.999999999999980016e-01
9.999999999999976685e-01
9.999999999999976685e-01
9.999999999999953371e-01
9.999999999999946709e-01
9.999999999999944489e-01
9.999999999999907851e-01
9.999999999999892308e-01
9.999999999999888978e-01
9.999999999999797939e-01
9.999999999999689138e-01
9.999999999999633626e-01
9.999999999997726263e-01
9.999087338539534020e-01
9.999087338539509595e-01
9.995105927662132350e-01
9.995105927662001344e-01
9.983193416488836958e-01
9.983193416488655991e-01
9.980755274830400703e-01
9.980755274830377388e-01
9.969161637078178817e-01
9.969161637078172156e-01
9.946611474498603389e-01
9.946611474498572303e-01
9.926881546960000247e-01
9.926881546959893665e-01
9.891750047223712983e-01
9.891750047223669684e-01
9.887721878252501151e-01
9.887721878252484498e-01
9.799429009882281161e-01
9.799429009882230091e-01
9.791259038995949737e-01
9.791259038994888364e-01
9.696966265617971148e-01
9.696966265617943392e-01
9.662437708928439672e-01
9.662437708928436342e-01
9.600619953313704880e-01
9.600619953313682675e-01
9.522794259703571962e-01
9.522794259703558639e-01
9.208786453661973459e-01
9.208786453661953475e-01
9.148949406618797076e-01
9.148949406618784863e-01
8.117393652278127592e-01
8.117393652275002314e-01
7.206955108037129687e-01
7.206955108037076396e-01
6.180339887498973450e-01
6.180339887498962348e-01
6.180339887498944584e-01
6.180339887498937923e-01
6.113405732436653084e-01
6.113405732436609785e-01
6.077253948760240609e-01
6.077253948760115154e-01
5.337649998906713877e-01
5.337649998906702775e-01
5.240465302005175019e-01
5.240465302005155035e-01
5.058720816831566713e-01
5.058720816831516753e-01
2.680350249116462691e-01
2.680350249116424388e-01
4.451683034229066138e-02
4.451683034228943320e-02
