# Singular values
4.175169909200816321e+00
4.175169909200816321e+00
3.333935076067929604e+00
3.333935076067927827e+00
3.162277660168380411e+00
3.162277660168380411e+00
2.828427124746191179e+00
2.828427124746190291e+00
2.828427124746189847e+00
2.828427124746189847e+00
2.797932651931815951e+00
2.797932651931811510e+00
2.506316443964616614e+00
2.506316443964615726e+00
2.449489742783176993e+00
2.449489742783176549e+00
2.362464840389528753e+00
2.362464840389526977e+00
1.473625758207901315e+00
1.473625758207901093e+00
1.414213562373095812e+00
1.414213562373095590e+00
1.414213562373095368e+00
1.414213562373095368e+00
1.414213562373095368e+00
1.414213562373094923e+00
1.414213562373094479e+00
1.414213562373094479e+00
1.219577969590015298e+00
1.219577969590014632e+00
1.000000000000000444e+00
1.000000000000000222e+00
1.000000000000000222e+00
1.000000000000000222e+00
1.000000000000000222e+00
9.999999999999998890e-01
9.999999999999998890e-01
9.999999999999997780e-01
9.999999999999997780e-01
9.999999999999997780e-01
9.999999999999996669e-01
9.999999999999996669e-01
9.999999999999996669e-01
9.999999999999994449e-01
9.933358481537574169e-01
9.933358481537569729e-01
9.171322735858695729e-01
9.171322735858695729e-01
5.241686370953704266e-01
5.241686370953697605e-01
