# Singular values
3.822302970723281135e+01
3.822302970723274029e+01
1.702207366204589079e+01
1.702207366204588013e+01
1.087180177594667008e+01
1.087180177594665764e+01
1.034509334207507791e+01
1.034509334207507791e+01
9.604019743094015737e+00
9.604019743094012185e+00
9.304576714166980622e+00
9.304576714166973517e+00
8.803432010496960558e+00
8.803432010496953453e+00
6.489982555479345550e+00
6.489982555479337556e+00
5.199993865764115597e+00
5.199993865764111156e+00
4.755054041428478762e+00
4.755054041428474321e+00
4.121927185803778926e+00
4.121927185803775373e+00
3.876730047480069885e+00
3.876730047480068109e+00
3.072869049798794272e+00
3.072869049798792940e+00
2.928165499263006843e+00
2.928165499263006399e+00
2.828427124746188515e+00
2.828427124746188071e+00
2.645751311064592493e+00
2.645751311064588940e+00
2.628546053422538442e+00
2.628546053422534889e+00
2.490158150827671335e+00
2.490158150827670891e+00
2.236067977499792470e+00
2.236067977499788029e+00
2.193775187487848832e+00
2.193775187487845724e+00
2.000000000000001332e+00
1.999999999999998002e+00
1.991975039019352689e+00
1.991975039019350024e+00
1.813751989055838010e+00
1.813751989055834901e+00
1.761416002400954861e+00
1.761416002400951752e+00
1.732050807568888073e+00
1.732050807568878081e+00
1.732050807568877859e+00
1.732050807568876305e+00
1.732050807568875639e+00
1.732050807568868089e+00
1.729550082509403230e+00
1.729550082509401898e+00
1.684004455559580560e+00
1.684004455559579672e+00
1.599986795101825399e+00
1.599986795101824288e+00
1.485233615217284031e+00
1.485233615217282477e+00
1.414213562373096478e+00
1.414213562373095590e+00
1.414213562373095590e+00
1.414213562373095145e+00
1.414213562373095145e+00
1.414213562373095145e+00
1.414213562373095145e+00
1.414213562373095145e+00
1.414213562373094923e+00
1.414213562373094923e+00
1.414213562373094923e+00
1.414213562373094257e+00
1.414213562373093591e+00
1.414213562373092037e+00
1.411214292421485661e+00
1.411214292421483885e+00
1.400022784105868778e+00
1.400022784105867668e+00
1.367044343201815337e+00
1.367044343201813783e+00
1.356497075210472580e+00
1.356497075210469916e+00
1.286801030501689258e+00
1.286801030501681931e+00
1.192998008906536178e+00
1.192998008906535734e+00
1.179727151113548533e+00
1.179727151113543648e+00
1.000000000000003553e+00
1.000000000000002665e+00
1.000000000000002220e+00
1.000000000000001110e+00
1.000000000000001110e+00
1.000000000000000888e+00
1.000000000000000666e+00
1.000000000000000666e+00
1.000000000000000444e+00
1.000000000000000222e+00
1.000000000000000222e+00
1.000000000000000222e+00
1.000000000000000222e+00
1.000000000000000222e+00
1.000000000000000222e+00
1.000000000000000222e+00
1.000000000000000222e+00
1.000000000000000222e+00
1.000000000000000222e+00
1.000000000000000222e+00
1.000000000000000000e+00
1.000000000000000000e+00
1.000000000000000000e+00
1.000000000000000000e+00
1.000000000000000000e+00
1.000000000000000000e+00
1.000000000000000000e+00
1.000000000000000000e+00
1.000000000000000000e+00
1.000000000000000000e+00
1.000000000000000000e+00
1.000000000000000000e+00
9.999999999999998890e-01
9.999999999999998890e-01
9.999999999999998890e-01
9.999999999999998890e-01
9.999999999999998890e-01
9.999999999999998890e-01
9.999999999999997780e-01
9.999999999999997780e-01
9.999999999999995559e-01
9.999999999999995559e-01
9.999999999999995559e-01
9.999999999999995559e-01
9.999999999999995559e-01
9.999999999999994449e-01
9.999999999999991118e-01
9.999999999999976685e-01
9.999999999999967804e-01
9.999999999999960032e-01
9.780552417274281929e-01
9.780552417274276378e-01
9.775527890093572703e-01
9.775527890093557160e-01
9.688295666960861086e-01
9.688295666960851094e-01
9.613325121735842860e-01
9.613325121735831758e-01
9.449523658954843697e-01
9.449523658954838146e-01
8.373699192602613861e-01
8.373699192602608310e-01
7.996935008815787560e-01
7.996935008815780899e-01
7.694411292576966988e-01
7.694411292576953665e-01
7.550914969836280966e-01
7.550914969836272084e-01
7.215613811829096891e-01
7.215613811829092450e-01
4.625190039134156605e-01
4.625190039134154385e-01
