# Singular values
2.580088906251156686e+02
2.580088906251154413e+02
1.929852135189715057e+02
1.929852135189714772e+02
9.087676192508682504e+01
9.087676192508671136e+01
8.041021542949921752e+01
8.041021542949917489e+01
5.855642853577376883e+01
5.855642853577371909e+01
5.662442440846669456e+01
5.662442440846653824e+01
4.482651776810739364e+01
4.482651776810738653e+01
4.223742416388574838e+01
4.223742416388566312e+01
4.100000000000007105e+01
4.099999999999997868e+01
4.099188582942382908e+01
4.099188582942356618e+01
3.918291488083833229e+01
3.918291488083831098e+01
3.593000807614652814e+01
3.593000807614650682e+01
3.437512477562878388e+01
3.437512477562876256e+01
3.335443559925655421e+01
3.335443559925587209e+01
3.014828725930658138e+01
3.014828725930653874e+01
2.833294221816703740e+01
2.833294221816700897e+01
2.734204415279036127e+01
2.734204415279030087e+01
2.712250693299029791e+01
2.712250693299020199e+01
2.701059025226255628e+01
2.701059025226253851e+01
2.574531579014930216e+01
2.574531579014927374e+01
2.545536352054537943e+01
2.545536352054535456e+01
2.322385254395292264e+01
2.322385254395279830e+01
2.052785510458221552e+01
2.052785510458220486e+01
1.887691524930184173e+01
1.887691524930180265e+01
1.756523338680462487e+01
1.756523338680459290e+01
1.706635942875011835e+01
1.706635942875005796e+01
1.687420610600480941e+01
1.687420610600458204e+01
1.566081491934028591e+01
1.566081491934020242e+01
1.519997431304900104e+01
1.519997431304899216e+01
1.494531306575398411e+01
1.494531306575393792e+01
1.456917017246632540e+01
1.456917017246631296e+01
1.414148796938630426e+01
1.414148796938627228e+01
1.372833907850785096e+01
1.372833907850780832e+01
1.352310995249997738e+01
1.352310995249974290e+01
1.242687483769220691e+01
1.242687483769219270e+01
1.151992716162569863e+01
1.151992716162567731e+01
1.037847981360647331e+01
1.037847981360640404e+01
1.015703052474070844e+01
1.015703052474048285e+01
8.861868210557863890e+00
8.861868210557856784e+00
8.470950353377215691e+00
8.470950353377213915e+00
8.310896115443263454e+00
8.310896115443259902e+00
7.798170532304290248e+00
7.798170532304279590e+00
7.611528866087398981e+00
7.611528866087151179e+00
7.443359683772555968e+00
7.443359683772542645e+00
7.422035688148975296e+00
7.422035688148953092e+00
7.336673743120184277e+00
7.336673743120075919e+00
7.314636386010092473e+00
7.314636386010073821e+00
6.643295916570141735e+00
6.643295916570015613e+00
6.400312612668454193e+00
6.400312612668441759e+00
6.380911060106487120e+00
6.380911060106457811e+00
6.082762530298242432e+00
6.082762530298216674e+00
5.996069875519951964e+00
5.996069875519943082e+00
5.980155227791541073e+00
5.980155227791525085e+00
5.960308495198076706e+00
5.960308495197976342e+00
5.871920959615353652e+00
5.871920959615277269e+00
5.849236365258517978e+00
5.849236365258505543e+00
5.760617726388645110e+00
5.760617726388495896e+00
5.166844733490047581e+00
5.166844733490029817e+00
4.894672386862081837e+00
4.894672386862064073e+00
4.835078860704374648e+00
4.835078860704370207e+00
4.647010567609753728e+00
4.647010567609740406e+00
4.510287755173644442e+00
4.510287755173642665e+00
4.347777749425864258e+00
4.347777749425860705e+00
4.246653684576261689e+00
4.246653684576257248e+00
4.167398382909174082e+00
4.167398382909145660e+00
4.131892620050748199e+00
4.131892620050706455e+00
4.123105625617673908e+00
4.123105625617657921e+00
4.123064318929468897e+00
4.123064318929458238e+00
4.000000000000006217e+00
4.000000000000001776e+00
3.990937651709108636e+00
3.990937651709035805e+00
3.949233816216492166e+00
3.949233816216488169e+00
3.924852209126300284e+00
3.924852209126273195e+00
3.886620761112055344e+00
3.886620761112052680e+00
3.859976727488843906e+00
3.859976727488824810e+00
3.762167446898892820e+00
3.762167446898883494e+00
3.752930880351359022e+00
3.752930880351335929e+00
3.739929043429006228e+00
3.739929043429000899e+00
3.680450069507854582e+00
3.680450069507846589e+00
3.437216661732245271e+00
3.437216661732244383e+00
3.426520609092926328e+00
3.426520609092921887e+00
3.399326175513956549e+00
3.399326175513917025e+00
3.398192642187093604e+00
3.398192642187064738e+00
3.315901468075976410e+00
3.315901468075975966e+00
3.194182753173396172e+00
3.194182753173388623e+00
3.181374738896020293e+00
3.181374738895950571e+00
3.141692769743128277e+00
3.141692769743125169e+00
3.090156161445559047e+00
3.090156161445544836e+00
3.043646832071016828e+00
3.043646832071005726e+00
3.013462358487477566e+00
3.013462358487474457e+00
3.000000000000009770e+00
3.000000000000007550e+00
3.000000000000003997e+00
3.000000000000003997e+00
2.999788906934798938e+00
2.999788906934797605e+00
2.996154925030103389e+00
2.996154925030065197e+00
2.930971250148522778e+00
2.930971250148521889e+00
2.911029626797094760e+00
2.911029626797088543e+00
2.851560724294997407e+00
2.851560724294971205e+00
2.846990014011940850e+00
2.846990014011919978e+00
2.828427124746191179e+00
2.828427124746188071e+00
2.828238153071642724e+00
2.828238153071623628e+00
2.795885827714708505e+00
2.795885827714701843e+00
2.722846501931875274e+00
2.722846501931870833e+00
2.692964734963270157e+00
2.692964734963257722e+00
2.619469395309546034e+00
2.619469395309537596e+00
2.610890969239392678e+00
2.610890969239367809e+00
2.568129385513192364e+00
2.568129385513179042e+00
2.449489742783186319e+00
2.449489742783180102e+00
2.449489742783176105e+00
2.449489742783166779e+00
2.444498096252127883e+00
2.444498096252125663e+00
2.311492480094487600e+00
2.311492480094486712e+00
2.249363345990052387e+00
2.249363345990048391e+00
2.226620781809012239e+00
2.226620781809005578e+00
2.157745512812455413e+00
2.157745512812454525e+00
2.143371376761424418e+00
2.143371376761411096e+00
2.107421037897061034e+00
2.107421037897033056e+00
2.077938130904197767e+00
2.077938130904186220e+00
2.046613604998110070e+00
2.046613604998098523e+00
2.000000000000004441e+00
2.000000000000002665e+00
2.000000000000000888e+00
1.999999999999997558e+00
1.999999999999997113e+00
1.999999999999997113e+00
1.999999999999995781e+00
1.999999999999995781e+00
1.999852853144974851e+00
1.999852853144955755e+00
1.999011728041553360e+00
1.999011728041546254e+00
1.992464524204477838e+00
1.992464524204462739e+00
1.980698138085841054e+00
1.980698138085825510e+00
1.979308350352521284e+00
1.979308350352496637e+00
1.964358566079608792e+00
1.964358566079600799e+00
1.892220204525170812e+00
1.892220204525166150e+00
1.871375170904649998e+00
1.871375170904588270e+00
1.774316117303672558e+00
1.774316117303659235e+00
1.732050807568880302e+00
1.732050807568874307e+00
1.731350296713988879e+00
1.731350296713975778e+00
1.728622559860472085e+00
1.728622559860465646e+00
1.713640708343685981e+00
1.713640708343670216e+00
1.696126286684625395e+00
1.696126286684624063e+00
1.667547907970117649e+00
1.667547907970100329e+00
1.627868157447238229e+00
1.627868157447225128e+00
1.618033988749896457e+00
1.618033988749894680e+00
1.618033988749894680e+00
1.618033988749894458e+00
1.618033988749890906e+00
1.618033988749890684e+00
1.493928805696542073e+00
1.493928805696533635e+00
1.472909404680437184e+00
1.472909404680436296e+00
1.447433344850173054e+00
1.447433344850162174e+00
1.426451459195689164e+00
1.426451459195675842e+00
1.414213562373125788e+00
1.414213562373116684e+00
1.414213562373111133e+00
1.414213562373105360e+00
1.414213562373101363e+00
1.414213562373099142e+00
1.414213562373097366e+00
1.414213562373097144e+00
1.414213562373096478e+00
1.414213562373096478e+00
1.414213562373096256e+00
1.414213562373095590e+00
1.414213562373095368e+00
1.414213562373095368e+00
1.414213562373095145e+00
1.414213562373095145e+00
1.414213562373094923e+00
1.414213562373094701e+00
1.414213562373094479e+00
1.414213562373094479e+00
1.414213562373094479e+00
1.414213562373093591e+00
1.414213562373093591e+00
1.414213562373093591e+00
1.414213562373093591e+00
1.414213562373093369e+00
1.414213562373093147e+00
1.414213562373093147e+00
1.414213562373092481e+00
1.414213562373092481e+00
1.414213562373092259e+00
1.414213562373091593e+00
1.414213562373090927e+00
1.414213562373089594e+00
1.414213562373088706e+00
1.414213562373086930e+00
1.414213562373079824e+00
1.414213562373073829e+00
1.414213562373070054e+00
1.414213562373064725e+00
1.414151793898837717e+00
1.414151793898743570e+00
1.414121230366604198e+00
1.414121230366594650e+00
1.413379338476973057e+00
1.413379338476969060e+00
1.412972147796275113e+00
1.412972147796269118e+00
1.411154670104312725e+00
1.411154670104308728e+00
1.410838559700230643e+00
1.410838559700225536e+00
1.410268826677516962e+00
1.410268826677512521e+00
1.404235265941291111e+00
1.404235265941257360e+00
1.402557217123051148e+00
1.402557217122985422e+00
1.391995368908558017e+00
1.391995368908501174e+00
1.325584640517161406e+00
1.325584640517112112e+00
1.319826810628075942e+00
1.319826810628065950e+00
1.304906907777634739e+00
1.304906907777626301e+00
1.303885298389165337e+00
1.303885298389160452e+00
1.254921018171367253e+00
1.254921018171337943e+00
1.183234299134619860e+00
1.183234299134607204e+00
1.173855970234366275e+00
1.173855970234364499e+00
1.008286361861854941e+00
1.008286361861850944e+00
1.005159165997769000e+00
1.005159165997766779e+00
1.004148532547547878e+00
1.004148532547535444e+00
1.003081020179696248e+00
1.003081020179691141e+00
1.000000000000079492e+00
1.000000000000053735e+00
1.000000000000043299e+00
1.000000000000038858e+00
1.000000000000035305e+00
1.000000000000024647e+00
1.000000000000023759e+00
1.000000000000020872e+00
1.000000000000020428e+00
1.000000000000017542e+00
1.000000000000017097e+00
1.000000000000013989e+00
1.000000000000013323e+00
1.000000000000009992e+00
1.000000000000009548e+00
1.000000000000007327e+00
1.000000000000002887e+00
1.000000000000002887e+00
1.000000000000002887e+00
1.000000000000002220e+00
1.000000000000002220e+00
1.000000000000001554e+00
1.000000000000001554e+00
1.000000000000001554e+00
1.000000000000001554e+00
1.000000000000001332e+00
1.000000000000001110e+00
1.000000000000001110e+00
1.000000000000001110e+00
1.000000000000001110e+00
1.000000000000001110e+00
1.000000000000001110e+00
1.000000000000001110e+00
1.000000000000001110e+00
1.000000000000000888e+00
1.000000000000000888e+00
1.000000000000000888e+00
1.000000000000000888e+00
1.000000000000000888e+00
1.000000000000000888e+00
1.000000000000000666e+00
1.000000000000000666e+00
1.000000000000000666e+00
1.000000000000000666e+00
1.000000000000000444e+00
1.000000000000000444e+00
1.000000000000000444e+00
1.000000000000000444e+00
1.000000000000000444e+00
1.000000000000000444e+00
1.000000000000000444e+00
1.000000000000000444e+00
1.000000000000000444e+00
1.000000000000000444e+00
1.000000000000000444e+00
1.000000000000000444e+00
1.000000000000000444e+00
1.000000000000000444e+00
1.000000000000000444e+00
1.000000000000000444e+00
1.000000000000000444e+00
1.000000000000000444e+00
1.000000000000000444e+00
1.000000000000000222e+00
1.000000000000000222e+00
1.000000000000000222e+00
1.000000000000000222e+00
1.000000000000000222e+00
1.000000000000000222e+00
1.000000000000000222e+00
1.000000000000000222e+00
1.000000000000000222e+00
1.000000000000000222e+00
9.999999999999998890e-01
9.999999999999998890e-01
9.999999999999998890e-01
9.999999999999998890e-01
9.999999999999998890e-01
9.999999999999998890e-01
9.999999999999998890e-01
9.999999999999998890e-01
9.999999999999998890e-01
9.999999999999997780e-01
9.999999999999997780e-01
9.999999999999997780e-01
9.999999999999997780e-01
9.999999999999997780e-01
9.999999999999997780e-01
9.999999999999997780e-01
9.999999999999997780e-01
9.999999999999995559e-01
9.999999999999995559e-01
9.999999999999995559e-01
9.999999999999995559e-01
9.999999999999995559e-01
9.999999999999995559e-01
9.999999999999995559e-01
9.999999999999995559e-01
9.999999999999995559e-01
9.999999999999995559e-01
9.999999999999995559e-01
9.999999999999995559e-01
9.999999999999995559e-01
9.999999999999995559e-01
9.999999999999995559e-01
9.999999999999995559e-01
9.999999999999995559e-01
9.999999999999995559e-01
9.999999999999993339e-01
9.999999999999993339e-01
9.999999999999993339e-01
9.999999999999993339e-01
9.999999999999993339e-01
9.999999999999993339e-01
9.999999999999991118e-01
9.999999999999991118e-01
9.999999999999988898e-01
9.999999999999988898e-01
9.999999999999988898e-01
9.999999999999988898e-01
9.999999999999988898e-01
9.999999999999987788e-01
9.999999999999987788e-01
9.999999999999987788e-01
9.999999999999987788e-01
9.999999999999987788e-01
9.999999999999985567e-01
9.999999999999985567e-01
9.999999999999985567e-01
9.999999999999985567e-01
9.999999999999983347e-01
9.999999999999983347e-01
9.999999999999981126e-01
9.999999999999977796e-01
9.999999999999957812e-01
9.999999999999940048e-01
9.999999999999921174e-01
9.999999999999891198e-01
9.999999999999890088e-01
9.999999999999867883e-01
9.999999999999863443e-01
9.999999999999835687e-01
9.999999999999835687e-01
9.999999999999777955e-01
9.999999999999767963e-01
9.999999999999694689e-01
9.999999999999660272e-01
9.999999999999586997e-01
9.999999999999509281e-01
9.999999999999238387e-01
9.999577795720084872e-01
9.999577795720032691e-01
9.999084883137276947e-01
9.999084883137260293e-01
9.998024631421565944e-01
9.998024631421408293e-01
9.996757517865086928e-01
9.996757517865069165e-01
9.995894122371998813e-01
9.995894122371955515e-01
9.992668291451809459e-01
9.992668291451713980e-01
9.988620590310161029e-01
9.988620590310043346e-01
9.985632634607055635e-01
9.985632634607023439e-01
9.983877899948916390e-01
9.983877899948597756e-01
9.978424892272377278e-01
9.978424892272323987e-01
9.974662486952462492e-01
9.974662486952357021e-01
9.955396213524950744e-01
9.955396213524886351e-01
9.950880511488082725e-01
9.950880511487774083e-01
9.941428825624512022e-01
9.941428825624414323e-01
9.910092376549382021e-01
9.910092376549353155e-01
9.877006848727656330e-01
9.877006848727633015e-01
9.832853363377563882e-01
9.832853363377478395e-01
9.802102059864952199e-01
9.802102059864884476e-01
9.736787298048015238e-01
9.736787298047963057e-01
9.718871306236781527e-01
9.718871306236369634e-01
9.358513182717518308e-01
9.358513182717488332e-01
9.115076046365768736e-01
9.115076046365194751e-01
9.060162562309550527e-01
9.060162562309520551e-01
9.046459001468445393e-01
9.046459001468351024e-01
8.824731335162112611e-01
8.824731335162071533e-01
8.724404443158439992e-01
8.724404443158187972e-01
7.804083073413350391e-01
7.804083073413321525e-01
7.038855087906564778e-01
7.038855087906423780e-01
6.184602880079215215e-01
6.184602880079050902e-01
6.180339887498988993e-01
6.180339887498985663e-01
6.180339887498966789e-01
6.180339887498923490e-01
6.180339887498915719e-01
6.180339887498905727e-01
5.778692512104828261e-01
5.778692512104756096e-01
5.320101756278461380e-01
5.320101756277961780e-01
4.557081482757942559e-01
4.557081482757823210e-01
4.323890051643456411e-01
4.323890051643255461e-01
2.979948074024239002e-01
2.979948074024175719e-01
1.236123467473200788e-01
1.236123467472814569e-01
