# Singular values
1.065948986500196867e+02
1.065948986500196156e+02
9.657425212532001524e+01
9.657425212531981629e+01
7.664618157454056302e+01
7.664618157454053460e+01
6.880253136597114860e+01
6.880253136597112018e+01
5.397643854561235344e+01
5.397643854561229659e+01
4.907927683019166665e+01
4.907927683019158849e+01
4.660833054140397280e+01
4.660833054140378096e+01
4.608997683221770814e+01
4.608997683221762287e+01
3.999973179926387701e+01
3.999973179926355016e+01
3.822302970723279714e+01
3.822302970723271898e+01
3.128077761455701733e+01
3.128077761455698180e+01
2.659965714422038729e+01
2.659965714422034111e+01
2.544857068842756220e+01
2.544857068842752668e+01
2.470230450876404049e+01
2.470230450876400141e+01
2.447859665829213682e+01
2.447859665829204445e+01
2.247120674513634597e+01
2.247120674513623939e+01
2.182855088321886328e+01
2.182855088321880643e+01
2.140335067985380491e+01
2.140335067985380135e+01
2.023906213559851253e+01
2.023906213559834555e+01
1.912606917081133773e+01
1.912606917081132707e+01
1.840579805083886811e+01
1.840579805083878995e+01
1.701860407280944187e+01
1.701860407280941700e+01
1.614170922616574089e+01
1.614170922616566628e+01
1.607677710772534141e+01
1.607677710772532720e+01
1.588904222549351530e+01
1.588904222549346024e+01
1.556339894939228685e+01
1.556339894939223711e+01
1.541328541561728116e+01
1.541328541561725807e+01
1.446179437929461642e+01
1.446179437929460043e+01
1.424783521488161497e+01
1.424783521488159010e+01
1.408973420495078166e+01
1.408973420495076567e+01
1.398520390249963619e+01
1.398520390249963086e+01
1.371974996224461130e+01
1.371974996224460241e+01
1.313060697055152559e+01
1.313060697055150072e+01
1.278199057804421557e+01
1.278199057804416938e+01
1.187454846556453170e+01
1.187454846556451926e+01
1.177487653821799363e+01
1.177487653821799007e+01
1.163457634983558542e+01
1.163457634983556410e+01
1.130242125526825703e+01
1.130242125526824637e+01
1.120027210836746967e+01
1.120027210836746079e+01
1.097513235555395639e+01
1.097513235555394928e+01
1.080679171590418974e+01
1.080679171590418797e+01
1.068134065768430041e+01
1.068134065768428975e+01
1.022632909365597342e+01
1.022632909365596632e+01
1.001236154489410701e+01
1.001236154489409991e+01
9.551216748148645408e+00
9.551216748148620539e+00
9.280916783779142420e+00
9.280916783779112222e+00
9.138282312222445469e+00
9.138282312222433035e+00
8.683826217065963249e+00
8.683826217065950814e+00
8.448636903304830525e+00
8.448636903304826973e+00
8.394984227131002896e+00
8.394984227130979804e+00
8.264948488549020311e+00
8.264948488548998995e+00
7.915443511123402942e+00
7.915443511123383402e+00
7.648922499650201878e+00
7.648922499650190332e+00
7.567382902682611601e+00
7.567382902682607160e+00
7.399478222019331142e+00
7.399478222019311602e+00
7.130189607991356482e+00
7.130189607991339606e+00
7.071067811865510144e+00
7.071067811865474617e+00
6.964532321569522288e+00
6.964532321569520512e+00
6.906591167646022100e+00
6.906591167646018548e+00
6.846674819950773205e+00
6.846674819950757218e+00
6.708203932499385402e+00
6.708203932499384514e+00
6.700270660312193094e+00
6.700270660312139803e+00
6.498033804703019278e+00
6.498033804703015726e+00
6.347934248489941922e+00
6.347934248489939257e+00
6.237755969322298810e+00
6.237755969322289928e+00
6.171923463532027476e+00
6.171923463531991061e+00
6.166664931494186597e+00
6.166664931494166169e+00
6.124596431021407383e+00
6.124596431021392284e+00
6.050965588539655826e+00
6.050965588539633622e+00
5.843706936744128555e+00
5.843706936744125002e+00
5.828731463216054287e+00
5.828731463216035635e+00
5.721298396058307922e+00
5.721298396058292823e+00
5.655690644393287947e+00
5.655690644393282618e+00
5.392234886728868304e+00
5.392234886728838106e+00
5.247352988979353761e+00
5.247352988979338662e+00
5.220773775229029745e+00
5.220773775229015534e+00
5.138180123805071275e+00
5.138180123805051736e+00
5.099019513592793373e+00
5.099019513592780939e+00
5.000000000000016875e+00
5.000000000000005329e+00
5.000000000000000000e+00
4.999999999999998224e+00
4.999999999999991118e+00
4.999999999999987566e+00
4.988261552284158462e+00
4.988261552284153133e+00
4.899850006926082635e+00
4.899850006926037338e+00
4.860285288178149088e+00
4.860285288178143759e+00
4.847212824004533793e+00
4.847212824004526688e+00
4.716852528600082195e+00
4.716852528600065320e+00
4.628123303903540986e+00
4.628123303903535657e+00
4.524144667461944991e+00
4.524144667461939662e+00
4.484351535642424835e+00
4.484351535642413289e+00
4.456415106557217065e+00
4.456415106557196637e+00
4.433497796076875552e+00
4.433497796076866670e+00
4.386947776255533782e+00
4.386947776255515130e+00
4.361770369589059726e+00
4.361770369589046403e+00
4.281665393420284182e+00
4.281665393420265531e+00
4.129857894938295360e+00
4.129857894938274931e+00
4.123105625617678349e+00
4.123105625617666803e+00
4.122462847761726223e+00
4.122462847761710236e+00
4.110080400336396877e+00
4.110080400336392437e+00
4.025363238348512063e+00
4.025363238348505845e+00
4.008288035459905529e+00
4.008288035459854015e+00
4.000549662179227361e+00
4.000549662179216703e+00
4.000000000000010658e+00
4.000000000000009770e+00
4.000000000000007994e+00
4.000000000000007105e+00
3.999999999999998668e+00
3.999999999999995559e+00
3.993186255415710484e+00
3.993186255415698049e+00
3.978763267522304581e+00
3.978763267522283709e+00
3.962398447378483013e+00
3.962398447378473243e+00
3.924896719555916569e+00
3.924896719555916569e+00
3.894032605354552867e+00
3.894032605354531995e+00
3.824010188127340282e+00
3.824010188127340282e+00
3.811179564810831089e+00
3.811179564810818210e+00
3.743461179950021922e+00
3.743461179950015261e+00
3.741657386773945326e+00
3.741657386773936445e+00
3.663904922708447476e+00
3.663904922708436374e+00
3.612129652899957133e+00
3.612129652899946919e+00
3.605551275464011329e+00
3.605551275463991345e+00
3.588879587258955617e+00
3.588879587258952064e+00
3.554051218224391295e+00
3.554051218224384190e+00
3.524602652494750021e+00
3.524602652494741140e+00
3.446314648397695635e+00
3.446314648397692970e+00
3.406564076314573697e+00
3.406564076314563483e+00
3.330182769980575941e+00
3.330182769980550184e+00
3.315913469432089755e+00
3.315913469432071103e+00
3.288690367109530666e+00
3.288690367109518675e+00
3.276437263080843376e+00
3.276437263080833606e+00
3.249097326276941367e+00
3.249097326276937370e+00
3.202988603179560911e+00
3.202988603179555138e+00
3.163282091552388042e+00
3.163282091552379161e+00
3.156279857078323481e+00
3.156279857078315487e+00
3.148728308681931320e+00
3.148728308681913557e+00
3.138248111108876692e+00
3.138248111108867366e+00
3.117024241091514547e+00
3.117024241091500780e+00
3.102936308468238202e+00
3.102936308468229321e+00
3.098002500658138203e+00
3.098002500658124436e+00
3.060417362250529294e+00
3.060417362250527074e+00
3.048890595988329011e+00
3.048890595988300145e+00
3.031714581443125667e+00
3.031714581443116341e+00
3.008171265151169393e+00
3.008171265151156515e+00
3.000000000000013323e+00
3.000000000000011102e+00
3.000000000000010658e+00
3.000000000000008882e+00
3.000000000000007105e+00
3.000000000000005329e+00
3.000000000000005329e+00
3.000000000000005329e+00
3.000000000000004885e+00
3.000000000000003553e+00
3.000000000000002220e+00
3.000000000000002220e+00
2.999999999999999556e+00
2.999999999999997335e+00
2.992164401773229621e+00
2.992164401773215410e+00
2.971974222041541047e+00
2.971974222041538827e+00
2.956924765748097705e+00
2.956924765748095929e+00
2.891338063761080157e+00
2.891338063761070387e+00
2.860793557594228265e+00
2.860793557594222047e+00
2.835182951702260201e+00
2.835182951702249099e+00
2.828427124746220933e+00
2.828427124746184962e+00
2.804547959444280814e+00
2.804547959444277705e+00
2.782564137161207096e+00
2.782564137161188000e+00
2.746604078787447278e+00
2.746604078787445502e+00
2.712875286440739053e+00
2.712875286440731060e+00
2.702533388680988580e+00
2.702533388680982807e+00
2.686011321545273667e+00
2.686011321545263453e+00
2.676243198995263750e+00
2.676243198995258421e+00
2.666678238123027178e+00
2.666678238123027178e+00
2.645004280765953730e+00
2.645004280765948845e+00
2.640802052604254158e+00
2.640802052604254158e+00
2.605394229454971899e+00
2.605394229454966570e+00
2.604846722086613386e+00
2.604846722086591182e+00
2.592861853886220924e+00
2.592861853886214707e+00
2.587207782865239558e+00
2.587207782865235117e+00
2.567787134772852031e+00
2.567787134772847590e+00
2.497579201321119324e+00
2.497579201321117992e+00
2.466925639442819396e+00
2.466925639442817619e+00
2.449489742783181434e+00
2.449489742783180546e+00
2.446641667084489935e+00
2.446641667084486382e+00
2.410508396840738587e+00
2.410508396840733703e+00
2.406330133306879837e+00
2.406330133306875396e+00
2.397860538543990838e+00
2.397860538543972186e+00
2.381485925963642725e+00
2.381485925963636952e+00
2.362938672897046288e+00
2.362938672897042292e+00
2.344804203581855262e+00
2.344804203581850377e+00
2.317795581099221458e+00
2.317795581099219238e+00
2.301857827958215363e+00
2.301857827958206482e+00
2.252377166653921847e+00
2.252377166653913854e+00
2.236067977499796022e+00
2.236067977499795578e+00
2.236067977499792025e+00
2.236067977499791137e+00
2.236067977499790693e+00
2.236067977499788917e+00
2.236067977499788029e+00
2.236067977499787585e+00
2.235560597735556598e+00
2.235560597735553046e+00
2.233542437797432001e+00
2.233542437797430225e+00
2.232689286757425062e+00
2.232689286757422398e+00
2.219641244160064808e+00
2.219641244160056814e+00
2.209548280001248699e+00
2.209548280001244258e+00
2.192927640014280755e+00
2.192927640014273205e+00
2.165207582612493020e+00
2.165207582612483694e+00
2.144970797517266714e+00
2.144970797517253835e+00
2.127707836501061767e+00
2.127707836501057326e+00
2.111289907307348113e+00
2.111289907307336566e+00
2.101497165905091613e+00
2.101497165905050757e+00
2.098575742090337481e+00
2.098575742090331264e+00
2.074893523841469190e+00
2.074893523841465193e+00
2.066975174401855853e+00
2.066975174401849635e+00
2.047821486217856091e+00
2.047821486217848541e+00
2.033188456022442026e+00
2.033188456022424262e+00
2.015968145292792890e+00
2.015968145292787117e+00
2.014455493815708209e+00
2.014455493815699771e+00
2.000000000000008438e+00
2.000000000000007550e+00
2.000000000000006661e+00
2.000000000000006661e+00
2.000000000000004441e+00
2.000000000000003997e+00
2.000000000000003997e+00
2.000000000000003553e+00
2.000000000000003553e+00
2.000000000000003109e+00
2.000000000000003109e+00
2.000000000000002665e+00
2.000000000000002665e+00
2.000000000000002220e+00
2.000000000000002220e+00
2.000000000000002220e+00
2.000000000000001776e+00
2.000000000000001776e+00
2.000000000000001776e+00
2.000000000000001776e+00
2.000000000000001332e+00
2.000000000000001332e+00
2.000000000000000444e+00
1.999999999999999778e+00
1.999999999999999778e+00
1.999999999999999556e+00
1.999999999999999556e+00
1.999999999999999556e+00
1.999999999999999334e+00
1.999999999999999334e+00
1.999999999999999334e+00
1.999999999999998890e+00
1.999999999999998446e+00
1.999999999999997335e+00
1.999999999999997113e+00
1.999999999999995115e+00
1.999999999999994449e+00
1.999999999999994227e+00
1.998815863825062156e+00
1.998815863825060157e+00
1.995121682998586277e+00
1.995121682998582280e+00
1.993911798236384314e+00
1.993911798236381205e+00
1.992211093808347933e+00
1.992211093808344602e+00
1.983904796579094132e+00
1.983904796579091023e+00
1.982885854933344127e+00
1.982885854933336578e+00
1.980511155445274118e+00
1.980511155445271010e+00
1.973866759580557240e+00
1.973866759580555019e+00
1.964946100148248664e+00
1.964946100148245334e+00
1.963050008234733967e+00
1.963050008234732635e+00
1.955136388137122427e+00
1.955136388137118875e+00
1.945756749766464733e+00
1.945756749766461180e+00
1.927754011302474035e+00
1.927754011302469817e+00
1.918631965857758637e+00
1.918631965857751753e+00
1.888357103246717239e+00
1.888357103246715241e+00
1.877880671475545382e+00
1.877880671475539831e+00
1.868301555140253312e+00
1.868301555140246428e+00
1.863497607701289249e+00
1.863497607701259717e+00
1.850247532195307576e+00
1.850247532195297584e+00
1.822227801712836825e+00
1.822227801712718920e+00
1.809333439658273646e+00
1.809333439658248555e+00
1.799015761619035647e+00
1.799015761619034981e+00
1.788490161418015090e+00
1.788490161418008872e+00
1.770152677169646749e+00
1.770152677169637645e+00
1.750420394033615157e+00
1.750420394033610716e+00
1.733891001589830116e+00
1.733891001589820569e+00
1.732050807568881856e+00
1.732050807568881634e+00
1.732050807568876083e+00
1.732050807568875417e+00
1.725333796733007352e+00
1.725333796733003133e+00
1.724815460531978983e+00
1.724815460531976763e+00
1.705217710963224276e+00
1.705217710963219613e+00
1.694258804583466560e+00
1.694258804583462119e+00
1.686340942741525462e+00
1.686340942741525017e+00
1.673918536373195654e+00
1.673918536373193211e+00
1.669057435901756481e+00
1.669057435901754927e+00
1.661918157419323583e+00
1.661918157419321362e+00
1.656198399339927629e+00
1.656198399339924965e+00
1.638230698763534665e+00
1.638230698763529114e+00
1.636331660252144271e+00
1.636331660252143161e+00
1.622825757801592106e+00
1.622825757801586999e+00
1.618033988749896901e+00
1.618033988749896457e+00
1.613478629622040250e+00
1.613478629622037142e+00
1.607511266053521792e+00
1.607511266053518018e+00
1.599448569881606330e+00
1.599448569881595006e+00
1.581903826159360982e+00
1.581903826159358539e+00
1.572833153054157496e+00
1.572833153054149058e+00
1.542036621687238540e+00
1.542036621687236542e+00
1.531989726289005649e+00
1.531989726288993214e+00
1.510919295491756964e+00
1.510919295491752301e+00
1.499754363487177278e+00
1.499754363487166842e+00
1.475284608547514642e+00
1.475284608547500431e+00
1.464778703578649699e+00
1.464778703578634378e+00
1.442210682180420145e+00
1.442210682180419701e+00
1.435031970097102816e+00
1.435031970097093934e+00
1.414940922957992342e+00
1.414940922957992120e+00
1.414213562373102473e+00
1.414213562373100475e+00
1.414213562373099808e+00
1.414213562373099364e+00
1.414213562373098476e+00
1.414213562373097366e+00
1.414213562373096922e+00
1.414213562373096922e+00
1.414213562373096922e+00
1.414213562373096700e+00
1.414213562373096700e+00
1.414213562373096478e+00
1.414213562373096478e+00
1.414213562373096478e+00
1.414213562373096256e+00
1.414213562373096256e+00
1.414213562373095812e+00
1.414213562373095812e+00
1.414213562373095812e+00
1.414213562373095812e+00
1.414213562373095590e+00
1.414213562373095590e+00
1.414213562373095590e+00
1.414213562373095590e+00
1.414213562373095590e+00
1.414213562373095368e+00
1.414213562373095368e+00
1.414213562373095368e+00
1.414213562373095368e+00
1.414213562373095368e+00
1.414213562373095368e+00
1.414213562373094923e+00
1.414213562373094923e+00
1.414213562373094923e+00
1.414213562373094923e+00
1.414213562373094701e+00
1.414213562373094701e+00
1.414213562373094701e+00
1.414213562373094701e+00
1.414213562373094701e+00
1.414213562373094257e+00
1.414213562373094257e+00
1.414213562373094257e+00
1.414213562373093813e+00
1.414213562373093591e+00
1.414213562373093369e+00
1.414213562373093369e+00
1.414213562373091149e+00
1.414213562373091149e+00
1.414213562373088262e+00
1.414182619628882920e+00
1.414182619628882476e+00
1.413779224908120913e+00
1.413779224908117360e+00
1.413087602053410885e+00
1.413087602053407554e+00
1.412583458965187111e+00
1.412583458965184002e+00
1.411172754827400677e+00
1.411172754827396458e+00
1.410006304578831582e+00
1.410006304578806491e+00
1.407458234682818610e+00
1.407458234682815057e+00
1.405395064184360443e+00
1.405395064184344456e+00
1.404365914809975191e+00
1.404365914809973193e+00
1.401730916835456808e+00
1.401730916835421503e+00
1.399269161285358276e+00
1.399269161285356056e+00
1.397940915027816589e+00
1.397940915027814590e+00
1.394846554351103052e+00
1.394846554351100165e+00
1.391308724305397426e+00
1.391308724305380329e+00
1.383608957347462809e+00
1.383608957347461477e+00
1.381012492845320461e+00
1.381012492845306472e+00
1.369498422833411722e+00
1.369498422833408169e+00
1.364924689913978195e+00
1.364924689913972866e+00
1.359227640975976925e+00
1.359227640975965379e+00
1.354099720620140390e+00
1.354099720620130842e+00
1.347544832579110397e+00
1.347544832579107732e+00
1.339049953138196303e+00
1.339049953138194304e+00
1.329428705291321178e+00
1.329428705291309853e+00
1.314380844585066210e+00
1.314380844585065544e+00
1.284394417126910160e+00
1.284394417126905941e+00
1.279652309117155218e+00
1.279652309117151221e+00
1.278046971227221773e+00
1.278046971227219109e+00
1.264946084271189708e+00
1.264946084271187710e+00
1.258148358607646289e+00
1.258148358607645401e+00
1.255552328544947249e+00
1.255552328544943697e+00
1.250272199394808492e+00
1.250272199394807604e+00
1.221691792089477646e+00
1.221691792089476758e+00
1.203851779873909678e+00
1.203851779873906347e+00
1.196563072703856978e+00
1.196563072703855646e+00
1.169012859870871779e+00
1.169012859870868448e+00
1.137107162521323156e+00
1.137107162521321824e+00
1.136843460586341559e+00
1.136843460586333787e+00
1.121164580657312060e+00
1.121164580657310283e+00
1.094455051949118074e+00
1.094455051949115409e+00
1.087949854636829583e+00
1.087949854636828029e+00
1.053917349049689811e+00
1.053917349049669605e+00
1.049686782058690815e+00
1.049686782058683487e+00
1.031817369879765911e+00
1.031817369879762136e+00
1.010878302370006310e+00
1.010878302370002979e+00
1.000926673544379808e+00
1.000926673544376255e+00
1.000530236271926388e+00
1.000530236271924611e+00
1.000000000000032863e+00
1.000000000000009770e+00
1.000000000000008882e+00
1.000000000000007994e+00
1.000000000000007105e+00
1.000000000000007105e+00
1.000000000000006439e+00
1.000000000000005773e+00
1.000000000000005329e+00
1.000000000000005107e+00
1.000000000000003775e+00
1.000000000000003775e+00
1.000000000000002665e+00
1.000000000000002442e+00
1.000000000000001998e+00
1.000000000000001554e+00
1.000000000000001110e+00
1.000000000000001110e+00
1.000000000000001110e+00
1.000000000000001110e+00
1.000000000000001110e+00
1.000000000000000888e+00
1.000000000000000888e+00
1.000000000000000888e+00
1.000000000000000888e+00
1.000000000000000888e+00
1.000000000000000888e+00
1.000000000000000888e+00
1.000000000000000888e+00
1.000000000000000888e+00
1.000000000000000888e+00
1.000000000000000666e+00
1.000000000000000666e+00
1.000000000000000666e+00
1.000000000000000666e+00
1.000000000000000666e+00
1.000000000000000666e+00
1.000000000000000666e+00
1.000000000000000666e+00
1.000000000000000666e+00
1.000000000000000666e+00
1.000000000000000666e+00
1.000000000000000666e+00
1.000000000000000666e+00
1.000000000000000666e+00
1.000000000000000666e+00
1.000000000000000444e+00
1.000000000000000444e+00
1.000000000000000444e+00
1.000000000000000444e+00
1.000000000000000444e+00
1.000000000000000444e+00
1.000000000000000444e+00
1.000000000000000444e+00
1.000000000000000444e+00
1.000000000000000444e+00
1.000000000000000444e+00
1.000000000000000444e+00
1.000000000000000444e+00
1.000000000000000444e+00
1.000000000000000444e+00
1.000000000000000444e+00
1.000000000000000444e+00
1.000000000000000444e+00
1.000000000000000444e+00
1.000000000000000444e+00
1.000000000000000444e+00
1.000000000000000444e+00
1.000000000000000444e+00
1.000000000000000444e+00
1.000000000000000444e+00
1.000000000000000444e+00
1.000000000000000444e+00
1.000000000000000444e+00
1.000000000000000444e+00
1.000000000000000222e+00
1.000000000000000222e+00
1.000000000000000222e+00
1.000000000000000222e+00
1.000000000000000222e+00
1.000000000000000222e+00
1.000000000000000222e+00
1.000000000000000222e+00
1.000000000000000222e+00
1.000000000000000222e+00
1.000000000000000222e+00
1.000000000000000222e+00
1.000000000000000222e+00
1.000000000000000222e+00
1.000000000000000222e+00
1.000000000000000222e+00
1.000000000000000222e+00
1.000000000000000222e+00
1.000000000000000222e+00
1.000000000000000222e+00
1.000000000000000222e+00
1.000000000000000222e+00
1.000000000000000222e+00
1.000000000000000222e+00
1.000000000000000222e+00
1.000000000000000000e+00
1.000000000000000000e+00
1.000000000000000000e+00
1.000000000000000000e+00
1.000000000000000000e+00
1.000000000000000000e+00
1.000000000000000000e+00
1.000000000000000000e+00
1.000000000000000000e+00
1.000000000000000000e+00
1.000000000000000000e+00
1.000000000000000000e+00
1.000000000000000000e+00
1.000000000000000000e+00
1.000000000000000000e+00
1.000000000000000000e+00
1.000000000000000000e+00
9.999999999999998890e-01
9.999999999999998890e-01
9.999999999999998890e-01
9.999999999999998890e-01
9.999999999999998890e-01
9.999999999999998890e-01
9.999999999999998890e-01
9.999999999999998890e-01
9.999999999999998890e-01
9.999999999999998890e-01
9.999999999999998890e-01
9.999999999999998890e-01
9.999999999999998890e-01
9.999999999999998890e-01
9.999999999999998890e-01
9.999999999999998890e-01
9.999999999999998890e-01
9.999999999999998890e-01
9.999999999999998890e-01
9.999999999999998890e-01
9.999999999999998890e-01
9.999999999999998890e-01
9.999999999999998890e-01
9.999999999999998890e-01
9.999999999999998890e-01
9.999999999999998890e-01
9.999999999999998890e-01
9.999999999999998890e-01
9.999999999999998890e-01
9.999999999999998890e-01
9.999999999999998890e-01
9.999999999999998890e-01
9.999999999999997780e-01
9.999999999999997780e-01
9.999999999999997780e-01
9.999999999999997780e-01
9.999999999999997780e-01
9.999999999999997780e-01
9.999999999999997780e-01
9.999999999999997780e-01
9.999999999999997780e-01
9.999999999999997780e-01
9.999999999999997780e-01
9.999999999999997780e-01
9.999999999999997780e-01
9.999999999999997780e-01
9.999999999999997780e-01
9.999999999999997780e-01
9.999999999999997780e-01
9.999999999999997780e-01
9.999999999999997780e-01
9.999999999999997780e-01
9.999999999999997780e-01
9.999999999999997780e-01
9.999999999999996669e-01
9.999999999999996669e-01
9.999999999999996669e-01
9.999999999999996669e-01
9.999999999999996669e-01
9.999999999999996669e-01
9.999999999999996669e-01
9.999999999999996669e-01
9.999999999999996669e-01
9.999999999999994449e-01
9.999999999999994449e-01
9.999999999999994449e-01
9.999999999999994449e-01
9.999999999999994449e-01
9.999999999999994449e-01
9.999999999999994449e-01
9.999999999999994449e-01
9.999999999999994449e-01
9.999999999999994449e-01
9.999999999999994449e-01
9.999999999999994449e-01
9.999999999999994449e-01
9.999999999999994449e-01
9.999999999999994449e-01
9.999999999999994449e-01
9.999999999999994449e-01
9.999999999999994449e-01
9.999999999999994449e-01
9.999999999999994449e-01
9.999999999999994449e-01
9.999999999999994449e-01
9.999999999999994449e-01
9.999999999999994449e-01
9.999999999999994449e-01
9.999999999999994449e-01
9.999999999999994449e-01
9.999999999999994449e-01
9.999999999999993339e-01
9.999999999999993339e-01
9.999999999999993339e-01
9.999999999999993339e-01
9.999999999999993339e-01
9.999999999999993339e-01
9.999999999999993339e-01
9.999999999999993339e-01
9.999999999999993339e-01
9.999999999999993339e-01
9.999999999999993339e-01
9.999999999999992228e-01
9.999999999999992228e-01
9.999999999999992228e-01
9.999999999999992228e-01
9.999999999999992228e-01
9.999999999999992228e-01
9.999999999999992228e-01
9.999999999999992228e-01
9.999999999999992228e-01
9.999999999999992228e-01
9.999999999999992228e-01
9.999999999999992228e-01
9.999999999999992228e-01
9.999999999999992228e-01
9.999999999999992228e-01
9.999999999999991118e-01
9.999999999999991118e-01
9.999999999999988898e-01
9.999999999999988898e-01
9.999999999999988898e-01
9.999999999999988898e-01
9.999999999999988898e-01
9.999999999999987788e-01
9.999999999999986677e-01
9.999999999999985567e-01
9.999999999999982236e-01
9.999999999999978906e-01
9.999999999999971134e-01
9.999999999999967804e-01
9.999999999999956701e-01
9.999999999999955591e-01
9.999999999999945599e-01
9.999999999999935607e-01
9.999999999999928946e-01
9.999999999999926725e-01
9.999999999999915623e-01
9.999999999999908962e-01
9.999999999999900080e-01
9.999999999999661382e-01
9.999972528800618043e-01
9.999972528800601390e-01
9.999741140077683665e-01
9.999741140077668122e-01
9.999135198816900827e-01
9.999135198816887504e-01
9.998589047035171262e-01
9.998589047035135735e-01
9.992960067101052113e-01
9.992960067101034349e-01
9.992318232728545357e-01
9.992318232728532035e-01
9.987020610500824125e-01
9.987020610500814133e-01
9.984935699454797753e-01
9.984935699454782210e-01
9.984703650194086677e-01
9.984703650194068913e-01
9.981468706249242429e-01
9.981468706249225775e-01
9.972588199868129832e-01
9.972588199868107628e-01
9.964019567900330721e-01
9.964019567900320729e-01
9.961715509953734671e-01
9.961715509953725789e-01
9.949912711057946613e-01
9.949912711057931070e-01
9.945356366742142962e-01
9.945356366742107435e-01
9.931276981754082467e-01
9.931276981754064703e-01
9.918861603460437104e-01
9.918861603460422671e-01
9.904123044885436711e-01
9.904123044885408955e-01
9.901036541736079055e-01
9.901036541736072394e-01
9.895231101650212580e-01
9.895231101650203698e-01
9.873432020637816775e-01
9.873432020637807893e-01
9.829608887511033233e-01
9.829608887510998816e-01
9.827909680543568394e-01
9.827909680543559512e-01
9.803639854941326170e-01
9.803639854941313958e-01
9.755522844500980062e-01
9.755522844500971180e-01
9.710344450484379442e-01
9.710344450484372780e-01
9.689468767064762789e-01
9.689468767064745025e-01
9.673473693577950838e-01
9.673473693577923083e-01
9.665948769227755699e-01
9.665948769227731274e-01
9.662437708928490743e-01
9.662437708928431901e-01
9.586130553542557831e-01
9.586130553542522303e-01
9.563800464672094215e-01
9.563800464672086443e-01
9.526656147321589385e-01
9.526656147321539425e-01
9.426872074316545724e-01
9.426872074316519079e-01
9.395326298898062367e-01
9.395326298898046824e-01
9.381237164786474514e-01
9.381237164786465632e-01
9.359908385357184057e-01
9.359908385357178506e-01
9.337426790864619131e-01
9.337426790864598036e-01
9.174498356737325055e-01
9.174498356737261773e-01
9.152717300515842425e-01
9.152717300515821330e-01
9.144432351189785146e-01
9.144432351189734076e-01
9.140938011193336932e-01
9.140938011193324719e-01
9.071066182173044279e-01
9.071066182173029846e-01
9.043004869473375562e-01
9.043004869473365570e-01
8.900107243225068299e-01
8.900107243225027220e-01
8.858689876783927275e-01
8.858689876783902850e-01
8.833126927619066038e-01
8.833126927619048274e-01
8.817135642910909343e-01
8.817135642910872706e-01
8.785587768116016605e-01
8.785587768115991070e-01
8.685296408230890330e-01
8.685296408230878118e-01
8.569961166699403554e-01
8.569961166699376909e-01
8.430595194687718896e-01
8.430595194687707794e-01
8.363490342806828570e-01
8.363490342806821909e-01
8.284604267111159714e-01
8.284604267111145282e-01
8.185462137972246977e-01
8.185462137972228103e-01
8.037630072168185924e-01
8.037630072168145956e-01
8.010935678547017602e-01
8.010935678546962091e-01
7.969025008825577627e-01
7.969025008825301182e-01
7.830966277278831322e-01
7.830966277278814669e-01
7.742784584437520934e-01
7.742784584437480966e-01
7.646978556353504208e-01
7.646978556353464240e-01
7.560179164922953277e-01
7.560179164922933293e-01
7.488368734639448965e-01
7.488368734639432311e-01
7.404494899592813928e-01
7.404494899592782842e-01
7.203444021858860236e-01
7.203444021858823598e-01
7.149589228597793555e-01
7.149589228597752477e-01
7.039689060958211897e-01
7.039689060958174149e-01
6.984463210383092813e-01
6.984463210383087262e-01
6.880580574518880832e-01
6.880580574518847525e-01
6.706018976908609819e-01
6.706018976908563189e-01
6.621219265503647255e-01
6.621219265503626161e-01
6.545140086116010281e-01
6.545140086115995848e-01
6.430318505884037306e-01
6.430318505884020652e-01
6.378720545868594716e-01
6.378720545868584724e-01
6.226022381367875003e-01
6.226022381367855019e-01
6.180339887498949025e-01
6.180339887498942364e-01
6.171521022711774496e-01
6.171521022711692339e-01
6.031379416588451559e-01
6.031379416588448228e-01
5.854507593924233033e-01
5.854507593924214159e-01
5.625185308446146726e-01
5.625185308445880272e-01
5.591666054320859613e-01
5.591666054320242329e-01
5.544903181669604830e-01
5.544903181669506020e-01
5.458246219511802000e-01
5.458246219511737607e-01
5.450794531448139857e-01
5.450794531448125424e-01
5.343244782359052314e-01
5.343244782359004574e-01
5.260142287094879965e-01
5.260142287094821123e-01
5.217617999321702005e-01
5.217617999321686462e-01
5.132652237898051029e-01
5.132652237898042147e-01
5.047775860217963428e-01
5.047775860217957877e-01
4.579625464037513916e-01
4.579625464037498928e-01
4.323926914998715842e-01
4.323926914998648119e-01
4.126582881422821703e-01
4.126582881422742322e-01
4.120423017925414211e-01
4.120423017925365361e-01
4.047565258941945854e-01
4.047565258941896449e-01
3.938505438552240001e-01
3.938505438552169502e-01
3.900047668105770526e-01
3.900047668105723342e-01
3.817827824168259498e-01
3.817827824168246731e-01
3.656843584762056176e-01
3.656843584761997890e-01
3.402411043601549223e-01
3.402411043601545337e-01
3.262642891163820003e-01
3.262642891163702319e-01
3.040110438019164585e-01
3.040110438019074657e-01
2.383215001569291558e-01
2.383215001569285174e-01
1.249271607479281176e-01
1.249271607479263413e-01
1.254162501194302502e-13
