# Singular values
8.000850339492551939e+03
8.000850339492533749e+03
3.258837028790938461e+02
3.258837028790932209e+02
2.254730675113200107e+02
2.254730675113196412e+02
1.369474915086830151e+02
1.369474915086829014e+02
1.264587756349661021e+02
1.264587756349656900e+02
9.000811435686797779e+01
9.000811435686786410e+01
8.064110553883622856e+01
8.064110553883620014e+01
7.412933304287911085e+01
7.412933304287895453e+01
7.220141221005214049e+01
7.220141221005135890e+01
6.683646875515952956e+01
6.683646875515911745e+01
5.624595612541713763e+01
5.624595612541696710e+01
4.774141351346612083e+01
4.774141351346597872e+01
4.458419156652664128e+01
4.458419156652641391e+01
4.076922726079556014e+01
4.076922726079553883e+01
3.925557284385021717e+01
3.925557284384996848e+01
3.738663614120331147e+01
3.738663614120325462e+01
2.987633121566598149e+01
2.987633121566590333e+01
2.808556858915633825e+01
2.808556858915632404e+01
2.793058244564856452e+01
2.793058244564852544e+01
2.719698691903402832e+01
2.719698691903395726e+01
2.198273252711696557e+01
2.198273252711609516e+01
2.011388697158013983e+01
2.011388697158005101e+01
1.936263774310020835e+01
1.936263774310006625e+01
1.877722248216975132e+01
1.877722248216964829e+01
1.632534805689041590e+01
1.632534805689021695e+01
1.583621285061277284e+01
1.583621285061265560e+01
1.571239588939861420e+01
1.571239588939858933e+01
1.515650950738399061e+01
1.515650950738347724e+01
1.397395095106179141e+01
1.397395095106176477e+01
1.355941300765731583e+01
1.355941300765730695e+01
1.248770688104049498e+01
1.248770688104037418e+01
1.241135977696468373e+01
1.241135977696465709e+01
1.187086770439125694e+01
1.187086770439109884e+01
1.171198078384350616e+01
1.171198078384349373e+01
9.985994124119098814e+00
9.985994124119066839e+00
9.629184010337883848e+00
9.629184010334238764e+00
9.415037360532116040e+00
9.415037360532052091e+00
9.237805785760608401e+00
9.237805785760587085e+00
8.816645684660729287e+00
8.816645684660686655e+00
8.154029901079789866e+00
8.154029901079768550e+00
8.063308314596470794e+00
8.063308314596438819e+00
7.956129017301894812e+00
7.956129017301830864e+00
7.568908677177343947e+00
7.568908677177319078e+00
7.206462476673576312e+00
7.206462476673547002e+00
6.748169489107337604e+00
6.748169489107327834e+00
6.741404695245627465e+00
6.741404695243565115e+00
6.494372802507949238e+00
6.494372802507891507e+00
6.479523621753868312e+00
6.479523621753822127e+00
6.453966381763657445e+00
6.453966381763595273e+00
6.310782988091615309e+00
6.310782988091457213e+00
6.085328012373494744e+00
6.085328012373437012e+00
5.992456799839848358e+00
5.992456799839781745e+00
5.955977103702958964e+00
5.955977103702950970e+00
5.828870751637273528e+00
5.828870751637202474e+00
5.725513021085816945e+00
5.725513021085668619e+00
5.704557253097163105e+00
5.704557253096602665e+00
5.689248624665443010e+00
5.689248624665000698e+00
5.628313857033972134e+00
5.628313857033783840e+00
5.568704264633143275e+00
5.568704264633107748e+00
5.527387598619745823e+00
5.527387598619718290e+00
5.384656508581297629e+00
5.384656508581296741e+00
5.225860861708020444e+00
5.225860861708006233e+00
5.191267682086373014e+00
5.191267682086360580e+00
5.098866486936588949e+00
5.098866486936550757e+00
4.994707430026754658e+00
4.994707430026751105e+00
4.873923839984676931e+00
4.873923839984668049e+00
4.747286985240318558e+00
4.747286985240297241e+00
4.684529955506995691e+00
4.684529955506983256e+00
4.599115672609393357e+00
4.599115672609375594e+00
4.570664255365430861e+00
4.570664255365419315e+00
4.353537798401074355e+00
4.353537798401038827e+00
4.334595614753739667e+00
4.334595614753708581e+00
4.214537869832542860e+00
4.214537869832517991e+00
4.123105625617673020e+00
4.123105625617659697e+00
4.101185517280177883e+00
4.101185517280148574e+00
4.000000000000001776e+00
3.999999999999996891e+00
3.999999962261249209e+00
3.999999962261227004e+00
3.955551581364147307e+00
3.955551581364088687e+00
3.901744196356641936e+00
3.901744196356640160e+00
3.895379048686871570e+00
3.895379048685926104e+00
3.882147319701490851e+00
3.882147319701479748e+00
3.733766144291884359e+00
3.733766144291871925e+00
3.701134241112133072e+00
3.701134241112129963e+00
3.546445712393458294e+00
3.546445712393430760e+00
3.527805978475393456e+00
3.527805978475349491e+00
3.416851699610589765e+00
3.416851699610584880e+00
3.238576882245117972e+00
3.238576882244919908e+00
3.198803807112839959e+00
3.198803807112576614e+00
3.162298362872722368e+00
3.162298362872705937e+00
3.161951974216516081e+00
3.161951974216498318e+00
3.161552878543212319e+00
3.161552878543191447e+00
3.158835841820439860e+00
3.158835841820409662e+00
3.147681776598961534e+00
3.147681776598961090e+00
3.137970807662204820e+00
3.137970807662188388e+00
3.021862966600868283e+00
3.021862966600862066e+00
3.017768270207284331e+00
3.017768270207247472e+00
3.000000000000005773e+00
3.000000000000000888e+00
2.999999999999996891e+00
2.999999999999996447e+00
2.999993070213494928e+00
2.999993070213434976e+00
2.997050094156175071e+00
2.997050094156167077e+00
2.995605386854670371e+00
2.995605386854664154e+00
2.995430448605121310e+00
2.995430448605115537e+00
2.909752740453580344e+00
2.909752740453544373e+00
2.903303913618322962e+00
2.903303913618208831e+00
2.852253465117132958e+00
2.852253465115349051e+00
2.828427124746191179e+00
2.828427124746190291e+00
2.660630115596371414e+00
2.660630115596362977e+00
2.645743342291979605e+00
2.645743342291958733e+00
2.645589967108749274e+00
2.645589967108735063e+00
2.637756483386508144e+00
2.637756483386475725e+00
2.613130962677558511e+00
2.613130962677546965e+00
2.610544431182354685e+00
2.610544431182349800e+00
2.602226513983379341e+00
2.602226513983377565e+00
2.552896588240490594e+00
2.552896588240475495e+00
2.513692812248647712e+00
2.513692812248579322e+00
2.449489742783177881e+00
2.449489742783174329e+00
2.449488358599290816e+00
2.449488358599286375e+00
2.449007885375463989e+00
2.449007885375455551e+00
2.443701441541665798e+00
2.443701441541656472e+00
2.440345513222424767e+00
2.440345513222409224e+00
2.434005351818623542e+00
2.434005351818616880e+00
2.247872196924546540e+00
2.247872196924217025e+00
2.236067977499804460e+00
2.236067977499795578e+00
2.236067977499788917e+00
2.236067977499788473e+00
2.236067977499786252e+00
2.236067977499783588e+00
2.236067771159915285e+00
2.236067771159907736e+00
2.235545979957408225e+00
2.235545979957392682e+00
2.229076105469049995e+00
2.229076105469027791e+00
2.226948880070832359e+00
2.226948880070784842e+00
2.225743735173890236e+00
2.225743735173885351e+00
2.209133078588490395e+00
2.209133078588472632e+00
2.196185093316127990e+00
2.196185093316103121e+00
2.164916881906364221e+00
2.164916881906359336e+00
2.138130561066740931e+00
2.138130561066724500e+00
2.117426515863576775e+00
2.117426515863547021e+00
2.099777483541881651e+00
2.099777483541848344e+00
2.074308710580140325e+00
2.074308710580139437e+00
2.000000000000048406e+00
2.000000000000033751e+00
2.000000000000019096e+00
2.000000000000010214e+00
2.000000000000007105e+00
2.000000000000005773e+00
2.000000000000005329e+00
2.000000000000005329e+00
2.000000000000004441e+00
2.000000000000004441e+00
2.000000000000003997e+00
2.000000000000003553e+00
2.000000000000003553e+00
2.000000000000003109e+00
2.000000000000001332e+00
2.000000000000000888e+00
2.000000000000000444e+00
1.999999999999999778e+00
1.999999999999999334e+00
1.999999999999998446e+00
1.999999999999998002e+00
1.999999999999992895e+00
1.999999999999992450e+00
1.999999999999991118e+00
1.999999999999991118e+00
1.999999999999954925e+00
1.999980609995130276e+00
1.999980609995100966e+00
1.999974083287345161e+00
1.999974083287342941e+00
1.999916538867495097e+00
1.999916538867490878e+00
1.999488503654090588e+00
1.999488503654079707e+00
1.999231983480022068e+00
1.999231983480009411e+00
1.998122533427611591e+00
1.998122533427441061e+00
1.997407813379871611e+00
1.997407813379839636e+00
1.996602061785940130e+00
1.996602061785938353e+00
1.993582669961808218e+00
1.993582669961795562e+00
1.985488639569908509e+00
1.985488639569894964e+00
1.982413469388165206e+00
1.982413469388154770e+00
1.976415167299004239e+00
1.976415167298993136e+00
1.973961846563931033e+00
1.973961846563913047e+00
1.950815962956371274e+00
1.950815962956357508e+00
1.910834353722140833e+00
1.910834353722125289e+00
1.883490373586598654e+00
1.883490373585226196e+00
1.849278473498881192e+00
1.849278473498459308e+00
1.840044369757063647e+00
1.840044369757063647e+00
1.813882104090073222e+00
1.813882104090043912e+00
1.732048453556695566e+00
1.732048453556684464e+00
1.731769763863037159e+00
1.731769763863020284e+00
1.731071661975240428e+00
1.731071661975207121e+00
1.730751948205896174e+00
1.730751948205892177e+00
1.717978244782558006e+00
1.717978244782552455e+00
1.716540754653723022e+00
1.716540754653711476e+00
1.710085758767344588e+00
1.710085758767326602e+00
1.657119622172565032e+00
1.657119622172491757e+00
1.612193614794291463e+00
1.612193614794246832e+00
1.601732932852823366e+00
1.601732932852796276e+00
1.477941700849492390e+00
1.477941700849467077e+00
1.433854197089966975e+00
1.433854197089942106e+00
1.414213562373117128e+00
1.414213562373106692e+00
1.414213562373104471e+00
1.414213562373104249e+00
1.414213562373103805e+00
1.414213562373100475e+00
1.414213562373100030e+00
1.414213562373099364e+00
1.414213562373097144e+00
1.414213562373096922e+00
1.414213562373096256e+00
1.414213562373096256e+00
1.414213562373096256e+00
1.414213562373096034e+00
1.414213562373095812e+00
1.414213562373095590e+00
1.414213562373095590e+00
1.414213562373095590e+00
1.414213562373095590e+00
1.414213562373095368e+00
1.414213562373095368e+00
1.414213562373095368e+00
1.414213562373095368e+00
1.414213562373095145e+00
1.414213562373094923e+00
1.414213562373094923e+00
1.414213562373094701e+00
1.414213562373094701e+00
1.414213562373094701e+00
1.414213562373094701e+00
1.414213562373094479e+00
1.414213562373094479e+00
1.414213562373094257e+00
1.414213562373093813e+00
1.414213562373093591e+00
1.414213562373093369e+00
1.414213562373093147e+00
1.414213562373093147e+00
1.414213562373093147e+00
1.414213562373093147e+00
1.414213562373090927e+00
1.414213562373090705e+00
1.414213562373090483e+00
1.414213562373087374e+00
1.414213562373084265e+00
1.414213562373080268e+00
1.414213562373074717e+00
1.414213562373067834e+00
1.414189494098500033e+00
1.414189494098495148e+00
1.414154848926749475e+00
1.414154848926732821e+00
1.414120375106886041e+00
1.414120375106850735e+00
1.413878859096693308e+00
1.413878859096686202e+00
1.413671160004010607e+00
1.413671160004003946e+00
1.413377771166328456e+00
1.413377771166324015e+00
1.413032628230570520e+00
1.413032628230542986e+00
1.412011647498746303e+00
1.412011647498690126e+00
1.404777594762639747e+00
1.404777594762637527e+00
1.403079873838263492e+00
1.403079873838255942e+00
1.401517608079771549e+00
1.401517608079765775e+00
1.385039476125238700e+00
1.385039476125234481e+00
1.366403782757552143e+00
1.366403782757541707e+00
1.337554039752895108e+00
1.337554039752888890e+00
1.336874184813682254e+00
1.336874184813670263e+00
1.315751512210458163e+00
1.315751512210451724e+00
1.306394335453646249e+00
1.306394335453611610e+00
1.264771509900692648e+00
1.264771509900691093e+00
1.254243327855264711e+00
1.254243327855262713e+00
1.071470897268684164e+00
1.071470897268669065e+00
1.043387323304665548e+00
1.043387323299729275e+00
1.022833230846448060e+00
1.022833230846242447e+00
1.000000000003036460e+00
1.000000000000080824e+00
1.000000000000080158e+00
1.000000000000039080e+00
1.000000000000033529e+00
1.000000000000028644e+00
1.000000000000025313e+00
1.000000000000021982e+00
1.000000000000021316e+00
1.000000000000019540e+00
1.000000000000019540e+00
1.000000000000018208e+00
1.000000000000017097e+00
1.000000000000016209e+00
1.000000000000014655e+00
1.000000000000013101e+00
1.000000000000012212e+00
1.000000000000009770e+00
1.000000000000007994e+00
1.000000000000007994e+00
1.000000000000004885e+00
1.000000000000003775e+00
1.000000000000003331e+00
1.000000000000003331e+00
1.000000000000002442e+00
1.000000000000002442e+00
1.000000000000001998e+00
1.000000000000001776e+00
1.000000000000001776e+00
1.000000000000001776e+00
1.000000000000001554e+00
1.000000000000001554e+00
1.000000000000001554e+00
1.000000000000001554e+00
1.000000000000001554e+00
1.000000000000001332e+00
1.000000000000001332e+00
1.000000000000001332e+00
1.000000000000001332e+00
1.000000000000001332e+00
1.000000000000001110e+00
1.000000000000001110e+00
1.000000000000001110e+00
1.000000000000001110e+00
1.000000000000001110e+00
1.000000000000000888e+00
1.000000000000000888e+00
1.000000000000000888e+00
1.000000000000000666e+00
1.000000000000000666e+00
1.000000000000000666e+00
1.000000000000000666e+00
1.000000000000000666e+00
1.000000000000000666e+00
1.000000000000000666e+00
1.000000000000000666e+00
1.000000000000000666e+00
1.000000000000000444e+00
1.000000000000000444e+00
1.000000000000000444e+00
1.000000000000000444e+00
1.000000000000000444e+00
1.000000000000000444e+00
1.000000000000000444e+00
1.000000000000000444e+00
1.000000000000000444e+00
1.000000000000000444e+00
1.000000000000000444e+00
1.000000000000000444e+00
1.000000000000000444e+00
1.000000000000000444e+00
1.000000000000000444e+00
1.000000000000000222e+00
1.000000000000000222e+00
1.000000000000000222e+00
1.000000000000000222e+00
1.000000000000000222e+00
1.000000000000000222e+00
1.000000000000000222e+00
1.000000000000000222e+00
1.000000000000000222e+00
1.000000000000000222e+00
1.000000000000000222e+00
1.000000000000000222e+00
1.000000000000000222e+00
1.000000000000000000e+00
1.000000000000000000e+00
1.000000000000000000e+00
1.000000000000000000e+00
1.000000000000000000e+00
1.000000000000000000e+00
1.000000000000000000e+00
1.000000000000000000e+00
1.000000000000000000e+00
1.000000000000000000e+00
1.000000000000000000e+00
1.000000000000000000e+00
9.999999999999998890e-01
9.999999999999998890e-01
9.999999999999998890e-01
9.999999999999998890e-01
9.999999999999998890e-01
9.999999999999998890e-01
9.999999999999998890e-01
9.999999999999998890e-01
9.999999999999998890e-01
9.999999999999998890e-01
9.999999999999998890e-01
9.999999999999996669e-01
9.999999999999996669e-01
9.999999999999996669e-01
9.999999999999996669e-01
9.999999999999996669e-01
9.999999999999996669e-01
9.999999999999996669e-01
9.999999999999996669e-01
9.999999999999994449e-01
9.999999999999994449e-01
9.999999999999994449e-01
9.999999999999994449e-01
9.999999999999994449e-01
9.999999999999994449e-01
9.999999999999994449e-01
9.999999999999994449e-01
9.999999999999994449e-01
9.999999999999994449e-01
9.999999999999994449e-01
9.999999999999994449e-01
9.999999999999994449e-01
9.999999999999994449e-01
9.999999999999992228e-01
9.999999999999992228e-01
9.999999999999992228e-01
9.999999999999992228e-01
9.999999999999992228e-01
9.999999999999992228e-01
9.999999999999992228e-01
9.999999999999992228e-01
9.999999999999992228e-01
9.999999999999992228e-01
9.999999999999992228e-01
9.999999999999992228e-01
9.999999999999992228e-01
9.999999999999992228e-01
9.999999999999992228e-01
9.999999999999992228e-01
9.999999999999992228e-01
9.999999999999990008e-01
9.999999999999990008e-01
9.999999999999990008e-01
9.999999999999990008e-01
9.999999999999990008e-01
9.999999999999990008e-01
9.999999999999990008e-01
9.999999999999990008e-01
9.999999999999990008e-01
9.999999999999990008e-01
9.999999999999990008e-01
9.999999999999990008e-01
9.999999999999990008e-01
9.999999999999987788e-01
9.999999999999987788e-01
9.999999999999987788e-01
9.999999999999987788e-01
9.999999999999987788e-01
9.999999999999987788e-01
9.999999999999985567e-01
9.999999999999985567e-01
9.999999999999985567e-01
9.999999999999985567e-01
9.999999999999983347e-01
9.999999999999983347e-01
9.999999999999983347e-01
9.999999999999981126e-01
9.999999999999978906e-01
9.999999999999976685e-01
9.999999999999974465e-01
9.999999999999968914e-01
9.999999999999942268e-01
9.999999999999914513e-01
9.999999999999907851e-01
9.999999999999896749e-01
9.999999999999873435e-01
9.999999999999866773e-01
9.999999999999843459e-01
9.999999999999825695e-01
9.999999999999816813e-01
9.999999999999806821e-01
9.999999999999804601e-01
9.999999999999777955e-01
9.999999999999770184e-01
9.999999999999756861e-01
9.999999999999745759e-01
9.999999999999737987e-01
9.999999999999711342e-01
9.999999999999672484e-01
9.999999999999196199e-01
9.999999999969644282e-01
9.999736311052198623e-01
9.999736311051672377e-01
9.996791738796066973e-01
9.996791738795991478e-01
9.996219729989491709e-01
9.996219729989450631e-01
9.994633156269627783e-01
9.994633156269538965e-01
9.993684727583576066e-01
9.993684727583537208e-01
9.991657552355655003e-01
9.991657552355622807e-01
9.988397782106569478e-01
9.988397782106510636e-01
9.979626175942357680e-01
9.979626175942326594e-01
9.974222262336794875e-01
9.974222262336784883e-01
9.968999443947159644e-01
9.968999443946864325e-01
9.967997744268433102e-01
9.967997744268329852e-01
9.962640079781944769e-01
9.962640079781759361e-01
9.954261819983796222e-01
9.954261819983618587e-01
9.947614044992325599e-01
9.947614044992225679e-01
9.936202426057064718e-01
9.936202426056641723e-01
9.923109629709604418e-01
9.923109629709351287e-01
9.914331687944436533e-01
9.914331687944193394e-01
9.907358978924385440e-01
9.907358978924289961e-01
9.893361297255532927e-01
9.893361297255452991e-01
9.888120938036591978e-01
9.888120938036523144e-01
9.886156022941230415e-01
9.886156022941126054e-01
9.860161870509127624e-01
9.860161870508965531e-01
9.844266998547672731e-01
9.844266998547656078e-01
9.839442930555988287e-01
9.839442930555915012e-01
9.818446922669424870e-01
9.818446922669396004e-01
9.792855370923800873e-01
9.792855370923773117e-01
9.725761385281566085e-01
9.725761385281093130e-01
9.638112824274942536e-01
9.638112824274903678e-01
9.613130647625345304e-01
9.613130647625327541e-01
9.589541680329541906e-01
9.589541680329249917e-01
9.536749616953366093e-01
9.536749616953250630e-01
9.501131478659167184e-01
9.501131478654440965e-01
9.362050831546788743e-01
9.362050831546719909e-01
9.152734784087255271e-01
9.152734784087234177e-01
9.137012202589865906e-01
9.137012202589804843e-01
9.065776127693829789e-01
9.065776127692456443e-01
8.925805603136429678e-01
8.925805603136297561e-01
8.366977538720115071e-01
8.366977538720093976e-01
8.349987196859726124e-01
8.349987196859686156e-01
8.294738396616451181e-01
8.294738396616255782e-01
5.833776715456507889e-01
5.833776715456344686e-01
5.728494498083914754e-01
5.728494498083886999e-01
5.400798261202681694e-01
5.400798261202662820e-01
5.220877964410958194e-01
5.220877964410821637e-01
5.197162008317289805e-01
5.197162008316887905e-01
4.989418771897221605e-01
4.989418771895924309e-01
7.812633375189297069e-02
7.812633375189111107e-02
2.977567896875543041e-13
2.815229570743458994e-13
2.746056154580929073e-13
2.701814071432534005e-13
2.588348554174781504e-13
2.205580373593599586e-13
2.155239391251736246e-13
1.860137744391765078e-13
1.805195807300384602e-13
1.741095939915455691e-13
1.645283755262165232e-13
1.613939275046120694e-13
1.468410408797497963e-13
1.395988190045664295e-13
1.318922957997584731e-13
1.239333375549324021e-13
1.226119407841301871e-13
1.157044251339898867e-13
1.077224841629776169e-13
1.063603124141306142e-13
