# Singular values
6.124482062584444009e+01
6.124482062584436193e+01
4.319722213291036184e+01
4.319722213291033341e+01
2.233328659909597036e+01
2.233328659909594549e+01
1.629001102231566378e+01
1.629001102231563891e+01
9.440867298906010063e+00
9.440867298906008287e+00
7.223706181518314118e+00
7.223706181518305236e+00
4.298478212663536802e+00
4.298478212663536802e+00
3.235867659800766294e+00
3.235867659800764073e+00
3.001809164286204812e+00
3.001809164286203480e+00
2.847357791178732001e+00
2.847357791178731112e+00
2.828427124746192511e+00
2.828427124746189403e+00
2.655254571207039227e+00
2.655254571207037895e+00
2.447122182559182235e+00
2.447122182559177350e+00
2.360537318831006370e+00
2.360537318831000597e+00
2.236067977499791581e+00
2.236067977499788029e+00
2.000000000000007994e+00
2.000000000000000888e+00
1.999999999999999556e+00
1.999999999999998668e+00
1.999999999999997113e+00
1.999999999999992228e+00
1.980130529478298040e+00
1.980130529478297818e+00
1.732050807568889184e+00
1.732050807568865425e+00
1.727219494642897590e+00
1.727219494642896480e+00
1.725932504094535025e+00
1.725932504094532360e+00
1.543870395917440019e+00
1.543870395917437355e+00
1.414213562373100475e+00
1.414213562373095590e+00
1.414213562373095590e+00
1.414213562373095590e+00
1.414213562373095368e+00
1.414213562373095368e+00
1.414213562373095368e+00
1.414213562373095368e+00
1.414213562373095368e+00
1.414213562373095145e+00
1.414213562373095145e+00
1.414213562373095145e+00
1.414213562373094923e+00
1.414213562373094257e+00
1.414213562373094035e+00
1.414213562373093813e+00
1.414213562373093591e+00
1.414213562373093369e+00
1.414213562373092703e+00
1.414213562373092703e+00
1.366694473012426858e+00
1.366694473012423749e+00
1.276251442196713715e+00
1.276251442196712160e+00
1.257898943623556365e+00
1.257898943623547261e+00
1.228882160897896147e+00
1.228882160897896147e+00
1.112281040518879216e+00
1.112281040518878772e+00
1.000000000000024425e+00
1.000000000000009326e+00
1.000000000000006439e+00
1.000000000000000444e+00
1.000000000000000444e+00
1.000000000000000444e+00
1.000000000000000444e+00
1.000000000000000444e+00
1.000000000000000444e+00
1.000000000000000444e+00
1.000000000000000222e+00
1.000000000000000222e+00
1.000000000000000000e+00
1.000000000000000000e+00
1.000000000000000000e+00
1.000000000000000000e+00
1.000000000000000000e+00
9.999999999999997780e-01
9.999999999999997780e-01
9.999999999999996669e-01
9.999999999999996669e-01
9.999999999999996669e-01
9.999999999999996669e-01
9.999999999999996669e-01
9.999999999999994449e-01
9.999999999999994449e-01
9.999999999999994449e-01
9.999999999999991118e-01
9.999999999999987788e-01
9.999999999999964473e-01
9.999999999999902300e-01
9.999999999999760192e-01
9.680177250803355671e-01
9.680177250803346789e-01
9.238985189762904948e-01
9.238985189762893846e-01
8.766561585458919614e-01
8.766561585458891859e-01
5.393087294128264819e-01
5.393087294128179332e-01
