# Singular values
2.225179753066789203e+02
2.225179753066787214e+02
1.776087055635527747e+02
1.776087055635524905e+02
1.192113253058479359e+02
1.192113253058477937e+02
1.100856783753463617e+02
1.100856783753459780e+02
1.006332592804342880e+02
1.006332592804341459e+02
9.504266671004337752e+01
9.504266671004317857e+01
9.500000000000024158e+01
9.500000000000005684e+01
8.905447319970306808e+01
8.905447319970303965e+01
8.900619595723846089e+01
8.900619595723830457e+01
8.610673132301162980e+01
8.610673132301127453e+01
8.598671899091753801e+01
8.598671899091745274e+01
8.483940599677958971e+01
8.483940599677956129e+01
8.368506639077841669e+01
8.368506639077838827e+01
7.701926015651680757e+01
7.701926015651673652e+01
7.700000000000002842e+01
7.700000000000001421e+01
7.037587489042942934e+01
7.037587489042932987e+01
7.003485447604541037e+01
7.003485447604521141e+01
6.992509236791343596e+01
6.992509236791336491e+01
6.899924291675698385e+01
6.899924291675694121e+01
6.302593756650495749e+01
6.302593756650485091e+01
6.263635495213950577e+01
6.263635495213944182e+01
6.101857940703676064e+01
6.101857940703663274e+01
6.100841463137333420e+01
6.100841463137321341e+01
6.080328071863585393e+01
6.080328071863578288e+01
5.723207952404425924e+01
5.723207952404413135e+01
5.703046878251615937e+01
5.703046878251591778e+01
5.646599856601699230e+01
5.646599856601686440e+01
5.633094145323748592e+01
5.633094145323731539e+01
5.592681718792579915e+01
5.592681718792572809e+01
5.299005557707663172e+01
5.299005557707659619e+01
5.111878206529650015e+01
5.111878206529644331e+01
5.107837115648852944e+01
5.107837115648851523e+01
5.100000000000006395e+01
5.099999999999996447e+01
4.875882144302340038e+01
4.875882144302324406e+01
4.705738109842211969e+01
4.705738109842211969e+01
4.701126348650696940e+01
4.701126348650691966e+01
4.668587155171974246e+01
4.668587155171973535e+01
4.622838202167523747e+01
4.622838202167507404e+01
4.600000000000012790e+01
4.599999999999999289e+01
4.596061682223881206e+01
4.596061682223864864e+01
4.580338126908446839e+01
4.580338126908437602e+01
4.447107464314314740e+01
4.447107464314310477e+01
4.419275958796882975e+01
4.419275958796867343e+01
4.398066018884517092e+01
4.398066018884507145e+01
4.356604182158397975e+01
4.356604182158380212e+01
4.337129877457665827e+01
4.337129877457660143e+01
4.219004621945803279e+01
4.219004621945793332e+01
4.108503514320123884e+01
4.108503514320113936e+01
4.012678994434919844e+01
4.012678994434914159e+01
4.010930374141118193e+01
4.010930374141116772e+01
4.000005024206585347e+01
4.000005024206579662e+01
3.984934000928657127e+01
3.984934000928647180e+01
3.953211758663840669e+01
3.953211758663837117e+01
3.897864309683188111e+01
3.897864309683186690e+01
3.839715479118694219e+01
3.839715479118677877e+01
3.819885572149907205e+01
3.819885572149902231e+01
3.812381340130403373e+01
3.812381340130395557e+01
3.665336366255116474e+01
3.665336366255109368e+01
3.600000000000016342e+01
3.600000000000009237e+01
3.578163670885229664e+01
3.578163670885219716e+01
3.534570824510218756e+01
3.534570824510216625e+01
3.499517527305715703e+01
3.499517527305702913e+01
3.479599467532462143e+01
3.479599467532457879e+01
3.441498452842115086e+01
3.441498452842103006e+01
3.399999999999987921e+01
3.399999999999964473e+01
3.333809069576750517e+01
3.333809069576746964e+01
3.284901594915604051e+01
3.284901594915599787e+01
3.224000278021240007e+01
3.224000278021240007e+01
3.212745678460881749e+01
3.212745678460863274e+01
3.198069712441272117e+01
3.198069712441268564e+01
3.159602264513477365e+01
3.159602264513465997e+01
3.149294519476953980e+01
3.149294519476950072e+01
3.130495168499714254e+01
3.130495168499698266e+01
3.104034112053711425e+01
3.104034112053709293e+01
3.100000000000001421e+01
3.099999999999992539e+01
3.026651237781962323e+01
3.026651237781957704e+01
3.015489757502662016e+01
3.015489757502653845e+01
2.955695690729214675e+01
2.955695690729192293e+01
2.909842308778413766e+01
2.909842308778412701e+01
2.904893187708855962e+01
2.904893187708854896e+01
2.898845474084301088e+01
2.898845474084295404e+01
2.886566684937980654e+01
2.886566684937968930e+01
2.870089028899929318e+01
2.870089028899923989e+01
2.829316224870383678e+01
2.829316224870381546e+01
2.808869819077625607e+01
2.808869819077618146e+01
2.764366575359925804e+01
2.764366575359916922e+01
2.712619948451779450e+01
2.712619948451763463e+01
2.660682214380189592e+01
2.660682214380177157e+01
2.616456683349418810e+01
2.616456683349417389e+01
2.612171901574103572e+01
2.612171901574098598e+01
2.604331594740633093e+01
2.604331594740624922e+01
2.531348703280767154e+01
2.531348703280763246e+01
2.516987055101164827e+01
2.516987055101163051e+01
2.507364303824228813e+01
2.507364303824220642e+01
2.498844978951065343e+01
2.498844978951064277e+01
2.401629832416865895e+01
2.401629832416865185e+01
2.399780629166093959e+01
2.399780629166093959e+01
2.347400123034016062e+01
2.347400123034002917e+01
2.333165037904369399e+01
2.333165037904360517e+01
2.316578973277595210e+01
2.316578973277587039e+01
2.301377207577213113e+01
2.301377207577201034e+01
2.299845723014711396e+01
2.299845723014709620e+01
2.293575911685491775e+01
2.293575911685489288e+01
2.222593043012184921e+01
2.222593043012176395e+01
2.207132122699349708e+01
2.207132122699342247e+01
2.200000000000004619e+01
2.199999999999995381e+01
2.195420026968128013e+01
2.195420026968120197e+01
2.150640071204242076e+01
2.150640071204237103e+01
2.144650407242039236e+01
2.144650407242038881e+01
2.114924747421147799e+01
2.114924747421140694e+01
2.100224267029475556e+01
2.100224267029472713e+01
2.100000000000006750e+01
2.099999999999996447e+01
2.086960620004945355e+01
2.086960620004941092e+01
2.042877801690284301e+01
2.042877801690267603e+01
2.006864884455093900e+01
2.006864884455082532e+01
2.002559481389696572e+01
2.002559481389690177e+01
2.000980154028885494e+01
2.000980154028874125e+01
2.000000000000001776e+01
1.999999999999993605e+01
1.997980598217651504e+01
1.997980598217647952e+01
1.980915025838680421e+01
1.980915025838677934e+01
1.971687159646867116e+01
1.971687159646864274e+01
1.937110851053791549e+01
1.937110851053789062e+01
1.931302708572529880e+01
1.931302708572528459e+01
1.923644890851712930e+01
1.923644890851706535e+01
1.913256622705191390e+01
1.913256622705190679e+01
1.908041665673832554e+01
1.908041665673826159e+01
1.905247123593757053e+01
1.905247123593744618e+01
1.894903753330168072e+01
1.894903753330164520e+01
1.864766965185293301e+01
1.864766965185290815e+01
1.843771389756005874e+01
1.843771389756003387e+01
1.834446078702073990e+01
1.834446078702072924e+01
1.812721486965595119e+01
1.812721486965590501e+01
1.798947139883898672e+01
1.798947139883895474e+01
1.791491358495966324e+01
1.791491358495962061e+01
1.761289783748344462e+01
1.761289783748340909e+01
1.708721704734115932e+01
1.708721704734109181e+01
1.705961513458767342e+01
1.705961513458762369e+01
1.702844255952863151e+01
1.702844255952860664e+01
1.700045957061428226e+01
1.700045957061425028e+01
1.700000000000005329e+01
1.700000000000003908e+01
1.686610614010060161e+01
1.686610614010054476e+01
1.680482385006974511e+01
1.680482385006969182e+01
1.653938984637542120e+01
1.653938984637535370e+01
1.631134389831427711e+01
1.631134389831413145e+01
1.621387014210854360e+01
1.621387014210839794e+01
1.613603266783816892e+01
1.613603266783811208e+01
1.607974182977100597e+01
1.607974182977099176e+01
1.599569803391376333e+01
1.599569803391370115e+01
1.583641485953392447e+01
1.583641485953390138e+01
1.579573703489530345e+01
1.579573703489528391e+01
1.577275442310418008e+01
1.577275442310417120e+01
1.565671779990120527e+01
1.565671779990114842e+01
1.560576896233992272e+01
1.560576896233987831e+01
1.541241066136952220e+01
1.541241066136944937e+01
1.508585997233054243e+01
1.508585997233053888e+01
1.500000000000005151e+01
1.500000000000003020e+01
1.500000000000001599e+01
1.499999999999998401e+01
1.492064527992462253e+01
1.492064527992459411e+01
1.461440372139357891e+01
1.461440372139354338e+01
1.455653973876471063e+01
1.455653973876461293e+01
1.405641659994745574e+01
1.405641659994744685e+01
1.403416152455363530e+01
1.403416152455357491e+01
1.403287722990678787e+01
1.403287722990678255e+01
1.400744023237683145e+01
1.400744023237681191e+01
1.400280738375372813e+01
1.400280738375370504e+01
1.400000000000003553e+01
1.400000000000003020e+01
1.389525028858424882e+01
1.389525028858424172e+01
1.386508245279435947e+01
1.386508245279434703e+01
1.356873880147779765e+01
1.356873880147774081e+01
1.347166183748879931e+01
1.347166183748875490e+01
1.320786169590365233e+01
1.320786169590362391e+01
1.309631631201093960e+01
1.309631631201091118e+01
1.303840481040535693e+01
1.303840481040533383e+01
1.303840481040532140e+01
1.303840481040531962e+01
1.301807238542836487e+01
1.301807238542835243e+01
1.300418990112656203e+01
1.300418990112653717e+01
1.299141140013088247e+01
1.299141140013082918e+01
1.284506335613528094e+01
1.284506335613513706e+01
1.273828977062035683e+01
1.273828977062031953e+01
1.260425664265777534e+01
1.260425664265777534e+01
1.245967296100896071e+01
1.245967296100895005e+01
1.226281876491472467e+01
1.226281876491471401e+01
1.225107153268215221e+01
1.225107153268211491e+01
1.202629581225722433e+01
1.202629581225719946e+01
1.200000000000003020e+01
1.200000000000001599e+01
1.197255373190757410e+01
1.197255373190753147e+01
1.197007730821587224e+01
1.197007730821587046e+01
1.176223346714266782e+01
1.176223346714259854e+01
1.172294481313769055e+01
1.172294481313767989e+01
1.148318314755547043e+01
1.148318314755544201e+01
1.116696535865627560e+01
1.116696535865626672e+01
1.110801809077940838e+01
1.110801809077938351e+01
1.104689497427141198e+01
1.104689497427136402e+01
1.100000000000012257e+01
1.100000000000005507e+01
1.100000000000004263e+01
1.100000000000003197e+01
1.100000000000003020e+01
1.100000000000002665e+01
1.100000000000002665e+01
1.100000000000002487e+01
1.100000000000002309e+01
1.100000000000001421e+01
1.096639993137499935e+01
1.096639993137495672e+01
1.077753916145538504e+01
1.077753916145534419e+01
1.065062459380154536e+01
1.065062459380154181e+01
1.059847220034994919e+01
1.059847220034993676e+01
1.055469893993249642e+01
1.055469893993248398e+01
1.047557969171399250e+01
1.047557969171394987e+01
1.034841860974068339e+01
1.034841860974062833e+01
1.026277580201691819e+01
1.026277580201687378e+01
1.023527938137345750e+01
1.023527938137339000e+01
1.005995380326021760e+01
1.005995380326020516e+01
1.003241939011319417e+01
1.003241939011318884e+01
9.999999999999994671e+00
9.999999999999991118e+00
9.989692180860501480e+00
9.989692180860480164e+00
9.980646710029603241e+00
9.980646710029581925e+00
9.908367698745598418e+00
9.908367698745554009e+00
9.756177778754191010e+00
9.756177778754155483e+00
9.734925009194384415e+00
9.734925009194297374e+00
9.720366772019657375e+00
9.720366772019641388e+00
9.445192702795681683e+00
9.445192702795637274e+00
9.433981132056628027e+00
9.433981132056603158e+00
9.263734025791336535e+00
9.263734025791316995e+00
9.129143840660958631e+00
9.129143840660926656e+00
9.051633867331533523e+00
9.051633867331512207e+00
9.000000000000008882e+00
9.000000000000001776e+00
8.998863558328181966e+00
8.998863558328089596e+00
8.984276613103325815e+00
8.984276613103322262e+00
8.906879237029741603e+00
8.906879237029725616e+00
8.883211484921407219e+00
8.883211484921396561e+00
8.847732335038003271e+00
8.847732335037981954e+00
8.803697564290203559e+00
8.803697564290196453e+00
8.479251008177552507e+00
8.479251008177548954e+00
8.381297292566502577e+00
8.381297292566465273e+00
8.134202571855910335e+00
8.134202571855887243e+00
8.108066548666883477e+00
8.108066548666865714e+00
8.062257748298565119e+00
8.062257748298558013e+00
8.043648710066486629e+00
8.043648710066481300e+00
8.000000000000001776e+00
7.999999999999997335e+00
7.999999999999991118e+00
7.999999999999981348e+00
7.997066455695026832e+00
7.997066455695020615e+00
7.958899662667935360e+00
7.958899662667884733e+00
7.492543947074427280e+00
7.492543947074424615e+00
7.347917739443692753e+00
7.347917739443580842e+00
7.343341918965361259e+00
7.343341918965347936e+00
7.313532012162180962e+00
7.313532012162147211e+00
7.072769678953260808e+00
7.072769678953229722e+00
7.000339833762212471e+00
7.000339833762203590e+00
7.000000000000023981e+00
7.000000000000000000e+00
6.999999999999999112e+00
6.999999999999984013e+00
6.998932082429138113e+00
6.998932082429131896e+00
6.966637579448592632e+00
6.966637579448536677e+00
6.761423467237081653e+00
6.761423467237058560e+00
6.714690759535869802e+00
6.714690759535868025e+00
6.677591966305705284e+00
6.677591966305657323e+00
6.566527122291480723e+00
6.566527122291470064e+00
6.518332100797711526e+00
6.518332100797681328e+00
6.403124237432859189e+00
6.403124237432859189e+00
6.309636625638472829e+00
6.309636625638467500e+00
6.240214114457342198e+00
6.240214114457284467e+00
6.093051179272650941e+00
6.093051179272627849e+00
6.050042606020767266e+00
6.050042606020755720e+00
6.017717248700410693e+00
6.017717248700405364e+00
6.004371959881524390e+00
6.004371959881487086e+00
6.000000000000041744e+00
6.000000000000015099e+00
6.000000000000010658e+00
6.000000000000007994e+00
6.000000000000003553e+00
6.000000000000001776e+00
5.999999999999995559e+00
5.999999999999969802e+00
5.997544351262908968e+00
5.997544351262867224e+00
5.996955664513703432e+00
5.996955664513701656e+00
5.986991021556607784e+00
5.986991021556583803e+00
5.971415441714298389e+00
5.971415441714270855e+00
5.936708219478408211e+00
5.936708219478389559e+00
5.908233252824586224e+00
5.908233252824531156e+00
5.786463936633646554e+00
5.786463936633613692e+00
5.762655800607356049e+00
5.762655800607337397e+00
5.708775912941856490e+00
5.708775912941834285e+00
5.673731268571077457e+00
5.673731268571054365e+00
5.627721157423256848e+00
5.627721157423220433e+00
5.398345637668197305e+00
5.398345637668186647e+00
5.386654002129542818e+00
5.386654002129522389e+00
5.371752438276540254e+00
5.371752438276454988e+00
5.289931790346989793e+00
5.289931790346980023e+00
5.226852247430082699e+00
5.226852247430080034e+00
5.201495589858170732e+00
5.201495589858147639e+00
5.175668282473552040e+00
5.175668282473542270e+00
5.099019513592790709e+00
5.099019513592786268e+00
5.097414094578783583e+00
5.097414094578782695e+00
5.047676577891738958e+00
5.047676577891720306e+00
5.000329787512686863e+00
5.000329787512659330e+00
5.000000000000015987e+00
5.000000000000010658e+00
5.000000000000009770e+00
5.000000000000007105e+00
5.000000000000007105e+00
5.000000000000006217e+00
5.000000000000006217e+00
5.000000000000000888e+00
5.000000000000000888e+00
4.999999999999998224e+00
4.999999999999996447e+00
4.999999999999996447e+00
4.999999999999994671e+00
4.999999999999992895e+00
4.999999999999992895e+00
4.999999999999986677e+00
4.999154517223630023e+00
4.999154517223584726e+00
4.991943689813688856e+00
4.991943689813664875e+00
4.980761383196576908e+00
4.980761383196476544e+00
4.945842146102597425e+00
4.945842146102576109e+00
4.936979160141496514e+00
4.936979160141423684e+00
4.835927604896997245e+00
4.835927604896964382e+00
4.761064755777221436e+00
4.761064755777212554e+00
4.754036722915333080e+00
4.754036722915331303e+00
4.498828687667532300e+00
4.498828687667467463e+00
4.448631887647511718e+00
4.448631887647506389e+00
4.409832285862553825e+00
4.409832285862539614e+00
4.316924319620448536e+00
4.316924319620448536e+00
4.242640687119293652e+00
4.242640687119286547e+00
4.242450995266644931e+00
4.242450995266642266e+00
4.234937061126918145e+00
4.234937061126913704e+00
4.149115305045178559e+00
4.149115305045167901e+00
4.138120153479838415e+00
4.138120153479828645e+00
4.123105625617699665e+00
4.123105625617666803e+00
4.123105625617665915e+00
4.123105625617665027e+00
4.123105625617664138e+00
4.123105625617649039e+00
4.113123112968644080e+00
4.113123112968501971e+00
4.091385375311011430e+00
4.091385375311006989e+00
4.056527444822082273e+00
4.056527444822066286e+00
4.053438062785923002e+00
4.053438062785904350e+00
4.000000000000025757e+00
4.000000000000020428e+00
4.000000000000009770e+00
4.000000000000009770e+00
4.000000000000007994e+00
4.000000000000003553e+00
4.000000000000003553e+00
4.000000000000002665e+00
4.000000000000002665e+00
4.000000000000000888e+00
3.999999999999998668e+00
3.999999999999998668e+00
3.999999999999997335e+00
3.999999999999995115e+00
3.994301564186930609e+00
3.994301564186924836e+00
3.993102241779248551e+00
3.993102241779237893e+00
3.983348830380297301e+00
3.983348830380275096e+00
3.982034650216357718e+00
3.982034650216332405e+00
3.975711606268859555e+00
3.975711606268855558e+00
3.906669586194762456e+00
3.906669586194744248e+00
3.839837777204675007e+00
3.839837777204671454e+00
3.749527361998295394e+00
3.749527361998270525e+00
3.669277579967848535e+00
3.669277579967821445e+00
3.638320394174989314e+00
3.638320394174976879e+00
3.629854021569482558e+00
3.629854021569478117e+00
3.507808262948086231e+00
3.507808262948064915e+00
3.457755420350862696e+00
3.457755420350842712e+00
3.418908370511311468e+00
3.418908370511310135e+00
3.354565888082850833e+00
3.354565888082829961e+00
3.335014581585628690e+00
3.335014581585612703e+00
3.315897211321192195e+00
3.315897211321172655e+00
3.304103278226059537e+00
3.304103278226034668e+00
3.162277660168391069e+00
3.162277660168377302e+00
3.152314108480356314e+00
3.152314108480243959e+00
3.148361650086342056e+00
3.148361650086314523e+00
3.087162149381743603e+00
3.087162149381733389e+00
3.053971722949409884e+00
3.053971722949384571e+00
3.039612795020330438e+00
3.039612795020303349e+00
3.034372786800086708e+00
3.034372786800051625e+00
3.013159825594843078e+00
3.013159825594835528e+00
3.000000000000014655e+00
3.000000000000013323e+00
3.000000000000011102e+00
3.000000000000010214e+00
3.000000000000009326e+00
3.000000000000009326e+00
3.000000000000008882e+00
3.000000000000008438e+00
3.000000000000006217e+00
3.000000000000004441e+00
3.000000000000003997e+00
3.000000000000003997e+00
3.000000000000003997e+00
3.000000000000003997e+00
3.000000000000002220e+00
3.000000000000002220e+00
3.000000000000002220e+00
3.000000000000002220e+00
3.000000000000001776e+00
3.000000000000001776e+00
3.000000000000000000e+00
2.999999999999999556e+00
2.999999999999998668e+00
2.999999999999998668e+00
2.999999999999998668e+00
2.999999999999996447e+00
2.997790598638582882e+00
2.997790598638575776e+00
2.995520734538738683e+00
2.995520734538731134e+00
2.968796405349860112e+00
2.968796405349851675e+00
2.960063279283538407e+00
2.960063279283529081e+00
2.943206489410471249e+00
2.943206489410465920e+00
2.892194599247153164e+00
2.892194599247139397e+00
2.829866941275783976e+00
2.829866941275781755e+00
2.828427124746197396e+00
2.828427124746191179e+00
2.801682479366654377e+00
2.801682479366649492e+00
2.722408202210905515e+00
2.722408202210900185e+00
2.642277839675250650e+00
2.642277839675250206e+00
2.624518729431344344e+00
2.624518729431341679e+00
2.609594898203937419e+00
2.609594898203916991e+00
2.585501525436928461e+00
2.585501525436923576e+00
2.509242912353643273e+00
2.509242912353634392e+00
2.486431622918918283e+00
2.486431622918910289e+00
2.468173058528777553e+00
2.468173058528774000e+00
2.449489742783180990e+00
2.449489742783177437e+00
2.447809969979604539e+00
2.447809969979601430e+00
2.384319261004018919e+00
2.384319261004003820e+00
2.361884611459525551e+00
2.361884611459522443e+00
2.330844562302980538e+00
2.330844562302964551e+00
2.293878917666455131e+00
2.293878917666450690e+00
2.287661857314132963e+00
2.287661857314073455e+00
2.264243532704568018e+00
2.264243532704555584e+00
2.258236021228343215e+00
2.258236021228325896e+00
2.236067977499796022e+00
2.236067977499793358e+00
2.236067977499792025e+00
2.236067977499785808e+00
2.236067977499784476e+00
2.236067977499784032e+00
2.235751933600468533e+00
2.235751933600459207e+00
2.227423528468396530e+00
2.227423528468391201e+00
2.225247287095023285e+00
2.225247287094962445e+00
2.188795957611996190e+00
2.188795957611985088e+00
2.159496261255243077e+00
2.159496261255235083e+00
2.153183532787475318e+00
2.153183532787473098e+00
2.103435555862321227e+00
2.103435555862300355e+00
2.055880104894438620e+00
2.055880104894426186e+00
2.029968622661766808e+00
2.029968622661764144e+00
2.001349881891208327e+00
2.001349881891172799e+00
2.000000000000016431e+00
2.000000000000011102e+00
2.000000000000007550e+00
2.000000000000006661e+00
2.000000000000005773e+00
2.000000000000005329e+00
2.000000000000005329e+00
2.000000000000004885e+00
2.000000000000004885e+00
2.000000000000004441e+00
2.000000000000003997e+00
2.000000000000003997e+00
2.000000000000003997e+00
2.000000000000003553e+00
2.000000000000003553e+00
2.000000000000003553e+00
2.000000000000003553e+00
2.000000000000002665e+00
2.000000000000001776e+00
2.000000000000001776e+00
2.000000000000001776e+00
2.000000000000001332e+00
2.000000000000001332e+00
2.000000000000000444e+00
2.000000000000000444e+00
2.000000000000000000e+00
2.000000000000000000e+00
1.999999999999999778e+00
1.999999999999999778e+00
1.999999999999999778e+00
1.999999999999998890e+00
1.999999999999998890e+00
1.999999999999998668e+00
1.999999999999998668e+00
1.999999999999994893e+00
1.999999999999989564e+00
1.999950297601521765e+00
1.999950297601517990e+00
1.999906937528072692e+00
1.999906937528054707e+00
1.995119173937922596e+00
1.995119173937911494e+00
1.993318157238759492e+00
1.993318157238753052e+00
1.991509836133942279e+00
1.991509836133940059e+00
1.987435303946167187e+00
1.987435303946160969e+00
1.982933062087300025e+00
1.982933062087295362e+00
1.978387210909348770e+00
1.978387210909333005e+00
1.976969856323736785e+00
1.976969856323733676e+00
1.975585922621492019e+00
1.975585922621486246e+00
1.970451604537883039e+00
1.970451604537842627e+00
1.957615992989885090e+00
1.957615992989876430e+00
1.946502544360751097e+00
1.946502544360723341e+00
1.917870493290391831e+00
1.917870493290376510e+00
1.892840656858883142e+00
1.892840656858874482e+00
1.884381684918372546e+00
1.884381684918365218e+00
1.846606325051535880e+00
1.846606325051521447e+00
1.791873926963666763e+00
1.791873926963643227e+00
1.772123766454484661e+00
1.772123766454466232e+00
1.747056399148013028e+00
1.747056399148005923e+00
1.739146038009174333e+00
1.739146038009160344e+00
1.732304888427022238e+00
1.732304888427019351e+00
1.732050807568887629e+00
1.732050807568884077e+00
1.732050807568871198e+00
1.732050807568868089e+00
1.695752796803048135e+00
1.695752796803017048e+00
1.693399497014527189e+00
1.693399497014507205e+00
1.674005661939744982e+00
1.674005661939742984e+00
1.646168310699072101e+00
1.646168310699071657e+00
1.637059095421006250e+00
1.637059095420999144e+00
1.618033988749912666e+00
1.618033988749878027e+00
1.616798063277935071e+00
1.616798063277933961e+00
1.600946965330403149e+00
1.600946965330370508e+00
1.582392274736073468e+00
1.582392274736061699e+00
1.543696763678241268e+00
1.543696763678220174e+00
1.446790953265847390e+00
1.446790953265846724e+00
1.428912008391842070e+00
1.428912008391837851e+00
1.424375275405661556e+00
1.424375275405651342e+00
1.414213562373112465e+00
1.414213562373109356e+00
1.414213562373108024e+00
1.414213562373106470e+00
1.414213562373102029e+00
1.414213562373100919e+00
1.414213562373100697e+00
1.414213562373099142e+00
1.414213562373098920e+00
1.414213562373098920e+00
1.414213562373098698e+00
1.414213562373098476e+00
1.414213562373098476e+00
1.414213562373098476e+00
1.414213562373098032e+00
1.414213562373097810e+00
1.414213562373097810e+00
1.414213562373097810e+00
1.414213562373097588e+00
1.414213562373096922e+00
1.414213562373096700e+00
1.414213562373096478e+00
1.414213562373096256e+00
1.414213562373096256e+00
1.414213562373095812e+00
1.414213562373095812e+00
1.414213562373095812e+00
1.414213562373095368e+00
1.414213562373095368e+00
1.414213562373095368e+00
1.414213562373095145e+00
1.414213562373095145e+00
1.414213562373094923e+00
1.414213562373094923e+00
1.414213562373094923e+00
1.414213562373094479e+00
1.414213562373094479e+00
1.414213562373094479e+00
1.414213562373094479e+00
1.414213562373094257e+00
1.414213562373094257e+00
1.414213562373094035e+00
1.414213562373094035e+00
1.414213562373093813e+00
1.414213562373093813e+00
1.414213562373093369e+00
1.414213562373092703e+00
1.414213562373090705e+00
1.414213562373088706e+00
1.414213562373088484e+00
1.414213562373086264e+00
1.414213562373080046e+00
1.414192796642030014e+00
1.414192796642023797e+00
1.414085649036407322e+00
1.414085649036396219e+00
1.413522246666968130e+00
1.413522246666967241e+00
1.411494306491630102e+00
1.411494306491629880e+00
1.410376119842928100e+00
1.410376119842923215e+00
1.408272366104359907e+00
1.408272366104355244e+00
1.407062687360864706e+00
1.407062687360861375e+00
1.405787210253653718e+00
1.405787210253649500e+00
1.402898268674861670e+00
1.402898268674858562e+00
1.398579072937281786e+00
1.398579072937255141e+00
1.391612094061546845e+00
1.391612094061535965e+00
1.384407066072883774e+00
1.384407066072881554e+00
1.380596089128182768e+00
1.380596089128179438e+00
1.364411703211016125e+00
1.364411703210999693e+00
1.360012333214372093e+00
1.360012333214362323e+00
1.334975541019457701e+00
1.334975541019447931e+00
1.328609216015603778e+00
1.328609216015595562e+00
1.326699309301526464e+00
1.326699309301514473e+00
1.323981957745119287e+00
1.323981957745115956e+00
1.320395900697331371e+00
1.320395900697321823e+00
1.303002527486955442e+00
1.303002527486937456e+00
1.222358450353780102e+00
1.222358450353779213e+00
1.167598792410313946e+00
1.167598792410279973e+00
1.078577072715166896e+00
1.078577072715166230e+00
1.053544912374407616e+00
1.053544912374386966e+00
1.026309407674723673e+00
1.026309407674682594e+00
1.001513649422868912e+00
1.001513649422858476e+00
1.000000000000058842e+00
1.000000000000053513e+00
1.000000000000033529e+00
1.000000000000032641e+00
1.000000000000029754e+00
1.000000000000028866e+00
1.000000000000025535e+00
1.000000000000023315e+00
1.000000000000021982e+00
1.000000000000019762e+00
1.000000000000017764e+00
1.000000000000016653e+00
1.000000000000015543e+00
1.000000000000015321e+00
1.000000000000014211e+00
1.000000000000012657e+00
1.000000000000011990e+00
1.000000000000009992e+00
1.000000000000009548e+00
1.000000000000008660e+00
1.000000000000007105e+00
1.000000000000003775e+00
1.000000000000003109e+00
1.000000000000002887e+00
1.000000000000002665e+00
1.000000000000002442e+00
1.000000000000001998e+00
1.000000000000001776e+00
1.000000000000001776e+00
1.000000000000001776e+00
1.000000000000001554e+00
1.000000000000001554e+00
1.000000000000001554e+00
1.000000000000001332e+00
1.000000000000001332e+00
1.000000000000001332e+00
1.000000000000001332e+00
1.000000000000001332e+00
1.000000000000001332e+00
1.000000000000001332e+00
1.000000000000001332e+00
1.000000000000001110e+00
1.000000000000001110e+00
1.000000000000001110e+00
1.000000000000000888e+00
1.000000000000000888e+00
1.000000000000000888e+00
1.000000000000000888e+00
1.000000000000000888e+00
1.000000000000000888e+00
1.000000000000000888e+00
1.000000000000000888e+00
1.000000000000000888e+00
1.000000000000000888e+00
1.000000000000000666e+00
1.000000000000000666e+00
1.000000000000000666e+00
1.000000000000000666e+00
1.000000000000000666e+00
1.000000000000000666e+00
1.000000000000000666e+00
1.000000000000000666e+00
1.000000000000000666e+00
1.000000000000000666e+00
1.000000000000000666e+00
1.000000000000000444e+00
1.000000000000000444e+00
1.000000000000000444e+00
1.000000000000000444e+00
1.000000000000000444e+00
1.000000000000000444e+00
1.000000000000000222e+00
1.000000000000000222e+00
1.000000000000000222e+00
1.000000000000000222e+00
1.000000000000000222e+00
1.000000000000000222e+00
1.000000000000000222e+00
1.000000000000000222e+00
1.000000000000000222e+00
1.000000000000000222e+00
1.000000000000000222e+00
1.000000000000000222e+00
1.000000000000000222e+00
1.000000000000000222e+00
1.000000000000000222e+00
1.000000000000000222e+00
1.000000000000000222e+00
1.000000000000000222e+00
1.000000000000000222e+00
1.000000000000000222e+00
1.000000000000000222e+00
1.000000000000000222e+00
1.000000000000000222e+00
1.000000000000000000e+00
1.000000000000000000e+00
1.000000000000000000e+00
1.000000000000000000e+00
1.000000000000000000e+00
1.000000000000000000e+00
9.999999999999998890e-01
9.999999999999998890e-01
9.999999999999998890e-01
9.999999999999998890e-01
9.999999999999998890e-01
9.999999999999998890e-01
9.999999999999998890e-01
9.999999999999998890e-01
9.999999999999998890e-01
9.999999999999998890e-01
9.999999999999998890e-01
9.999999999999998890e-01
9.999999999999998890e-01
9.999999999999998890e-01
9.999999999999998890e-01
9.999999999999998890e-01
9.999999999999997780e-01
9.999999999999997780e-01
9.999999999999997780e-01
9.999999999999997780e-01
9.999999999999997780e-01
9.999999999999997780e-01
9.999999999999997780e-01
9.999999999999997780e-01
9.999999999999996669e-01
9.999999999999996669e-01
9.999999999999996669e-01
9.999999999999996669e-01
9.999999999999996669e-01
9.999999999999996669e-01
9.999999999999996669e-01
9.999999999999996669e-01
9.999999999999996669e-01
9.999999999999996669e-01
9.999999999999996669e-01
9.999999999999996669e-01
9.999999999999996669e-01
9.999999999999996669e-01
9.999999999999996669e-01
9.999999999999996669e-01
9.999999999999996669e-01
9.999999999999994449e-01
9.999999999999994449e-01
9.999999999999994449e-01
9.999999999999994449e-01
9.999999999999994449e-01
9.999999999999994449e-01
9.999999999999994449e-01
9.999999999999994449e-01
9.999999999999994449e-01
9.999999999999994449e-01
9.999999999999994449e-01
9.999999999999994449e-01
9.999999999999994449e-01
9.999999999999993339e-01
9.999999999999993339e-01
9.999999999999993339e-01
9.999999999999993339e-01
9.999999999999993339e-01
9.999999999999993339e-01
9.999999999999993339e-01
9.999999999999993339e-01
9.999999999999992228e-01
9.999999999999992228e-01
9.999999999999992228e-01
9.999999999999992228e-01
9.999999999999992228e-01
9.999999999999992228e-01
9.999999999999992228e-01
9.999999999999992228e-01
9.999999999999992228e-01
9.999999999999992228e-01
9.999999999999991118e-01
9.999999999999991118e-01
9.999999999999991118e-01
9.999999999999991118e-01
9.999999999999991118e-01
9.999999999999991118e-01
9.999999999999988898e-01
9.999999999999988898e-01
9.999999999999988898e-01
9.999999999999987788e-01
9.999999999999987788e-01
9.999999999999987788e-01
9.999999999999987788e-01
9.999999999999986677e-01
9.999999999999986677e-01
9.999999999999986677e-01
9.999999999999985567e-01
9.999999999999985567e-01
9.999999999999983347e-01
9.999999999999982236e-01
9.999999999999977796e-01
9.999999999999974465e-01
9.999999999999973355e-01
9.999999999999967804e-01
9.999999999999963363e-01
9.999999999999941158e-01
9.999999999999916733e-01
9.999999999999912292e-01
9.999999999999906741e-01
9.999999999999888978e-01
9.999999999999875655e-01
9.999999999999872324e-01
9.999999999999866773e-01
9.999999999999844569e-01
9.999999999999830136e-01
9.999999999999820144e-01
9.999999999999797939e-01
9.999999999999784617e-01
9.999999999999766853e-01
9.999999999999753530e-01
9.999999999999706901e-01
9.999999999999695799e-01
9.999999999999678035e-01
9.999999999999671374e-01
9.999999999999473754e-01
9.999999999999424904e-01
9.997983586031652381e-01
9.997983586031605752e-01
9.996172809655684555e-01
9.996172809655611280e-01
9.996024236526834805e-01
9.996024236526789286e-01
9.994678491404572762e-01
9.994678491404518361e-01
9.993225405939775152e-01
9.993225405939727413e-01
9.992025963151722756e-01
9.992025963151698331e-01
9.983854630817202702e-01
9.983854630817180498e-01
9.979584847797169367e-01
9.979584847796998393e-01
9.966236273430729709e-01
9.966236273430679748e-01
9.945469039339795980e-01
9.945469039339654982e-01
9.912287412204412451e-01
9.912287412204175974e-01
9.897461604917057176e-01
9.897461604916738542e-01
9.893226278069592317e-01
9.893226278069590096e-01
9.879523167276761386e-01
9.879523167276675899e-01
9.850324974408267709e-01
9.850324974408185552e-01
9.834289133794239524e-01
9.834289133794235083e-01
9.766596259469125796e-01
9.766596259469103591e-01
9.642448347513988827e-01
9.642448347513936646e-01
9.616784626838464911e-01
9.616784626838358330e-01
9.606331595698746062e-01
9.606331595698658354e-01
9.530038268471963114e-01
9.530038268471936469e-01
9.452522907806786279e-01
9.452522907806746311e-01
9.359504043088957559e-01
9.359504043088918701e-01
9.359281998978643546e-01
9.359281998978461470e-01
9.262096826685974893e-01
9.262096826685829454e-01
9.234852971813904965e-01
9.234852971813818368e-01
9.173401435678781857e-01
9.173401435678715243e-01
8.935394343823935825e-01
8.935394343823822583e-01
8.900006532808365511e-01
8.900006532808185655e-01
8.737507114205806946e-01
8.737507114205792513e-01
8.571519544556353010e-01
8.571519544556082115e-01
8.513125952803853869e-01
8.513125952803796137e-01
8.469146292492967243e-01
8.469146292492892858e-01
8.405067959708801828e-01
8.405067959708667491e-01
8.215201941128543739e-01
8.215201941128009722e-01
8.046241219614380658e-01
8.046241219614344020e-01
7.833532212817748697e-01
7.833532212817728713e-01
7.679194294478848271e-01
7.679194294478816074e-01
7.511296571898595786e-01
7.511296571898559149e-01
6.627214657506868001e-01
6.627214657505856588e-01
6.286473105686709584e-01
6.286473105686676277e-01
6.180339887499091134e-01
6.180339887498802476e-01
6.168767894269457930e-01
6.168767894269417962e-01
6.144593116087679885e-01
6.144593116087561091e-01
4.125655570275713058e-01
4.125655570275560957e-01
3.694655595580678131e-01
3.694655595580609297e-01
3.110534941364924144e-01
3.110534941364757056e-01
2.721804765157387340e-01
2.721804765157194161e-01
2.709208089655311680e-01
2.709208089652789808e-01
1.643711478817849458e-01
1.643711478817824756e-01
1.514325263709154212e-01
1.514325263709142000e-01
5.734925416236615059e-02
5.734925416234069873e-02
4.273517077109063173e-02
4.273517077108656553e-02
3.992821448351739633e-02
3.992821448351284441e-02
1.429691082584236177e-13
