# Singular values
2.753782231018607831e+02
2.753782231018606694e+02
1.784634670792387112e+02
1.784634670792386828e+02
7.957152966778834013e+01
7.957152966778834013e+01
7.117619346159222005e+01
7.117619346159216320e+01
6.651240363446805759e+01
6.651240363446794390e+01
6.345164017634259324e+01
6.345164017634252218e+01
5.419609363678384284e+01
5.419609363678382863e+01
4.291784330534049019e+01
4.291784330534046177e+01
4.021193852576621452e+01
4.021193852576621452e+01
3.745552557306878327e+01
3.745552557306874064e+01
3.500640921901454305e+01
3.500640921901452884e+01
3.162205487482600219e+01
3.162205487482597732e+01
2.951800250573161222e+01
2.951800250573159445e+01
2.652669645239233631e+01
2.652669645239233631e+01
2.570854642180749394e+01
2.570854642180748328e+01
2.265959131268603954e+01
2.265959131268603244e+01
2.017615944171356901e+01
2.017615944171355835e+01
1.845303917227192869e+01
1.845303917227190027e+01
1.801786176308253218e+01
1.801786176308251441e+01
1.798653616296536484e+01
1.798653616296535063e+01
1.700544382084501294e+01
1.700544382084500938e+01
1.667570433306608635e+01
1.667570433306606503e+01
1.561212519369902196e+01
1.561212519369902019e+01
1.378602525015842772e+01
1.378602525015841884e+01
9.556581274802422143e+00
9.556581274802420367e+00
8.658761365574445534e+00
8.658761365574445534e+00
8.350871360293796286e+00
8.350871360293778523e+00
7.474477343903542348e+00
7.474477343903540572e+00
7.244016331508627893e+00
7.244016331508619899e+00
6.784010429513801732e+00
6.784010429513801732e+00
6.594874909695325194e+00
6.594874909695321641e+00
6.397766195254932065e+00
6.397766195254923183e+00
6.200551373500403862e+00
6.200551373500390540e+00
6.082762530298229109e+00
6.082762530298224668e+00
6.000000000000010658e+00
5.999999999999988454e+00
5.924838638222797549e+00
5.924838638222767351e+00
5.845616708961611785e+00
5.845616708961506980e+00
5.243847982779453964e+00
5.243847982779451300e+00
5.156094919138031862e+00
5.156094919138022092e+00
5.099019513592786268e+00
5.099019513592780051e+00
5.098997311666141563e+00
5.098997311666138010e+00
4.614911421620964127e+00
4.614911421620963239e+00
4.284312207906697978e+00
4.284312207906697090e+00
4.154456837107220579e+00
4.154456837107218803e+00
4.123105625617662362e+00
4.123105625617651704e+00
3.999999999999999112e+00
3.999999999999996447e+00
3.813680095900028988e+00
3.813680095900022327e+00
3.741657386773939109e+00
3.741657386773933780e+00
3.741588280344689377e+00
3.741588280344676942e+00
3.740981951666758398e+00
3.740981951666755734e+00
3.652893697628466718e+00
3.652893697628464054e+00
3.646464044385720360e+00
3.646464044385718584e+00
3.582713225056173290e+00
3.582713225056168405e+00
3.468142187370435003e+00
3.468142187370417684e+00
3.391826076141378987e+00
3.391826076141373214e+00
3.327350464820761022e+00
3.327350464820757914e+00
3.233647279511337125e+00
3.233647279511334016e+00
3.088983853183025374e+00
3.088983853183024042e+00
3.053195580010078292e+00
3.053195580010073407e+00
3.000000000000000888e+00
2.999999999999999112e+00
2.999999999999998224e+00
2.999999999999997335e+00
2.999158711537424526e+00
2.999158711537392552e+00
2.983678860327780846e+00
2.983678860327654281e+00
2.858188982370679199e+00
2.858188982370662767e+00
2.828427124746315080e+00
2.828427124746194288e+00
2.828427124746186294e+00
2.828427124746077936e+00
2.814150022484184444e+00
2.814150022484179114e+00
2.740165407528350361e+00
2.740165407528342367e+00
2.645751311064598710e+00
2.645751311064581390e+00
2.609194133119504322e+00
2.609194133119501657e+00
2.598553888826776959e+00
2.598553888826776515e+00
2.588407562873371148e+00
2.588407562873308976e+00
2.524622821879012324e+00
2.524622821879011436e+00
2.509512729898183636e+00
2.509512729898179195e+00
2.484963822154755864e+00
2.484963822154755420e+00
2.449489742783180990e+00
2.449489742783180546e+00
2.410809249222373385e+00
2.410809249222372053e+00
2.360375783318986898e+00
2.360375783318976683e+00
2.243925908702518512e+00
2.243925908702371963e+00
2.237964194856981948e+00
2.237964194856938871e+00
2.236067977499796022e+00
2.236067977499787585e+00
2.234294554043170233e+00
2.234294554043165792e+00
2.227422591155525211e+00
2.227422591155518106e+00
2.221715086818569773e+00
2.221715086818565332e+00
2.063865534416042813e+00
2.063865534416040148e+00
2.000000000000002665e+00
2.000000000000002220e+00
2.000000000000001332e+00
2.000000000000001332e+00
2.000000000000000888e+00
2.000000000000000888e+00
2.000000000000000444e+00
2.000000000000000000e+00
1.979211896458817899e+00
1.979211896458813014e+00
1.966052994180611968e+00
1.966052994180608193e+00
1.886409388819057176e+00
1.886409388819055177e+00
1.731801436691545515e+00
1.731801436691531304e+00
1.723577592298050076e+00
1.723577592298048744e+00
1.720283017317267626e+00
1.720283017317154606e+00
1.695568739226265720e+00
1.695568739226206212e+00
1.625763801386543417e+00
1.625763801386534535e+00
1.618033988749896235e+00
1.618033988749895569e+00
1.618033988749895347e+00
1.618033988749894680e+00
1.617949692871516243e+00
1.617949692871510248e+00
1.574268513685859183e+00
1.574268513685854298e+00
1.414213562373113575e+00
1.414213562373101585e+00
1.414213562373096256e+00
1.414213562373096034e+00
1.414213562373095812e+00
1.414213562373095590e+00
1.414213562373095590e+00
1.414213562373095368e+00
1.414213562373095145e+00
1.414213562373095145e+00
1.414213562373095145e+00
1.414213562373095145e+00
1.414213562373095145e+00
1.414213562373095145e+00
1.414213562373095145e+00
1.414213562373095145e+00
1.414213562373094923e+00
1.414213562373094923e+00
1.414213562373094923e+00
1.414213562373094701e+00
1.414213562373094701e+00
1.414213562373094701e+00
1.414213562373094701e+00
1.414213562373094479e+00
1.414213562373094479e+00
1.414213562373094479e+00
1.414213562373094479e+00
1.414213562373094479e+00
1.414213562373094257e+00
1.414213562373094257e+00
1.414213562373094035e+00
1.414213562373090705e+00
1.414213562373088262e+00
1.414213562373079158e+00
1.414185509046378852e+00
1.414185509046375522e+00
1.412785473363929567e+00
1.412785473363926014e+00
1.412375186218741696e+00
1.412375186218740586e+00
1.407936413918093654e+00
1.407936413918091878e+00
1.406303561643894362e+00
1.406303561643893474e+00
1.406065848656995243e+00
1.406065848656993245e+00
1.402219415628630506e+00
1.402219415628629617e+00
1.378873673090809993e+00
1.378873673090808882e+00
1.364166264876573331e+00
1.364166264876571333e+00
1.339299234921585313e+00
1.339299234921570658e+00
1.235761064847271218e+00
1.235761064847270996e+00
1.106148650931165989e+00
1.106148650931145117e+00
1.000000000000018208e+00
1.000000000000009770e+00
1.000000000000005551e+00
1.000000000000004219e+00
1.000000000000003997e+00
1.000000000000003775e+00
1.000000000000002665e+00
1.000000000000002442e+00
1.000000000000001998e+00
1.000000000000001332e+00
1.000000000000000888e+00
1.000000000000000666e+00
1.000000000000000666e+00
1.000000000000000666e+00
1.000000000000000666e+00
1.000000000000000666e+00
1.000000000000000666e+00
1.000000000000000666e+00
1.000000000000000444e+00
1.000000000000000444e+00
1.000000000000000444e+00
1.000000000000000444e+00
1.000000000000000444e+00
1.000000000000000444e+00
1.000000000000000444e+00
1.000000000000000444e+00
1.000000000000000444e+00
1.000000000000000444e+00
1.000000000000000444e+00
1.000000000000000444e+00
1.000000000000000444e+00
1.000000000000000222e+00
1.000000000000000222e+00
1.000000000000000222e+00
1.000000000000000222e+00
1.000000000000000222e+00
1.000000000000000222e+00
1.000000000000000222e+00
1.000000000000000222e+00
1.000000000000000222e+00
1.000000000000000222e+00
1.000000000000000222e+00
1.000000000000000222e+00
1.000000000000000222e+00
1.000000000000000222e+00
1.000000000000000222e+00
1.000000000000000222e+00
1.000000000000000222e+00
1.000000000000000222e+00
1.000000000000000222e+00
1.000000000000000222e+00
1.000000000000000222e+00
1.000000000000000222e+00
1.000000000000000000e+00
1.000000000000000000e+00
1.000000000000000000e+00
1.000000000000000000e+00
1.000000000000000000e+00
1.000000000000000000e+00
1.000000000000000000e+00
1.000000000000000000e+00
1.000000000000000000e+00
1.000000000000000000e+00
1.000000000000000000e+00
1.000000000000000000e+00
1.000000000000000000e+00
1.000000000000000000e+00
1.000000000000000000e+00
1.000000000000000000e+00
1.000000000000000000e+00
1.000000000000000000e+00
1.000000000000000000e+00
1.000000000000000000e+00
1.000000000000000000e+00
9.999999999999997780e-01
9.999999999999997780e-01
9.999999999999997780e-01
9.999999999999997780e-01
9.999999999999997780e-01
9.999999999999997780e-01
9.999999999999997780e-01
9.999999999999997780e-01
9.999999999999997780e-01
9.999999999999997780e-01
9.999999999999997780e-01
9.999999999999997780e-01
9.999999999999997780e-01
9.999999999999997780e-01
9.999999999999997780e-01
9.999999999999997780e-01
9.999999999999997780e-01
9.999999999999997780e-01
9.999999999999997780e-01
9.999999999999997780e-01
9.999999999999995559e-01
9.999999999999995559e-01
9.999999999999995559e-01
9.999999999999995559e-01
9.999999999999995559e-01
9.999999999999995559e-01
9.999999999999995559e-01
9.999999999999995559e-01
9.999999999999993339e-01
9.999999999999993339e-01
9.999999999999993339e-01
9.999999999999993339e-01
9.999999999999993339e-01
9.999999999999993339e-01
9.999999999999991118e-01
9.999999999999991118e-01
9.999999999999988898e-01
9.999999999999982236e-01
9.999999999999982236e-01
9.999999999999975575e-01
9.999999999999971134e-01
9.999999999999971134e-01
9.999999999999966693e-01
9.999999999999962252e-01
9.999999999999955591e-01
9.999999999999951150e-01
9.999999999999912292e-01
9.999999999999814593e-01
9.999983771597069637e-01
9.999983771597045212e-01
9.998848850271726540e-01
9.998848850271692124e-01
9.997004196102775575e-01
9.997004196102762252e-01
9.990198442459488071e-01
9.990198442459474748e-01
9.987771989362186353e-01
9.987771989362170810e-01
9.977297942639642425e-01
9.977297942639622441e-01
9.972049309544862572e-01
9.972049309544843698e-01
9.959449583357210534e-01
9.959449583357190550e-01
9.950024656925341437e-01
9.950024656925281485e-01
9.925278386146485499e-01
9.925278386146439979e-01
9.921864136325784234e-01
9.921864136325759809e-01
9.907190990545299281e-01
9.907190990545289289e-01
9.890613936994175903e-01
9.890613936994174793e-01
9.883380543477169322e-01
9.883380543477163771e-01
9.849736328591853773e-01
9.849736328591837120e-01
9.781262974266341503e-01
9.781262974266308197e-01
9.736698021749446985e-01
9.736698021749433662e-01
9.671541596775443672e-01
9.671541596775290461e-01
9.632895049322333092e-01
9.632895049322266479e-01
9.582780000879932425e-01
9.582780000879916882e-01
9.037579050935484748e-01
9.037579050935451441e-01
9.004493411869544106e-01
9.004493411869521902e-01
8.989702601777419533e-01
8.989702601777285196e-01
8.980142430551236732e-01
8.980142430551230071e-01
8.784215526318381873e-01
8.784215526318345235e-01
8.758603810340935825e-01
8.758603810340872542e-01
8.621750626767711312e-01
8.621750626767691328e-01
8.328556745172431830e-01
8.328556745172359665e-01
7.531497227624713853e-01
7.531497227624700530e-01
6.190770162500942586e-01
6.190770162500919271e-01
6.180339887498953466e-01
6.180339887498947915e-01
6.180339887498945695e-01
6.180339887498931262e-01
5.628411316151213928e-01
5.628411316151198385e-01
4.402301750436155570e-01
4.402301750436151129e-01
4.242916452364718372e-01
4.242916452364683955e-01
3.835149390597188401e-01
3.835149390597180075e-01
5.264518488470558422e-02
5.264518488470514707e-02
