# Singular values
2.119085417578643501e+03
2.119085417578643046e+03
7.762672464944000694e+02
7.762672464943989326e+02
2.429569282698332131e+02
2.429569282698327584e+02
1.568491440437996118e+02
1.568491440437994129e+02
1.110379049016494122e+02
1.110379049016488864e+02
1.089323016619179043e+02
1.089323016619178475e+02
9.336940627749072519e+01
9.336940627749054045e+01
6.566927604235225147e+01
6.566927604235209515e+01
6.185241615666380710e+01
6.185241615666318893e+01
5.933481500987367951e+01
5.933481500987353030e+01
5.485906804372442735e+01
5.485906804372063306e+01
5.074152212914361826e+01
5.074152212914353299e+01
4.615367417359144042e+01
4.615367417359137647e+01
4.099653075923941969e+01
4.099653075923926338e+01
4.006234642911547894e+01
4.006234642911496735e+01
3.928306194047559075e+01
3.928306194047523547e+01
3.722902093797262069e+01
3.722902093797254253e+01
3.675183015403431597e+01
3.675183015403280251e+01
3.582602241362815931e+01
3.582602241362759798e+01
3.495415672513597372e+01
3.495415672513583871e+01
2.806042665071978348e+01
2.806042665071171172e+01
2.694305158179560777e+01
2.694305158179460236e+01
2.596626584141858984e+01
2.596626584141845484e+01
2.541357559578147374e+01
2.541357559578117886e+01
1.926142727639634700e+01
1.926142727639633279e+01
1.892702684514439682e+01
1.892702684514385325e+01
1.870584227228241403e+01
1.870584227228208363e+01
1.832191293073083216e+01
1.832191293073082861e+01
1.818171262474998073e+01
1.818171262474919914e+01
1.738904699592461611e+01
1.738904699592352543e+01
1.697195005318824101e+01
1.697195005318806693e+01
1.617735712375223045e+01
1.617735712375181834e+01
1.587139566738068552e+01
1.587139566738054697e+01
1.555038342700866671e+01
1.555038342700865961e+01
1.522218874908098485e+01
1.522218874908094044e+01
1.435241705921860600e+01
1.435241705921857402e+01
1.404812583781604474e+01
1.404812583781593283e+01
1.369977378485621600e+01
1.369977378485605612e+01
1.331871441282167545e+01
1.331871441282164348e+01
1.327608417250465855e+01
1.327608417250458572e+01
1.258627389919757888e+01
1.258627389919748829e+01
1.228002566143608831e+01
1.228002566143605989e+01
1.186772302995908746e+01
1.186772302995902173e+01
1.176132460732020135e+01
1.176132460731982299e+01
1.166697020701816179e+01
1.166697020701810139e+01
1.143770702835184672e+01
1.143770702835180408e+01
1.099796843065873198e+01
1.099796843065857566e+01
1.077561837322268623e+01
1.077561837322268268e+01
1.052029957652060155e+01
1.052029957652033509e+01
1.026902686185591840e+01
1.026902686185591307e+01
1.016763585299190709e+01
1.016763585299187511e+01
9.976864682621517488e+00
9.976864682621480185e+00
9.644529031785390671e+00
9.644529031785376461e+00
9.573841938277288577e+00
9.573841938277277919e+00
9.414828899585096167e+00
9.414828899585071298e+00
9.400799324205193486e+00
9.400799324205165064e+00
9.281726715005847339e+00
9.281726715005817141e+00
9.214367033276028351e+00
9.214367033275976837e+00
8.981665548223022100e+00
8.981665548222993678e+00
8.874477635054430991e+00
8.874477635054402569e+00
8.731538113969186554e+00
8.731538113969161685e+00
8.641241908913318781e+00
8.641241908913150027e+00
8.535475442558222881e+00
8.535475442558201564e+00
8.524243921179094130e+00
8.524243921179072814e+00
8.366736707015689944e+00
8.366736707015634877e+00
7.455176175191489563e+00
7.455176175191470023e+00
7.326683534005701048e+00
7.326683534005674403e+00
6.992016424642879535e+00
6.992016424642818251e+00
6.914891258754598979e+00
6.914891258754579439e+00
6.828982766404725346e+00
6.828982766404691596e+00
6.743884568385036360e+00
6.743884568385020373e+00
6.675017093453912587e+00
6.675017093453907258e+00
6.624888143583599565e+00
6.624888143583581801e+00
6.552323547387310043e+00
6.552323547387274516e+00
6.491281917920221467e+00
6.491281917920192157e+00
6.440308622955265960e+00
6.440308622955264184e+00
6.380250210805952449e+00
6.380250210805935573e+00
6.256060688300205896e+00
6.256060688300187245e+00
6.231943007408900392e+00
6.231943007408877300e+00
6.113993308361524548e+00
6.113993308361489021e+00
6.053651351642221456e+00
6.053651351642192147e+00
6.000000000000013323e+00
6.000000000000004441e+00
5.954254899107123578e+00
5.954254899107107590e+00
5.900399631123547373e+00
5.900399631123526945e+00
5.849630750887934383e+00
5.849630750887911290e+00
5.769458229833785090e+00
5.769458229833733576e+00
5.680288597110664028e+00
5.680288597110654258e+00
5.426107361018553732e+00
5.426107361018539521e+00
5.391463667547977678e+00
5.391463667547948369e+00
5.314315929013739392e+00
5.314315929013696760e+00
5.227678226168984033e+00
5.227678226168973374e+00
5.187269424897126946e+00
5.187269424897120729e+00
5.163670215125922169e+00
5.163670215125919505e+00
5.140458899002278592e+00
5.140458899002246618e+00
5.107917479258326843e+00
5.107917479258314408e+00
5.099019513592780939e+00
5.099019513592780939e+00
5.099019513592780939e+00
5.099019513592777386e+00
5.084890756617981289e+00
5.084890756617956420e+00
5.063679679300678416e+00
5.063679679300667758e+00
5.025496043579353866e+00
5.025496043579344985e+00
4.991329036744486913e+00
4.991329036744473591e+00
4.956646937033131195e+00
4.956646937033118760e+00
4.898029315417267604e+00
4.898029315417246288e+00
4.858249339155466195e+00
4.858249339155407576e+00
4.780139330656457020e+00
4.780139330656437480e+00
4.726028870882813315e+00
4.726028870882788446e+00
4.660916696398880177e+00
4.660916696398863301e+00
4.601485734677901007e+00
4.601485734677873474e+00
4.559234283152867384e+00
4.559234283152855838e+00
4.545856187008407545e+00
4.545856187008280536e+00
4.525724454480248404e+00
4.525724454480167580e+00
4.495012764323272236e+00
4.495012764323203847e+00
4.472135954999583163e+00
4.472135954999576057e+00
4.471101993065913938e+00
4.471101993065888180e+00
4.454980045515172904e+00
4.454980045515162246e+00
4.434573544942420398e+00
4.434573544942404411e+00
4.305779307281058621e+00
4.305779307280944046e+00
4.280895098597867765e+00
4.280895098597842008e+00
4.245743174186266344e+00
4.245743174186265456e+00
4.243706666244719372e+00
4.243706666244695391e+00
4.237006102992036283e+00
4.237006102992021184e+00
4.128111669112022319e+00
4.128111669111991233e+00
4.106474493492257238e+00
4.106474493492246580e+00
4.092100736482874090e+00
4.092100736482866097e+00
4.054565194421299701e+00
4.054565194421269503e+00
4.011201880468934888e+00
4.011201880468923342e+00
4.000000000000006217e+00
4.000000000000005329e+00
3.998621385221373448e+00
3.998621385221365454e+00
3.992627053343204668e+00
3.992627053343173138e+00
3.983811411497612642e+00
3.983811411497579336e+00
3.927365078490817396e+00
3.927365078490790307e+00
3.886253995052264987e+00
3.886253995052246779e+00
3.874630157819501708e+00
3.874630157819491494e+00
3.865533754657208831e+00
3.865533754657191068e+00
3.863156942551038142e+00
3.863156942551022155e+00
3.834231768507269322e+00
3.834231768507243121e+00
3.790666967144739719e+00
3.790666967144713517e+00
3.752663165988378680e+00
3.752663165988156635e+00
3.627015457872051929e+00
3.627015457872047932e+00
3.617010164527917571e+00
3.617010164527912242e+00
3.605551275463993122e+00
3.605551275463993122e+00
3.574534485777360882e+00
3.574534485777348003e+00
3.529495006604823182e+00
3.529495006604810303e+00
3.464085745468865607e+00
3.464085745468840738e+00
3.463497262785024233e+00
3.463497262785020236e+00
3.404901993155376339e+00
3.404901993155371454e+00
3.335132025215450824e+00
3.335132025215438389e+00
3.317832079587737848e+00
3.317832079587732075e+00
3.315853806359678746e+00
3.315853806359668532e+00
3.312485607729509507e+00
3.312485607729495296e+00
3.299582306180592006e+00
3.299582306180587565e+00
3.258248603091814743e+00
3.258248603091805862e+00
3.239823595173532578e+00
3.239823595173515258e+00
3.189968996646571853e+00
3.189968996646523003e+00
3.175121772531272590e+00
3.175121772531268594e+00
3.162277660168380411e+00
3.162277660168378191e+00
3.156532190745792832e+00
3.156532190745781730e+00
3.142939514915958021e+00
3.142939514915949584e+00
3.122125619043607525e+00
3.122125619043574218e+00
3.061786193275784829e+00
3.061786193275636947e+00
3.051303522725294037e+00
3.051303522725050232e+00
3.013093180729104592e+00
3.013093180729097043e+00
3.000000011858892535e+00
3.000000011858887206e+00
3.000000000000006217e+00
3.000000000000003109e+00
2.999999999999998668e+00
2.999999999999990674e+00
2.999548179205016485e+00
2.999548179205000498e+00
2.992390543082159127e+00
2.992390543082146692e+00
2.981430442482269516e+00
2.981430442482255749e+00
2.970390067243762644e+00
2.970390067243746657e+00
2.962182548829975559e+00
2.962182548829973783e+00
2.897448118735153511e+00
2.897448118735148181e+00
2.868408380823113557e+00
2.868408380823107784e+00
2.846019757174897968e+00
2.846019757174883313e+00
2.828427124746193844e+00
2.828427124746192955e+00
2.828427124746189847e+00
2.828427124746188959e+00
2.780648320906587312e+00
2.780648320906581095e+00
2.762745322020947469e+00
2.762745322020939476e+00
2.728246563199957286e+00
2.728246563199949737e+00
2.682524864101881956e+00
2.682524864101875295e+00
2.643413278057466620e+00
2.643413278057460403e+00
2.642028795755955617e+00
2.642028795755953841e+00
2.631894101125240581e+00
2.631894101125185514e+00
2.622880924802625024e+00
2.622880924802419855e+00
2.608491096257556041e+00
2.608491096257552488e+00
2.602033850972499618e+00
2.602033850972464535e+00
2.567710572199048080e+00
2.567710572199035202e+00
2.562488630354569974e+00
2.562488630354565089e+00
2.524762592869782551e+00
2.524762592869781219e+00
2.517121036207313090e+00
2.517121036207306428e+00
2.493873693179342155e+00
2.493873693179311513e+00
2.469267163390447273e+00
2.469267163390439723e+00
2.449489742783181434e+00
2.449489742783177881e+00
2.446156828741043121e+00
2.446156828741022693e+00
2.435238623546757797e+00
2.435238623546751136e+00
2.433100793687042351e+00
2.433100793687028141e+00
2.424800919702470914e+00
2.424800919702455815e+00
2.405264579476073195e+00
2.405264579476066533e+00
2.400677702708563288e+00
2.400677702708203132e+00
2.362496849558944678e+00
2.362496849558932688e+00
2.288245611270741442e+00
2.288245611270736557e+00
2.287711446963819562e+00
2.287711446963802242e+00
2.260830019218233122e+00
2.260830019218144304e+00
2.245282950553235235e+00
2.245282950553156187e+00
2.236067977499792025e+00
2.236067977499791137e+00
2.236067977499791137e+00
2.236067977499789361e+00
2.236067977499789361e+00
2.236067977499788917e+00
2.236067977499787585e+00
2.236067977499782700e+00
2.236059367357930761e+00
2.236059367357916550e+00
2.233836946852721272e+00
2.233836946852719496e+00
2.230521840497787345e+00
2.230521840497782016e+00
2.226295949586244660e+00
2.226295949586240219e+00
2.181048060449182202e+00
2.181048060449176429e+00
2.149350404580846252e+00
2.149350404580840035e+00
2.143204034165496097e+00
2.143204034165494321e+00
2.140945025331248086e+00
2.140945025331214779e+00
2.072472441209474603e+00
2.072472441209442628e+00
2.021252935954362506e+00
2.021252935954353624e+00
2.000000000000003997e+00
2.000000000000002665e+00
2.000000000000002220e+00
2.000000000000001776e+00
2.000000000000001332e+00
2.000000000000000888e+00
2.000000000000000888e+00
2.000000000000000888e+00
2.000000000000000444e+00
2.000000000000000444e+00
2.000000000000000444e+00
2.000000000000000444e+00
2.000000000000000444e+00
2.000000000000000000e+00
1.999999999999999556e+00
1.999999999999999112e+00
1.999999999999999112e+00
1.999999999999998668e+00
1.999999999999998668e+00
1.999999999999998668e+00
1.999999999999997780e+00
1.999999999999992006e+00
1.999987483442834169e+00
1.999987483442824843e+00
1.999849029968360004e+00
1.999849029968354230e+00
1.999761808378452965e+00
1.999761808378441419e+00
1.999614479245590770e+00
1.999614479245584553e+00
1.995020261437810749e+00
1.995020261437801423e+00
1.989579002096610205e+00
1.989579002096595550e+00
1.977309112609472175e+00
1.977309112609464847e+00
1.975544037499881833e+00
1.975544037499871397e+00
1.973703586349055294e+00
1.973703586349018879e+00
1.970594904628931054e+00
1.970594904628928612e+00
1.951523543929188920e+00
1.951523543929184923e+00
1.936828190081255840e+00
1.936828190081244738e+00
1.933352308302481282e+00
1.933352308302469069e+00
1.828240470075888524e+00
1.828240470075877422e+00
1.818836419453386588e+00
1.818836419453375042e+00
1.732050807568883855e+00
1.732050807568874973e+00
1.731383303726626188e+00
1.731383303726624412e+00
1.730079262603489765e+00
1.730079262603478663e+00
1.728588753686891577e+00
1.728588753686883361e+00
1.726162233913465904e+00
1.726162233913462574e+00
1.722626180630327797e+00
1.722626180630316028e+00
1.716064299062064702e+00
1.716064299062047604e+00
1.708050985084970330e+00
1.708050985084968554e+00
1.704628516606172761e+00
1.704628516606024657e+00
1.701899203058185428e+00
1.701899203057582133e+00
1.696141024320309887e+00
1.696141024320305446e+00
1.694750043924414973e+00
1.694750043924408534e+00
1.651983699653796656e+00
1.651983699653793547e+00
1.626230585446329924e+00
1.626230585446316379e+00
1.618033988749897345e+00
1.618033988749886909e+00
1.615294060743549531e+00
1.615294060743545312e+00
1.607067886594057304e+00
1.607067886594051975e+00
1.579623954550486209e+00
1.579623954550477327e+00
1.567106882642994137e+00
1.567106882642984811e+00
1.527781338992834304e+00
1.527781338992827642e+00
1.495027613710127712e+00
1.495027613710110614e+00
1.414345404329008682e+00
1.414345404328998912e+00
1.414213562373104471e+00
1.414213562373100919e+00
1.414213562373097810e+00
1.414213562373097588e+00
1.414213562373096922e+00
1.414213562373096034e+00
1.414213562373095590e+00
1.414213562373095590e+00
1.414213562373095145e+00
1.414213562373095145e+00
1.414213562373094923e+00
1.414213562373094923e+00
1.414213562373094923e+00
1.414213562373094923e+00
1.414213562373094923e+00
1.414213562373094923e+00
1.414213562373094923e+00
1.414213562373094923e+00
1.414213562373094923e+00
1.414213562373094479e+00
1.414213562373094479e+00
1.414213562373094479e+00
1.414213562373094479e+00
1.414213562373094257e+00
1.414213562373094035e+00
1.414213562373094035e+00
1.414213562373093813e+00
1.414213562373093813e+00
1.414213562373093813e+00
1.414213562373093591e+00
1.414213562373093591e+00
1.414213562373093591e+00
1.414213562373093591e+00
1.414213562373093369e+00
1.414213562373092925e+00
1.414213562373092703e+00
1.414213562373092703e+00
1.414213562373092703e+00
1.414213562373092703e+00
1.414213562373092259e+00
1.414213562373091371e+00
1.414213562373091149e+00
1.414213562373091149e+00
1.414213562373090038e+00
1.414213562373088928e+00
1.414213562373085153e+00
1.414196942318598715e+00
1.414196942318595385e+00
1.413852787838482117e+00
1.413852787838480562e+00
1.413589416470449001e+00
1.413589416470445448e+00
1.413392043649015495e+00
1.413392043649006613e+00
1.413292842741583399e+00
1.413292842741557420e+00
1.412381106007593035e+00
1.412381106007578602e+00
1.411870340618201602e+00
1.411870340618190500e+00
1.409973163253817718e+00
1.409973163253811723e+00
1.408522311835396890e+00
1.408522311835390672e+00
1.407940048215667428e+00
1.407940048215660989e+00
1.402991048887625380e+00
1.402991048887622272e+00
1.401608603509536088e+00
1.401608603509530093e+00
1.400677521711633400e+00
1.400677521711626072e+00
1.398778603218530314e+00
1.398778603218525651e+00
1.398646531908356971e+00
1.398646531908345425e+00
1.391997057396436643e+00
1.391997057396434201e+00
1.389229021841511535e+00
1.389229021841509981e+00
1.386087678460795836e+00
1.386087678460787398e+00
1.376364210344718897e+00
1.376364210344716899e+00
1.372956044855422997e+00
1.372956044855408342e+00
1.324498787693884960e+00
1.324498787693881408e+00
1.319161958329270412e+00
1.319161958329268192e+00
1.262218125051636664e+00
1.262218125051629336e+00
1.134789019958127865e+00
1.134789019958113654e+00
1.082646157136698539e+00
1.082646157136435638e+00
1.000296689227800462e+00
1.000296689227799352e+00
1.000000000000053513e+00
1.000000000000044631e+00
1.000000000000030642e+00
1.000000000000025757e+00
1.000000000000020650e+00
1.000000000000018652e+00
1.000000000000017097e+00
1.000000000000016209e+00
1.000000000000014877e+00
1.000000000000012434e+00
1.000000000000010436e+00
1.000000000000009992e+00
1.000000000000008216e+00
1.000000000000007550e+00
1.000000000000006217e+00
1.000000000000004219e+00
1.000000000000003109e+00
1.000000000000002665e+00
1.000000000000001998e+00
1.000000000000001776e+00
1.000000000000001776e+00
1.000000000000001554e+00
1.000000000000001554e+00
1.000000000000001554e+00
1.000000000000001332e+00
1.000000000000001332e+00
1.000000000000001332e+00
1.000000000000001110e+00
1.000000000000001110e+00
1.000000000000001110e+00
1.000000000000001110e+00
1.000000000000001110e+00
1.000000000000001110e+00
1.000000000000001110e+00
1.000000000000001110e+00
1.000000000000000888e+00
1.000000000000000888e+00
1.000000000000000888e+00
1.000000000000000888e+00
1.000000000000000888e+00
1.000000000000000888e+00
1.000000000000000888e+00
1.000000000000000888e+00
1.000000000000000888e+00
1.000000000000000666e+00
1.000000000000000666e+00
1.000000000000000666e+00
1.000000000000000666e+00
1.000000000000000666e+00
1.000000000000000666e+00
1.000000000000000666e+00
1.000000000000000666e+00
1.000000000000000666e+00
1.000000000000000666e+00
1.000000000000000666e+00
1.000000000000000666e+00
1.000000000000000666e+00
1.000000000000000444e+00
1.000000000000000444e+00
1.000000000000000444e+00
1.000000000000000444e+00
1.000000000000000444e+00
1.000000000000000444e+00
1.000000000000000222e+00
1.000000000000000222e+00
1.000000000000000222e+00
1.000000000000000222e+00
1.000000000000000222e+00
1.000000000000000222e+00
1.000000000000000222e+00
1.000000000000000222e+00
1.000000000000000222e+00
1.000000000000000222e+00
1.000000000000000222e+00
1.000000000000000222e+00
1.000000000000000222e+00
1.000000000000000222e+00
1.000000000000000222e+00
1.000000000000000222e+00
1.000000000000000222e+00
1.000000000000000222e+00
1.000000000000000222e+00
1.000000000000000222e+00
1.000000000000000222e+00
1.000000000000000000e+00
1.000000000000000000e+00
1.000000000000000000e+00
1.000000000000000000e+00
1.000000000000000000e+00
1.000000000000000000e+00
1.000000000000000000e+00
1.000000000000000000e+00
1.000000000000000000e+00
1.000000000000000000e+00
1.000000000000000000e+00
1.000000000000000000e+00
1.000000000000000000e+00
1.000000000000000000e+00
1.000000000000000000e+00
1.000000000000000000e+00
1.000000000000000000e+00
9.999999999999997780e-01
9.999999999999997780e-01
9.999999999999997780e-01
9.999999999999997780e-01
9.999999999999997780e-01
9.999999999999997780e-01
9.999999999999997780e-01
9.999999999999997780e-01
9.999999999999997780e-01
9.999999999999997780e-01
9.999999999999997780e-01
9.999999999999997780e-01
9.999999999999997780e-01
9.999999999999997780e-01
9.999999999999997780e-01
9.999999999999997780e-01
9.999999999999997780e-01
9.999999999999997780e-01
9.999999999999997780e-01
9.999999999999997780e-01
9.999999999999995559e-01
9.999999999999995559e-01
9.999999999999995559e-01
9.999999999999995559e-01
9.999999999999995559e-01
9.999999999999995559e-01
9.999999999999995559e-01
9.999999999999995559e-01
9.999999999999995559e-01
9.999999999999995559e-01
9.999999999999995559e-01
9.999999999999995559e-01
9.999999999999995559e-01
9.999999999999995559e-01
9.999999999999995559e-01
9.999999999999993339e-01
9.999999999999993339e-01
9.999999999999993339e-01
9.999999999999993339e-01
9.999999999999993339e-01
9.999999999999993339e-01
9.999999999999993339e-01
9.999999999999993339e-01
9.999999999999993339e-01
9.999999999999991118e-01
9.999999999999991118e-01
9.999999999999991118e-01
9.999999999999991118e-01
9.999999999999991118e-01
9.999999999999991118e-01
9.999999999999991118e-01
9.999999999999991118e-01
9.999999999999988898e-01
9.999999999999988898e-01
9.999999999999986677e-01
9.999999999999986677e-01
9.999999999999982236e-01
9.999999999999977796e-01
9.999999999999971134e-01
9.999999999999962252e-01
9.999999999999935607e-01
9.999999999999917843e-01
9.999999999999911182e-01
9.999999999999908962e-01
9.999999999999897859e-01
9.999999999999893419e-01
9.999999999999851230e-01
9.999999999999832356e-01
9.999999999999825695e-01
9.999999999999805711e-01
9.999999999999774625e-01
9.999999999999732436e-01
9.999999999999699130e-01
9.999999999999570344e-01
9.999999999999490408e-01
9.999780349644863398e-01
9.999780349644816768e-01
9.999741820469028042e-01
9.999741820468985853e-01
9.999635436983146386e-01
9.999635436983130843e-01
9.999480131370864777e-01
9.999480131370835911e-01
9.999305677130788661e-01
9.999305677130775338e-01
9.999206125104049825e-01
9.999206125104014298e-01
9.997627653360021682e-01
9.997627653359884015e-01
9.996513243239251167e-01
9.996513243239237845e-01
9.995863424290498678e-01
9.995863424290413191e-01
9.992454950195673868e-01
9.992454950195642782e-01
9.992115229126383724e-01
9.992115229126357079e-01
9.989059020579869053e-01
9.989059020579820203e-01
9.979197060310611711e-01
9.979197060310531775e-01
9.974131660245370012e-01
9.974131660245310060e-01
9.970522108475905476e-01
9.970522108475886602e-01
9.953403985765513218e-01
9.953403985765506556e-01
9.944520209478069361e-01
9.944520209478003858e-01
9.938714979669198701e-01
9.938714979669184268e-01
9.933891577306124265e-01
9.933891577306038778e-01
9.929209335028710282e-01
9.929209335028670314e-01
9.917775414855870553e-01
9.917775414855846128e-01
9.900917926400678581e-01
9.900917926400641944e-01
9.878605771616341125e-01
9.878605771616316700e-01
9.850716934579764050e-01
9.850716934579738515e-01
9.849181926171989288e-01
9.849181926171848289e-01
9.815870414227981788e-01
9.815870414227925167e-01
9.796249495469788737e-01
9.796249495469782076e-01
9.764762632882595383e-01
9.764762632882552085e-01
9.672289043287314314e-01
9.672289043287288779e-01
9.662983363786531443e-01
9.662983363786524782e-01
9.577251535288092699e-01
9.577251535288081596e-01
9.540078102558831041e-01
9.540078102558756656e-01
9.510608218332577968e-01
9.510608218332489150e-01
9.504896445164245922e-01
9.504896445164210395e-01
9.495828491290136952e-01
9.495828491290025930e-01
9.379763056835015433e-01
9.379763056834975465e-01
9.358970040503634680e-01
9.358970040503614696e-01
9.281257581515861554e-01
9.281257581515840460e-01
9.240660307327189793e-01
9.240660307327183132e-01
9.176117489967742236e-01
9.176117489967688945e-01
9.043307761070317197e-01
9.043307761069813155e-01
8.917472859426451848e-01
8.917472859426439635e-01
8.873071833352234039e-01
8.873071833352160764e-01
8.866386332903648526e-01
8.866386332903618550e-01
8.774440245298676944e-01
8.774440245298583685e-01
8.740320488976431879e-01
8.740320488976414115e-01
8.735994737639007912e-01
8.735994737638902441e-01
8.629436586964347455e-01
8.629436586964288614e-01
8.571915594650134640e-01
8.571915594649976988e-01
8.481240316620745068e-01
8.481240316620354269e-01
8.383935761558538591e-01
8.383935761558465316e-01
8.255716565785594652e-01
8.255716565785531369e-01
8.173140342786698875e-01
8.173140342786577861e-01
7.901524917839820583e-01
7.901524917839720663e-01
7.590978034822944975e-01
7.590978034822911669e-01
7.344615424408362792e-01
7.344615424408336146e-01
7.110109519434174574e-01
7.110109519434074654e-01
6.890695375301476577e-01
6.890695375300179837e-01
6.759806395834622172e-01
6.759806395834432324e-01
6.673842459238106262e-01
6.673842459238092939e-01
6.180339887498961238e-01
6.180339887498956797e-01
5.975081025238192511e-01
5.975081025237635179e-01
5.269268251274655812e-01
5.269268251274632497e-01
5.241418603731575754e-01
5.241418603731499148e-01
5.200541520134448481e-01
5.200541520134405182e-01
5.016108246106663060e-01
5.016108246106579793e-01
3.492978363423159260e-01
3.492978363423109855e-01
1.479293444774475476e-13
1.257008851369583150e-13
