# Singular values
1.358331856416445405e+01
1.358331856416444161e+01
7.225919968850766040e+00
7.225919968850762487e+00
4.767506631070645540e+00
4.767506631070644652e+00
4.650822057737175719e+00
4.650822057737173942e+00
3.162277660168377746e+00
3.162277660168377302e+00
2.828427124746191623e+00
2.828427124746190735e+00
2.236067977499791137e+00
2.236067977499789805e+00
2.167593965599104777e+00
2.167593965599104777e+00
2.000000000000001332e+00
2.000000000000000444e+00
1.972807275018607420e+00
1.972807275018606310e+00
1.948096596197479213e+00
1.948096596197478769e+00
1.732050807568877637e+00
1.732050807568877637e+00
1.487635874358649524e+00
1.487635874358648858e+00
1.414213562373095812e+00
1.414213562373095812e+00
1.414213562373095590e+00
1.414213562373095368e+00
1.414213562373095368e+00
1.414213562373095145e+00
1.414213562373094923e+00
1.414213562373094701e+00
1.414213562373094701e+00
1.414213562373094701e+00
1.414213562373094701e+00
1.414213562373094479e+00
1.000000000000000444e+00
1.000000000000000444e+00
1.000000000000000222e+00
1.000000000000000000e+00
1.000000000000000000e+00
1.000000000000000000e+00
9.999999999999998890e-01
9.999999999999998890e-01
9.756254014855073597e-01
9.756254014855071377e-01
6.081563838893337959e-01
6.081563838893334628e-01
