# Singular values
6.244011971179151743e+01
6.244011971179145348e+01
4.220189569201834701e+01
4.220189569201832569e+01
3.909633678426683190e+01
3.909633678426683190e+01
2.517600617068832847e+01
2.517600617068830005e+01
2.410391651282045444e+01
2.410391651282042957e+01
1.561177620128011512e+01
1.561177620128010091e+01
1.470048793601491610e+01
1.470048793601478287e+01
1.373632989222855727e+01
1.373632989222851997e+01
1.344723863481706339e+01
1.344723863481705806e+01
1.285485654394119237e+01
1.285485654394118527e+01
1.174721961684871196e+01
1.174721961684870308e+01
8.483391902526058459e+00
8.483391902526046024e+00
6.822004492842869361e+00
6.822004492842851597e+00
6.709821559936150592e+00
6.709821559936091084e+00
6.551197417796007727e+00
6.551197417795978417e+00
6.277322679713296161e+00
6.277322679713292608e+00
6.075471545007872010e+00
6.075471545007848917e+00
5.653707929845009694e+00
5.653707929845001701e+00
5.559755053403503844e+00
5.559755053403490521e+00
5.189193420748173580e+00
5.189193420748173580e+00
4.999483774923620061e+00
4.999483774923615620e+00
4.982058636752380032e+00
4.982058636752364045e+00
4.559490379054260245e+00
4.559490379054246034e+00
4.269373680787180270e+00
4.269373680787175829e+00
4.245902969622124878e+00
4.245902969622113332e+00
4.123105625617666803e+00
4.123105625617642822e+00
4.123070358087867149e+00
4.123070358087829845e+00
3.751862633277367465e+00
3.751862633277367465e+00
3.741657386773954652e+00
3.741657386773939553e+00
3.315870523270508130e+00
3.315870523270505466e+00
3.298699186297401109e+00
3.298699186297382013e+00
3.210314960701980969e+00
3.210314960701920128e+00
3.162277660168385296e+00
3.162277660168376414e+00
3.000000000000007105e+00
3.000000000000003109e+00
3.000000000000001776e+00
3.000000000000000444e+00
3.000000000000000000e+00
3.000000000000000000e+00
2.985842459024142581e+00
2.985842459024127038e+00
2.878544428316839543e+00
2.878544428316829329e+00
2.816014148981516474e+00
2.816014148981513809e+00
2.673129467561309980e+00
2.673129467561304651e+00
2.668895670825039534e+00
2.668895670825027544e+00
2.604290259005890285e+00
2.604290259005879182e+00
2.588946830699164092e+00
2.588946830699149437e+00
2.545115958121932476e+00
2.545115958121906719e+00
2.493512441866007734e+00
2.493512441865989526e+00
2.449489742783176105e+00
2.449489742783175661e+00
2.447614745057435481e+00
2.447614745057434149e+00
2.421160214610818429e+00
2.421160214610810435e+00
2.372535787448776023e+00
2.372535787448743161e+00
2.358294471182264651e+00
2.358294471182259322e+00
2.275258201359152022e+00
2.275258201359132038e+00
2.275174078029866820e+00
2.275174078029837954e+00
2.236419224713532383e+00
2.236419224713529719e+00
2.234231428255073038e+00
2.234231428255064156e+00
2.226414743060450618e+00
2.226414743060448842e+00
2.165086086013966682e+00
2.165086086013963129e+00
2.044011661569947513e+00
2.044011661569938632e+00
2.000000000000030642e+00
2.000000000000007550e+00
2.000000000000005773e+00
2.000000000000002665e+00
2.000000000000001332e+00
2.000000000000001332e+00
2.000000000000000888e+00
2.000000000000000444e+00
2.000000000000000444e+00
1.999999999999999778e+00
1.999999999999997335e+00
1.999999999999996447e+00
1.999999999999992006e+00
1.999999999999969136e+00
1.990859381404035400e+00
1.990859381404011863e+00
1.900947615267463808e+00
1.900947615267462032e+00
1.899238067689317910e+00
1.899238067689316800e+00
1.831542557041889729e+00
1.831542557041882180e+00
1.749127029275403089e+00
1.749127029275391321e+00
1.732050807568878525e+00
1.732050807568874085e+00
1.704907562891087469e+00
1.704907562891086137e+00
1.667291489463432752e+00
1.667291489463430976e+00
1.618033988749894680e+00
1.618033988749894680e+00
1.472187861312700408e+00
1.472187861312697521e+00
1.414213562373205058e+00
1.414213562373121125e+00
1.414213562373114241e+00
1.414213562373098476e+00
1.414213562373095812e+00
1.414213562373095812e+00
1.414213562373095368e+00
1.414213562373095368e+00
1.414213562373095368e+00
1.414213562373095368e+00
1.414213562373095368e+00
1.414213562373095145e+00
1.414213562373095145e+00
1.414213562373094923e+00
1.414213562373094923e+00
1.414213562373094923e+00
1.414213562373094701e+00
1.414213562373094701e+00
1.414213562373094479e+00
1.414213562373094479e+00
1.414213562373094479e+00
1.414213562373094479e+00
1.414213562373094035e+00
1.414213562373094035e+00
1.414213562373093813e+00
1.414213562373093591e+00
1.414213562373093591e+00
1.414213562373093369e+00
1.414213562373089594e+00
1.414213562373078714e+00
1.414213562373069832e+00
1.414213562372977240e+00
1.413392654555698513e+00
1.413392654555696515e+00
1.412364068219791102e+00
1.412364068219790658e+00
1.407072849618136168e+00
1.407072849618134835e+00
1.406657534438999768e+00
1.406657534438998880e+00
1.394986500633424331e+00
1.394986500633421889e+00
1.386393981545337883e+00
1.386393981545334331e+00
1.355898514541139743e+00
1.355898514541115318e+00
1.351987789393779948e+00
1.351987789393776840e+00
1.348481500567080271e+00
1.348481500567076719e+00
1.323380213351095458e+00
1.323380213351077028e+00
1.270599138661770322e+00
1.270599138661766103e+00
1.253349395990502435e+00
1.253349395990500881e+00
1.199352820145586751e+00
1.199352820145586085e+00
1.169650587235464778e+00
1.169650587235458117e+00
1.131342295753425820e+00
1.131342295753413163e+00
1.103895570629511269e+00
1.103895570629506828e+00
1.000000000000091482e+00
1.000000000000052180e+00
1.000000000000028422e+00
1.000000000000013989e+00
1.000000000000010658e+00
1.000000000000009770e+00
1.000000000000009104e+00
1.000000000000007994e+00
1.000000000000007994e+00
1.000000000000006661e+00
1.000000000000005551e+00
1.000000000000004663e+00
1.000000000000003553e+00
1.000000000000002665e+00
1.000000000000001776e+00
1.000000000000001110e+00
1.000000000000000888e+00
1.000000000000000888e+00
1.000000000000000666e+00
1.000000000000000666e+00
1.000000000000000666e+00
1.000000000000000666e+00
1.000000000000000666e+00
1.000000000000000666e+00
1.000000000000000666e+00
1.000000000000000666e+00
1.000000000000000666e+00
1.000000000000000444e+00
1.000000000000000444e+00
1.000000000000000444e+00
1.000000000000000444e+00
1.000000000000000444e+00
1.000000000000000444e+00
1.000000000000000444e+00
1.000000000000000222e+00
1.000000000000000222e+00
1.000000000000000222e+00
1.000000000000000222e+00
1.000000000000000222e+00
1.000000000000000222e+00
1.000000000000000222e+00
1.000000000000000222e+00
1.000000000000000222e+00
1.000000000000000222e+00
1.000000000000000222e+00
1.000000000000000222e+00
9.999999999999998890e-01
9.999999999999998890e-01
9.999999999999998890e-01
9.999999999999998890e-01
9.999999999999998890e-01
9.999999999999998890e-01
9.999999999999998890e-01
9.999999999999998890e-01
9.999999999999998890e-01
9.999999999999998890e-01
9.999999999999998890e-01
9.999999999999998890e-01
9.999999999999998890e-01
9.999999999999997780e-01
9.999999999999997780e-01
9.999999999999997780e-01
9.999999999999997780e-01
9.999999999999997780e-01
9.999999999999997780e-01
9.999999999999997780e-01
9.999999999999997780e-01
9.999999999999997780e-01
9.999999999999997780e-01
9.999999999999995559e-01
9.999999999999995559e-01
9.999999999999995559e-01
9.999999999999995559e-01
9.999999999999995559e-01
9.999999999999995559e-01
9.999999999999995559e-01
9.999999999999995559e-01
9.999999999999993339e-01
9.999999999999993339e-01
9.999999999999993339e-01
9.999999999999991118e-01
9.999999999999991118e-01
9.999999999999988898e-01
9.999999999999988898e-01
9.999999999999986677e-01
9.999999999999986677e-01
9.999999999999976685e-01
9.999999999999964473e-01
9.999999999999955591e-01
9.999999999999938938e-01
9.999999999999935607e-01
9.999999999999922284e-01
9.999999999999921174e-01
9.999999999999918954e-01
9.999999999999902300e-01
9.999999999999891198e-01
9.999999999999835687e-01
9.999999999999674705e-01
9.999999999999454880e-01
9.999999999999072964e-01
9.995178393418112650e-01
9.995178393418041596e-01
9.965995317484241944e-01
9.965995317484181992e-01
9.961399184267671902e-01
9.961399184267646367e-01
9.765416289401774863e-01
9.765416289401517291e-01
9.610030078085340932e-01
9.610030078085325389e-01
9.179752417997784075e-01
9.179752417997728564e-01
9.148736661595725517e-01
9.148736661595682218e-01
9.019791647182192618e-01
9.019791647182168193e-01
8.868685876089510423e-01
8.868685876088849840e-01
8.671347217736992130e-01
8.671347217736963264e-01
8.485652203211118128e-01
8.485652203211073719e-01
7.414795453712755835e-01
7.414795453712700324e-01
6.180339887498981222e-01
6.180339887498921270e-01
5.950114916604100079e-01
5.950114916603991277e-01
5.419431937537761979e-01
5.419431937537702026e-01
