# Singular values
4.220189569201838253e+01
4.220189569201836832e+01
1.318924380074745173e+01
1.318924380074744640e+01
1.274850474768465602e+01
1.274850474768465425e+01
8.161474515201701863e+00
8.161474515201684099e+00
6.478566150592661721e+00
6.478566150592656392e+00
5.355487584312140115e+00
5.355487584312133897e+00
5.116715993337278334e+00
5.116715993337276558e+00
4.772979589367521314e+00
4.772979589367517761e+00
4.242640687119287435e+00
4.242640687119283882e+00
3.605551275463989125e+00
3.605551275463987793e+00
3.511426246365811021e+00
3.511426246365810133e+00
3.389603967913654259e+00
3.389603967913648486e+00
3.162277660168381743e+00
3.162277660168376414e+00
3.020447918044219193e+00
3.020447918044217861e+00
2.999999999999999556e+00
2.999999999999998224e+00
2.998869594619256951e+00
2.998869594619255619e+00
2.828427124746192955e+00
2.828427124746192511e+00
2.828427124746192511e+00
2.828427124746192067e+00
2.811346475875896811e+00
2.811346475875893702e+00
2.598804965443429538e+00
2.598804965443427761e+00
2.449489742783179214e+00
2.449489742783176105e+00
2.382814364901852944e+00
2.382814364901848059e+00
2.236067977499790249e+00
2.236067977499788029e+00
2.046169693084596730e+00
2.046169693084591845e+00
2.000000000000012434e+00
2.000000000000002220e+00
2.000000000000000000e+00
1.999999999999999556e+00
1.999999999999998668e+00
1.999999999999980460e+00
1.872514509853322462e+00
1.872514509853322240e+00
1.847759065022573033e+00
1.847759065022572589e+00
1.751241907315916224e+00
1.751241907315915336e+00
1.732050807568884965e+00
1.732050807568880302e+00
1.732050807568875195e+00
1.732050807568872974e+00
1.726186833026418066e+00
1.726186833026417622e+00
1.553852541968619327e+00
1.553852541968617773e+00
1.552171977100312628e+00
1.552171977100311295e+00
1.480274056838061014e+00
1.480274056838055907e+00
1.414213562373115574e+00
1.414213562373100697e+00
1.414213562373096256e+00
1.414213562373096034e+00
1.414213562373096034e+00
1.414213562373095590e+00
1.414213562373095590e+00
1.414213562373095590e+00
1.414213562373095590e+00
1.414213562373095368e+00
1.414213562373095368e+00
1.414213562373095368e+00
1.414213562373095368e+00
1.414213562373095145e+00
1.414213562373095145e+00
1.414213562373094701e+00
1.414213562373094479e+00
1.414213562373094479e+00
1.414213562373094479e+00
1.414213562373094479e+00
1.414213562373094479e+00
1.414213562373094257e+00
1.414213562373094257e+00
1.414213562373094257e+00
1.414213562373090705e+00
1.414213562373073607e+00
1.278161137923537360e+00
1.278161137923531809e+00
1.000000000000010880e+00
1.000000000000006883e+00
1.000000000000002442e+00
1.000000000000002442e+00
1.000000000000001998e+00
1.000000000000001554e+00
1.000000000000001110e+00
1.000000000000000888e+00
1.000000000000000888e+00
1.000000000000000888e+00
1.000000000000000888e+00
1.000000000000000888e+00
1.000000000000000666e+00
1.000000000000000666e+00
1.000000000000000666e+00
1.000000000000000444e+00
1.000000000000000444e+00
1.000000000000000444e+00
1.000000000000000444e+00
1.000000000000000444e+00
1.000000000000000444e+00
1.000000000000000444e+00
1.000000000000000444e+00
1.000000000000000444e+00
1.000000000000000222e+00
1.000000000000000222e+00
1.000000000000000222e+00
1.000000000000000222e+00
1.000000000000000222e+00
1.000000000000000222e+00
1.000000000000000000e+00
1.000000000000000000e+00
1.000000000000000000e+00
1.000000000000000000e+00
9.999999999999998890e-01
9.999999999999998890e-01
9.999999999999998890e-01
9.999999999999998890e-01
9.999999999999997780e-01
9.999999999999997780e-01
9.999999999999997780e-01
9.999999999999997780e-01
9.999999999999997780e-01
9.999999999999997780e-01
9.999999999999997780e-01
9.999999999999997780e-01
9.999999999999997780e-01
9.999999999999997780e-01
9.999999999999996669e-01
9.999999999999996669e-01
9.999999999999994449e-01
9.999999999999994449e-01
9.999999999999994449e-01
9.999999999999993339e-01
9.999999999999990008e-01
9.999999999999982236e-01
9.999999999999978906e-01
9.999999999999970024e-01
9.999999999999934497e-01
9.999999999999887867e-01
9.872688895598135117e-01
9.872688895598121794e-01
9.364263849242714377e-01
9.364263849242708826e-01
9.216700221397616799e-01
9.216700221397615689e-01
7.653668647301801187e-01
7.653668647301798966e-01
7.374375437878607498e-01
7.374375437878603057e-01
6.247669467196489412e-01
6.247669467196486082e-01
