# Singular values
6.376506956581729355e+02
6.376506956581728218e+02
2.089104790206829705e+02
2.089104790206827715e+02
1.593042224663184072e+02
1.593042224663181514e+02
1.484866537481986484e+02
1.484866537481985631e+02
1.151846137739215976e+02
1.151846137739214413e+02
1.082905202633712776e+02
1.082905202633710360e+02
8.924202346898664473e+01
8.924202346898661631e+01
8.207932567514946243e+01
8.207932567514933453e+01
7.497842807251777231e+01
7.497842807251768704e+01
6.924560469537208007e+01
6.924560469537156848e+01
6.474006845393270737e+01
6.474006845393262211e+01
5.579678141293265980e+01
5.579678141293262428e+01
4.996973328275490900e+01
4.996973328275490189e+01
4.505813589006351094e+01
4.505813589006317699e+01
4.399494897684663641e+01
4.399494897684660089e+01
4.345187954744787362e+01
4.345187954744781678e+01
3.801905712129272530e+01
3.801905712129260451e+01
3.724229391882844453e+01
3.724229391882837348e+01
3.622054036766800778e+01
3.622054036766798646e+01
3.542192904239914952e+01
3.542192904239900741e+01
3.355054726014564181e+01
3.355054726014518707e+01
3.193472670890344389e+01
3.193472670890334086e+01
3.061240615442262936e+01
3.061240615442228119e+01
2.748936150939932688e+01
2.748936150939930556e+01
2.673199726359670692e+01
2.673199726359650441e+01
2.650877003431291712e+01
2.650877003431286028e+01
2.531631364601699730e+01
2.531631364601695466e+01
2.467741018083642857e+01
2.467741018083633975e+01
2.379548430815519566e+01
2.379548430815517435e+01
2.342225538338662361e+01
2.342225538338654900e+01
2.226419159016937499e+01
2.226419159016934657e+01
2.186793895712806801e+01
2.186793895712806091e+01
2.123982349986713203e+01
2.123982349986703966e+01
2.029509309699120578e+01
2.029509309699114894e+01
1.966481225771538632e+01
1.966481225771521579e+01
1.911272120581422485e+01
1.911272120581418577e+01
1.906717630431109356e+01
1.906717630431105448e+01
1.861853992144170888e+01
1.861853992144169823e+01
1.793426478729321616e+01
1.793426478729315221e+01
1.782512238929593451e+01
1.782512238929588833e+01
1.702622322878821137e+01
1.702622322878816519e+01
1.671733169625511906e+01
1.671733169625503379e+01
1.609646089007694414e+01
1.609646089007690151e+01
1.557763866021789845e+01
1.557763866021788068e+01
1.439039664336342206e+01
1.439039664336339364e+01
1.421896913337669055e+01
1.421896913337663904e+01
1.388940257111603316e+01
1.388940257111597809e+01
1.375921754631895766e+01
1.375921754631892568e+01
1.335234025814305703e+01
1.335234025814301262e+01
1.316804906575022294e+01
1.316804906575016432e+01
1.301714130443335549e+01
1.301714130443330397e+01
1.267610518260197594e+01
1.267610518260195818e+01
1.235395769071262961e+01
1.235395769071259942e+01
1.224112829099057720e+01
1.224112829099054167e+01
1.206303929997687341e+01
1.206303929997679170e+01
1.165339960115338158e+01
1.165339960115335138e+01
1.133192915663192402e+01
1.133192915663186184e+01
1.086180421112107197e+01
1.086180421112106309e+01
1.075139456612391342e+01
1.075139456612389033e+01
1.030144712624976755e+01
1.030144712624972492e+01
1.023348518953621777e+01
1.023348518953620712e+01
9.999826970680976146e+00
9.999826970680947724e+00
9.985191682810388158e+00
9.985191682810361513e+00
9.936621224481553938e+00
9.936621224481532622e+00
9.709707299727661223e+00
9.709707299727607932e+00
9.513259654920151576e+00
9.513259654920110719e+00
9.480750495821723689e+00
9.480750495821713031e+00
9.377603262136048556e+00
9.377603262136032569e+00
9.168454617663469364e+00
9.168454617663465811e+00
8.938443321949780085e+00
8.938443321949780085e+00
8.796725700712157092e+00
8.796725700712055840e+00
8.632311635106590941e+00
8.632311635106571401e+00
8.490475498983620639e+00
8.490475498983595770e+00
8.358232528432290920e+00
8.358232528432274933e+00
8.081896137215455411e+00
8.081896137215434095e+00
7.992945057086482841e+00
7.992945057086458860e+00
7.889432903598175173e+00
7.889432903598136981e+00
7.707033361299404639e+00
7.707033361299399310e+00
7.599796705862629231e+00
7.599796705862606139e+00
7.505545551820888228e+00
7.505545551820867800e+00
7.421053389729169503e+00
7.421053389729135752e+00
7.343614870585843946e+00
7.343614870585822629e+00
7.269147487035074739e+00
7.269147487035048094e+00
7.212972317184989102e+00
7.212972317184956239e+00
7.117541900016425060e+00
7.117541900016414402e+00
7.065281215959096528e+00
7.065281215959031691e+00
7.037236687786871059e+00
7.037236687786863065e+00
6.960361728063911180e+00
6.960361728063880093e+00
6.915760645395271133e+00
6.915760645395237383e+00
6.807502503958695605e+00
6.807502503958690276e+00
6.705352175354255984e+00
6.705352175354240885e+00
6.648681701627592311e+00
6.648681701627582541e+00
6.500878531336425681e+00
6.500878531336422128e+00
6.488380446952964675e+00
6.488380446952954905e+00
6.462815207492680791e+00
6.462815207492668357e+00
6.386184170806870952e+00
6.386184170806838090e+00
6.353199548644705708e+00
6.353199548644673733e+00
6.311548593591838063e+00
6.311548593591825629e+00
6.192347885846902322e+00
6.192347885846799294e+00
6.082837614271117133e+00
6.082837614271110027e+00
6.074322728995540821e+00
6.074322728995402265e+00
6.010182028806279497e+00
6.010182028806274168e+00
6.000000000000016875e+00
6.000000000000009770e+00
6.000000000000000000e+00
5.999999999999992895e+00
5.992294123269117812e+00
5.992294123269086725e+00
5.961172285293619311e+00
5.961172285293597106e+00
5.806036262317684660e+00
5.806036262317674890e+00
5.774110551000387836e+00
5.774110551000370961e+00
5.707974739330027525e+00
5.707974739329999991e+00
5.658597633558026807e+00
5.658597633558012596e+00
5.580298255090428761e+00
5.580298255090415438e+00
5.456102675461379725e+00
5.456102675461359297e+00
5.422631773935177257e+00
5.422631773935163046e+00
5.262172752835936329e+00
5.262172752835933665e+00
5.189804038120429119e+00
5.189804038120422902e+00
5.153017797276234546e+00
5.153017797276224776e+00
5.041589990212393069e+00
5.041589990212320238e+00
5.010213306085120166e+00
5.010213306085109508e+00
5.006389408670513852e+00
5.006389408670499641e+00
4.999610734873797036e+00
4.999610734873777496e+00
4.836015392162403614e+00
4.836015392162385851e+00
4.788488103988541411e+00
4.788488103988540523e+00
4.730663520413015632e+00
4.730663520413007639e+00
4.683902782866243619e+00
4.683902782866237402e+00
4.610199593965110587e+00
4.610199593965098153e+00
4.584383654229415406e+00
4.584383654229411853e+00
4.582358670247188570e+00
4.582358670247179688e+00
4.492068197640469940e+00
4.492068197640465499e+00
4.472135954999595597e+00
4.472135954999569840e+00
4.448311953209837633e+00
4.448311953209821645e+00
4.305464779791861929e+00
4.305464779791839725e+00
4.238339921763452089e+00
4.238339921763437879e+00
4.236755534694530034e+00
4.236755534694527370e+00
4.228604449130919818e+00
4.228604449130872744e+00
4.064187707204251154e+00
4.064187707204228062e+00
4.034134265559360166e+00
4.034134265559354837e+00
3.999482017739456108e+00
3.999482017739450779e+00
3.997023856490586002e+00
3.997023856490576676e+00
3.874229265941688372e+00
3.874229265941658618e+00
3.820495488614095159e+00
3.820495488614085833e+00
3.705560369061469572e+00
3.705560369061358550e+00
3.594859627473005137e+00
3.594859627472993147e+00
3.585240663894787794e+00
3.585240663894775359e+00
3.524422835237049245e+00
3.524422835237027041e+00
3.489907320299835192e+00
3.489907320299826754e+00
3.462580818699339424e+00
3.462580818699313223e+00
3.451674578407897709e+00
3.451674578407888383e+00
3.439042498875778620e+00
3.439042498875759968e+00
3.425361841881348735e+00
3.425361841881337632e+00
3.417103965415107414e+00
3.417103965415103417e+00
3.398833341393253438e+00
3.398833341393231233e+00
3.388319188472292520e+00
3.388319188472284527e+00
3.380549959857471976e+00
3.380549959857468867e+00
3.321640843790796715e+00
3.321640843790757192e+00
3.291518593890631728e+00
3.291518593890629951e+00
3.229175921377838154e+00
3.229175921377789749e+00
3.173250541224052146e+00
3.173250541224049037e+00
3.162277660168382631e+00
3.162277660168382631e+00
3.161771816109460342e+00
3.161771816109332001e+00
3.160173680587109679e+00
3.160173680587107903e+00
3.103657332537892444e+00
3.103657332537888447e+00
3.073646235924417880e+00
3.073646235924385461e+00
3.026443011573808128e+00
3.026443011573805464e+00
3.000000000000003553e+00
3.000000000000003109e+00
2.999999999999998224e+00
2.999999999999995115e+00
2.998731721861287447e+00
2.998731721861282118e+00
2.987576756813738132e+00
2.987576756813731471e+00
2.914886546448319127e+00
2.914886546448307136e+00
2.894398012810917020e+00
2.894398012810891263e+00
2.885485030917654736e+00
2.885485030917648963e+00
2.828235975960252446e+00
2.828235975960220916e+00
2.790724988619551983e+00
2.790724988619548874e+00
2.669869013416092507e+00
2.669869013416084069e+00
2.639217952734390860e+00
2.639217952734381534e+00
2.612667134925092061e+00
2.612667134925086732e+00
2.591812252972218733e+00
2.591812252972200081e+00
2.561215584742729590e+00
2.561215584742726481e+00
2.475321242230326568e+00
2.475321242230023699e+00
2.454855408549001083e+00
2.454855408548977103e+00
2.449432317914772117e+00
2.449432317914765900e+00
2.446952881639693711e+00
2.446952881639691491e+00
2.436960518211491511e+00
2.436960518211488402e+00
2.416970780681257480e+00
2.416970780681237052e+00
2.401610354483066256e+00
2.401610354483063148e+00
2.350588779465474509e+00
2.350588779465473177e+00
2.269372645941667876e+00
2.269372645941667432e+00
2.236080600466313406e+00
2.236080600466301860e+00
2.236067977499792470e+00
2.236067977499788473e+00
2.235958892886159344e+00
2.235958892886151350e+00
2.234099100365742441e+00
2.234099100365735335e+00
2.233298580133416422e+00
2.233298580133412425e+00
2.233049496875026740e+00
2.233049496875022299e+00
2.232086306179713375e+00
2.232086306179712043e+00
2.229744742593878115e+00
2.229744742593875895e+00
2.229392981413515162e+00
2.229392981413496067e+00
2.224109825800775653e+00
2.224109825800766327e+00
2.221127357350610954e+00
2.221127357350607401e+00
2.203866209851183644e+00
2.203866209851181424e+00
2.197386919357319890e+00
2.197386919357315449e+00
2.180407157900256188e+00
2.180407157900242421e+00
2.158888998389336678e+00
2.158888998389332237e+00
2.149878922619121280e+00
2.149878922619114174e+00
2.103607477972385897e+00
2.103607477972373463e+00
2.078053278977923135e+00
2.078053278977921359e+00
2.069783261127826179e+00
2.069783261127820850e+00
2.040921019288724381e+00
2.040921019288721716e+00
2.024743370787725816e+00
2.024743370787724928e+00
2.008543809928440282e+00
2.008543809928438950e+00
2.003757710963918637e+00
2.003757710963915972e+00
2.000000000000004441e+00
1.999999999999998224e+00
1.999999999999998002e+00
1.999999999999997780e+00
1.997864489536732568e+00
1.997864489536730126e+00
1.990673134337191952e+00
1.990673134337176853e+00
1.989436455766820488e+00
1.989436455766818046e+00
1.986483618940772633e+00
1.986483618940768414e+00
1.971525325862312883e+00
1.971525325862305111e+00
1.967843449353790408e+00
1.967843449353787966e+00
1.955345847521585023e+00
1.955345847521583691e+00
1.944026787393889677e+00
1.944026787393885680e+00
1.938319109359446735e+00
1.938319109359441406e+00
1.930385899274767558e+00
1.930385899274749351e+00
1.910394315376368057e+00
1.910394315376361174e+00
1.885430029361523596e+00
1.885430029361519155e+00
1.870870973548226512e+00
1.870870973548221183e+00
1.862114666276758479e+00
1.862114666276754038e+00
1.840688723950108852e+00
1.840688723950102856e+00
1.767450361327679520e+00
1.767450361327676855e+00
1.753836313776872435e+00
1.753836313776867550e+00
1.742744650822356745e+00
1.742744650822339647e+00
1.731825769255068481e+00
1.731825769255048275e+00
1.730420222292285093e+00
1.730420222292271104e+00
1.729687523754806167e+00
1.729687523754793510e+00
1.728132198584487966e+00
1.728132198584478862e+00
1.717013059002288733e+00
1.717013059002283182e+00
1.666163344976904215e+00
1.666163344976893779e+00
1.617023715200069933e+00
1.617023715200056833e+00
1.600222483410938423e+00
1.600222483410930874e+00
1.591388016911381875e+00
1.591388016911375880e+00
1.581227728494227547e+00
1.581227728494225326e+00
1.563519805087592029e+00
1.563519805087587589e+00
1.510186025440922286e+00
1.510186025440914737e+00
1.485805941240980754e+00
1.485805941240978312e+00
1.474423616513895086e+00
1.474423616513885094e+00
1.452305757484724236e+00
1.452305757484712245e+00
1.449595940007293526e+00
1.449595940007274431e+00
1.414213562373100919e+00
1.414213562373100475e+00
1.414213562373100475e+00
1.414213562373100253e+00
1.414213562373098032e+00
1.414213562373097588e+00
1.414213562373097144e+00
1.414213562373097144e+00
1.414213562373096922e+00
1.414213562373096034e+00
1.414213562373096034e+00
1.414213562373096034e+00
1.414213562373096034e+00
1.414213562373095812e+00
1.414213562373095368e+00
1.414213562373095368e+00
1.414213562373095368e+00
1.414213562373095368e+00
1.414213562373094923e+00
1.414213562373094923e+00
1.414213562373094701e+00
1.414213562373094701e+00
1.414213562373094701e+00
1.414213562373094479e+00
1.414213562373094257e+00
1.414213562373094035e+00
1.414213562373094035e+00
1.414213562373093591e+00
1.414213562373092259e+00
1.414213562373091371e+00
1.414177162822565226e+00
1.414177162822558342e+00
1.414072702200519505e+00
1.414072702200514398e+00
1.414043273638355025e+00
1.414043273638352805e+00
1.414028428258140346e+00
1.414028428258137016e+00
1.413876293468915080e+00
1.413876293468911305e+00
1.413783627213685445e+00
1.413783627213675675e+00
1.413662740045749100e+00
1.413662740045743993e+00
1.412139754489517118e+00
1.412139754489480259e+00
1.411196988440959643e+00
1.411196988440931444e+00
1.408628842947295956e+00
1.408628842947291293e+00
1.403664942528217718e+00
1.403664942528206172e+00
1.396677516020614629e+00
1.396677516020613297e+00
1.394007760031013454e+00
1.394007760031011678e+00
1.386763756409916448e+00
1.386763756409910231e+00
1.381899670794219936e+00
1.381899670794212165e+00
1.380363561395128391e+00
1.380363561395120398e+00
1.369692560808894344e+00
1.369692560808891457e+00
1.361943745304087683e+00
1.361943745304085907e+00
1.355657755482486460e+00
1.355657755482484683e+00
1.333004595862726349e+00
1.333004595862717911e+00
1.302504904045610035e+00
1.302504904045602929e+00
1.299836988997567833e+00
1.299836988997566278e+00
1.287203793036779453e+00
1.287203793036773902e+00
1.244325502601012934e+00
1.244325502601011824e+00
1.203440165687134300e+00
1.203440165687130525e+00
1.196100525832312966e+00
1.196100525832310968e+00
1.165565422523692884e+00
1.165565422523683337e+00
1.116708958276097174e+00
1.116708958275987706e+00
1.064280167544154443e+00
1.064280167544154221e+00
1.036159715769646716e+00
1.036159715769626066e+00
1.029247945707201461e+00
1.029247945707195466e+00
1.022132290915245267e+00
1.022132290915238162e+00
1.003847508476447548e+00
1.003847508476434891e+00
1.003345757418952822e+00
1.003345757418951267e+00
1.000009650147990703e+00
1.000009650147984264e+00
1.000000000000133005e+00
1.000000000000031752e+00
1.000000000000028200e+00
1.000000000000020650e+00
1.000000000000020428e+00
1.000000000000014655e+00
1.000000000000012434e+00
1.000000000000010436e+00
1.000000000000009326e+00
1.000000000000006883e+00
1.000000000000003109e+00
1.000000000000003109e+00
1.000000000000002665e+00
1.000000000000002442e+00
1.000000000000002220e+00
1.000000000000001998e+00
1.000000000000001776e+00
1.000000000000001554e+00
1.000000000000001554e+00
1.000000000000001554e+00
1.000000000000001332e+00
1.000000000000001332e+00
1.000000000000001332e+00
1.000000000000001110e+00
1.000000000000001110e+00
1.000000000000001110e+00
1.000000000000001110e+00
1.000000000000000888e+00
1.000000000000000888e+00
1.000000000000000888e+00
1.000000000000000888e+00
1.000000000000000888e+00
1.000000000000000666e+00
1.000000000000000666e+00
1.000000000000000444e+00
1.000000000000000444e+00
1.000000000000000444e+00
1.000000000000000444e+00
1.000000000000000222e+00
1.000000000000000222e+00
1.000000000000000222e+00
1.000000000000000222e+00
1.000000000000000222e+00
1.000000000000000222e+00
1.000000000000000222e+00
1.000000000000000222e+00
1.000000000000000222e+00
1.000000000000000222e+00
1.000000000000000222e+00
1.000000000000000000e+00
1.000000000000000000e+00
1.000000000000000000e+00
1.000000000000000000e+00
1.000000000000000000e+00
1.000000000000000000e+00
1.000000000000000000e+00
9.999999999999997780e-01
9.999999999999997780e-01
9.999999999999997780e-01
9.999999999999996669e-01
9.999999999999996669e-01
9.999999999999996669e-01
9.999999999999996669e-01
9.999999999999996669e-01
9.999999999999996669e-01
9.999999999999996669e-01
9.999999999999995559e-01
9.999999999999995559e-01
9.999999999999995559e-01
9.999999999999995559e-01
9.999999999999994449e-01
9.999999999999994449e-01
9.999999999999994449e-01
9.999999999999993339e-01
9.999999999999993339e-01
9.999999999999993339e-01
9.999999999999993339e-01
9.999999999999992228e-01
9.999999999999992228e-01
9.999999999999992228e-01
9.999999999999992228e-01
9.999999999999991118e-01
9.999999999999991118e-01
9.999999999999991118e-01
9.999999999999990008e-01
9.999999999999990008e-01
9.999999999999990008e-01
9.999999999999990008e-01
9.999999999999990008e-01
9.999999999999990008e-01
9.999999999999990008e-01
9.999999999999988898e-01
9.999999999999986677e-01
9.999999999999986677e-01
9.999999999999986677e-01
9.999999999999986677e-01
9.999999999999986677e-01
9.999999999999985567e-01
9.999999999999984457e-01
9.999999999999983347e-01
9.999999999999983347e-01
9.999999999999983347e-01
9.999999999999980016e-01
9.999999999999980016e-01
9.999999999999977796e-01
9.999999999999972244e-01
9.999999999999936717e-01
9.999999999999927836e-01
9.999999999999892308e-01
9.999999999999862332e-01
9.999999999999834577e-01
9.999999999999805711e-01
9.999999999999793499e-01
9.999999999999718003e-01
9.999999999999702460e-01
9.999999999998654410e-01
9.999261545983110233e-01
9.999261545983105792e-01
9.998203997651586850e-01
9.998203997651570196e-01
9.995900064144341846e-01
9.995900064144330743e-01
9.995246358038850643e-01
9.995246358038722967e-01
9.987612649199415493e-01
9.987612649199413273e-01
9.987136010798361996e-01
9.987136010798350894e-01
9.985048939161130788e-01
9.985048939161118575e-01
9.982333798713876050e-01
9.982333798713862727e-01
9.977610573018675932e-01
9.977610573018665940e-01
9.974310548599726323e-01
9.974310548599711890e-01
9.966195561853407048e-01
9.966195561853365970e-01
9.962160794847109146e-01
9.962160794847072509e-01
9.957024435536735441e-01
9.957024435536706575e-01
9.954020838967183593e-01
9.954020838967156948e-01
9.942678031408939132e-01
9.942678031408932471e-01
9.936580838638617852e-01
9.936580838638598978e-01
9.931097113289540923e-01
9.931097113289523159e-01
9.920194033158513669e-01
9.920194033158505897e-01
9.911463751155885626e-01
9.911463751155817903e-01
9.903616784539083229e-01
9.903616784539082118e-01
9.896567922270079753e-01
9.896567922270020912e-01
9.887977309629141232e-01
9.887977309629125688e-01
9.881338012841718310e-01
9.881338012841697216e-01
9.878193403700972208e-01
9.878193403700943342e-01
9.857774707664533897e-01
9.857774707664516134e-01
9.835773842909552034e-01
9.835773842909532050e-01
9.779138881278964801e-01
9.779138881278930384e-01
9.759340567469968475e-01
9.759340567469960703e-01
9.753030900391536084e-01
9.753030900391523872e-01
9.744878244766455033e-01
9.744878244766452813e-01
9.736895521988473412e-01
9.736895521988454538e-01
9.719787373029611377e-01
9.719787373029600275e-01
9.669876498888236860e-01
9.669876498888213545e-01
9.615155825359322783e-01
9.615155825359318342e-01
9.614140851872414739e-01
9.614140851872393645e-01
9.569339787261388341e-01
9.569339787261362806e-01
9.532913376253827620e-01
9.532913376253816518e-01
9.523937409810143695e-01
9.523937409810124821e-01
9.394518276714335370e-01
9.394518276714315386e-01
9.224837099831437737e-01
9.224837099831368903e-01
9.193853289939177831e-01
9.193853289939155626e-01
9.085797471063619124e-01
9.085797471063576936e-01
8.955930432624747972e-01
8.955930432624711335e-01
8.710134828221838266e-01
8.710134828218680791e-01
8.614218640566494445e-01
8.614218640566437823e-01
8.339661719918121108e-01
8.339661719918015637e-01
8.284290777890753743e-01
8.284290777890692681e-01
8.141439566751377255e-01
8.141439566751317303e-01
8.013893964574927420e-01
8.013893964574918538e-01
7.576600560711896915e-01
7.576600560711870269e-01
7.559530708912769459e-01
7.559530708912756136e-01
7.549013213941905276e-01
7.549013213941884182e-01
7.293971885585891490e-01
7.293971885585698312e-01
6.973404388083962457e-01
6.973404388083934702e-01
6.784215789025547227e-01
6.784215789025536125e-01
6.176226103834044912e-01
6.176226103833838410e-01
6.131353573010174252e-01
6.131353573009953317e-01
6.044411974812181620e-01
6.044411974812131660e-01
5.900426728132229792e-01
5.900426728129456455e-01
5.565607053904718660e-01
5.565607053904703116e-01
5.271179682362598928e-01
5.271179682362530095e-01
5.175276009062700355e-01
5.175276009062569349e-01
5.149079716764353165e-01
5.149079716764115577e-01
4.928001607215242164e-01
4.928001607215116708e-01
4.778827882418444917e-01
4.778827882418434370e-01
4.123907526728924910e-01
4.123907526728912698e-01
3.412526362371237632e-01
3.412526362371224864e-01
3.374714110913552001e-01
3.374714110913538123e-01
1.847371494001323611e-01
1.847371494001316949e-01
2.057088114909964000e-13
