# Singular values
9.393523753136881282e+01
9.393523753136811649e+01
5.769641449415425427e+01
5.769641449415412637e+01
3.726929030716850377e+01
3.726929030716795666e+01
3.418421200070213217e+01
3.418421200070213217e+01
2.702081619399583801e+01
2.702081619399582380e+01
2.323485385874372611e+01
2.323485385874371545e+01
2.232305611466311035e+01
2.232305611466305706e+01
1.774117871095283405e+01
1.774117871095279497e+01
1.564255783609959316e+01
1.564255783609954165e+01
1.225943693012660063e+01
1.225943693012659530e+01
1.036734883313529387e+01
1.036734883313528499e+01
9.404698832615336457e+00
9.404698832615293824e+00
8.498745693378126020e+00
8.498745693377951937e+00
8.134081461387681955e+00
8.134081461387644651e+00
7.275225549544034997e+00
7.275225549543997694e+00
7.095556377770727785e+00
7.095556377770694922e+00
7.025309107838566547e+00
7.025309107838333844e+00
6.849118898240366349e+00
6.849118898240333486e+00
6.819234756409130682e+00
6.819234756409084497e+00
6.629157832443857146e+00
6.629157832443785203e+00
6.166664931494201696e+00
6.166664931494159951e+00
6.165064371060829274e+00
6.165064371060798187e+00
5.961796688689099177e+00
5.961796688689099177e+00
5.830951894845322947e+00
5.830951894845312289e+00
5.782391285567876515e+00
5.782391285567864081e+00
5.593041507537523493e+00
5.593041507537484414e+00
5.188010495168224878e+00
5.188010495168195568e+00
4.840472444851071643e+00
4.840472444851046774e+00
4.558335018934491778e+00
4.558335018934488225e+00
4.193055313230649617e+00
4.193055313230495074e+00
4.128996325049793192e+00
4.128996325049770100e+00
4.022602347487900687e+00
4.022602347487897134e+00
4.007527160954741596e+00
4.007527160954736267e+00
4.000000000000016875e+00
4.000000000000006217e+00
3.999999999999996447e+00
3.999999999999983569e+00
3.806966167351093944e+00
3.806966167351025554e+00
3.741657386773957761e+00
3.741657386773936889e+00
3.716116072080291044e+00
3.716116072080273280e+00
3.578864972461177629e+00
3.578864972461150540e+00
3.472834065683012561e+00
3.472834065683009008e+00
3.396210788134685021e+00
3.396210788134651271e+00
3.315823804449795187e+00
3.315823804449766765e+00
3.203483478259390616e+00
3.203483478259376849e+00
3.162277660168415938e+00
3.162277660168389737e+00
3.162277660168352877e+00
3.162277660168343107e+00
3.105442919528339729e+00
3.105442919528321521e+00
3.012295881725316704e+00
3.012295881725122637e+00
3.003759440980311446e+00
3.003759440979510309e+00
3.000000000000010214e+00
3.000000000000008438e+00
3.000000000000007550e+00
3.000000000000001776e+00
3.000000000000000000e+00
2.999999999999998668e+00
2.999999999999998224e+00
2.999999999999991562e+00
2.999999999999985789e+00
2.999999999999984457e+00
2.995980464486434514e+00
2.995980464486329709e+00
2.968858137318925117e+00
2.968858137318919788e+00
2.918632733368938137e+00
2.918632733368928367e+00
2.857408990104446378e+00
2.857408990104396640e+00
2.828427124746197840e+00
2.828427124746166310e+00
2.808576587211024211e+00
2.808576587211004227e+00
2.787709156697052659e+00
2.787709156697024682e+00
2.736624206734703080e+00
2.736624206734687093e+00
2.673101481291761949e+00
2.673101481291760617e+00
2.658582515718514117e+00
2.658582515718499018e+00
2.641660522969115465e+00
2.641660522969104807e+00
2.603154008245695650e+00
2.603154008245661011e+00
2.528515678502682551e+00
2.528515678502630148e+00
2.449489742783184543e+00
2.449489742783170332e+00
2.428928842562978918e+00
2.428928842562974033e+00
2.361540933830018396e+00
2.361540933829851863e+00
2.282674735353498185e+00
2.282674735353483975e+00
2.235264711245606772e+00
2.235264711245601443e+00
2.226412692033739038e+00
2.226412692033722163e+00
2.220694960225587877e+00
2.220694960225547465e+00
2.015460336268827923e+00
2.015460336268811936e+00
2.000000000000022649e+00
2.000000000000012434e+00
2.000000000000008438e+00
2.000000000000004885e+00
2.000000000000003997e+00
2.000000000000003997e+00
2.000000000000003553e+00
2.000000000000003109e+00
2.000000000000002220e+00
2.000000000000002220e+00
2.000000000000001332e+00
1.999999999999995559e+00
1.999999999999993783e+00
1.999999999999992006e+00
1.999999999999980238e+00
1.999999999999966693e+00
1.987425324727167375e+00
1.987425324727166265e+00
1.981158517501421468e+00
1.981158517501421024e+00
1.864903334822834768e+00
1.864903334822833214e+00
1.819172845214341860e+00
1.819172845214295675e+00
1.803537083402156016e+00
1.803537083402140917e+00
1.755567357408858165e+00
1.755567357408856832e+00
1.732050807568882300e+00
1.732050807568863648e+00
1.727881124780345834e+00
1.727881124780330735e+00
1.686994250736525203e+00
1.686994250736518319e+00
1.661475672629643796e+00
1.661475672629488143e+00
1.618953039557614382e+00
1.618953039557580409e+00
1.609718943016486437e+00
1.609718943016317905e+00
1.568475688980103921e+00
1.568475688980081051e+00
1.414213562373123789e+00
1.414213562373116906e+00
1.414213562373113353e+00
1.414213562373105360e+00
1.414213562373103583e+00
1.414213562373100697e+00
1.414213562373100030e+00
1.414213562373098254e+00
1.414213562373096478e+00
1.414213562373096256e+00
1.414213562373095590e+00
1.414213562373095590e+00
1.414213562373095368e+00
1.414213562373095368e+00
1.414213562373094923e+00
1.414213562373094701e+00
1.414213562373094479e+00
1.414213562373093813e+00
1.414213562373093591e+00
1.414213562373093147e+00
1.414213562373093147e+00
1.414213562373092703e+00
1.414213562373092259e+00
1.414213562373091149e+00
1.414213562373090483e+00
1.414213562373089594e+00
1.414213562373088706e+00
1.414213562373086708e+00
1.414213562373083377e+00
1.414213562373078492e+00
1.414213562373075828e+00
1.414213562373067834e+00
1.407353545150513474e+00
1.407353545150508811e+00
1.404365914809990290e+00
1.404365914809958538e+00
1.394702265771657013e+00
1.394702265771652128e+00
1.375970596488277131e+00
1.375970596488207631e+00
1.352156936536792031e+00
1.352156936536787812e+00
1.345057029769367585e+00
1.345057029769355594e+00
1.337478420010997260e+00
1.337478420010989710e+00
1.314924946834613140e+00
1.314924946834610031e+00
1.294545701919652458e+00
1.294545701919645353e+00
1.280161070342326735e+00
1.280161070342302754e+00
1.269818730458283973e+00
1.269818730458272871e+00
1.244158269471492995e+00
1.244158269471459910e+00
1.134887073393484380e+00
1.134887073393469503e+00
1.003284820688970846e+00
1.003284820688895573e+00
1.000000000000121902e+00
1.000000000000112355e+00
1.000000000000059508e+00
1.000000000000041522e+00
1.000000000000037303e+00
1.000000000000036637e+00
1.000000000000033529e+00
1.000000000000031752e+00
1.000000000000030198e+00
1.000000000000028644e+00
1.000000000000025979e+00
1.000000000000025091e+00
1.000000000000021760e+00
1.000000000000020872e+00
1.000000000000019762e+00
1.000000000000019318e+00
1.000000000000016653e+00
1.000000000000016209e+00
1.000000000000014433e+00
1.000000000000012434e+00
1.000000000000009326e+00
1.000000000000007327e+00
1.000000000000005107e+00
1.000000000000005107e+00
1.000000000000004219e+00
1.000000000000003997e+00
1.000000000000003109e+00
1.000000000000003109e+00
1.000000000000002442e+00
1.000000000000002442e+00
1.000000000000002220e+00
1.000000000000002220e+00
1.000000000000001998e+00
1.000000000000001998e+00
1.000000000000001998e+00
1.000000000000001998e+00
1.000000000000001776e+00
1.000000000000001554e+00
1.000000000000001554e+00
1.000000000000001554e+00
1.000000000000001332e+00
1.000000000000001332e+00
1.000000000000001332e+00
1.000000000000001110e+00
1.000000000000001110e+00
1.000000000000001110e+00
1.000000000000001110e+00
1.000000000000001110e+00
1.000000000000001110e+00
1.000000000000001110e+00
1.000000000000000888e+00
1.000000000000000888e+00
1.000000000000000666e+00
1.000000000000000444e+00
1.000000000000000444e+00
1.000000000000000444e+00
1.000000000000000222e+00
1.000000000000000000e+00
1.000000000000000000e+00
9.999999999999998890e-01
9.999999999999998890e-01
9.999999999999998890e-01
9.999999999999998890e-01
9.999999999999997780e-01
9.999999999999997780e-01
9.999999999999993339e-01
9.999999999999991118e-01
9.999999999999991118e-01
9.999999999999990008e-01
9.999999999999990008e-01
9.999999999999990008e-01
9.999999999999990008e-01
9.999999999999986677e-01
9.999999999999986677e-01
9.999999999999985567e-01
9.999999999999984457e-01
9.999999999999982236e-01
9.999999999999981126e-01
9.999999999999976685e-01
9.999999999999972244e-01
9.999999999999968914e-01
9.999999999999966693e-01
9.999999999999954481e-01
9.999999999999954481e-01
9.999999999999951150e-01
9.999999999999904521e-01
9.999999999999884537e-01
9.999999999999860112e-01
9.999999999999842348e-01
9.999999999999835687e-01
9.999999999999817923e-01
9.999999999999803491e-01
9.999999999999800160e-01
9.999999999999793499e-01
9.999999999999759082e-01
9.999999999999735767e-01
9.999999999999726885e-01
9.999999999999720224e-01
9.999999999999686917e-01
9.999999999999679146e-01
9.999999999999649170e-01
9.999999999999638067e-01
9.999999999999599209e-01
9.999999999999368283e-01
9.999999999998827604e-01
9.999999999998759881e-01
9.986488773784448769e-01
9.986488773784271133e-01
9.978226451925484852e-01
9.978226451925032991e-01
9.943916642688701568e-01
9.943916642688629404e-01
9.887792397990673443e-01
9.887792397990612381e-01
9.782127033801666371e-01
9.782127033801630844e-01
9.678758633237267706e-01
9.678758633237047881e-01
9.662307225467965388e-01
9.662307225467898775e-01
9.607002003497211451e-01
9.607002003497089326e-01
9.567568887041028036e-01
9.567568887040982517e-01
9.364115877232416230e-01
9.364115877232341845e-01
9.148165931689928865e-01
9.148165931689868913e-01
9.140097417409439595e-01
9.140097417409265290e-01
8.660221995140501283e-01
8.660221995140490181e-01
8.577250693662115122e-01
8.577250693661345737e-01
7.478452003187067154e-01
7.478452003186821795e-01
7.318845484188515327e-01
7.318845484188407635e-01
6.195546542988972227e-01
6.195546542988770167e-01
5.185083223320597900e-01
5.185083223319988388e-01
4.305662590027499737e-01
4.305662590027452552e-01
2.986061200675067528e-01
2.986061200674651195e-01
2.827141521513106270e-01
2.827141521513065192e-01
1.894166261172588184e-01
1.894166261171563448e-01
