# Singular values
1.109359099852932040e+01
1.109359099852932040e+01
5.171504558085208814e+00
5.171504558085208814e+00
4.105927952851575746e+00
4.105927952851575746e+00
2.828427124746193844e+00
2.828427124746190735e+00
2.740054523632896810e+00
2.740054523632895478e+00
2.652034743266501682e+00
2.652034743266501238e+00
2.278067071837043933e+00
2.278067071837043045e+00
1.968797694413134236e+00
1.968797694413134236e+00
1.732050807568878081e+00
1.732050807568876083e+00
1.701866325259054902e+00
1.701866325259053569e+00
1.414213562373095812e+00
1.414213562373095812e+00
1.414213562373095812e+00
1.414213562373095368e+00
1.414213562373095368e+00
1.414213562373095368e+00
1.414213562373095145e+00
1.414213562373094701e+00
1.414213562373094701e+00
1.414213562373094479e+00
1.414213562373094257e+00
1.414213562373094257e+00
1.000000000000000666e+00
1.000000000000000444e+00
1.000000000000000444e+00
1.000000000000000222e+00
1.000000000000000222e+00
1.000000000000000222e+00
1.000000000000000222e+00
1.000000000000000000e+00
9.999999999999998890e-01
9.999999999999998890e-01
9.999999999999998890e-01
9.999999999999998890e-01
9.999999999999998890e-01
9.999999999999997780e-01
9.999999999999997780e-01
9.999999999999997780e-01
9.999999999999997780e-01
9.999999999999995559e-01
9.999999999999994449e-01
9.999999999999994449e-01
9.907181746790137966e-01
9.907181746790136856e-01
9.152455349861713385e-01
9.152455349861708944e-01
8.153595375401463674e-02
8.153595375401459511e-02
