# Singular values
1.685760084956535536e+02
1.685760084956534399e+02
1.243477096522335898e+02
1.243477096522335614e+02
1.216536947561079387e+02
1.216536947561077682e+02
9.972673352866597440e+01
9.972673352866578966e+01
7.539989492554897765e+01
7.539989492554890660e+01
7.083852083112550702e+01
7.083852083112543596e+01
6.243160689861417723e+01
6.243160689861411328e+01
5.067358882841016765e+01
5.067358882841009660e+01
4.288318966563814172e+01
4.288318966563813461e+01
4.223742416388579812e+01
4.223742416388569154e+01
4.058063316572147983e+01
4.058063316572135193e+01
3.892564285490685450e+01
3.892564285490679765e+01
3.468194159327965309e+01
3.468194159327953230e+01
3.324687851892011281e+01
3.324687851891994939e+01
3.314289053516156258e+01
3.314289053516152705e+01
2.861310421776433444e+01
2.861310421776429536e+01
2.485744369381671248e+01
2.485744369381660590e+01
2.417647826720931192e+01
2.417647826720923732e+01
2.343687849313505112e+01
2.343687849313501204e+01
2.305133847448882278e+01
2.305133847448880502e+01
2.271413506673868810e+01
2.271413506673865257e+01
2.242811601253016107e+01
2.242811601253011844e+01
1.852365324710530814e+01
1.852365324710521932e+01
1.819899522076752518e+01
1.819899522076752518e+01
1.817701447885349353e+01
1.817701447885348287e+01
1.714908959740662198e+01
1.714908959740657224e+01
1.702938636592643462e+01
1.702938636592638488e+01
1.638154558902324354e+01
1.638154558902319025e+01
1.519627654744657619e+01
1.519627654744653178e+01
1.503329637837293120e+01
1.503329637837287436e+01
1.421148811597956474e+01
1.421148811597955408e+01
1.333937907560803104e+01
1.333937907560799907e+01
1.140269457546783016e+01
1.140269457546781062e+01
1.076752613835173378e+01
1.076752613835172134e+01
9.947468850403550888e+00
9.947468850403511809e+00
9.877287864075469770e+00
9.877287864075384505e+00
9.582069674811137361e+00
9.582069674811117821e+00
9.320859108450624930e+00
9.320859108450596509e+00
9.266331824931098637e+00
9.266331824931079097e+00
8.995794951789157778e+00
8.995794951789157778e+00
8.978537063994027179e+00
8.978537063994023626e+00
8.882726540735777832e+00
8.882726540735729870e+00
8.857615098467146453e+00
8.857615098467126913e+00
8.614596041408915994e+00
8.614596041408825400e+00
8.384829648989651218e+00
8.384829648989642337e+00
8.226151379446339007e+00
8.226151379446323020e+00
7.175530933888949470e+00
7.175530933888912166e+00
7.157078658172051355e+00
7.157078658172040697e+00
7.070778550640158144e+00
7.070778550640157256e+00
7.000000000000039080e+00
6.999999999999960032e+00
6.947759184362486629e+00
6.947759184362445772e+00
6.749798577509998232e+00
6.749798577509996456e+00
6.575722608281555637e+00
6.575722608281497905e+00
6.485845115109133197e+00
6.485845115109060366e+00
6.305599672547929302e+00
6.305599672547908874e+00
6.203537241031258809e+00
6.203537241031201965e+00
5.838414152290145154e+00
5.838414152290142489e+00
5.708380645174233159e+00
5.708380645174172763e+00
5.558313151348946768e+00
5.558313151348931669e+00
5.470358663690615408e+00
5.470358663690586098e+00
5.221358640952625585e+00
5.221358640952624697e+00
5.114127000100021192e+00
5.114127000100009646e+00
5.000000000000007105e+00
5.000000000000000000e+00
4.929715290728990951e+00
4.929715290728982069e+00
4.829586799536177644e+00
4.829586799536150110e+00
4.719800450726318708e+00
4.719800450726314267e+00
4.596488421306594852e+00
4.596488421306588634e+00
4.558160780102864074e+00
4.558160780102857856e+00
4.517404761579702388e+00
4.517404761579676631e+00
4.385806074143651756e+00
4.385806074143629552e+00
4.315042736596720552e+00
4.315042736596707229e+00
4.242640687119284770e+00
4.242640687119281218e+00
4.167981074532859154e+00
4.167981074532843166e+00
4.144007875433779908e+00
4.144007875433778132e+00
4.123105625617666803e+00
4.123105625617653480e+00
4.026529944162462904e+00
4.026529944162458463e+00
4.000000000000009770e+00
4.000000000000005329e+00
4.000000000000004441e+00
3.999999999999999112e+00
3.984272032692498744e+00
3.984272032692407706e+00
3.859564618899855581e+00
3.859564618899820942e+00
3.751862633277391446e+00
3.751862633277349701e+00
3.523315581338231528e+00
3.523315581338226643e+00
3.460831779231842376e+00
3.460831779231840599e+00
3.447523392301611533e+00
3.447523392301607537e+00
3.349436598979434798e+00
3.349436598979409929e+00
3.316616052987799712e+00
3.316616052987794383e+00
3.316369198992055622e+00
3.316369198992052070e+00
3.315932461199286418e+00
3.315932461199282866e+00
3.286233020142445227e+00
3.286233020142442562e+00
3.261180980822742548e+00
3.261180980822740327e+00
3.210227895948575494e+00
3.210227895948557730e+00
3.162277660168380411e+00
3.162277660168379079e+00
3.102443690862400683e+00
3.102443690862387360e+00
3.007418279452581444e+00
3.007418279452577448e+00
3.000000000000003997e+00
3.000000000000003997e+00
3.000000000000003553e+00
3.000000000000001776e+00
3.000000000000001776e+00
3.000000000000001776e+00
2.999999999999999112e+00
2.999999999999996003e+00
2.998052800409753083e+00
2.998052800409749086e+00
2.997613602623433682e+00
2.997613602623430573e+00
2.907778830089632116e+00
2.907778830089615685e+00
2.883326378320439698e+00
2.883326378320425931e+00
2.877927400166121696e+00
2.877927400166114591e+00
2.856888358844144715e+00
2.856888358843995945e+00
2.828427124746196064e+00
2.828427124746192955e+00
2.828427124746192955e+00
2.828427124746186738e+00
2.768279741521940895e+00
2.768279741521916026e+00
2.740015124087695320e+00
2.740015124087690879e+00
2.672850680102491161e+00
2.672850680102482279e+00
2.644111895950860713e+00
2.644111895950842950e+00
2.612992750145876730e+00
2.612992750145846088e+00
2.602033855081728131e+00
2.602033855081714808e+00
2.588129411318166540e+00
2.588129411318163431e+00
2.523148580383469231e+00
2.523148580383403505e+00
2.517618719089807389e+00
2.517618719089762980e+00
2.449489742783180990e+00
2.449489742783180990e+00
2.438286058784467247e+00
2.438286058784439714e+00
2.426530900316818506e+00
2.426530900316814066e+00
2.421241821885427470e+00
2.421241821885417700e+00
2.301990059376133768e+00
2.301990059376129327e+00
2.236067977499793802e+00
2.236067977499788029e+00
2.233071541015254180e+00
2.233071541015253292e+00
2.224588123591528355e+00
2.224588123591516808e+00
2.197543868259674404e+00
2.197543868259672184e+00
2.194304863423132801e+00
2.194304863423071073e+00
2.179575144571468837e+00
2.179575144571427092e+00
2.074044182774620104e+00
2.074044182774615219e+00
2.027435724355522773e+00
2.027435724355517888e+00
2.000000000000009770e+00
2.000000000000005773e+00
2.000000000000004441e+00
2.000000000000004441e+00
2.000000000000003553e+00
2.000000000000003109e+00
2.000000000000001776e+00
2.000000000000001776e+00
2.000000000000001332e+00
2.000000000000000888e+00
2.000000000000000888e+00
2.000000000000000888e+00
2.000000000000000444e+00
2.000000000000000444e+00
1.999999999999999778e+00
1.999999999999999334e+00
1.999999999999998890e+00
1.999999999999998668e+00
1.999999999999998002e+00
1.999999999999998002e+00
1.999999999999996447e+00
1.999999999999995781e+00
1.999999999999994893e+00
1.999999999999992006e+00
1.996225286553907408e+00
1.996225286553900524e+00
1.995816474107737992e+00
1.995816474107728666e+00
1.991609849614247807e+00
1.991609849614238925e+00
1.979455541842146893e+00
1.979455541842139343e+00
1.941213532075502846e+00
1.941213532075494408e+00
1.928747774045910246e+00
1.928747774045897367e+00
1.897119038692858917e+00
1.897119038692844706e+00
1.892214373141018147e+00
1.892214373141006378e+00
1.858121044575215652e+00
1.858121044575185010e+00
1.847231989397165153e+00
1.847231989397156049e+00
1.826353759106553731e+00
1.826353759106550623e+00
1.799561492947646224e+00
1.799561492947624908e+00
1.732050807568881190e+00
1.732050807568879858e+00
1.732050807568875861e+00
1.732050807568872308e+00
1.699905239013392855e+00
1.699905239013203007e+00
1.654958395061522980e+00
1.654958395061508991e+00
1.637616917479788992e+00
1.637616917479779888e+00
1.632960824851089399e+00
1.632960824851085180e+00
1.569298184697847987e+00
1.569298184697846432e+00
1.464366195756741318e+00
1.464366195756736211e+00
1.414213562373131783e+00
1.414213562373107580e+00
1.414213562373106692e+00
1.414213562373099364e+00
1.414213562373099142e+00
1.414213562373098698e+00
1.414213562373098698e+00
1.414213562373097588e+00
1.414213562373097366e+00
1.414213562373096922e+00
1.414213562373096700e+00
1.414213562373096700e+00
1.414213562373096256e+00
1.414213562373096034e+00
1.414213562373096034e+00
1.414213562373095812e+00
1.414213562373095590e+00
1.414213562373095368e+00
1.414213562373095368e+00
1.414213562373095368e+00
1.414213562373095368e+00
1.414213562373095368e+00
1.414213562373095145e+00
1.414213562373095145e+00
1.414213562373094923e+00
1.414213562373094923e+00
1.414213562373094923e+00
1.414213562373094923e+00
1.414213562373094479e+00
1.414213562373094257e+00
1.414213562373094257e+00
1.414213562373094257e+00
1.414213562373094257e+00
1.414213562373094257e+00
1.414213562373094035e+00
1.414213562373093813e+00
1.414213562373092259e+00
1.414213562373086042e+00
1.414213562373085376e+00
1.414213562373060507e+00
1.414198866600156368e+00
1.414198866600154592e+00
1.413796265556024556e+00
1.413796265556019227e+00
1.413130325450732361e+00
1.413130325450721925e+00
1.410127734463514804e+00
1.410127734463513471e+00
1.407185014653420829e+00
1.407185014653409949e+00
1.401561471646198154e+00
1.401561471646197488e+00
1.400903042954695588e+00
1.400903042954692035e+00
1.367724123970171624e+00
1.367724123970166517e+00
1.366303439829422484e+00
1.366303439829418709e+00
1.353059023116324200e+00
1.353059023116323312e+00
1.342630115132958935e+00
1.342630115132946500e+00
1.318378817578214290e+00
1.318378817578148565e+00
1.312273868344448591e+00
1.312273868344438377e+00
1.302128309798262995e+00
1.302128309798257222e+00
1.151297887058861713e+00
1.151297887058813751e+00
1.067423541776908902e+00
1.067423541776867157e+00
1.023977660480213103e+00
1.023977660480186680e+00
1.002366603597997230e+00
1.002366603597939276e+00
1.000000000000046629e+00
1.000000000000041522e+00
1.000000000000033085e+00
1.000000000000029088e+00
1.000000000000023315e+00
1.000000000000014433e+00
1.000000000000013101e+00
1.000000000000012434e+00
1.000000000000011102e+00
1.000000000000010658e+00
1.000000000000008882e+00
1.000000000000008438e+00
1.000000000000007550e+00
1.000000000000006217e+00
1.000000000000005773e+00
1.000000000000003331e+00
1.000000000000002665e+00
1.000000000000001554e+00
1.000000000000001554e+00
1.000000000000001332e+00
1.000000000000001332e+00
1.000000000000001332e+00
1.000000000000001332e+00
1.000000000000001332e+00
1.000000000000001332e+00
1.000000000000001332e+00
1.000000000000001110e+00
1.000000000000001110e+00
1.000000000000000888e+00
1.000000000000000888e+00
1.000000000000000888e+00
1.000000000000000888e+00
1.000000000000000888e+00
1.000000000000000888e+00
1.000000000000000888e+00
1.000000000000000666e+00
1.000000000000000666e+00
1.000000000000000666e+00
1.000000000000000666e+00
1.000000000000000666e+00
1.000000000000000666e+00
1.000000000000000666e+00
1.000000000000000666e+00
1.000000000000000666e+00
1.000000000000000666e+00
1.000000000000000444e+00
1.000000000000000444e+00
1.000000000000000444e+00
1.000000000000000444e+00
1.000000000000000444e+00
1.000000000000000444e+00
1.000000000000000444e+00
1.000000000000000444e+00
1.000000000000000444e+00
1.000000000000000444e+00
1.000000000000000444e+00
1.000000000000000444e+00
1.000000000000000444e+00
1.000000000000000222e+00
1.000000000000000222e+00
1.000000000000000222e+00
1.000000000000000222e+00
1.000000000000000222e+00
1.000000000000000222e+00
1.000000000000000222e+00
1.000000000000000222e+00
1.000000000000000222e+00
1.000000000000000222e+00
1.000000000000000222e+00
1.000000000000000222e+00
1.000000000000000222e+00
1.000000000000000222e+00
1.000000000000000222e+00
1.000000000000000222e+00
1.000000000000000222e+00
1.000000000000000222e+00
1.000000000000000222e+00
1.000000000000000222e+00
1.000000000000000222e+00
1.000000000000000222e+00
1.000000000000000222e+00
1.000000000000000222e+00
1.000000000000000000e+00
1.000000000000000000e+00
1.000000000000000000e+00
1.000000000000000000e+00
1.000000000000000000e+00
1.000000000000000000e+00
1.000000000000000000e+00
1.000000000000000000e+00
1.000000000000000000e+00
1.000000000000000000e+00
1.000000000000000000e+00
1.000000000000000000e+00
9.999999999999998890e-01
9.999999999999998890e-01
9.999999999999998890e-01
9.999999999999998890e-01
9.999999999999998890e-01
9.999999999999998890e-01
9.999999999999997780e-01
9.999999999999997780e-01
9.999999999999997780e-01
9.999999999999997780e-01
9.999999999999997780e-01
9.999999999999997780e-01
9.999999999999997780e-01
9.999999999999997780e-01
9.999999999999997780e-01
9.999999999999997780e-01
9.999999999999997780e-01
9.999999999999997780e-01
9.999999999999997780e-01
9.999999999999997780e-01
9.999999999999997780e-01
9.999999999999997780e-01
9.999999999999997780e-01
9.999999999999996669e-01
9.999999999999996669e-01
9.999999999999996669e-01
9.999999999999996669e-01
9.999999999999996669e-01
9.999999999999996669e-01
9.999999999999996669e-01
9.999999999999996669e-01
9.999999999999996669e-01
9.999999999999996669e-01
9.999999999999995559e-01
9.999999999999995559e-01
9.999999999999995559e-01
9.999999999999995559e-01
9.999999999999995559e-01
9.999999999999995559e-01
9.999999999999995559e-01
9.999999999999995559e-01
9.999999999999995559e-01
9.999999999999995559e-01
9.999999999999994449e-01
9.999999999999994449e-01
9.999999999999994449e-01
9.999999999999993339e-01
9.999999999999993339e-01
9.999999999999993339e-01
9.999999999999993339e-01
9.999999999999993339e-01
9.999999999999993339e-01
9.999999999999993339e-01
9.999999999999992228e-01
9.999999999999992228e-01
9.999999999999991118e-01
9.999999999999991118e-01
9.999999999999991118e-01
9.999999999999988898e-01
9.999999999999988898e-01
9.999999999999987788e-01
9.999999999999985567e-01
9.999999999999985567e-01
9.999999999999984457e-01
9.999999999999978906e-01
9.999999999999974465e-01
9.999999999999973355e-01
9.999999999999961142e-01
9.999999999999953371e-01
9.999999999999952260e-01
9.999999999999936717e-01
9.999999999999915623e-01
9.999999999999904521e-01
9.999999999999896749e-01
9.999999999999887867e-01
9.999999999999875655e-01
9.999999999999865663e-01
9.999999999999850120e-01
9.999999999999833467e-01
9.999999999999742428e-01
9.999999999999718003e-01
9.999999999999671374e-01
9.999999999999567013e-01
9.999999999999460432e-01
9.999867649875933129e-01
9.999867649875898712e-01
9.997797727984354399e-01
9.997797727984343297e-01
9.975116269526755897e-01
9.975116269526704826e-01
9.971494143753625305e-01
9.971494143753208972e-01
9.953782448358060586e-01
9.953782448358019508e-01
9.931010923218439590e-01
9.931010923218408504e-01
9.861459667218308578e-01
9.861459667218085423e-01
9.837297502349747758e-01
9.837297502349705569e-01
9.828156429129829563e-01
9.828156429129805138e-01
9.821292636665182041e-01
9.821292636664323839e-01
9.758826601966728020e-01
9.758826601966696934e-01
9.743783367738990675e-01
9.743783367738796386e-01
9.715314386361433296e-01
9.715314386361175725e-01
9.660101350741917559e-01
9.660101350741905346e-01
9.629466760998226516e-01
9.629466760998202091e-01
9.622317897662951980e-01
9.622317897662917563e-01
9.610030078085345373e-01
9.610030078085325389e-01
9.584021871269504667e-01
9.584021871269486903e-01
9.553711263270256993e-01
9.553711263270157072e-01
9.536651917616586482e-01
9.536651917616558727e-01
9.513298370047255093e-01
9.513298370047233998e-01
9.454860308215518039e-01
9.454860308215399245e-01
9.151038870438397144e-01
9.151038870438351625e-01
9.146778280053359245e-01
9.146778280053320387e-01
8.880545052488151292e-01
8.880545052488114655e-01
8.349282358100172940e-01
8.349282358100126311e-01
8.326959709709061963e-01
8.326959709709030877e-01
7.904122992882415266e-01
7.904122992882116616e-01
7.651116277100621366e-01
7.651116277100119545e-01
7.405390007861574198e-01
7.405390007861465396e-01
7.218897744999938082e-01
7.218897744999801525e-01
7.077853447471024184e-01
7.077853447470405790e-01
7.025928619528304386e-01
7.025928619528282182e-01
6.560538585380809584e-01
6.560538585380760734e-01
6.091080754653285245e-01
6.091080754653269702e-01
5.770739122703532065e-01
5.770739122703496538e-01
5.462935003215647622e-01
5.462935003215633190e-01
5.267883092322458438e-01
5.267883092320529981e-01
4.777117775020816026e-01
4.777117775020664481e-01
3.102121452609407637e-01
3.102121452609211127e-01
2.413850586903457107e-01
2.413850586903392992e-01
2.325422857977988977e-01
2.325422857977525737e-01
2.044020276392532198e-01
2.044020276392519986e-01
1.747066881945633766e-13
