# Singular values
3.016620625799672339e+01
3.016620625799668431e+01
8.509997068819922461e+00
8.509997068819917132e+00
6.024369504098535444e+00
6.024369504098533668e+00
4.251276745499264820e+00
4.251276745499260379e+00
3.346765295974134968e+00
3.346765295974133192e+00
3.255290390716646609e+00
3.255290390716643945e+00
2.828427124746191623e+00
2.828427124746191179e+00
2.674086189252057544e+00
2.674086189252056212e+00
2.083134817938937289e+00
2.083134817938937289e+00
2.000000000000000444e+00
1.999999999999999334e+00
1.779201272778902609e+00
1.779201272778899945e+00
1.706695760971312259e+00
1.706695760971311815e+00
1.414213562373095812e+00
1.414213562373095145e+00
1.414213562373095145e+00
1.414213562373095145e+00
1.414213562373094923e+00
1.414213562373094923e+00
1.414213562373094701e+00
1.414213562373094257e+00
1.414213562373093813e+00
1.414213562373093813e+00
1.408902911025965432e+00
1.408902911025964988e+00
1.297944936907502012e+00
1.297944936907500901e+00
1.220767812317492540e+00
1.220767812317488543e+00
1.000000000000002665e+00
1.000000000000000444e+00
1.000000000000000222e+00
1.000000000000000222e+00
1.000000000000000222e+00
1.000000000000000222e+00
1.000000000000000222e+00
1.000000000000000222e+00
9.999999999999998890e-01
9.999999999999998890e-01
9.999999999999998890e-01
9.999999999999998890e-01
9.999999999999996669e-01
9.999999999999996669e-01
9.999999999999996669e-01
9.999999999999996669e-01
9.999999999999996669e-01
9.999999999999994449e-01
9.999999999999994449e-01
9.999999999999994449e-01
9.999999999999994449e-01
9.999999999999993339e-01
9.999999999999993339e-01
9.999999999999986677e-01
9.813438798521126882e-01
9.813438798521123552e-01
7.615444101799837551e-01
7.615444101799835330e-01
3.799093262178621644e-01
3.799093262178619423e-01
