# Singular values
6.129301643805548520e+04
6.129301643805544882e+04
8.051217185212854019e+02
8.051217185212469758e+02
4.097585324409469081e+02
4.097585324409465670e+02
2.539264537284271910e+02
2.539264537284265941e+02
1.672867421773423757e+02
1.672867421773420915e+02
1.421541401867787897e+02
1.421541401867775107e+02
1.331216723078795212e+02
1.331216723078790665e+02
1.082017628542223378e+02
1.082017628542222525e+02
8.601202689805411694e+01
8.601202689805410273e+01
6.640566365304034946e+01
6.640566365304032104e+01
6.417034793785609281e+01
6.417034793785572333e+01
6.285744797764063918e+01
6.285744797764044023e+01
6.137108938507597600e+01
6.137108938507542177e+01
5.813286846995483614e+01
5.813286846995480062e+01
5.784582925819584176e+01
5.784582925819563570e+01
5.347949829766070451e+01
5.347949829766015739e+01
5.134352469422321974e+01
5.134352469422303500e+01
4.993612171122884291e+01
4.993612171122850896e+01
4.531989157299022963e+01
4.531989157299009463e+01
4.084472484976191708e+01
4.084472484976189577e+01
3.982283761000472566e+01
3.982283761000464750e+01
3.921734310225517817e+01
3.921734310225460263e+01
3.866038585521305038e+01
3.866038585521204851e+01
3.758971243917460470e+01
3.758971243917443417e+01
2.839556958955784438e+01
2.839556958955775201e+01
2.743435399347088932e+01
2.743435399347083958e+01
2.690210475181356742e+01
2.690210475181333649e+01
2.599932098328590158e+01
2.599932098328585184e+01
2.498127020572988854e+01
2.498127020572981039e+01
2.488539901082948091e+01
2.488539901082942762e+01
2.475701835850066601e+01
2.475701835850056653e+01
2.448768332293983718e+01
2.448768332293860084e+01
2.441304980018401238e+01
2.441304980018319526e+01
2.346476415226672074e+01
2.346476415226587520e+01
2.323354653451441010e+01
2.323354653451411522e+01
2.235408885570960180e+01
2.235408885570898363e+01
2.098068887532372884e+01
2.098068887532361870e+01
2.084955821941030507e+01
2.084955821941006349e+01
2.071815738779328342e+01
2.071815738779304539e+01
2.049895514866987156e+01
2.049895514866870982e+01
2.035431152009027755e+01
2.035431152009008215e+01
1.965525175515821843e+01
1.965525175515816159e+01
1.946110717848659277e+01
1.946110717848359073e+01
1.943816105676126682e+01
1.943816105676110695e+01
1.931088507529953446e+01
1.931088507529943854e+01
1.916088016030450092e+01
1.916088016030442276e+01
1.872172365834209273e+01
1.872172365834204655e+01
1.841859307110350130e+01
1.841859307110344091e+01
1.837549446447381030e+01
1.837549446447370016e+01
1.815237811550209202e+01
1.815237811550193214e+01
1.755264899766393327e+01
1.755264899766382669e+01
1.732127858328682635e+01
1.732127858328669134e+01
1.683209425436327322e+01
1.683209425436309559e+01
1.675301710269802058e+01
1.675301710269800992e+01
1.606702986684908296e+01
1.606702986684905454e+01
1.592787867719504113e+01
1.592787867719499850e+01
1.584946316129482113e+01
1.584946316129470212e+01
1.572306994843017058e+01
1.572306994842988104e+01
1.532944983584781085e+01
1.532944983584779841e+01
1.509237996001174231e+01
1.509237996001169613e+01
1.451537677745269583e+01
1.451537677745258925e+01
1.428602574055170393e+01
1.428602574055169505e+01
1.415472578098260747e+01
1.415472578098258616e+01
1.381962078628787971e+01
1.381962078628787616e+01
1.352533837746122281e+01
1.352533837746118550e+01
1.327400895693694416e+01
1.327400895693669547e+01
1.287800426589429392e+01
1.287800426589427438e+01
1.269378865023717218e+01
1.269378865023626091e+01
1.255882741221628507e+01
1.255882741221560295e+01
1.243771575027770737e+01
1.243771575027739829e+01
1.237340623971543074e+01
1.237340623971367570e+01
1.183017207143979732e+01
1.183017207143974225e+01
1.165251123299849922e+01
1.165251123299838731e+01
1.147334122987523308e+01
1.147334122987521177e+01
1.133261841068752318e+01
1.133261841068750719e+01
1.128305174265518573e+01
1.128305174265513600e+01
1.125584308061505467e+01
1.125584308061496408e+01
1.122820069327070591e+01
1.122820069327019077e+01
1.118319226063847438e+01
1.118319226063846727e+01
1.098263316947144475e+01
1.098263316947143409e+01
1.079917201615946354e+01
1.079917201615941558e+01
1.068340948802926071e+01
1.068340948802926071e+01
1.062324859535465116e+01
1.062324859535461030e+01
1.046544966749963734e+01
1.046544966749961603e+01
1.019949831171452104e+01
1.019949831171441446e+01
1.011078266100404299e+01
1.011078266100403944e+01
1.007280236505759774e+01
1.007280236505750537e+01
9.996402401975378993e+00
9.996402401975347018e+00
9.872948280164592916e+00
9.872948280164539625e+00
9.809640050898188690e+00
9.809640050898053687e+00
9.725184290954107524e+00
9.725184290954084432e+00
9.552543865122656186e+00
9.552543865122579803e+00
9.519571608351661496e+00
9.519571608351609981e+00
9.415578899536232171e+00
9.415578899535649526e+00
9.340994837594031708e+00
9.340994837594001510e+00
9.266114588730637536e+00
9.266114588730591350e+00
9.196120592117392079e+00
9.196120592117248194e+00
9.053874871061319496e+00
9.053874871061314167e+00
9.024464312661141463e+00
9.024464312661107712e+00
9.017290133621569836e+00
9.017290133621543191e+00
8.985546840886440734e+00
8.985546840886412312e+00
8.863139107505123349e+00
8.863139107505098480e+00
8.732514587398053862e+00
8.732514587398036099e+00
8.598792167143940901e+00
8.598792167143905374e+00
8.580047474201117907e+00
8.580047474201087709e+00
8.265937486934227252e+00
8.265937486934191725e+00
8.224481062826045630e+00
8.224481062825978128e+00
8.183789375300754898e+00
8.183789375300744240e+00
8.125809486407462146e+00
8.125809486407423066e+00
8.063189666189341409e+00
8.063189666189325422e+00
7.952484877681992081e+00
7.952484877681935238e+00
7.919314502694550839e+00
7.919314502694467350e+00
7.753841984770528661e+00
7.753841984770391882e+00
7.727302798451784582e+00
7.727302798451529675e+00
7.579284442235405095e+00
7.579284442235405095e+00
7.467287539387171158e+00
7.467287539387073458e+00
7.304590558142984413e+00
7.304590558142967538e+00
7.285492892610835547e+00
7.285492892610815119e+00
7.264469533962670589e+00
7.264469533962666148e+00
7.019487479767537508e+00
7.019487479767517080e+00
6.994131134180177511e+00
6.994131134180123333e+00
6.901376025665802771e+00
6.901376025665772573e+00
6.896719914202728674e+00
6.896719914202701140e+00
6.857106777349085469e+00
6.857106777349081916e+00
6.817713688727605081e+00
6.817713688727589982e+00
6.724968577761146094e+00
6.724968577761134547e+00
6.618834418545978870e+00
6.618834418545962883e+00
6.489839607432015711e+00
6.489839607431983737e+00
6.466015787219586919e+00
6.466015787219556721e+00
6.453125350931326665e+00
6.453125350931265380e+00
6.403124237432861854e+00
6.403124237432843202e+00
6.399804780394577897e+00
6.399804780394554804e+00
6.303971529602574009e+00
6.303971529602552692e+00
6.163489234015165685e+00
6.163489234015159468e+00
6.161279642202924123e+00
6.161279642202897477e+00
6.139323288598725448e+00
6.139323288598718342e+00
5.988840240646165825e+00
5.988840240646075230e+00
5.939428767219248506e+00
5.939428767219200545e+00
5.923308518279832846e+00
5.923308518279799095e+00
5.911155123657664490e+00
5.911155123657659161e+00
5.866632884248059732e+00
5.866632884248049962e+00
5.782516318607618722e+00
5.782516318607607175e+00
5.738369709325974455e+00
5.738369709325948698e+00
5.728606183769634264e+00
5.728606183769609395e+00
5.641344551363555837e+00
5.641344551363415505e+00
5.612459209579776065e+00
5.612459209579740538e+00
5.543327271706603554e+00
5.543327271706602666e+00
5.499395098880436095e+00
5.499395098880392574e+00
5.492990081973644578e+00
5.492990081973606387e+00
5.465605753980844028e+00
5.465605753980835146e+00
5.334836709972067048e+00
5.334836709972066160e+00
5.300391840617480810e+00
5.300391840617463934e+00
5.269392143120782634e+00
5.269392143120766647e+00
5.260541294270987045e+00
5.260541294270968393e+00
5.166116140416672664e+00
5.166116140416667335e+00
5.099019513592801367e+00
5.099019513592795150e+00
5.099019513592794262e+00
5.099019513592780051e+00
5.000000000000013323e+00
4.999999999999994671e+00
4.902558621602515210e+00
4.902558621602508993e+00
4.898024588572337024e+00
4.898024588572322813e+00
4.862912016948043537e+00
4.862912016948020444e+00
4.687375672313273789e+00
4.687375672313272901e+00
4.682941493141408174e+00
4.682941493141385969e+00
4.628336278207295429e+00
4.628336278207286547e+00
4.617489170198234127e+00
4.617489170198195048e+00
4.603424121797556445e+00
4.603424121797520918e+00
4.512222257310931184e+00
4.512222257310914308e+00
4.494765156975615739e+00
4.494765156975597975e+00
4.470323525178012680e+00
4.470323525177943402e+00
4.467061197463556788e+00
4.467061197463546129e+00
4.388751056702446363e+00
4.388751056702441922e+00
4.367388483942110433e+00
4.367388483942088229e+00
4.304129984352599969e+00
4.304129984352573324e+00
4.290005103753040672e+00
4.290005103752908333e+00
4.225508765492033803e+00
4.225508765492014263e+00
4.200592516610092808e+00
4.200592516610080374e+00
4.129721206985625059e+00
4.129721206985625059e+00
4.094515775656892842e+00
4.094515775656817347e+00
4.073466636350354442e+00
4.073466636350316250e+00
4.055360399978349406e+00
4.055360399978304997e+00
4.002030924493192643e+00
4.002030924493179320e+00
4.000000000000009770e+00
4.000000000000007105e+00
3.999999999999992895e+00
3.999999999999960920e+00
3.999995990422770209e+00
3.999995990422751113e+00
3.997466886726920521e+00
3.997466886726917856e+00
3.982617330540072498e+00
3.982617330540067613e+00
3.965969939194386562e+00
3.965969939194383009e+00
3.956505643384039761e+00
3.956505643384036208e+00
3.923182934494656493e+00
3.923182934494628515e+00
3.898762672480748481e+00
3.898762672480724500e+00
3.891055693650853353e+00
3.891055693650832037e+00
3.869337854682973532e+00
3.869337854682972644e+00
3.865472796844134251e+00
3.865472796844110270e+00
3.863909986856711498e+00
3.863909986856695955e+00
3.837077145839503434e+00
3.837077145839455028e+00
3.817215854404534259e+00
3.817215854404448550e+00
3.798063787521097634e+00
3.798063787521097634e+00
3.724257036425955292e+00
3.724257036425944634e+00
3.710436454198711598e+00
3.710436454198700051e+00
3.651981822445466097e+00
3.651981822445439452e+00
3.634659061047249118e+00
3.634659061047242901e+00
3.627139270905697099e+00
3.627139270905670010e+00
3.615641169155083379e+00
3.615641169155060730e+00
3.608196736219741574e+00
3.608196736219740242e+00
3.506405447365106287e+00
3.506405447365098293e+00
3.471405623523296402e+00
3.471405623523295514e+00
3.456468228356815775e+00
3.456468228356812666e+00
3.419551091873737736e+00
3.419551091873727078e+00
3.404592884852382095e+00
3.404592884852364776e+00
3.352796641721619064e+00
3.352796641721575099e+00
3.339576436720855135e+00
3.339576436720770314e+00
3.330685635051170657e+00
3.330685635051162663e+00
3.316540917140572198e+00
3.316540917140553990e+00
3.291361437355594166e+00
3.291361437355593278e+00
3.288646539009858483e+00
3.288646539009839831e+00
3.252688506686539860e+00
3.252688506686526537e+00
3.208382301607050735e+00
3.208382301607015208e+00
3.204514963142222506e+00
3.204514963142206074e+00
3.194833620091012349e+00
3.194833620090959059e+00
3.171327247291022555e+00
3.171327247291016338e+00
3.157660062096641962e+00
3.157660062096639297e+00
3.145620917796679183e+00
3.145620917796675631e+00
3.083799466898948349e+00
3.083799466898938579e+00
3.068079495918797139e+00
3.068079495918796695e+00
3.057125984167952559e+00
3.057125984167947230e+00
3.032998600088833374e+00
3.032998600088819607e+00
3.026785720009836034e+00
3.026785720009824932e+00
3.001858407317986366e+00
3.001858407317976596e+00
3.000000000000023981e+00
3.000000000000012879e+00
3.000000000000011990e+00
3.000000000000007994e+00
3.000000000000005773e+00
2.999999999999996003e+00
2.977549002922794674e+00
2.977549002922749377e+00
2.956680896725401464e+00
2.956680896725395247e+00
2.943442427888316892e+00
2.943442427888313784e+00
2.906785585382368531e+00
2.906785585382364534e+00
2.895252477513991618e+00
2.895252477513976963e+00
2.874589889011641919e+00
2.874589889011635702e+00
2.848417684062200195e+00
2.848417684062193089e+00
2.828427124746203614e+00
2.828427124746200949e+00
2.828427124746199617e+00
2.828427124746196952e+00
2.828427124746195620e+00
2.828427124746194288e+00
2.828427124746186294e+00
2.828427124746186294e+00
2.827873985809257640e+00
2.827873985809231883e+00
2.794865650440709892e+00
2.794865650440689020e+00
2.780042188920793578e+00
2.780042188920781587e+00
2.715324994396007607e+00
2.715324994395982738e+00
2.708349016390044550e+00
2.708349016390038777e+00
2.704770378085691096e+00
2.704770378085668447e+00
2.700260596960440296e+00
2.700260596960432746e+00
2.645332806909414192e+00
2.645332806909411083e+00
2.635892595804859351e+00
2.635892595804843808e+00
2.604157842369385190e+00
2.604157842369374087e+00
2.599411138996660320e+00
2.599411138996648774e+00
2.555813638251403397e+00
2.555813638251398956e+00
2.542585460497792216e+00
2.542585460497785110e+00
2.470228537527824564e+00
2.470228537527817014e+00
2.460949082533672172e+00
2.460949082533654408e+00
2.449489742783186763e+00
2.449489742783184987e+00
2.449489742783176993e+00
2.449489742783167223e+00
2.449472696052444221e+00
2.449472696052409582e+00
2.446104911488146794e+00
2.446104911488128142e+00
2.443894672773896826e+00
2.443894672773891052e+00
2.440954151023779772e+00
2.440954151023774443e+00
2.404582988281625866e+00
2.404582988281609879e+00
2.386437288219761310e+00
2.386437288219697805e+00
2.372020177327700097e+00
2.372020177327689439e+00
2.368567759894697478e+00
2.368567759894681934e+00
2.333065194223160166e+00
2.333065194223148620e+00
2.323313318217310908e+00
2.323313318217288703e+00
2.300443250856393451e+00
2.300443250856387678e+00
2.280270383354724206e+00
2.280270383354723318e+00
2.267277288089101006e+00
2.267277288087898857e+00
2.261884262640515786e+00
2.261884262640505128e+00
2.236068940377144099e+00
2.236068940377143655e+00
2.236067977499797355e+00
2.236067977499785364e+00
2.234056482691050505e+00
2.234056482691047840e+00
2.232457377388907815e+00
2.232457377388899378e+00
2.226809578129126166e+00
2.226809578129124390e+00
2.222198677966631841e+00
2.222198677966585656e+00
2.220611531321844634e+00
2.220611531321825094e+00
2.216825055488105711e+00
2.216825055488094165e+00
2.215083121117465303e+00
2.215083121117391141e+00
2.206296949702337695e+00
2.206296949702235555e+00
2.153726277712185944e+00
2.153726277712177506e+00
2.153371191949504215e+00
2.153371191949502439e+00
2.147093308793641686e+00
2.147093308793628808e+00
2.124582639967500075e+00
2.124582639967492081e+00
2.119725793672459613e+00
2.119725793672452063e+00
2.105112365787120243e+00
2.105112365787112694e+00
2.092613848386865261e+00
2.092613848386862152e+00
2.047217554305991172e+00
2.047217554305964526e+00
2.031231606969357895e+00
2.031231606969357006e+00
2.009935856901414297e+00
2.009935856901403195e+00
2.000000000000011546e+00
2.000000000000007994e+00
2.000000000000005773e+00
2.000000000000005773e+00
2.000000000000005329e+00
2.000000000000004885e+00
2.000000000000002665e+00
2.000000000000001776e+00
2.000000000000001332e+00
1.999999999999999334e+00
1.999999999999999334e+00
1.999999999999999334e+00
1.999999999999998668e+00
1.999999999999998224e+00
1.999999999999998224e+00
1.999999999999992895e+00
1.999831795494076969e+00
1.999831795494072972e+00
1.999328080500704319e+00
1.999328080500694549e+00
1.996129249107255310e+00
1.996129249107252424e+00
1.991624171053487879e+00
1.991624171053484105e+00
1.987357778737568248e+00
1.987357778737559144e+00
1.983404494900156800e+00
1.983404494900141257e+00
1.971231514820577679e+00
1.971231514820575237e+00
1.959836000720860172e+00
1.959836000720853955e+00
1.939090690452689003e+00
1.939090690452675902e+00
1.936223147907755626e+00
1.936223147907747855e+00
1.904747590547938074e+00
1.904747590547926084e+00
1.899499081110900489e+00
1.899499081110865850e+00
1.891935534852708489e+00
1.891935534852697387e+00
1.881588682483225972e+00
1.881588682483217312e+00
1.851438749743413048e+00
1.851438749743389511e+00
1.836442452290996563e+00
1.836442452290987459e+00
1.818987661835719916e+00
1.818987661835706149e+00
1.818701293115424056e+00
1.818701293115410733e+00
1.809809408217523785e+00
1.809809408217507354e+00
1.781916148239555353e+00
1.781916148239092612e+00
1.763599829740586378e+00
1.763599829740568836e+00
1.760142540942615241e+00
1.760142540942600808e+00
1.728457993452594765e+00
1.728457993452584551e+00
1.726693427326732033e+00
1.726693427326721819e+00
1.725038929021055489e+00
1.725038929021052603e+00
1.711883860083253994e+00
1.711883860083234676e+00
1.710382363973622200e+00
1.710382363973595332e+00
1.703368506024877993e+00
1.703368506024547813e+00
1.650621683230010905e+00
1.650621683230008241e+00
1.618033988749903340e+00
1.618033988749898233e+00
1.618033988749896679e+00
1.618033988749895125e+00
1.618033988749894458e+00
1.618033988749894458e+00
1.618033988749894014e+00
1.618033988749888685e+00
1.617119971555057489e+00
1.617119971555055713e+00
1.615253244340690619e+00
1.615253244340682626e+00
1.610086354776990802e+00
1.610086354776957718e+00
1.599233151289252808e+00
1.599233151289249921e+00
1.594005814774150043e+00
1.594005814774138052e+00
1.592114829740115090e+00
1.592114829740109760e+00
1.573796529955140633e+00
1.573796529955102441e+00
1.571488799673782744e+00
1.571488799673779857e+00
1.513501924511589047e+00
1.513501924511566399e+00
1.501478992076142660e+00
1.501478992076137775e+00
1.463843963224630063e+00
1.463843963224627620e+00
1.462752941993115341e+00
1.462752941993108236e+00
1.461032221509266593e+00
1.461032221509259710e+00
1.440221639165639722e+00
1.440221639165622847e+00
1.415418213799783054e+00
1.415418213799779501e+00
1.414213562373118904e+00
1.414213562373108690e+00
1.414213562373102917e+00
1.414213562373102695e+00
1.414213562373101807e+00
1.414213562373101363e+00
1.414213562373100919e+00
1.414213562373100253e+00
1.414213562373100030e+00
1.414213562373099586e+00
1.414213562373098254e+00
1.414213562373097810e+00
1.414213562373097144e+00
1.414213562373096922e+00
1.414213562373096700e+00
1.414213562373096256e+00
1.414213562373096256e+00
1.414213562373095590e+00
1.414213562373095590e+00
1.414213562373095368e+00
1.414213562373095145e+00
1.414213562373094701e+00
1.414213562373094479e+00
1.414213562373094479e+00
1.414213562373094479e+00
1.414213562373094479e+00
1.414213562373094035e+00
1.414213562373093591e+00
1.414213562373093591e+00
1.414213562373093369e+00
1.414213562373093147e+00
1.414213562373092703e+00
1.414213562373092481e+00
1.414213562373091815e+00
1.414213562373091593e+00
1.414213562373091593e+00
1.414213562373090483e+00
1.414213562373089150e+00
1.414213562373082711e+00
1.414213562373077826e+00
1.414212355883674999e+00
1.414212355883667671e+00
1.414173910977036153e+00
1.414173910977030602e+00
1.413982008150530989e+00
1.413982008150523439e+00
1.413944432511494709e+00
1.413944432511494043e+00
1.413102360593913698e+00
1.413102360593896822e+00
1.412352160685417690e+00
1.412352160685415692e+00
1.412082379078334782e+00
1.412082379078328787e+00
1.410744247896640102e+00
1.410744247896637216e+00
1.408734796568729131e+00
1.408734796568725800e+00
1.408208479840770799e+00
1.408208479840761918e+00
1.407932441821650116e+00
1.407932441821640346e+00
1.405163870199052978e+00
1.405163870199051868e+00
1.402047524168669845e+00
1.402047524168664960e+00
1.397280694294687375e+00
1.397280694294660508e+00
1.393470595488976782e+00
1.393470595488928154e+00
1.391914981354982039e+00
1.391914981354973824e+00
1.384152755141200286e+00
1.384152755141183855e+00
1.381861725313527023e+00
1.381861725313524358e+00
1.371297726916947068e+00
1.371297726916939519e+00
1.370467100203281108e+00
1.370467100203268673e+00
1.351110502888196674e+00
1.351110502888115183e+00
1.346142181358676471e+00
1.346142181358665812e+00
1.341274492733939061e+00
1.341274492733926849e+00
1.332104277049802166e+00
1.332104277049787955e+00
1.309428902832846742e+00
1.309428902832838082e+00
1.300823423409436241e+00
1.300823423409428914e+00
1.262534372697947216e+00
1.262534372697940999e+00
1.242340940747428180e+00
1.242340940747422851e+00
1.232962492540984778e+00
1.232962492540975230e+00
1.227225339219659039e+00
1.227225339219650602e+00
1.216995975234735461e+00
1.216995975234725025e+00
1.203761815154932302e+00
1.203761815154925863e+00
1.198792286779067018e+00
1.198792286779057026e+00
1.197462254205281074e+00
1.197462254205273968e+00
1.169437921349062659e+00
1.169437921349058662e+00
1.156167177874706686e+00
1.156167177874701357e+00
1.121375216475309911e+00
1.121375216475305914e+00
1.104179247753975579e+00
1.104179247753969806e+00
1.086391081103079692e+00
1.086391081103073475e+00
1.066625297242622672e+00
1.066625297242618453e+00
1.049532056933879298e+00
1.049532056933873081e+00
1.045182209441519738e+00
1.045182209441514853e+00
1.016261498355680803e+00
1.016261498355675474e+00
1.009117455704346966e+00
1.009117455704343858e+00
1.004458281797673491e+00
1.004458281797669050e+00
1.000000000064707129e+00
1.000000000000053735e+00
1.000000000000042633e+00
1.000000000000029310e+00
1.000000000000027089e+00
1.000000000000023759e+00
1.000000000000021982e+00
1.000000000000018874e+00
1.000000000000018652e+00
1.000000000000016875e+00
1.000000000000013545e+00
1.000000000000011990e+00
1.000000000000011768e+00
1.000000000000008438e+00
1.000000000000006217e+00
1.000000000000003997e+00
1.000000000000002442e+00
1.000000000000002220e+00
1.000000000000002220e+00
1.000000000000001554e+00
1.000000000000001110e+00
1.000000000000001110e+00
1.000000000000001110e+00
1.000000000000000888e+00
1.000000000000000888e+00
1.000000000000000666e+00
1.000000000000000666e+00
1.000000000000000666e+00
1.000000000000000666e+00
1.000000000000000444e+00
1.000000000000000444e+00
1.000000000000000444e+00
1.000000000000000444e+00
1.000000000000000444e+00
1.000000000000000444e+00
1.000000000000000444e+00
1.000000000000000444e+00
1.000000000000000444e+00
1.000000000000000444e+00
1.000000000000000444e+00
1.000000000000000444e+00
1.000000000000000444e+00
1.000000000000000222e+00
1.000000000000000222e+00
1.000000000000000222e+00
1.000000000000000222e+00
1.000000000000000222e+00
1.000000000000000222e+00
1.000000000000000222e+00
1.000000000000000222e+00
1.000000000000000222e+00
1.000000000000000222e+00
1.000000000000000222e+00
1.000000000000000222e+00
1.000000000000000000e+00
1.000000000000000000e+00
1.000000000000000000e+00
1.000000000000000000e+00
1.000000000000000000e+00
1.000000000000000000e+00
1.000000000000000000e+00
1.000000000000000000e+00
1.000000000000000000e+00
9.999999999999998890e-01
9.999999999999998890e-01
9.999999999999998890e-01
9.999999999999998890e-01
9.999999999999998890e-01
9.999999999999998890e-01
9.999999999999998890e-01
9.999999999999998890e-01
9.999999999999998890e-01
9.999999999999998890e-01
9.999999999999996669e-01
9.999999999999996669e-01
9.999999999999996669e-01
9.999999999999996669e-01
9.999999999999996669e-01
9.999999999999996669e-01
9.999999999999996669e-01
9.999999999999996669e-01
9.999999999999996669e-01
9.999999999999996669e-01
9.999999999999996669e-01
9.999999999999996669e-01
9.999999999999996669e-01
9.999999999999996669e-01
9.999999999999994449e-01
9.999999999999994449e-01
9.999999999999994449e-01
9.999999999999994449e-01
9.999999999999994449e-01
9.999999999999994449e-01
9.999999999999994449e-01
9.999999999999994449e-01
9.999999999999994449e-01
9.999999999999994449e-01
9.999999999999994449e-01
9.999999999999994449e-01
9.999999999999993339e-01
9.999999999999993339e-01
9.999999999999993339e-01
9.999999999999993339e-01
9.999999999999993339e-01
9.999999999999993339e-01
9.999999999999993339e-01
9.999999999999993339e-01
9.999999999999993339e-01
9.999999999999993339e-01
9.999999999999993339e-01
9.999999999999993339e-01
9.999999999999993339e-01
9.999999999999993339e-01
9.999999999999993339e-01
9.999999999999993339e-01
9.999999999999993339e-01
9.999999999999993339e-01
9.999999999999993339e-01
9.999999999999993339e-01
9.999999999999993339e-01
9.999999999999991118e-01
9.999999999999991118e-01
9.999999999999991118e-01
9.999999999999991118e-01
9.999999999999991118e-01
9.999999999999991118e-01
9.999999999999988898e-01
9.999999999999988898e-01
9.999999999999988898e-01
9.999999999999988898e-01
9.999999999999988898e-01
9.999999999999988898e-01
9.999999999999988898e-01
9.999999999999988898e-01
9.999999999999988898e-01
9.999999999999986677e-01
9.999999999999986677e-01
9.999999999999986677e-01
9.999999999999986677e-01
9.999999999999986677e-01
9.999999999999986677e-01
9.999999999999986677e-01
9.999999999999984457e-01
9.999999999999984457e-01
9.999999999999984457e-01
9.999999999999984457e-01
9.999999999999984457e-01
9.999999999999984457e-01
9.999999999999984457e-01
9.999999999999984457e-01
9.999999999999984457e-01
9.999999999999982236e-01
9.999999999999982236e-01
9.999999999999982236e-01
9.999999999999980016e-01
9.999999999999980016e-01
9.999999999999980016e-01
9.999999999999978906e-01
9.999999999999976685e-01
9.999999999999972244e-01
9.999999999999972244e-01
9.999999999999972244e-01
9.999999999999970024e-01
9.999999999999950040e-01
9.999999999999941158e-01
9.999999999999924505e-01
9.999999999999912292e-01
9.999999999999895639e-01
9.999999999999863443e-01
9.999999999999856781e-01
9.999999999999824585e-01
9.999999999999811262e-01
9.999999999999799050e-01
9.999999999999764633e-01
9.999999999999743538e-01
9.999999999999733546e-01
9.999999999999709122e-01
9.999999999999550360e-01
9.999999999999475975e-01
9.999999999646047577e-01
9.999999999645953208e-01
9.999999999352946478e-01
9.999462826116196634e-01
9.999462826116172209e-01
9.999028967614742580e-01
9.999028967614562724e-01
9.998090143972285793e-01
9.998090143972234722e-01
9.997540632925817627e-01
9.997540632925744353e-01
9.996679451147004736e-01
9.996679451146961437e-01
9.993423162717338659e-01
9.993423162717276487e-01
9.991865993826852810e-01
9.991865993826838377e-01
9.988092578801662791e-01
9.988092578801608390e-01
9.986620950166921196e-01
9.986620950166735788e-01
9.984791406049899898e-01
9.984791406049825513e-01
9.984097500689216309e-01
9.984097500689192994e-01
9.981487007569560532e-01
9.981487007569512793e-01
9.978697612365824421e-01
9.978697612365742264e-01
9.977489053796977370e-01
9.977489053796927410e-01
9.967823477782428165e-01
9.967823477782387087e-01
9.962401833211818047e-01
9.962401833211702584e-01
9.956336629310340580e-01
9.956336629310050812e-01
9.948078049279128754e-01
9.948078049278955559e-01
9.938896899683172803e-01
9.938896899682970743e-01
9.934861741789884348e-01
9.934861741789851042e-01
9.917227060689449702e-01
9.917227060689399742e-01
9.897103482037413746e-01
9.897103482037395983e-01
9.890215130370784147e-01
9.890215130370657581e-01
9.877152018916706133e-01
9.877152018916582898e-01
9.868237327017367333e-01
9.868237327017280736e-01
9.832264390064382464e-01
9.832264390064322512e-01
9.824572585585887863e-01
9.824572585585834572e-01
9.815473156971258328e-01
9.815473156971190605e-01
9.753839892582630844e-01
9.753839892582498727e-01
9.729245402264761200e-01
9.729245402264683484e-01
9.693897628212910789e-01
9.693897628212887474e-01
9.692178954456240891e-01
9.692178954456187601e-01
9.666565404734662748e-01
9.666565404734613898e-01
9.651628265684273345e-01
9.651628265684254471e-01
9.625700752802247573e-01
9.625700752802229809e-01
9.548197914271466802e-01
9.548197914271430164e-01
9.544336050695321205e-01
9.544336050695277907e-01
9.471778028750317269e-01
9.471778028750218459e-01
9.416275420905455551e-01
9.416275420905435567e-01
9.331487675115037739e-01
9.331487675114309432e-01
9.297900064528411557e-01
9.297900064528230590e-01
9.175276919525630070e-01
9.175276919525574559e-01
9.056910378203395506e-01
9.056910378203375522e-01
8.946373310152451186e-01
8.946373310152283542e-01
8.843390064967154851e-01
8.843390064966873965e-01
8.675898871367727638e-01
8.675898871367647702e-01
8.593647325266391412e-01
8.593647325266311476e-01
8.507762127422395793e-01
8.507762127422042742e-01
8.341623900624789423e-01
8.341623900624728360e-01
8.286224455485539098e-01
8.286224455485455831e-01
8.186119817014821942e-01
8.186119817014784195e-01
8.170374527824999511e-01
8.170374527824868505e-01
8.075609296869601383e-01
8.075609296868387910e-01
7.954442265358303565e-01
7.954442265357972719e-01
7.941467280317676680e-01
7.941467280313572186e-01
7.880589926156872371e-01
7.880589926156831293e-01
7.869441869408316803e-01
7.869441869408297929e-01
7.851760653908687049e-01
7.851760653905336396e-01
7.729316327486380755e-01
7.729316327486345228e-01
7.551468835018113612e-01
7.551468835018096959e-01
7.342706424635497831e-01
7.342706424635455642e-01
7.245526989656604355e-01
7.245526989656113637e-01
7.159247333561737925e-01
7.159247333561685744e-01
7.142857349163597158e-01
7.142857349163511671e-01
7.118101099867313319e-01
7.118101099867005788e-01
6.927070923869081964e-01
6.927070923869046437e-01
6.917223156240405180e-01
6.917223156240343007e-01
6.744651260579682672e-01
6.744651260579667129e-01
6.615688803430187503e-01
6.615688803430153087e-01
6.180339887499006757e-01
6.180339887498985663e-01
6.180339887498964568e-01
6.180339887498961238e-01
6.180339887498950135e-01
6.180339887498946805e-01
6.180339887498929041e-01
6.180339887498907947e-01
6.179161399286977607e-01
6.179161399286963174e-01
6.017701477825643241e-01
6.017701477825527778e-01
6.003731366609793563e-01
6.003731366609721398e-01
5.851079425318304050e-01
5.851079425318275185e-01
5.606556727486343705e-01
5.606556727486172731e-01
5.557132393132155901e-01
5.557132393132135917e-01
5.376488708622311208e-01
5.376488708622297885e-01
5.372634308005728165e-01
5.372634308005709292e-01
5.129728660364244464e-01
5.129728660364192283e-01
5.099448798345596057e-01
5.099448798345472822e-01
4.862638003641999718e-01
4.862638003641911455e-01
4.717966676842725859e-01
4.717966676842699214e-01
4.488036457134275681e-01
4.488036457134199630e-01
4.380128471110766863e-01
4.380128471110726340e-01
4.151169704298854901e-01
4.151169704298833807e-01
3.927576045037671215e-01
3.927576045037563524e-01
3.867545734484434949e-01
3.867545734484406639e-01
3.851351684109351470e-01
3.851351684109286522e-01
3.711783557272820278e-01
3.711783557272793077e-01
3.615420743881815890e-01
3.615420743881784249e-01
3.534172266960229347e-01
3.534172266960216025e-01
3.338448030920981302e-01
3.338448030920750931e-01
3.190385377395934530e-01
3.190385377395216771e-01
3.047535000483909129e-01
3.047535000483861944e-01
2.878631717182782990e-01
2.878631717182772443e-01
2.715870627801649784e-01
2.715870627801635351e-01
2.645394202820146035e-01
2.645394202820119944e-01
2.517553325621025850e-01
2.517553325621000315e-01
2.033577321772815083e-01
2.033577321772797042e-01
2.000175046504738541e-01
2.000175046504561738e-01
1.801123434017267155e-01
1.801123434017261604e-01
1.525798954603108382e-01
1.525798954603069246e-01
1.149301242664932388e-01
1.149301242664921147e-01
9.059125557877216461e-02
9.059125557876804291e-02
2.164933507955251607e-02
2.164933507955182912e-02
1.683686045318241905e-13
1.459896749473463302e-13
1.106363260244104247e-13
