# Singular values
1.843408483229711123e+02
1.843408483229709702e+02
1.139727907769470221e+02
1.139727907769469795e+02
7.652402206804244145e+01
7.652402206804190143e+01
5.369269303782996161e+01
5.369269303782989056e+01
3.822302970723290372e+01
3.822302970723266924e+01
3.778374214531038433e+01
3.778374214531031328e+01
3.686946167692068599e+01
3.686946167692063625e+01
3.296213235949621634e+01
3.296213235949599607e+01
2.361047880288514733e+01
2.361047880288512957e+01
2.174246954491973227e+01
2.174246954491964345e+01
2.092907189720054717e+01
2.092907189720050454e+01
1.874621265090715738e+01
1.874621265090712185e+01
1.704415193711009024e+01
1.704415193711008669e+01
1.558021625908673435e+01
1.558021625908650343e+01
1.446800587977050512e+01
1.446800587977048558e+01
1.267018555699424809e+01
1.267018555699423565e+01
1.250606129761475849e+01
1.250606129761471585e+01
1.143495615963300516e+01
1.143495615963296963e+01
1.084057076926314345e+01
1.084057076926308660e+01
1.036700861426435161e+01
1.036700861426433917e+01
9.192467094528481653e+00
9.192467094528433691e+00
9.031447303876090515e+00
9.031447303876044330e+00
8.831760866327847737e+00
8.831760866327828197e+00
7.037138175827981179e+00
7.037138175827969633e+00
6.816918620495115988e+00
6.816918620495090231e+00
6.082762530298222892e+00
6.082762530298194470e+00
5.999999999999993783e+00
5.999999999999983125e+00
5.901920532861650415e+00
5.901920532861633539e+00
5.837949799687144115e+00
5.837949799687137009e+00
5.677045654365231009e+00
5.677045654365212357e+00
5.609889769079348554e+00
5.609889769079305921e+00
5.365363267986122509e+00
5.365363267986113627e+00
5.196152422706687091e+00
5.196152422706625806e+00
5.186067805610985459e+00
5.186067805610966808e+00
4.559304691431065315e+00
4.559304691431063539e+00
4.245803482429337805e+00
4.245803482429332476e+00
4.000000000000005329e+00
3.999999999999913847e+00
3.872226168257910217e+00
3.872226168257903556e+00
3.871045843745480219e+00
3.871045843745435366e+00
3.768170594779986171e+00
3.768170594779983951e+00
3.741657386773949323e+00
3.741657386773928007e+00
3.660034800865443305e+00
3.660034800865431759e+00
3.617010164527906024e+00
3.617010164527903804e+00
3.190748345124324814e+00
3.190748345124305718e+00
3.187140114212896336e+00
3.187140114212838160e+00
3.173112431943691192e+00
3.173112431943543754e+00
3.162277660168471893e+00
3.162277660168378191e+00
3.044905177711383359e+00
3.044905177711375810e+00
3.000000000000014655e+00
3.000000000000005773e+00
3.000000000000002220e+00
2.999999999999999112e+00
2.999999999999997780e+00
2.999999999999996891e+00
2.982545083773158634e+00
2.982545083773130656e+00
2.866891507804234074e+00
2.866891507804226968e+00
2.854958950503197368e+00
2.854958950503152959e+00
2.828427124746195176e+00
2.828427124746191179e+00
2.673144313578220466e+00
2.673144313578212472e+00
2.641713840936343871e+00
2.641713840936338098e+00
2.603121958885435294e+00
2.603121958885424636e+00
2.449489742783180546e+00
2.449489742783177437e+00
2.448814031810593761e+00
2.448814031810590652e+00
2.380969850593641191e+00
2.380969850593571469e+00
2.302933083894900257e+00
2.302933083894872279e+00
2.301905531188226828e+00
2.301905531188216614e+00
2.236067977499789805e+00
2.236067977499784476e+00
2.233916006392057341e+00
2.233916006392008935e+00
2.233019300388871198e+00
2.233019300388865425e+00
2.226385941418159931e+00
2.226385941418154601e+00
2.138670747108934123e+00
2.138670747108919024e+00
2.000000000000045741e+00
2.000000000000015543e+00
2.000000000000010658e+00
2.000000000000003553e+00
2.000000000000002665e+00
2.000000000000002220e+00
2.000000000000001776e+00
2.000000000000001332e+00
2.000000000000001332e+00
1.999999999999999556e+00
1.999999999999997780e+00
1.999999999999997335e+00
1.999999999999985789e+00
1.999999999999950262e+00
1.995642801902622665e+00
1.995642801902601127e+00
1.930876505567046708e+00
1.930876505567025836e+00
1.924086927641406541e+00
1.924086927641402545e+00
1.732002238690621088e+00
1.732002238690601104e+00
1.730720512770565378e+00
1.730720512770520969e+00
1.727867510314007760e+00
1.727867510313935151e+00
1.618033988749900454e+00
1.618033988749892682e+00
1.502031474635785679e+00
1.502031474635735719e+00
1.414213562373720423e+00
1.414213562373332289e+00
1.414213562373104915e+00
1.414213562373102251e+00
1.414213562373102029e+00
1.414213562373100253e+00
1.414213562373099808e+00
1.414213562373098920e+00
1.414213562373098920e+00
1.414213562373098032e+00
1.414213562373096478e+00
1.414213562373096256e+00
1.414213562373096256e+00
1.414213562373096256e+00
1.414213562373096034e+00
1.414213562373095590e+00
1.414213562373095590e+00
1.414213562373095368e+00
1.414213562373094923e+00
1.414213562373094923e+00
1.414213562373094479e+00
1.414213562373094257e+00
1.414213562373094035e+00
1.414213562373092925e+00
1.414213562373092925e+00
1.414213562373084709e+00
1.414213562372865329e+00
1.414213562372548916e+00
1.414202052589880854e+00
1.414202052589851766e+00
1.413142509134035496e+00
1.413142509134022839e+00
1.410099172245792509e+00
1.410099172245650845e+00
1.408359292146153185e+00
1.408359292146037722e+00
1.406441816795287014e+00
1.406441816795282573e+00
1.402428965003979844e+00
1.402428965003967187e+00
1.395371567892661924e+00
1.395371567892660813e+00
1.347148301767437495e+00
1.347148301767417955e+00
1.323650872068127482e+00
1.323650872068115936e+00
1.313922912539936760e+00
1.313922912539932986e+00
1.303562510512237260e+00
1.303562510512234818e+00
1.279619170162638264e+00
1.279619170162566766e+00
1.256574478843669240e+00
1.256574478843587306e+00
1.125125344214551459e+00
1.125125344214543022e+00
1.000000000000582423e+00
1.000000000000348166e+00
1.000000000000278888e+00
1.000000000000037526e+00
1.000000000000033307e+00
1.000000000000021094e+00
1.000000000000019318e+00
1.000000000000015099e+00
1.000000000000014655e+00
1.000000000000009770e+00
1.000000000000008438e+00
1.000000000000006661e+00
1.000000000000004663e+00
1.000000000000003775e+00
1.000000000000003775e+00
1.000000000000002887e+00
1.000000000000002665e+00
1.000000000000002665e+00
1.000000000000001998e+00
1.000000000000001776e+00
1.000000000000001776e+00
1.000000000000001776e+00
1.000000000000001332e+00
1.000000000000001110e+00
1.000000000000001110e+00
1.000000000000000888e+00
1.000000000000000888e+00
1.000000000000000666e+00
1.000000000000000666e+00
1.000000000000000666e+00
1.000000000000000666e+00
1.000000000000000666e+00
1.000000000000000666e+00
1.000000000000000666e+00
1.000000000000000666e+00
1.000000000000000666e+00
1.000000000000000444e+00
1.000000000000000444e+00
1.000000000000000444e+00
1.000000000000000222e+00
1.000000000000000222e+00
1.000000000000000222e+00
1.000000000000000222e+00
1.000000000000000222e+00
1.000000000000000000e+00
1.000000000000000000e+00
1.000000000000000000e+00
1.000000000000000000e+00
1.000000000000000000e+00
1.000000000000000000e+00
1.000000000000000000e+00
1.000000000000000000e+00
9.999999999999998890e-01
9.999999999999998890e-01
9.999999999999998890e-01
9.999999999999998890e-01
9.999999999999998890e-01
9.999999999999998890e-01
9.999999999999998890e-01
9.999999999999998890e-01
9.999999999999997780e-01
9.999999999999997780e-01
9.999999999999996669e-01
9.999999999999996669e-01
9.999999999999996669e-01
9.999999999999996669e-01
9.999999999999996669e-01
9.999999999999996669e-01
9.999999999999996669e-01
9.999999999999996669e-01
9.999999999999996669e-01
9.999999999999994449e-01
9.999999999999994449e-01
9.999999999999994449e-01
9.999999999999994449e-01
9.999999999999994449e-01
9.999999999999993339e-01
9.999999999999993339e-01
9.999999999999993339e-01
9.999999999999993339e-01
9.999999999999993339e-01
9.999999999999993339e-01
9.999999999999993339e-01
9.999999999999992228e-01
9.999999999999992228e-01
9.999999999999992228e-01
9.999999999999992228e-01
9.999999999999992228e-01
9.999999999999991118e-01
9.999999999999988898e-01
9.999999999999988898e-01
9.999999999999988898e-01
9.999999999999988898e-01
9.999999999999988898e-01
9.999999999999988898e-01
9.999999999999988898e-01
9.999999999999987788e-01
9.999999999999987788e-01
9.999999999999986677e-01
9.999999999999986677e-01
9.999999999999985567e-01
9.999999999999982236e-01
9.999999999999981126e-01
9.999999999999981126e-01
9.999999999999980016e-01
9.999999999999975575e-01
9.999999999999975575e-01
9.999999999999956701e-01
9.999999999999947820e-01
9.999999999999904521e-01
9.999999999999888978e-01
9.999999999999850120e-01
9.999999999999845679e-01
9.999999999999813483e-01
9.999999999999751310e-01
9.999999999999648059e-01
9.999999999999471534e-01
9.999999999997338795e-01
9.999999999996600497e-01
9.999999999994158006e-01
9.999850053694896435e-01
9.999850053694733232e-01
9.998053350756462843e-01
9.998053350756276325e-01
9.997042794790725884e-01
9.997042794790581555e-01
9.994867738773275390e-01
9.994867738773158816e-01
9.992734062291642738e-01
9.992734062291612762e-01
9.986814590364747612e-01
9.986814590364669897e-01
9.978949345901269030e-01
9.978949345901172441e-01
9.969854840983466415e-01
9.969854840983238820e-01
9.940698807592119879e-01
9.940698807591435981e-01
9.915298691573223300e-01
9.915298691573168899e-01
9.846981461510511124e-01
9.846981461510483369e-01
9.748530427240204022e-01
9.748530427240164054e-01
9.643647821778271734e-01
9.643647821772745043e-01
9.577251535288094919e-01
9.577251535288089368e-01
9.428246606911756533e-01
9.428246606911578898e-01
9.391903664210490277e-01
9.391903664209950708e-01
9.218059307125695545e-01
9.218059307125642254e-01
9.147811440291011564e-01
9.147811440290973817e-01
8.350331697045930701e-01
8.350331697045793033e-01
8.349248666801811769e-01
8.349248666801755148e-01
8.230318145546133835e-01
8.230318145545524322e-01
8.078027367703018990e-01
8.078027367702373951e-01
6.562294926053172661e-01
6.562294926053080513e-01
6.180339887498984552e-01
6.180339887498923490e-01
5.648373858598983999e-01
5.648373858598855213e-01
5.165348853304582155e-01
5.165348853304551069e-01
3.272324913517084544e-01
3.272324913516994060e-01
3.934161152346380331e-13
1.701660048278775197e-13
1.422334498088689367e-13
