# Singular values
4.166762877192745691e+02
4.166762877192743417e+02
3.730904605033927055e+02
3.730904605033927055e+02
2.682946998025990410e+02
2.682946998025988137e+02
1.551657725788414268e+02
1.551657725788413131e+02
1.364900088854053308e+02
1.364900088854051035e+02
1.359428793423852539e+02
1.359428793423850834e+02
1.152076479353470688e+02
1.152076479353468130e+02
1.056742013045259370e+02
1.056742013045258375e+02
9.902525139452500014e+01
9.902525139452460223e+01
9.280899205188411827e+01
9.280899205188394774e+01
9.174336233697903253e+01
9.174336233697857779e+01
8.825566298296551793e+01
8.825566298296516266e+01
8.669521405385732749e+01
8.669521405385724222e+01
7.936146429359250476e+01
7.936146429359246213e+01
7.774493149764518307e+01
7.774493149764512623e+01
7.031706270959875837e+01
7.031706270959864469e+01
6.611264622241550626e+01
6.611264622241530731e+01
6.422350890718286109e+01
6.422350890718256267e+01
6.184293669734402243e+01
6.184293669734380217e+01
5.984600565120648952e+01
5.984600565120639715e+01
5.457405170342293843e+01
5.457405170342292422e+01
5.317950324919070226e+01
5.317950324919068095e+01
5.244449163376805956e+01
5.244449163376799561e+01
5.218295101322244989e+01
5.218295101322239304e+01
5.117786732307662589e+01
5.117786732307641273e+01
4.995397704032257025e+01
4.995397704032250630e+01
4.929209972887561264e+01
4.929209972887559132e+01
4.554755048749864699e+01
4.554755048749847646e+01
4.440063430944907452e+01
4.440063430944874767e+01
4.393151165921993595e+01
4.393151165921940304e+01
4.197388660495352752e+01
4.197388660495334278e+01
4.124480004855545445e+01
4.124480004855544024e+01
4.107289751554249335e+01
4.107289751554245782e+01
4.003363839748999453e+01
4.003363839748993058e+01
3.851669113780152998e+01
3.851669113780149445e+01
3.829990984474519422e+01
3.829990984474510185e+01
3.724305396097668819e+01
3.724305396097636134e+01
3.678497533373035111e+01
3.678497533373030137e+01
3.606105643767892133e+01
3.606105643767885738e+01
3.551619790621344208e+01
3.551619790621334971e+01
3.499124994664360599e+01
3.499124994664352784e+01
3.392221443665808778e+01
3.392221443665806646e+01
3.372016252029278149e+01
3.372016252029263939e+01
3.333169707313074070e+01
3.333169707313072649e+01
3.179742033206306928e+01
3.179742033206293073e+01
3.117257387676353630e+01
3.117257387676343683e+01
3.112830182505287269e+01
3.112830182505284782e+01
3.071857844521454339e+01
3.071857844521442260e+01
3.061413735746452147e+01
3.061413735746429055e+01
3.014787150314621655e+01
3.014787150314619524e+01
2.999430114908383516e+01
2.999430114908365752e+01
2.989342545530097794e+01
2.989342545530093886e+01
2.968380686107803612e+01
2.968380686107795086e+01
2.943071201344840304e+01
2.943071201344838883e+01
2.901038932538011750e+01
2.901038932538007131e+01
2.893590412339879592e+01
2.893590412339868578e+01
2.860587146702483352e+01
2.860587146702476957e+01
2.829431841110237400e+01
2.829431841110236334e+01
2.811880339983981258e+01
2.811880339983973798e+01
2.759433385746911327e+01
2.759433385746896761e+01
2.714998117244848430e+01
2.714998117244842746e+01
2.702108625948023146e+01
2.702108625947981935e+01
2.679008854727895184e+01
2.679008854727891631e+01
2.607101312173443830e+01
2.607101312173424645e+01
2.526647500895410303e+01
2.526647500895409237e+01
2.425730844815596043e+01
2.425730844815579701e+01
2.393545964575270446e+01
2.393545964575262630e+01
2.346751630342258110e+01
2.346751630342227202e+01
2.325105061502720361e+01
2.325105061502712545e+01
2.310844001658281144e+01
2.310844001658273683e+01
2.193585423860269401e+01
2.193585423860264427e+01
2.173415125547769122e+01
2.173415125547766991e+01
2.161274447576310465e+01
2.161274447576297320e+01
2.140077176126922609e+01
2.140077176126921188e+01
2.130697007942371002e+01
2.130697007942370647e+01
2.120336626292031568e+01
2.120336626292030857e+01
2.034645085705560774e+01
2.034645085705557221e+01
2.027275865861124515e+01
2.027275865861112791e+01
1.996183259562583245e+01
1.996183259562571166e+01
1.949376094823873373e+01
1.949376094823859162e+01
1.926206125692088023e+01
1.926206125692077009e+01
1.901449913044200457e+01
1.901449913044200102e+01
1.900000000000007816e+01
1.900000000000006040e+01
1.882983706968430582e+01
1.882983706968429516e+01
1.854247119761227935e+01
1.854247119761221896e+01
1.815106550152649234e+01
1.815106550152642484e+01
1.812883556390571371e+01
1.812883556390563200e+01
1.802116730991327742e+01
1.802116730991323479e+01
1.800000000000090239e+01
1.800000000000002842e+01
1.799057132904267675e+01
1.799057132904263412e+01
1.783485316697298018e+01
1.783485316697290557e+01
1.768493473003660199e+01
1.768493473003658423e+01
1.742623920733516485e+01
1.742623920733503695e+01
1.727482060749139592e+01
1.727482060749127513e+01
1.714195282906343110e+01
1.714195282906339202e+01
1.679985603967433505e+01
1.679985603967424979e+01
1.649021436961369957e+01
1.649021436961363563e+01
1.618732308052635460e+01
1.618732308052631552e+01
1.611453004358313379e+01
1.611453004358303431e+01
1.601900293519539886e+01
1.601900293519538110e+01
1.599629693463535496e+01
1.599629693463530344e+01
1.582185784799540507e+01
1.582185784799540151e+01
1.573601565448015727e+01
1.573601565448011641e+01
1.563372973483133599e+01
1.563372973483121164e+01
1.558204544213446319e+01
1.558204544213436371e+01
1.539112020801727532e+01
1.539112020801723979e+01
1.529937543590396665e+01
1.529937543590392934e+01
1.523091629160610694e+01
1.523091629160604654e+01
1.496649812179434136e+01
1.496649812179425609e+01
1.492511685466595672e+01
1.492511685466594606e+01
1.478746094201114403e+01
1.478746094201113515e+01
1.475050509915775798e+01
1.475050509915766916e+01
1.462575311845334447e+01
1.462575311845329296e+01
1.458403027587894663e+01
1.458403027587885070e+01
1.448621474672933829e+01
1.448621474672928500e+01
1.438146980906338612e+01
1.438146980906334704e+01
1.431079175078580690e+01
1.431079175078579979e+01
1.423138064684677317e+01
1.423138064684672877e+01
1.421285284571141183e+01
1.421285284571139940e+01
1.409924856077744870e+01
1.409924856077742916e+01
1.408125198740674655e+01
1.408125198740668615e+01
1.390503135060507667e+01
1.390503135060506423e+01
1.372121265605686879e+01
1.372121265605679952e+01
1.353192260031402583e+01
1.353192260031401872e+01
1.344080107209027908e+01
1.344080107209026664e+01
1.340242964356975541e+01
1.340242964356974653e+01
1.328237928696653647e+01
1.328237928696652226e+01
1.322665354842505003e+01
1.322665354842499319e+01
1.315430214455189351e+01
1.315430214455185443e+01
1.293646511806469945e+01
1.293646511806469768e+01
1.268973466702040120e+01
1.268973466702035147e+01
1.261846843581045441e+01
1.261846843581044375e+01
1.256352001939217189e+01
1.256352001939211505e+01
1.252611656959434860e+01
1.252611656959427755e+01
1.245740339503190874e+01
1.245740339503189098e+01
1.236931687685309633e+01
1.236931687685298087e+01
1.236162400384040083e+01
1.236162400384038307e+01
1.228747100770295297e+01
1.228747100770293876e+01
1.223282593898638737e+01
1.223282593898629500e+01
1.211609759943502418e+01
1.211609759943501530e+01
1.203832772137191576e+01
1.203832772137185181e+01
1.199418786083378485e+01
1.199418786083377242e+01
1.198923998218257481e+01
1.198923998218253750e+01
1.185328361610864256e+01
1.185328361610862302e+01
1.171467241544801396e+01
1.171467241544800331e+01
1.166975681808869503e+01
1.166975681808865239e+01
1.159491334189700851e+01
1.159491334189699252e+01
1.153192625730525656e+01
1.153192625730524412e+01
1.152453995347611482e+01
1.152453995347610594e+01
1.142863386220073707e+01
1.142863386220071220e+01
1.135895610363540698e+01
1.135895610363533592e+01
1.129923834716305819e+01
1.129923834716301023e+01
1.120713036034617360e+01
1.120713036034616827e+01
1.104534883880688234e+01
1.104534883880684859e+01
1.103644085368829053e+01
1.103644085368823546e+01
1.100000000000034106e+01
1.100000000000008171e+01
1.086791104489599924e+01
1.086791104489597970e+01
1.086138500823500941e+01
1.086138500823499342e+01
1.080531630969975687e+01
1.080531630969974088e+01
1.061793112681064599e+01
1.061793112681060514e+01
1.059440301325885869e+01
1.059440301325879830e+01
1.049109513716265241e+01
1.049109513716264175e+01
1.045234735149847083e+01
1.045234735149844951e+01
1.037546598975379197e+01
1.037546598975376178e+01
1.037048646473408020e+01
1.037048646473404112e+01
1.028389650289712343e+01
1.028389650289709323e+01
1.027214897498279456e+01
1.027214897498278567e+01
1.010829659199320574e+01
1.010829659199314001e+01
1.004609491636491292e+01
1.004609491636478324e+01
1.000000000000009237e+01
1.000000000000004441e+01
1.000000000000003908e+01
1.000000000000003375e+01
1.000000000000002132e+01
1.000000000000001421e+01
9.999999999999980460e+00
9.999999999999968026e+00
9.985405725261594867e+00
9.985405725261502496e+00
9.977438590244394945e+00
9.977438590244380734e+00
9.904712354974192223e+00
9.904712354974126498e+00
9.861874540473202444e+00
9.861874540473154482e+00
9.774090890700730228e+00
9.774090890700687595e+00
9.728728617784835109e+00
9.728728617784792476e+00
9.635041060825839665e+00
9.635041060825784598e+00
9.591119449755206361e+00
9.591119449755138859e+00
9.525171419336086132e+00
9.525171419336047052e+00
9.484896120480875936e+00
9.484896120480865278e+00
9.474026494145441291e+00
9.474026494145437738e+00
9.431158742748051438e+00
9.431158742748017687e+00
9.380622127233626983e+00
9.380622127233593233e+00
9.275589451847798372e+00
9.275589451847752187e+00
9.270017874576689465e+00
9.270017874576673478e+00
9.241398330377100123e+00
9.241398330377077031e+00
9.221421183045135805e+00
9.221421183045132253e+00
9.196311343433066554e+00
9.196311343433059449e+00
9.166865904045295110e+00
9.166865904045264912e+00
9.092828370480807720e+00
9.092828370480777522e+00
9.053370198164166993e+00
9.053370198164106597e+00
9.000000000000033751e+00
9.000000000000030198e+00
9.000000000000019540e+00
9.000000000000000000e+00
8.971293210326564349e+00
8.971293210326512835e+00
8.909624526302865277e+00
8.909624526302811987e+00
8.849397125137484110e+00
8.849397125137365094e+00
8.809988759847769302e+00
8.809988759847751538e+00
8.759208255676965038e+00
8.759208255676895760e+00
8.743747208228445089e+00
8.743747208228420220e+00
8.718841968847000246e+00
8.718841968846975377e+00
8.690254322758953265e+00
8.690254322758891092e+00
8.624009528411889391e+00
8.624009528411820114e+00
8.576107321581087461e+00
8.576107321581057263e+00
8.565893250408175064e+00
8.565893250408132431e+00
8.522230448831921379e+00
8.522230448831892957e+00
8.400447200211250021e+00
8.400447200211219823e+00
8.350273795514446817e+00
8.350273795514430830e+00
8.333667827493778546e+00
8.333667827493727032e+00
8.246211251235360251e+00
8.246211251235349593e+00
8.242597584425414681e+00
8.242597584425402246e+00
8.237147048305550001e+00
8.237147048305523356e+00
8.218120287462900464e+00
8.218120287462893359e+00
8.154611135830558410e+00
8.154611135830540647e+00
8.102657469412571700e+00
8.102657469412559266e+00
8.061884168112280591e+00
8.061884168112277038e+00
8.032808503267082401e+00
8.032808503267041544e+00
8.013364670890371855e+00
8.013364670890346986e+00
8.002477576890182576e+00
8.002477576890147049e+00
7.993909918564304995e+00
7.993909918564290784e+00
7.914301258381873261e+00
7.914301258381854609e+00
7.891430699374457625e+00
7.891430699374423874e+00
7.879501551129831860e+00
7.879501551129818537e+00
7.808132884626579617e+00
7.808132884626537873e+00
7.769313946154058570e+00
7.769313946154031036e+00
7.718364997158937868e+00
7.718364997158912999e+00
7.658094241499390442e+00
7.658094241499371790e+00
7.620930979356787205e+00
7.620930979356754342e+00
7.613435700515768012e+00
7.613435700515722715e+00
7.554919530362872671e+00
7.554919530362868230e+00
7.503968193452308810e+00
7.503968193452283053e+00
7.482299656942386967e+00
7.482299656942351440e+00
7.462603215346121033e+00
7.462603215346094387e+00
7.449321755311337334e+00
7.449321755311316018e+00
7.383267340555513591e+00
7.383267340555505598e+00
7.348243304152239475e+00
7.348243304152224376e+00
7.310536879773121832e+00
7.310536879773112062e+00
7.294058488651915084e+00
7.294058488651908867e+00
7.216245048264045003e+00
7.216245048264033457e+00
7.195382783324740572e+00
7.195382783324733467e+00
7.142544449561877506e+00
7.142544449561866848e+00
7.137595135118780298e+00
7.137595135118779410e+00
7.106978564634873763e+00
7.106978564634867546e+00
7.071067811865566100e+00
7.071067811865489716e+00
7.046416492688718947e+00
7.046416492688715394e+00
7.011608326139025849e+00
7.011608326138969893e+00
7.000000000000012434e+00
6.999999999999934275e+00
6.999413663271481845e+00
6.999413663271428554e+00
6.973457687665436389e+00
6.973457687665423066e+00
6.961296103890023623e+00
6.961296103890004972e+00
6.942481867081558455e+00
6.942481867081533586e+00
6.937455143044391370e+00
6.937455143044371830e+00
6.917907148879566925e+00
6.917907148879508306e+00
6.894079219399388059e+00
6.894079219399368519e+00
6.862415537088667250e+00
6.862415537088655704e+00
6.819061600062246598e+00
6.819061600062200412e+00
6.801070082512313597e+00
6.801070082512299386e+00
6.788304174127368640e+00
6.788304174127328672e+00
6.768334966039716072e+00
6.768334966039687650e+00
6.719659613035223522e+00
6.719659613035223522e+00
6.678694966082672657e+00
6.678694966082629136e+00
6.656017916212794816e+00
6.656017916212774388e+00
6.647888929348506615e+00
6.647888929348444442e+00
6.633269381706393020e+00
6.633269381706369039e+00
6.622175125633748216e+00
6.622175125633737558e+00
6.569514337141217020e+00
6.569514337141182381e+00
6.564744339225275560e+00
6.564744339225255132e+00
6.551332916853432664e+00
6.551332916853406907e+00
6.537992802137740256e+00
6.537992802137674531e+00
6.524347301828528067e+00
6.524347301828510304e+00
6.487925036338396012e+00
6.487925036338396012e+00
6.462280782724720396e+00
6.462280782724707962e+00
6.454815109309697263e+00
6.454815109309686605e+00
6.447952179926425664e+00
6.447952179926419447e+00
6.443408111898702550e+00
6.443408111898688340e+00
6.424277857588682750e+00
6.424277857588681862e+00
6.384302853742905626e+00
6.384302853742899408e+00
6.303802150988735420e+00
6.303802150988730979e+00
6.284055870931713805e+00
6.284055870931688936e+00
6.272841816832381845e+00
6.272841816832362305e+00
6.245127293075734443e+00
6.245127293075713126e+00
6.236082047940893602e+00
6.236082047940866069e+00
6.210102899353232786e+00
6.210102899353197259e+00
6.193487648051276828e+00
6.193487648051254624e+00
6.155763808954501926e+00
6.155763808954486827e+00
6.139550435619920421e+00
6.139550435619874236e+00
6.119117853604742585e+00
6.119117853604721269e+00
6.089140684696888961e+00
6.089140684696864092e+00
6.085830379591167016e+00
6.085830379591148365e+00
6.082762530298289505e+00
6.082762530298223780e+00
6.071136462973946379e+00
6.071136462973903747e+00
6.042220948004739967e+00
6.042220948004698222e+00
6.037272223900882473e+00
6.037272223900875368e+00
6.027038937663514950e+00
6.027038937663505180e+00
6.003618057952222919e+00
6.003618057952206932e+00
6.000000000000114575e+00
6.000000000000038192e+00
6.000000000000038192e+00
6.000000000000019540e+00
6.000000000000004441e+00
5.999999999999973355e+00
5.999065878385898110e+00
5.999065878385867023e+00
5.996102847841995320e+00
5.996102847841974004e+00
5.974602630563783379e+00
5.974602630563768280e+00
5.955650492785917294e+00
5.955650492785898642e+00
5.934743883759023397e+00
5.934743883759010963e+00
5.916134238420385216e+00
5.916134238420369229e+00
5.906256058843798229e+00
5.906256058843785794e+00
5.858717899322185119e+00
5.858717899322161138e+00
5.844554257579826384e+00
5.844554257579808620e+00
5.821834719452932738e+00
5.821834719452920304e+00
5.794247846422888593e+00
5.794247846422846848e+00
5.785527803233303956e+00
5.785527803233292410e+00
5.764707979801078075e+00
5.764707979801060311e+00
5.748407665615641093e+00
5.748407665615602902e+00
5.745285656324051082e+00
5.745285656324041312e+00
5.743441205784983516e+00
5.743441205784928449e+00
5.732652564443934118e+00
5.732652564443913690e+00
5.711520616293076280e+00
5.711520616293066510e+00
5.666979131358626631e+00
5.666979131358592880e+00
5.628069920449346064e+00
5.628069920449318531e+00
5.582718980302005640e+00
5.582718980301992318e+00
5.524974092921048907e+00
5.524974092921044466e+00
5.491845872265537665e+00
5.491845872265528783e+00
5.438492815764650601e+00
5.438492815764618626e+00
5.415870277180738768e+00
5.415870277180733439e+00
5.403320810092653304e+00
5.403320810092618665e+00
5.377154535808369218e+00
5.377154535808362112e+00
5.337503752226251841e+00
5.337503752226250953e+00
5.330293892878697370e+00
5.330293892878644968e+00
5.311240291309669459e+00
5.311240291309661465e+00
5.303989889836574712e+00
5.303989889836561389e+00
5.284281609305782723e+00
5.284281609305776506e+00
5.257920182355489302e+00
5.257920182355484862e+00
5.234539609763397827e+00
5.234539609763394274e+00
5.213114216612850349e+00
5.213114216612814822e+00
5.200736482434559882e+00
5.200736482434547447e+00
5.197941749457497984e+00
5.197941749457487326e+00
5.176022342435976142e+00
5.176022342435970813e+00
5.167415278472425655e+00
5.167415278472401674e+00
5.147651216212684844e+00
5.147651216212651981e+00
5.124482307976121476e+00
5.124482307976115258e+00
5.119293201524142134e+00
5.119293201524138581e+00
5.108004152696124400e+00
5.108004152696107525e+00
5.099350205945438752e+00
5.099350205945399672e+00
5.086336583830110669e+00
5.086336583830097346e+00
5.083497317662623693e+00
5.083497317662608594e+00
5.070843441899782533e+00
5.070843441899778092e+00
5.055051817718291041e+00
5.055051817718276830e+00
5.045105258655060432e+00
5.045105258655047109e+00
5.021520533832044997e+00
5.021520533832026345e+00
5.006983564517735630e+00
5.006983564517686780e+00
5.000000000000063061e+00
5.000000000000031086e+00
5.000000000000025757e+00
5.000000000000020428e+00
5.000000000000016875e+00
5.000000000000015987e+00
5.000000000000014211e+00
5.000000000000005329e+00
5.000000000000004441e+00
5.000000000000000888e+00
4.999999999999996447e+00
4.999999999999988454e+00
4.999520746838773455e+00
4.999520746838749474e+00
4.998714391705172844e+00
4.998714391705169291e+00
4.976520503374738169e+00
4.976520503374731952e+00
4.960629185976669575e+00
4.960629185976658917e+00
4.952795216105762677e+00
4.952795216105747578e+00
4.948392841141729726e+00
4.948392841141703080e+00
4.933628587694342649e+00
4.933628587694325773e+00
4.915407195125178319e+00
4.915407195125169437e+00
4.887660856251251573e+00
4.887660856251230257e+00
4.865810554375734398e+00
4.865810554375721964e+00
4.856040663095370746e+00
4.856040663095360088e+00
4.841077484027109357e+00
4.841077484027101363e+00
4.820126166234445009e+00
4.820126166234443232e+00
4.807582564822532767e+00
4.807582564822516780e+00
4.782565974266217879e+00
4.782565974266210773e+00
4.759825248990532387e+00
4.759825248990497748e+00
4.747101353395683176e+00
4.747101353395658307e+00
4.728331055781315406e+00
4.728331055781310077e+00
4.699684045559845202e+00
4.699684045559843426e+00
4.686100951240591783e+00
4.686100951240567802e+00
4.671603757218288244e+00
4.671603757218282027e+00
4.657614767920351895e+00
4.657614767920333243e+00
4.640699405211786477e+00
4.640699405211750062e+00
4.617739867291656530e+00
4.617739867291635214e+00
4.589984127629646693e+00
4.589984127629640476e+00
4.581500856521011578e+00
4.581500856520988485e+00
4.562646946614837162e+00
4.562646946614832721e+00
4.547251228504394227e+00
4.547251228504382681e+00
4.528049091478129284e+00
4.528049091478122179e+00
4.510008005456408675e+00
4.510008005456377589e+00
4.490208360317832437e+00
4.490208360317826219e+00
4.465196580782899716e+00
4.465196580782874847e+00
4.459641687856652048e+00
4.459641687856646719e+00
4.446179774547242225e+00
4.446179774547231567e+00
4.439191464304450108e+00
4.439191464304439450e+00
4.425869788536510363e+00
4.425869788536497929e+00
4.414608264425887718e+00
4.414608264425876172e+00
4.395316144154587157e+00
4.395316144154576499e+00
4.381447876425210275e+00
4.381447876425196064e+00
4.365245191020043158e+00
4.365245191020030724e+00
4.361964278799121963e+00
4.361964278799121963e+00
4.345287960621735834e+00
4.345287960621707413e+00
4.337315018723441717e+00
4.337315018723423954e+00
4.320156851167884504e+00
4.320156851167864964e+00
4.304585829148169118e+00
4.304585829148154019e+00
4.290370492021334137e+00
4.290370492021331472e+00
4.278137739090553282e+00
4.278137739090516867e+00
4.264988174768469698e+00
4.264988174768457263e+00
4.245660864781032551e+00
4.245660864781026334e+00
4.229600399617215345e+00
4.229600399617190476e+00
4.208746032229484513e+00
4.208746032229484513e+00
4.202024833178388263e+00
4.202024833178387375e+00
4.189264971382222313e+00
4.189264971382176128e+00
4.176272502091023853e+00
4.176272502091014971e+00
4.169939198450842710e+00
4.169939198450829387e+00
4.159091567714670035e+00
4.159091567714647830e+00
4.144277946067740359e+00
4.144277946067733254e+00
4.134888880498978736e+00
4.134888880498960972e+00
4.130648586880582229e+00
4.130648586880558248e+00
4.121227812877091168e+00
4.121227812877084951e+00
4.117987103907254642e+00
4.117987103907239543e+00
4.108831532466899361e+00
4.108831532466896697e+00
4.103413483150760044e+00
4.103413483150750274e+00
4.089639009239539824e+00
4.089639009239526501e+00
4.077082427814485044e+00
4.077082427814473498e+00
4.069487022011311517e+00
4.069487022011305299e+00
4.049015550883210857e+00
4.049015550883194869e+00
4.044090266291450853e+00
4.044090266291442859e+00
4.024968774196791443e+00
4.024968774196769239e+00
4.021778658175411358e+00
4.021778658175409582e+00
4.000000000000016875e+00
4.000000000000016875e+00
4.000000000000014211e+00
4.000000000000011546e+00
4.000000000000008882e+00
4.000000000000007105e+00
4.000000000000006217e+00
3.999999999999982236e+00
3.999999999999969358e+00
3.999999999999955147e+00
3.999846607424651257e+00
3.999846607424630829e+00
3.999455536534281208e+00
3.999455536534265221e+00
3.997213969800755162e+00
3.997213969800745392e+00
3.992890169960561231e+00
3.992890169960546132e+00
3.978729374159392318e+00
3.978729374159390542e+00
3.977774291287688335e+00
3.977774291287687447e+00
3.969008536898609663e+00
3.969008536898603445e+00
3.957338698432169011e+00
3.957338698432162349e+00
3.949961365755436216e+00
3.949961365755433995e+00
3.940225290663502022e+00
3.940225290663482927e+00
3.936416470249487265e+00
3.936416470249456179e+00
3.929923522299111127e+00
3.929923522299105798e+00
3.912911889271114330e+00
3.912911889271105004e+00
3.912271793847336809e+00
3.912271793847322154e+00
3.886127929061448771e+00
3.886127929061439445e+00
3.864200838141968575e+00
3.864200838141952588e+00
3.835631369700882143e+00
3.835631369700872817e+00
3.831354206568874599e+00
3.831354206568869269e+00
3.810559745415592392e+00
3.810559745415589283e+00
3.798050938336909432e+00
3.798050938336895221e+00
3.781061788962491566e+00
3.781061788962488013e+00
3.771766777315894270e+00
3.771766777315881392e+00
3.741657386773960869e+00
3.741657386773944882e+00
3.736761770280494943e+00
3.736761770280470518e+00
3.730232042393608172e+00
3.730232042393583747e+00
3.725771009010970580e+00
3.725771009010959034e+00
3.720844506416212560e+00
3.720844506416204123e+00
3.668408041031111733e+00
3.668408041031105515e+00
3.663641084546456650e+00
3.663641084546445104e+00
3.642608597683846483e+00
3.642608597683835381e+00
3.611278996635686855e+00
3.611278996635681082e+00
3.605551275463996230e+00
3.605551275463985572e+00
3.604837162484951563e+00
3.604837162484918700e+00
3.596108604068937176e+00
3.596108604068935843e+00
3.586961581048975667e+00
3.586961581048967673e+00
3.566414857029647667e+00
3.566414857029632124e+00
3.558181853596808164e+00
3.558181853596798838e+00
3.553075322552158966e+00
3.553075322552154081e+00
3.547670535029198824e+00
3.547670535029166405e+00
3.539937897715081938e+00
3.539937897715077497e+00
3.525735554555869289e+00
3.525735554555841311e+00
3.511201469843705070e+00
3.511201469843701961e+00
3.479158047474405713e+00
3.479158047474404825e+00
3.452401420207765081e+00
3.452401420207741545e+00
3.439317378955484727e+00
3.439317378955478954e+00
3.429304369735502789e+00
3.429304369735496572e+00
3.412791907103570388e+00
3.412791907103565059e+00
3.402352013858212842e+00
3.402352013858188862e+00
3.387008635278391022e+00
3.387008635278372815e+00
3.383635387068413269e+00
3.383635387068402167e+00
3.371943140861174193e+00
3.371943140861147548e+00
3.351043272237808068e+00
3.351043272237777426e+00
3.330287971753169707e+00
3.330287971753154608e+00
3.319594796255461500e+00
3.319594796255445512e+00
3.306665676624353623e+00
3.306665676624342076e+00
3.288924066260780599e+00
3.288924066260775714e+00
3.270959247722726726e+00
3.270959247722708962e+00
3.266544621524729575e+00
3.266544621524726910e+00
3.257638279759994315e+00
3.257638279759986766e+00
3.243019975103137220e+00
3.243019975103132335e+00
3.214520065535539040e+00
3.214520065535539040e+00
3.210705869592590300e+00
3.210705869592588524e+00
3.191369188705015514e+00
3.191369188705011073e+00
3.183790312462634997e+00
3.183790312462627448e+00
3.172669715943432944e+00
3.172669715943401858e+00
3.166080498330448467e+00
3.166080498330444026e+00
3.164889904318144875e+00
3.164889904318127556e+00
3.162502581520652445e+00
3.162502581520640010e+00
3.162277660168401283e+00
3.162277660168395954e+00
3.162277660168385740e+00
3.162277660168381299e+00
3.162277660168379967e+00
3.162277660168376858e+00
3.162277660168371973e+00
3.162277660168363980e+00
3.161725831283501709e+00
3.161725831283474175e+00
3.160986636601124111e+00
3.160986636601113453e+00
3.160033783582329114e+00
3.160033783582325562e+00
3.158479389460299824e+00
3.158479389460290943e+00
3.148223816953009457e+00
3.148223816952975262e+00
3.147908882255525231e+00
3.147908882255514129e+00
3.139514782896061451e+00
3.139514782896043243e+00
3.137831249857224503e+00
3.137831249857219174e+00
3.132408044493660171e+00
3.132408044493650401e+00
3.125596899128828987e+00
3.125596899128823214e+00
3.119772426269183718e+00
3.119772426269164622e+00
3.107837387597628620e+00
3.107837387597619294e+00
3.104699734603273420e+00
3.104699734603267647e+00
3.088333795909784740e+00
3.088333795909778523e+00
3.075493064068365090e+00
3.075493064068360649e+00
3.065853965914810519e+00
3.065853965914794976e+00
3.063956511960045148e+00
3.063956511960040263e+00
3.055637007563462237e+00
3.055637007563461793e+00
3.049709403737141056e+00
3.049709403737125513e+00
3.038698788405272300e+00
3.038698788405269635e+00
3.032573564336474625e+00
3.032573564336464855e+00
3.024848765836583020e+00
3.024848765836572362e+00
3.009066830985282603e+00
3.009066830985274610e+00
3.007000655089603569e+00
3.007000655089596464e+00
3.002403505429915409e+00
3.002403505429910968e+00
3.000000000000023093e+00
3.000000000000019096e+00
3.000000000000018208e+00
3.000000000000018208e+00
3.000000000000013323e+00
3.000000000000011546e+00
3.000000000000010658e+00
3.000000000000010658e+00
3.000000000000008882e+00
3.000000000000008882e+00
3.000000000000008882e+00
3.000000000000008438e+00
3.000000000000005773e+00
3.000000000000003997e+00
3.000000000000003997e+00
3.000000000000002665e+00
3.000000000000000888e+00
3.000000000000000888e+00
2.999999999999997780e+00
2.999999999999997335e+00
2.999999999999997335e+00
2.999999999999996447e+00
2.999999999999996447e+00
2.999999999999996003e+00
2.999999999999994671e+00
2.999999999999994671e+00
2.999999999999990230e+00
2.999999999999988454e+00
2.999999999999987121e+00
2.999999999999982681e+00
2.999999999999978684e+00
2.999999999999972911e+00
2.999920736604307692e+00
2.999920736604306803e+00
2.999313152827619788e+00
2.999313152827583373e+00
2.998850406124454082e+00
2.998850406124444756e+00
2.997870177377488954e+00
2.997870177377475631e+00
2.996895780191977554e+00
2.996895780191964231e+00
2.993965937290302914e+00
2.993965937290294033e+00
2.990132243938878887e+00
2.990132243938877554e+00
2.989005969935553342e+00
2.989005969935547569e+00
2.987252761398421885e+00
2.987252761398415668e+00
2.984197126928787913e+00
2.984197126928780364e+00
2.975956694308789618e+00
2.975956694308788286e+00
2.971503085066104610e+00
2.971503085066101946e+00
2.969868564242194253e+00
2.969868564242180042e+00
2.961344174276508756e+00
2.961344174276493213e+00
2.957504967945342234e+00
2.957504967945323582e+00
2.951051039027358325e+00
2.951051039027345446e+00
2.948964600355310939e+00
2.948964600355235888e+00
2.941991735329315460e+00
2.941991735329302138e+00
2.939941358164764207e+00
2.939941358164757990e+00
2.933320125632696396e+00
2.933320125632675524e+00
2.932412364995670817e+00
2.932412364995655718e+00
2.928877107783289802e+00
2.928877107783276479e+00
2.923524000116451305e+00
2.923524000116433985e+00
2.916253793943908601e+00
2.916253793943899275e+00
2.908318779950748389e+00
2.908318779950728405e+00
2.906924857802748896e+00
2.906924857802734685e+00
2.903118208283569590e+00
2.903118208283545609e+00
2.893584429275293246e+00
2.893584429275284808e+00
2.890565287501311698e+00
2.890565287501301039e+00
2.886097782908374931e+00
2.886097782908363385e+00
2.875520108709479494e+00
2.875520108709476830e+00
2.870193601086137747e+00
2.870193601086123536e+00
2.865116933609031413e+00
2.865116933609021643e+00
2.856187665477772697e+00
2.856187665477762483e+00
2.849138190781848934e+00
2.849138190781843161e+00
2.843717677774868946e+00
2.843717677774848518e+00
2.841347664780859983e+00
2.841347664780847548e+00
2.837318750118366317e+00
2.837318750118347221e+00
2.831549145589951522e+00
2.831549145589940419e+00
2.828427124746197840e+00
2.828427124746193844e+00
2.828427124746193844e+00
2.828427124746192067e+00
2.828427124746191623e+00
2.828427124746179633e+00
2.826635976376492998e+00
2.826635976376486781e+00
2.821934799194648846e+00
2.821934799194644405e+00
2.810053914487159243e+00
2.810053914487150362e+00
2.803754064136512181e+00
2.803754064136502855e+00
2.799553933946249185e+00
2.799553933946234530e+00
2.791132337266357677e+00
2.791132337266335917e+00
2.778177148722442702e+00
2.778177148722420498e+00
2.774057211713323756e+00
2.774057211713310878e+00
2.767498991209779380e+00
2.767498991209771386e+00
2.758675489236610545e+00
2.758675489236588785e+00
2.750295742044249536e+00
2.750295742044232217e+00
2.745447762963880045e+00
2.745447762963858285e+00
2.737522904768768139e+00
2.737522904768745491e+00
2.732059376970325637e+00
2.732059376970322973e+00
2.727829505467933124e+00
2.727829505467930460e+00
2.725219660318397352e+00
2.725219660318385362e+00
2.719233086300941959e+00
2.719233086300928193e+00
2.717826455881011238e+00
2.717826455880996139e+00
2.707340641828243744e+00
2.707340641828233974e+00
2.702942608754691722e+00
2.702942608754681508e+00
2.701132409297463344e+00
2.701132409297461567e+00
2.693240367142752945e+00
2.693240367142739622e+00
2.683932232220711533e+00
2.683932232220708425e+00
2.673939302155194930e+00
2.673939302155189157e+00
2.669646307122408579e+00
2.669646307122402362e+00
2.664196351491442627e+00
2.664196351491435966e+00
2.655463292488454474e+00
2.655463292488451366e+00
2.651202602913328654e+00
2.651202602913324657e+00
2.649321548317424391e+00
2.649321548317415065e+00
2.643769793197323636e+00
2.643769793197315199e+00
2.638563146069743848e+00
2.638563146069742960e+00
2.633938133289877914e+00
2.633938133289874362e+00
2.629129273355340413e+00
2.629129273355337304e+00
2.615975713502751709e+00
2.615975713502745936e+00
2.614667527146387727e+00
2.614667527146383286e+00
2.603380584717124524e+00
2.603380584717124080e+00
2.602315421973325549e+00
2.602315421973320664e+00
2.598555170137824444e+00
2.598555170137823556e+00
2.587761637188896735e+00
2.587761637188877639e+00
2.580234539619829182e+00
2.580234539619814083e+00
2.573280385308949647e+00
2.573280385308942542e+00
2.570658966338471796e+00
2.570658966338462470e+00
2.567904745751498297e+00
2.567904745751488527e+00
2.556778962718914805e+00
2.556778962718910364e+00
2.554531320491597146e+00
2.554531320491594926e+00
2.546811401693812815e+00
2.546811401693805710e+00
2.541913907019137220e+00
2.541913907019133667e+00
2.535917389203924177e+00
2.535917389203921513e+00
2.529953165989512254e+00
2.529953165989506925e+00
2.526728818988257075e+00
2.526728818988237979e+00
2.510877335082612571e+00
2.510877335082607686e+00
2.502397093200324107e+00
2.502397093200321887e+00
2.485527151373073007e+00
2.485527151373064125e+00
2.478195552759121068e+00
2.478195552759115294e+00
2.472903366805777381e+00
2.472903366805763170e+00
2.463462770650359346e+00
2.463462770650358014e+00
2.454012510295087601e+00
2.454012510295072502e+00
2.449433448650233824e+00
2.449433448650227163e+00
2.448644156826274454e+00
2.448644156826270901e+00
2.446887442440381033e+00
2.446887442440377036e+00
2.444363256425562625e+00
2.444363256425559960e+00
2.437413680991648679e+00
2.437413680991645570e+00
2.434988364149157203e+00
2.434988364149152318e+00
2.425270551493528881e+00
2.425270551493519555e+00
2.421261578500626843e+00
2.421261578500612188e+00
2.408832406634597856e+00
2.408832406634593859e+00
2.401228915227579197e+00
2.401228915227565874e+00
2.398417504824878144e+00
2.398417504824868818e+00
2.387869087298964299e+00
2.387869087298953641e+00
2.378616628673156708e+00
2.378616628673152711e+00
2.365026933422643030e+00
2.365026933422642585e+00
2.362242490502663106e+00
2.362242490502656000e+00
2.348902505476742952e+00
2.348902505476735847e+00
2.343686834785024153e+00
2.343686834785016604e+00
2.323960424381851464e+00
2.323960424381848355e+00
2.316020857197635952e+00
2.316020857197633287e+00
2.307012364460864884e+00
2.307012364460851117e+00
2.300902082465142051e+00
2.300902082465139831e+00
2.294778559535839868e+00
2.294778559535833651e+00
2.290328357320134067e+00
2.290328357320131847e+00
2.288245611270747659e+00
2.288245611270732560e+00
2.285240199669260175e+00
2.285240199669256622e+00
2.282912840241642538e+00
2.282912840241634544e+00
2.276252452905353163e+00
2.276252452905342061e+00
2.270745316347623444e+00
2.270745316347622111e+00
2.270065444584263847e+00
2.270065444584254966e+00
2.269621870152777277e+00
2.269621870152774612e+00
2.255636818887443162e+00
2.255636818887440054e+00
2.250170380645492685e+00
2.250170380645490020e+00
2.248024199628830821e+00
2.248024199628827713e+00
2.236067977499799131e+00
2.236067977499798687e+00
2.236067977499796466e+00
2.236067977499792470e+00
2.236067977499790693e+00
2.236067977499790693e+00
2.236067977499787141e+00
2.236067977499785808e+00
2.236067977499784476e+00
2.236067977499783588e+00
2.236067977499783144e+00
2.236067977499778259e+00
2.236016833203960275e+00
2.236016833203952281e+00
2.235985310432021755e+00
2.235985310431998219e+00
2.235765758587688001e+00
2.235765758587683116e+00
2.235495973818784066e+00
2.235495973818782289e+00
2.234685662121181693e+00
2.234685662121178140e+00
2.233869294115133020e+00
2.233869294115127691e+00
2.231764535594960464e+00
2.231764535594959575e+00
2.231449525424758384e+00
2.231449525424738844e+00
2.231205146104265680e+00
2.231205146104191961e+00
2.230226337444508822e+00
2.230226337444504381e+00
2.225994370099521724e+00
2.225994370099487529e+00
2.221113643647886882e+00
2.221113643647885993e+00
2.220313661890615187e+00
2.220313661890608969e+00
2.219049038099410343e+00
2.219049038099407234e+00
2.217908709724779825e+00
2.217908709724776273e+00
2.215626721600086668e+00
2.215626721600079563e+00
2.206321581111299945e+00
2.206321581111290620e+00
2.204126764399473082e+00
2.204126764399468197e+00
2.202162427444334991e+00
2.202162427444334103e+00
2.196318690271766627e+00
2.196318690271757301e+00
2.194501409763476740e+00
2.194501409763469635e+00
2.188757726952789806e+00
2.188757726952785809e+00
2.186253855705626137e+00
2.186253855705624360e+00
2.175002324270001619e+00
2.175002324269999843e+00
2.165409772617496564e+00
2.165409772617495676e+00
2.159664041299433457e+00
2.159664041299431680e+00
2.155092433304818922e+00
2.155092433304808708e+00
2.147267553370950655e+00
2.147267553370943993e+00
2.136947491255337894e+00
2.136947491255334342e+00
2.129918641629493070e+00
2.129918641629488185e+00
2.129614172422082952e+00
2.129614172422071849e+00
2.119456141830561968e+00
2.119456141830554419e+00
2.116344007521183901e+00
2.116344007521178572e+00
2.105183577928404937e+00
2.105183577928400496e+00
2.100415392235516432e+00
2.100415392235505774e+00
2.095782952555369505e+00
2.095782952555361067e+00
2.085273710096891886e+00
2.085273710096890998e+00
2.084233032725550938e+00
2.084233032725544721e+00
2.082839648716623415e+00
2.082839648716617642e+00
2.079183050391294252e+00
2.079183050391277821e+00
2.071772431335915154e+00
2.071772431335912490e+00
2.065619374995126378e+00
2.065619374995121937e+00
2.056537376302711717e+00
2.056537376302710829e+00
2.050986355839037767e+00
2.050986355839037323e+00
2.046401427108781146e+00
2.046401427108775373e+00
2.038980717490618044e+00
2.038980717490614492e+00
2.034784098913890116e+00
2.034784098913881678e+00
2.031903533592254618e+00
2.031903533592249289e+00
2.031092465176109751e+00
2.031092465176103090e+00
2.027712951914736106e+00
2.027712951914729000e+00
2.019081438335737833e+00
2.019081438335728063e+00
2.014572642872535457e+00
2.014572642872534569e+00
2.008176164410631515e+00
2.008176164410631070e+00
2.002272424012891960e+00
2.002272424012887519e+00
2.000691023574296956e+00
2.000691023574292959e+00
2.000000000000012434e+00
2.000000000000010214e+00
2.000000000000010214e+00
2.000000000000009326e+00
2.000000000000008882e+00
2.000000000000007994e+00
2.000000000000006661e+00
2.000000000000006661e+00
2.000000000000006661e+00
2.000000000000006217e+00
2.000000000000005773e+00
2.000000000000005773e+00
2.000000000000005329e+00
2.000000000000005329e+00
2.000000000000004885e+00
2.000000000000004885e+00
2.000000000000004885e+00
2.000000000000004885e+00
2.000000000000004441e+00
2.000000000000004441e+00
2.000000000000003997e+00
2.000000000000003553e+00
2.000000000000003109e+00
2.000000000000003109e+00
2.000000000000003109e+00
2.000000000000003109e+00
2.000000000000002665e+00
2.000000000000002665e+00
2.000000000000002220e+00
2.000000000000002220e+00
2.000000000000002220e+00
2.000000000000002220e+00
2.000000000000002220e+00
2.000000000000002220e+00
2.000000000000002220e+00
2.000000000000001776e+00
2.000000000000001332e+00
2.000000000000000888e+00
2.000000000000000888e+00
2.000000000000000888e+00
2.000000000000000444e+00
2.000000000000000444e+00
2.000000000000000444e+00
2.000000000000000000e+00
2.000000000000000000e+00
1.999999999999999778e+00
1.999999999999999778e+00
1.999999999999999778e+00
1.999999999999999778e+00
1.999999999999999556e+00
1.999999999999999334e+00
1.999999999999999334e+00
1.999999999999998890e+00
1.999999999999998890e+00
1.999999999999998890e+00
1.999999999999998890e+00
1.999999999999998668e+00
1.999999999999998224e+00
1.999999999999998224e+00
1.999999999999998002e+00
1.999999999999997780e+00
1.999999999999997780e+00
1.999999999999997780e+00
1.999999999999997335e+00
1.999999999999997335e+00
1.999999999999997335e+00
1.999999999999997113e+00
1.999999999999996669e+00
1.999999999999996447e+00
1.999999999999996225e+00
1.999999999999996225e+00
1.999999999999995781e+00
1.999999999999995559e+00
1.999999999999993339e+00
1.999999999999991562e+00
1.999999999999991562e+00
1.999999999999991118e+00
1.999999999999990008e+00
1.999999999999987788e+00
1.999999999999987788e+00
1.999999999999979350e+00
1.999999999999977573e+00
1.999988997724461814e+00
1.999988997724459816e+00
1.999945657589946135e+00
1.999945657589943915e+00
1.999706593339192873e+00
1.999706593339191318e+00
1.999288302309562670e+00
1.999288302309557563e+00
1.998478175561055670e+00
1.998478175561051673e+00
1.997961368263718285e+00
1.997961368263711845e+00
1.997353183821097611e+00
1.997353183821094724e+00
1.996854779918532774e+00
1.996854779918529443e+00
1.994936679068728846e+00
1.994936679068726404e+00
1.994047953664467965e+00
1.994047953664465744e+00
1.991599961546689057e+00
1.991599961546665520e+00
1.990957881943934638e+00
1.990957881943927976e+00
1.988942571427187112e+00
1.988942571427184225e+00
1.987585852873000158e+00
1.987585852872987946e+00
1.986827645033943046e+00
1.986827645033925505e+00
1.986120386423454676e+00
1.986120386423451789e+00
1.983550234708449045e+00
1.983550234708441273e+00
1.982040495067050045e+00
1.982040495067044494e+00
1.979562826909682771e+00
1.979562826909675444e+00
1.978247279415271231e+00
1.978247279415267013e+00
1.975618278995702415e+00
1.975618278995700638e+00
1.972622178804519733e+00
1.972622178804518622e+00
1.969376655043209912e+00
1.969376655043202584e+00
1.963229236649707277e+00
1.963229236649699949e+00
1.960529164282309500e+00
1.960529164282309056e+00
1.957312312445216307e+00
1.957312312445210978e+00
1.954604413988694001e+00
1.954604413988689782e+00
1.953529833214808775e+00
1.953529833214799227e+00
1.949325274143365316e+00
1.949325274143359543e+00
1.944220427784754346e+00
1.944220427784744798e+00
1.942773680247136703e+00
1.942773680247130264e+00
1.941515815198745054e+00
1.941515815198741723e+00
1.939365415665916581e+00
1.939365415665913250e+00
1.937165686681349142e+00
1.937165686681345811e+00
1.935042613040490966e+00
1.935042613040489190e+00
1.930939157803712058e+00
1.930939157803705841e+00
1.927420449022449800e+00
1.927420449022442472e+00
1.925225906313145385e+00
1.925225906313141611e+00
1.921766195526948939e+00
1.921766195526945831e+00
1.919308369238013068e+00
1.919308369238011291e+00
1.916269416489156274e+00
1.916269416489153388e+00
1.913826676440673502e+00
1.913826676440666619e+00
1.912348218378350673e+00
1.912348218378348230e+00
1.908463916923516468e+00
1.908463916923511361e+00
1.903465168253785977e+00
1.903465168253781759e+00
1.900415490195525026e+00
1.900415490195517254e+00
1.895613227966478798e+00
1.895613227966471914e+00
1.891572671617444801e+00
1.891572671617442358e+00
1.880734139213968481e+00
1.880734139213965372e+00
1.875210982533394244e+00
1.875210982533390469e+00
1.868156719602325655e+00
1.868156719602323212e+00
1.861257646086383888e+00
1.861257646086379891e+00
1.850972898037544612e+00
1.850972898037540393e+00
1.848672325433493580e+00
1.848672325433489805e+00
1.847421395614074591e+00
1.847421395614073036e+00
1.842981460448327891e+00
1.842981460448325448e+00
1.839086825261620151e+00
1.839086825261618818e+00
1.835332913692319101e+00
1.835332913692315326e+00
1.825794568002129248e+00
1.825794568002124363e+00
1.822432666190036077e+00
1.822432666190029860e+00
1.822075825774308822e+00
1.822075825774305713e+00
1.817125593857004784e+00
1.817125593857003896e+00
1.809538648535032879e+00
1.809538648535025773e+00
1.805472813665022658e+00
1.805472813665019993e+00
1.800773651084888849e+00
1.800773651084878857e+00
1.797916427602293421e+00
1.797916427602287204e+00
1.780652472397223685e+00
1.780652472397219910e+00
1.777126389390914385e+00
1.777126389390912831e+00
1.775108533018825430e+00
1.775108533018824541e+00
1.770280830165782859e+00
1.770280830165775976e+00
1.762718979116291385e+00
1.762718979116288054e+00
1.751318088441829124e+00
1.751318088441826015e+00
1.747550999335408140e+00
1.747550999335401700e+00
1.746233977695032857e+00
1.746233977695030859e+00
1.741467215657355183e+00
1.741467215657348078e+00
1.738592121766433296e+00
1.738592121766429299e+00
1.735951280247554740e+00
1.735951280247546968e+00
1.734244545528697667e+00
1.734244545528694115e+00
1.732050807568881190e+00
1.732050807568875861e+00
1.730830635610445256e+00
1.730830635610441481e+00
1.727729150101032563e+00
1.727729150101020572e+00
1.726180747408070815e+00
1.726180747408065930e+00
1.724516985524306101e+00
1.724516985524302992e+00
1.721548120759227363e+00
1.721548120759221590e+00
1.719280265837714206e+00
1.719280265837710653e+00
1.715298489088543654e+00
1.715298489088537881e+00
1.706967254155785874e+00
1.706967254155782987e+00
1.703021689515105574e+00
1.703021689515104242e+00
1.700007329031625547e+00
1.700007329031618220e+00
1.684911942073706870e+00
1.684911942073703983e+00
1.684414809297178017e+00
1.684414809297173354e+00
1.681194961180670466e+00
1.681194961180663361e+00
1.676050814736252725e+00
1.676050814736249173e+00
1.670744870475757260e+00
1.670744870475755040e+00
1.668540539583326154e+00
1.668540539583324600e+00
1.665389962449063344e+00
1.665389962449062455e+00
1.662548668278681641e+00
1.662548668278679198e+00
1.657229797467548726e+00
1.657229797467544063e+00
1.656044632922599291e+00
1.656044632922593962e+00
1.641380208824606779e+00
1.641380208824602338e+00
1.636616819256540900e+00
1.636616819256532684e+00
1.634203607123976942e+00
1.634203607123969837e+00
1.631924380379966566e+00
1.631924380379958128e+00
1.624780875710777117e+00
1.624780875710776895e+00
1.615144736332554842e+00
1.615144736332546627e+00
1.611291451283408893e+00
1.611291451283402676e+00
1.605584726317863753e+00
1.605584726317855981e+00
1.601631369072730848e+00
1.601631369072723077e+00
1.599589914082509168e+00
1.599589914082505615e+00
1.589661529355054670e+00
1.589661529355047787e+00
1.583703197104130433e+00
1.583703197104126881e+00
1.579600423641212670e+00
1.579600423641204454e+00
1.577194676882130109e+00
1.577194676882124336e+00
1.574623232922370164e+00
1.574623232922360838e+00
1.573784778046799060e+00
1.573784778046797506e+00
1.561694146697053975e+00
1.561694146697049979e+00
1.554799599805039012e+00
1.554799599805035459e+00
1.543085625544757145e+00
1.543085625544753592e+00
1.538526657711146717e+00
1.538526657711146495e+00
1.532282425453719066e+00
1.532282425453715957e+00
1.530168016598520309e+00
1.530168016598517644e+00
1.517616831399739130e+00
1.517616831399738686e+00
1.509802144503852084e+00
1.509802144503851640e+00
1.506269000488013043e+00
1.506269000488008825e+00
1.493644023127651099e+00
1.493644023127649767e+00
1.481724994347834334e+00
1.481724994347818347e+00
1.479395013750833598e+00
1.479395013750824495e+00
1.472182360206155449e+00
1.472182360206149232e+00
1.467798191067635649e+00
1.467798191067630986e+00
1.453770902035602886e+00
1.453770902035599111e+00
1.448290347903583131e+00
1.448290347903580466e+00
1.442208768697255561e+00
1.442208768697248011e+00
1.441700506939735282e+00
1.441700506939721960e+00
1.437067977791624651e+00
1.437067977791621098e+00
1.432119886128165431e+00
1.432119886128163877e+00
1.425288015759634375e+00
1.425288015759634153e+00
1.424643214034915006e+00
1.424643214034899463e+00
1.422530366347666275e+00
1.422530366347661612e+00
1.420182146231975473e+00
1.420182146231969478e+00
1.419067107764922619e+00
1.419067107764918401e+00
1.416894422270320586e+00
1.416894422270318588e+00
1.415573778271464578e+00
1.415573778271459693e+00
1.414213562373113797e+00
1.414213562373105360e+00
1.414213562373103139e+00
1.414213562373102695e+00
1.414213562373102695e+00
1.414213562373102251e+00
1.414213562373101141e+00
1.414213562373100697e+00
1.414213562373100475e+00
1.414213562373100030e+00
1.414213562373100030e+00
1.414213562373099808e+00
1.414213562373099808e+00
1.414213562373099808e+00
1.414213562373099586e+00
1.414213562373099586e+00
1.414213562373099142e+00
1.414213562373098920e+00
1.414213562373098476e+00
1.414213562373098254e+00
1.414213562373098254e+00
1.414213562373098032e+00
1.414213562373098032e+00
1.414213562373098032e+00
1.414213562373097588e+00
1.414213562373097588e+00
1.414213562373097366e+00
1.414213562373096922e+00
1.414213562373096922e+00
1.414213562373096478e+00
1.414213562373096478e+00
1.414213562373096478e+00
1.414213562373096034e+00
1.414213562373096034e+00
1.414213562373095812e+00
1.414213562373095812e+00
1.414213562373095812e+00
1.414213562373095368e+00
1.414213562373095368e+00
1.414213562373095368e+00
1.414213562373095145e+00
1.414213562373095145e+00
1.414213562373095145e+00
1.414213562373095145e+00
1.414213562373095145e+00
1.414213562373094923e+00
1.414213562373094923e+00
1.414213562373094923e+00
1.414213562373094923e+00
1.414213562373094923e+00
1.414213562373094923e+00
1.414213562373094479e+00
1.414213562373094257e+00
1.414213562373094257e+00
1.414213562373093591e+00
1.414213562373093591e+00
1.414213562373093591e+00
1.414213562373093591e+00
1.414213562373093369e+00
1.414213562373092925e+00
1.414213562373092703e+00
1.414213562373092703e+00
1.414213562373092703e+00
1.414213562373090705e+00
1.414213562373090483e+00
1.414213562373090483e+00
1.414205874290748399e+00
1.414205874290742626e+00
1.414134787495760825e+00
1.414134787495759493e+00
1.414122140575897024e+00
1.414122140575889919e+00
1.414070834420675160e+00
1.414070834420670719e+00
1.414051001767545168e+00
1.414051001767541837e+00
1.413772211416681079e+00
1.413772211416675750e+00
1.413731445515125751e+00
1.413731445515116647e+00
1.413703156379956027e+00
1.413703156379948700e+00
1.413586065311392748e+00
1.413586065311387197e+00
1.413297479168879489e+00
1.413297479168875492e+00
1.413253303839994812e+00
1.413253303839984598e+00
1.412867815979640396e+00
1.412867815979635955e+00
1.412589012915436815e+00
1.412589012915435260e+00
1.412046781041503385e+00
1.412046781041498722e+00
1.411506375855001272e+00
1.411506375854999717e+00
1.411096933348705784e+00
1.411096933348704230e+00
1.410178614347963100e+00
1.410178614347960657e+00
1.409915798806736786e+00
1.409915798806736120e+00
1.408114312979803717e+00
1.408114312979801719e+00
1.406844990331306722e+00
1.406844990331305167e+00
1.405667055050684455e+00
1.405667055050684011e+00
1.404410942120198458e+00
1.404410942120193795e+00
1.403309661994529112e+00
1.403309661994516455e+00
1.402595284765340233e+00
1.402595284765333572e+00
1.401166814382404757e+00
1.401166814382403203e+00
1.400080097018455705e+00
1.400080097018450376e+00
1.398406165201304896e+00
1.398406165201303342e+00
1.398242248731343507e+00
1.398242248731337511e+00
1.397106659011988716e+00
1.397106659011984275e+00
1.396195732676806411e+00
1.396195732676801304e+00
1.396003854120638321e+00
1.396003854120634546e+00
1.394766015662589620e+00
1.394766015662587177e+00
1.392425701378633196e+00
1.392425701378631420e+00
1.390855392170879723e+00
1.390855392170874394e+00
1.390321465863372019e+00
1.390321465863366468e+00
1.387741797011508238e+00
1.387741797011505351e+00
1.383839412400110547e+00
1.383839412400107438e+00
1.382873948146941201e+00
1.382873948146940313e+00
1.380559153097637992e+00
1.380559153097628666e+00
1.376753207626887354e+00
1.376753207626879139e+00
1.373897021344071767e+00
1.373897021344059999e+00
1.373244159518287821e+00
1.373244159518274277e+00
1.370724663032711232e+00
1.370724663032697910e+00
1.368891390930215390e+00
1.368891390930212060e+00
1.368037160721804923e+00
1.368037160721802037e+00
1.366065227693031625e+00
1.366065227693025852e+00
1.365481639780323331e+00
1.365481639780317558e+00
1.362904542330291235e+00
1.362904542330288793e+00
1.360514833286664338e+00
1.360514833286660119e+00
1.356308385585986542e+00
1.356308385585980547e+00
1.351136119125367685e+00
1.351136119125363688e+00
1.347095888231079508e+00
1.347095888231075511e+00
1.346200242132785441e+00
1.346200242132782998e+00
1.341394909638022437e+00
1.341394909638017330e+00
1.339193532820298627e+00
1.339193532820296850e+00
1.335500120918194922e+00
1.335500120918184486e+00
1.330512584482945959e+00
1.330512584482942184e+00
1.327471239991760310e+00
1.327471239991753871e+00
1.325084976016123628e+00
1.325084976016118299e+00
1.320314493667148259e+00
1.320314493667148037e+00
1.319220135273163619e+00
1.319220135273162509e+00
1.315660198246584756e+00
1.315660198246583423e+00
1.313393351282309718e+00
1.313393351282306831e+00
1.310305777411294059e+00
1.310305777411290284e+00
1.308102615487858333e+00
1.308102615487854781e+00
1.303389422356460381e+00
1.303389422356456162e+00
1.301144302615672821e+00
1.301144302615671045e+00
1.298625853299455013e+00
1.298625853299452793e+00
1.296402836642177148e+00
1.296402836642174261e+00
1.293792583204819380e+00
1.293792583204815827e+00
1.288355465267222444e+00
1.288355465267213340e+00
1.283815874302890236e+00
1.283815874302883353e+00
1.282067745630177447e+00
1.282067745630174116e+00
1.278965723185764958e+00
1.278965723185759851e+00
1.277071609634617522e+00
1.277071609634608640e+00
1.276480578006116806e+00
1.276480578006115030e+00
1.269260298100939099e+00
1.269260298100935325e+00
1.269217206491570771e+00
1.269217206491567218e+00
1.260848634725435513e+00
1.260848634725430850e+00
1.256116432146626272e+00
1.256116432146620721e+00
1.247167198091233331e+00
1.247167198091224227e+00
1.242827671369997056e+00
1.242827671369994391e+00
1.238496893025814671e+00
1.238496893025810897e+00
1.226440826133692319e+00
1.226440826133690321e+00
1.224257252935164741e+00
1.224257252935160301e+00
1.216680107875962369e+00
1.216680107875951489e+00
1.207366811882328861e+00
1.207366811882324864e+00
1.205629429534186725e+00
1.205629429534183839e+00
1.201945501617104117e+00
1.201945501617096568e+00
1.198762853812108453e+00
1.198762853812106899e+00
1.196598722436986284e+00
1.196598722436982953e+00
1.189701787146874912e+00
1.189701787146870249e+00
1.181977913251660350e+00
1.181977913251658352e+00
1.177893599801408619e+00
1.177893599801403512e+00
1.176589139323471755e+00
1.176589139323470201e+00
1.175848428953588876e+00
1.175848428953585545e+00
1.170962405927753025e+00
1.170962405927751915e+00
1.164412424850128414e+00
1.164412424850121308e+00
1.153683547473089099e+00
1.153683547473085991e+00
1.135662122786231132e+00
1.135662122786228245e+00
1.127649750747193869e+00
1.127649750747191426e+00
1.121305186344487836e+00
1.121305186344487170e+00
1.118615790782165442e+00
1.118615790782160557e+00
1.112065965416043190e+00
1.112065965416041635e+00
1.108757357114060982e+00
1.108757357114060538e+00
1.105684367674531376e+00
1.105684367674528934e+00
1.102883861954750078e+00
1.102883861954748523e+00
1.085230915717803946e+00
1.085230915717801503e+00
1.082503622685377254e+00
1.082503622685374811e+00
1.080975129493472853e+00
1.080975129493472187e+00
1.075468337061266322e+00
1.075468337061265212e+00
1.072932528363349958e+00
1.072932528363349514e+00
1.067600390860813597e+00
1.067600390860810267e+00
1.064400070601278392e+00
1.064400070601273507e+00
1.056577604198994047e+00
1.056577604198992493e+00
1.052694042411437492e+00
1.052694042411436159e+00
1.049653332054832688e+00
1.049653332054830024e+00
1.044902277069606367e+00
1.044902277069600149e+00
1.039613989000423011e+00
1.039613989000422123e+00
1.035784830606959472e+00
1.035784830606955476e+00
1.033324145925671678e+00
1.033324145925668125e+00
1.026562254791056006e+00
1.026562254791053341e+00
1.025585417411049249e+00
1.025585417411046807e+00
1.022008959167708841e+00
1.022008959167705511e+00
1.017469877172494375e+00
1.017469877172466175e+00
1.017003792261395700e+00
1.017003792261392148e+00
1.014857530316125578e+00
1.014857530316121581e+00
1.011376527044518969e+00
1.011376527044511420e+00
1.010810462909060625e+00
1.010810462909057073e+00
1.004908646825595886e+00
1.004908646825593221e+00
1.000678833584172978e+00
1.000678833584168759e+00
1.000175002183620876e+00
1.000175002183620876e+00
1.000015484915445452e+00
1.000015484915444786e+00
1.000000000000211831e+00
1.000000000000099254e+00
1.000000000000049738e+00
1.000000000000037748e+00
1.000000000000033085e+00
1.000000000000031530e+00
1.000000000000023759e+00
1.000000000000021316e+00
1.000000000000018652e+00
1.000000000000016875e+00
1.000000000000016431e+00
1.000000000000016431e+00
1.000000000000012434e+00
1.000000000000011768e+00
1.000000000000011102e+00
1.000000000000009992e+00
1.000000000000008882e+00
1.000000000000008660e+00
1.000000000000006439e+00
1.000000000000005329e+00
1.000000000000004663e+00
1.000000000000003553e+00
1.000000000000002887e+00
1.000000000000002665e+00
1.000000000000002665e+00
1.000000000000002220e+00
1.000000000000001998e+00
1.000000000000001998e+00
1.000000000000001998e+00
1.000000000000001998e+00
1.000000000000001776e+00
1.000000000000001776e+00
1.000000000000001776e+00
1.000000000000001776e+00
1.000000000000001554e+00
1.000000000000001554e+00
1.000000000000001554e+00
1.000000000000001554e+00
1.000000000000001554e+00
1.000000000000001554e+00
1.000000000000001554e+00
1.000000000000001554e+00
1.000000000000001554e+00
1.000000000000001554e+00
1.000000000000001554e+00
1.000000000000001554e+00
1.000000000000001332e+00
1.000000000000001332e+00
1.000000000000001332e+00
1.000000000000001332e+00
1.000000000000001332e+00
1.000000000000001332e+00
1.000000000000001110e+00
1.000000000000001110e+00
1.000000000000001110e+00
1.000000000000001110e+00
1.000000000000001110e+00
1.000000000000001110e+00
1.000000000000001110e+00
1.000000000000001110e+00
1.000000000000001110e+00
1.000000000000001110e+00
1.000000000000001110e+00
1.000000000000001110e+00
1.000000000000001110e+00
1.000000000000001110e+00
1.000000000000001110e+00
1.000000000000001110e+00
1.000000000000001110e+00
1.000000000000001110e+00
1.000000000000001110e+00
1.000000000000001110e+00
1.000000000000001110e+00
1.000000000000001110e+00
1.000000000000001110e+00
1.000000000000001110e+00
1.000000000000001110e+00
1.000000000000001110e+00
1.000000000000001110e+00
1.000000000000001110e+00
1.000000000000001110e+00
1.000000000000001110e+00
1.000000000000001110e+00
1.000000000000000888e+00
1.000000000000000888e+00
1.000000000000000888e+00
1.000000000000000888e+00
1.000000000000000888e+00
1.000000000000000888e+00
1.000000000000000888e+00
1.000000000000000888e+00
1.000000000000000666e+00
1.000000000000000666e+00
1.000000000000000666e+00
1.000000000000000666e+00
1.000000000000000666e+00
1.000000000000000666e+00
1.000000000000000666e+00
1.000000000000000666e+00
1.000000000000000666e+00
1.000000000000000666e+00
1.000000000000000666e+00
1.000000000000000666e+00
1.000000000000000666e+00
1.000000000000000666e+00
1.000000000000000666e+00
1.000000000000000666e+00
1.000000000000000666e+00
1.000000000000000666e+00
1.000000000000000666e+00
1.000000000000000666e+00
1.000000000000000666e+00
1.000000000000000666e+00
1.000000000000000666e+00
1.000000000000000666e+00
1.000000000000000666e+00
1.000000000000000666e+00
1.000000000000000666e+00
1.000000000000000666e+00
1.000000000000000666e+00
1.000000000000000666e+00
1.000000000000000666e+00
1.000000000000000666e+00
1.000000000000000666e+00
1.000000000000000666e+00
1.000000000000000666e+00
1.000000000000000666e+00
1.000000000000000666e+00
1.000000000000000666e+00
1.000000000000000666e+00
1.000000000000000666e+00
1.000000000000000444e+00
1.000000000000000444e+00
1.000000000000000444e+00
1.000000000000000444e+00
1.000000000000000444e+00
1.000000000000000444e+00
1.000000000000000444e+00
1.000000000000000444e+00
1.000000000000000444e+00
1.000000000000000444e+00
1.000000000000000444e+00
1.000000000000000444e+00
1.000000000000000444e+00
1.000000000000000444e+00
1.000000000000000444e+00
1.000000000000000444e+00
1.000000000000000444e+00
1.000000000000000444e+00
1.000000000000000444e+00
1.000000000000000444e+00
1.000000000000000444e+00
1.000000000000000444e+00
1.000000000000000444e+00
1.000000000000000444e+00
1.000000000000000444e+00
1.000000000000000444e+00
1.000000000000000444e+00
1.000000000000000444e+00
1.000000000000000444e+00
1.000000000000000444e+00
1.000000000000000444e+00
1.000000000000000444e+00
1.000000000000000444e+00
1.000000000000000444e+00
1.000000000000000444e+00
1.000000000000000444e+00
1.000000000000000444e+00
1.000000000000000444e+00
1.000000000000000444e+00
1.000000000000000444e+00
1.000000000000000444e+00
1.000000000000000222e+00
1.000000000000000222e+00
1.000000000000000222e+00
1.000000000000000222e+00
1.000000000000000222e+00
1.000000000000000222e+00
1.000000000000000222e+00
1.000000000000000222e+00
1.000000000000000222e+00
1.000000000000000222e+00
1.000000000000000222e+00
1.000000000000000222e+00
1.000000000000000222e+00
1.000000000000000222e+00
1.000000000000000222e+00
1.000000000000000222e+00
1.000000000000000222e+00
1.000000000000000222e+00
1.000000000000000222e+00
1.000000000000000222e+00
1.000000000000000222e+00
1.000000000000000222e+00
1.000000000000000222e+00
1.000000000000000222e+00
1.000000000000000222e+00
1.000000000000000222e+00
1.000000000000000222e+00
1.000000000000000222e+00
1.000000000000000222e+00
1.000000000000000222e+00
1.000000000000000222e+00
1.000000000000000222e+00
1.000000000000000222e+00
1.000000000000000222e+00
1.000000000000000222e+00
1.000000000000000222e+00
1.000000000000000222e+00
1.000000000000000222e+00
1.000000000000000222e+00
1.000000000000000222e+00
1.000000000000000222e+00
1.000000000000000222e+00
1.000000000000000222e+00
1.000000000000000222e+00
1.000000000000000222e+00
1.000000000000000222e+00
1.000000000000000222e+00
1.000000000000000222e+00
1.000000000000000222e+00
1.000000000000000222e+00
1.000000000000000222e+00
1.000000000000000000e+00
1.000000000000000000e+00
1.000000000000000000e+00
1.000000000000000000e+00
1.000000000000000000e+00
1.000000000000000000e+00
1.000000000000000000e+00
1.000000000000000000e+00
1.000000000000000000e+00
1.000000000000000000e+00
1.000000000000000000e+00
1.000000000000000000e+00
1.000000000000000000e+00
1.000000000000000000e+00
1.000000000000000000e+00
1.000000000000000000e+00
1.000000000000000000e+00
1.000000000000000000e+00
1.000000000000000000e+00
1.000000000000000000e+00
1.000000000000000000e+00
1.000000000000000000e+00
1.000000000000000000e+00
1.000000000000000000e+00
1.000000000000000000e+00
1.000000000000000000e+00
1.000000000000000000e+00
1.000000000000000000e+00
1.000000000000000000e+00
1.000000000000000000e+00
1.000000000000000000e+00
1.000000000000000000e+00
9.999999999999998890e-01
9.999999999999998890e-01
9.999999999999998890e-01
9.999999999999998890e-01
9.999999999999998890e-01
9.999999999999998890e-01
9.999999999999998890e-01
9.999999999999998890e-01
9.999999999999998890e-01
9.999999999999998890e-01
9.999999999999998890e-01
9.999999999999998890e-01
9.999999999999998890e-01
9.999999999999998890e-01
9.999999999999998890e-01
9.999999999999998890e-01
9.999999999999998890e-01
9.999999999999998890e-01
9.999999999999998890e-01
9.999999999999998890e-01
9.999999999999998890e-01
9.999999999999998890e-01
9.999999999999998890e-01
9.999999999999998890e-01
9.999999999999998890e-01
9.999999999999998890e-01
9.999999999999998890e-01
9.999999999999998890e-01
9.999999999999998890e-01
9.999999999999998890e-01
9.999999999999998890e-01
9.999999999999998890e-01
9.999999999999998890e-01
9.999999999999998890e-01
9.999999999999998890e-01
9.999999999999998890e-01
9.999999999999998890e-01
9.999999999999998890e-01
9.999999999999998890e-01
9.999999999999998890e-01
9.999999999999998890e-01
9.999999999999998890e-01
9.999999999999998890e-01
9.999999999999998890e-01
9.999999999999998890e-01
9.999999999999998890e-01
9.999999999999998890e-01
9.999999999999998890e-01
9.999999999999998890e-01
9.999999999999998890e-01
9.999999999999998890e-01
9.999999999999998890e-01
9.999999999999998890e-01
9.999999999999998890e-01
9.999999999999998890e-01
9.999999999999998890e-01
9.999999999999998890e-01
9.999999999999998890e-01
9.999999999999998890e-01
9.999999999999998890e-01
9.999999999999998890e-01
9.999999999999998890e-01
9.999999999999998890e-01
9.999999999999998890e-01
9.999999999999998890e-01
9.999999999999998890e-01
9.999999999999998890e-01
9.999999999999997780e-01
9.999999999999997780e-01
9.999999999999997780e-01
9.999999999999997780e-01
9.999999999999997780e-01
9.999999999999997780e-01
9.999999999999997780e-01
9.999999999999997780e-01
9.999999999999997780e-01
9.999999999999997780e-01
9.999999999999997780e-01
9.999999999999997780e-01
9.999999999999997780e-01
9.999999999999997780e-01
9.999999999999997780e-01
9.999999999999997780e-01
9.999999999999997780e-01
9.999999999999997780e-01
9.999999999999997780e-01
9.999999999999997780e-01
9.999999999999997780e-01
9.999999999999997780e-01
9.999999999999997780e-01
9.999999999999997780e-01
9.999999999999997780e-01
9.999999999999997780e-01
9.999999999999997780e-01
9.999999999999997780e-01
9.999999999999997780e-01
9.999999999999996669e-01
9.999999999999996669e-01
9.999999999999996669e-01
9.999999999999996669e-01
9.999999999999996669e-01
9.999999999999996669e-01
9.999999999999996669e-01
9.999999999999996669e-01
9.999999999999996669e-01
9.999999999999996669e-01
9.999999999999996669e-01
9.999999999999996669e-01
9.999999999999996669e-01
9.999999999999996669e-01
9.999999999999996669e-01
9.999999999999996669e-01
9.999999999999996669e-01
9.999999999999996669e-01
9.999999999999996669e-01
9.999999999999996669e-01
9.999999999999996669e-01
9.999999999999996669e-01
9.999999999999996669e-01
9.999999999999996669e-01
9.999999999999996669e-01
9.999999999999996669e-01
9.999999999999996669e-01
9.999999999999996669e-01
9.999999999999996669e-01
9.999999999999996669e-01
9.999999999999996669e-01
9.999999999999996669e-01
9.999999999999996669e-01
9.999999999999996669e-01
9.999999999999996669e-01
9.999999999999996669e-01
9.999999999999996669e-01
9.999999999999996669e-01
9.999999999999996669e-01
9.999999999999996669e-01
9.999999999999996669e-01
9.999999999999996669e-01
9.999999999999996669e-01
9.999999999999996669e-01
9.999999999999996669e-01
9.999999999999996669e-01
9.999999999999996669e-01
9.999999999999996669e-01
9.999999999999996669e-01
9.999999999999996669e-01
9.999999999999996669e-01
9.999999999999994449e-01
9.999999999999994449e-01
9.999999999999994449e-01
9.999999999999994449e-01
9.999999999999994449e-01
9.999999999999994449e-01
9.999999999999994449e-01
9.999999999999994449e-01
9.999999999999994449e-01
9.999999999999994449e-01
9.999999999999994449e-01
9.999999999999994449e-01
9.999999999999994449e-01
9.999999999999994449e-01
9.999999999999994449e-01
9.999999999999994449e-01
9.999999999999994449e-01
9.999999999999994449e-01
9.999999999999994449e-01
9.999999999999994449e-01
9.999999999999994449e-01
9.999999999999994449e-01
9.999999999999994449e-01
9.999999999999994449e-01
9.999999999999994449e-01
9.999999999999994449e-01
9.999999999999994449e-01
9.999999999999994449e-01
9.999999999999994449e-01
9.999999999999994449e-01
9.999999999999993339e-01
9.999999999999993339e-01
9.999999999999993339e-01
9.999999999999993339e-01
9.999999999999993339e-01
9.999999999999993339e-01
9.999999999999993339e-01
9.999999999999993339e-01
9.999999999999993339e-01
9.999999999999993339e-01
9.999999999999993339e-01
9.999999999999993339e-01
9.999999999999993339e-01
9.999999999999993339e-01
9.999999999999993339e-01
9.999999999999993339e-01
9.999999999999993339e-01
9.999999999999993339e-01
9.999999999999993339e-01
9.999999999999993339e-01
9.999999999999993339e-01
9.999999999999991118e-01
9.999999999999991118e-01
9.999999999999991118e-01
9.999999999999991118e-01
9.999999999999991118e-01
9.999999999999991118e-01
9.999999999999991118e-01
9.999999999999991118e-01
9.999999999999991118e-01
9.999999999999991118e-01
9.999999999999991118e-01
9.999999999999991118e-01
9.999999999999991118e-01
9.999999999999991118e-01
9.999999999999991118e-01
9.999999999999991118e-01
9.999999999999991118e-01
9.999999999999991118e-01
9.999999999999991118e-01
9.999999999999991118e-01
9.999999999999991118e-01
9.999999999999991118e-01
9.999999999999991118e-01
9.999999999999991118e-01
9.999999999999991118e-01
9.999999999999991118e-01
9.999999999999991118e-01
9.999999999999991118e-01
9.999999999999991118e-01
9.999999999999991118e-01
9.999999999999991118e-01
9.999999999999991118e-01
9.999999999999991118e-01
9.999999999999990008e-01
9.999999999999990008e-01
9.999999999999990008e-01
9.999999999999990008e-01
9.999999999999990008e-01
9.999999999999990008e-01
9.999999999999990008e-01
9.999999999999990008e-01
9.999999999999990008e-01
9.999999999999990008e-01
9.999999999999990008e-01
9.999999999999990008e-01
9.999999999999988898e-01
9.999999999999988898e-01
9.999999999999988898e-01
9.999999999999988898e-01
9.999999999999988898e-01
9.999999999999988898e-01
9.999999999999988898e-01
9.999999999999988898e-01
9.999999999999988898e-01
9.999999999999988898e-01
9.999999999999988898e-01
9.999999999999988898e-01
9.999999999999988898e-01
9.999999999999988898e-01
9.999999999999988898e-01
9.999999999999986677e-01
9.999999999999986677e-01
9.999999999999986677e-01
9.999999999999986677e-01
9.999999999999986677e-01
9.999999999999986677e-01
9.999999999999986677e-01
9.999999999999986677e-01
9.999999999999986677e-01
9.999999999999986677e-01
9.999999999999986677e-01
9.999999999999985567e-01
9.999999999999985567e-01
9.999999999999985567e-01
9.999999999999985567e-01
9.999999999999985567e-01
9.999999999999985567e-01
9.999999999999985567e-01
9.999999999999985567e-01
9.999999999999985567e-01
9.999999999999985567e-01
9.999999999999985567e-01
9.999999999999985567e-01
9.999999999999985567e-01
9.999999999999985567e-01
9.999999999999983347e-01
9.999999999999983347e-01
9.999999999999983347e-01
9.999999999999982236e-01
9.999999999999982236e-01
9.999999999999982236e-01
9.999999999999982236e-01
9.999999999999982236e-01
9.999999999999982236e-01
9.999999999999981126e-01
9.999999999999981126e-01
9.999999999999981126e-01
9.999999999999981126e-01
9.999999999999978906e-01
9.999999999999978906e-01
9.999999999999977796e-01
9.999999999999977796e-01
9.999999999999974465e-01
9.999999999999974465e-01
9.999999999999973355e-01
9.999999999999971134e-01
9.999999999999970024e-01
9.999999999999966693e-01
9.999999999999966693e-01
9.999999999999955591e-01
9.999999999999938938e-01
9.999999999999938938e-01
9.999999999999912292e-01
9.999999999999904521e-01
9.999999999999901190e-01
9.999999999999885647e-01
9.999999999999881206e-01
9.999999999999865663e-01
9.999999999999850120e-01
9.999999999999839018e-01
9.999999999999829026e-01
9.999999999999759082e-01
9.999999999999740208e-01
9.999999999999735767e-01
9.999999999999694689e-01
9.999999999999669154e-01
9.999999999999519273e-01
9.999999999999100719e-01
9.999999999997906119e-01
9.999976546364506280e-01
9.999976546364495178e-01
9.999927895638924813e-01
9.999927895638838216e-01
9.999227571066998665e-01
9.999227571066983122e-01
9.999023016451468182e-01
9.999023016451420443e-01
9.998280754611273968e-01
9.998280754611238441e-01
9.996479083584111081e-01
9.996479083584036696e-01
9.995950783336668977e-01
9.995950783336644552e-01
9.994761756607929426e-01
9.994761756607868364e-01
9.993455987280405184e-01
9.993455987280356334e-01
9.993018146545228353e-01
9.993018146545177283e-01
9.991453833318946209e-01
9.991453833318933997e-01
9.990973898549779797e-01
9.990973898549749821e-01
9.990858883734049511e-01
9.990858883733971796e-01
9.989615233741829803e-01
9.989615233741807598e-01
9.989123611759683774e-01
9.989123611759637145e-01
9.987226546281638973e-01
9.987226546281592343e-01
9.985577664622223848e-01
9.985577664622194982e-01
9.983664006137875635e-01
9.983664006137853431e-01
9.981896634639966237e-01
9.981896634639846333e-01
9.980051435178526331e-01
9.980051435178449726e-01
9.978833962980823147e-01
9.978833962980800942e-01
9.978293616773860064e-01
9.978293616773792341e-01
9.977575179012364570e-01
9.977575179012346807e-01
9.976457099576458987e-01
9.976457099576437892e-01
9.972835896944084455e-01
9.972835896944040046e-01
9.970579543462116945e-01
9.970579543462096961e-01
9.966776232711594963e-01
9.966776232711562766e-01
9.966439783988222390e-01
9.966439783988186862e-01
9.964143295655436550e-01
9.964143295655413235e-01
9.961312843744303258e-01
9.961312843744298817e-01
9.959130893473080448e-01
9.959130893473070456e-01
9.957455686852155763e-01
9.957455686852114685e-01
9.955831085839270678e-01
9.955831085838152683e-01
9.953038524520390062e-01
9.953038524520341213e-01
9.950090528524290212e-01
9.950090528524271338e-01
9.948626883591562553e-01
9.948626883591550341e-01
9.947417365593100858e-01
9.947417365593093086e-01
9.946225848228422706e-01
9.946225848228379407e-01
9.945249284317738692e-01
9.945249284317729810e-01
9.943809332990890537e-01
9.943809332990846128e-01
9.941574716760815944e-01
9.941574716760793740e-01
9.937089766676051594e-01
9.937089766676028280e-01
9.936763602226750258e-01
9.936763602226723613e-01
9.933363252933343768e-01
9.933363252933321563e-01
9.928948951085116992e-01
9.928948951085090346e-01
9.925717677914873693e-01
9.925717677914804860e-01
9.924194155700390985e-01
9.924194155700352127e-01
9.922039582723594098e-01
9.922039582723564122e-01
9.919477637991156449e-01
9.919477637991148677e-01
9.917436193360965602e-01
9.917436193360855690e-01
9.913966690954509886e-01
9.913966690954506555e-01
9.906826114770689307e-01
9.906826114770681535e-01
9.902820701246191071e-01
9.902820701246183299e-01
9.901187986867210356e-01
9.901187986867179269e-01
9.899955220672956857e-01
9.899955220672906897e-01
9.893924425009594792e-01
9.893924425009577028e-01
9.889772835459471612e-01
9.889772835459448297e-01
9.885888647868694701e-01
9.885888647868678047e-01
9.882038186696728843e-01
9.882038186696698867e-01
9.874440015681132943e-01
9.874440015681115179e-01
9.868815331823272974e-01
9.868815331823254100e-01
9.861659806606234424e-01
9.861659806606200007e-01
9.855784152813424903e-01
9.855784152813407140e-01
9.853569346174321231e-01
9.853569346174313459e-01
9.846361899895230696e-01
9.846361899895204051e-01
9.839487577444964161e-01
9.839487577444934185e-01
9.832745059760880091e-01
9.832745059760851225e-01
9.829584209317865362e-01
9.829584209317843158e-01
9.819532292601023116e-01
9.819532292600987589e-01
9.811656276373642571e-01
9.811656276373607044e-01
9.803661791698264905e-01
9.803661791698244921e-01
9.796898250856627133e-01
9.796898250856618251e-01
9.785211368314726821e-01
9.785211368314711278e-01
9.780343595293509162e-01
9.780343595293441439e-01
9.775707539939278989e-01
9.775707539939234580e-01
9.770132039476739916e-01
9.770132039476721042e-01
9.754667162047874207e-01
9.754667162047805373e-01
9.750598122214376717e-01
9.750598122214355623e-01
9.732759712890999282e-01
9.732759712890985959e-01
9.727489804996706235e-01
9.727489804996649614e-01
9.722315546968007816e-01
9.722315546967976729e-01
9.718692287301174959e-01
9.718692287301106125e-01
9.717924407430402756e-01
9.717924407430352796e-01
9.689846266907078398e-01
9.689846266907052863e-01
9.683709267122041497e-01
9.683709267122021513e-01
9.683589088028080605e-01
9.683589088028076164e-01
9.678084826297915777e-01
9.678084826297909116e-01
9.666012109676616060e-01
9.666012109676583863e-01
9.658726071262273560e-01
9.658726071262219159e-01
9.656427007332650803e-01
9.656427007332635259e-01
9.644973919810586604e-01
9.644973919810564400e-01
9.633468371848532552e-01
9.633468371848521450e-01
9.620631141696828204e-01
9.620631141696815991e-01
9.607455829257244284e-01
9.607455829257207647e-01
9.599824357577543266e-01
9.599824357577531053e-01
9.588379393365873415e-01
9.588379393365826786e-01
9.576327563582278657e-01
9.576327563582270885e-01
9.547452125128305100e-01
9.547452125128224054e-01
9.545766949379066446e-01
9.545766949379048683e-01
9.531747709683157099e-01
9.531747709683142666e-01
9.493621531862386220e-01
9.493621531862319607e-01
9.492187103368183720e-01
9.492187103368160406e-01
9.485327297803302082e-01
9.485327297803274327e-01
9.473756267067615644e-01
9.473756267067590109e-01
9.469205370335633809e-01
9.469205370335618266e-01
9.447479981969300056e-01
9.447479981969284513e-01
9.435357077651042035e-01
9.435357077651037594e-01
9.431728597171722406e-01
9.431728597171625816e-01
9.416476796686323869e-01
9.416476796686310546e-01
9.399427366035199016e-01
9.399427366035173481e-01
9.386797536963007449e-01
9.386797536962995236e-01
9.381119074947974479e-01
9.381119074947936731e-01
9.365242451982217498e-01
9.365242451982194183e-01
9.353017852978813274e-01
9.353017852978798841e-01
9.350636282189640491e-01
9.350636282189637161e-01
9.339050950150890040e-01
9.339050950150851182e-01
9.333338417165969458e-01
9.333338417165916168e-01
9.321471491244339713e-01
9.321471491244327501e-01
9.316499499781821791e-01
9.316499499781797367e-01
9.301718140887367259e-01
9.301718140887362818e-01
9.283890357570160345e-01
9.283890357570134810e-01
9.261501892857421092e-01
9.261501892857405549e-01
9.259687819280449927e-01
9.259687819280391086e-01
9.242635153639130463e-01
9.242635153639096046e-01
9.208645606402576789e-01
9.208645606402530159e-01
9.204450897316905911e-01
9.204450897316888147e-01
9.191896327260056232e-01
9.191896327260039579e-01
9.173520587788808189e-01
9.173520587788797087e-01
9.143092284056181240e-01
9.143092284056149044e-01
9.115622485698705590e-01
9.115622485698662292e-01
9.095250520666431360e-01
9.095250520666372518e-01
9.091565673418013915e-01
9.091565673417997262e-01
9.075395233187134592e-01
9.075395233187072419e-01
9.060980811807632929e-01
9.060980811807609614e-01
9.045397183168042421e-01
9.045397183167988020e-01
9.039552306331266607e-01
9.039552306331226639e-01
8.981039878272631949e-01
8.981039878272627508e-01
8.951963283793570314e-01
8.951963283793489268e-01
8.938021328695040513e-01
8.938021328694985002e-01
8.926848878003401655e-01
8.926848878003372789e-01
8.898195380136139088e-01
8.898195380136119104e-01
8.858143853746516250e-01
8.858143853746477392e-01
8.845753420640217746e-01
8.845753420640194431e-01
8.808833406083140805e-01
8.808833406083130813e-01
8.790831543112174185e-01
8.790831543112154201e-01
8.753226961686682017e-01
8.753226961686654262e-01
8.740774460808338198e-01
8.740774460808328206e-01
8.740320488976430768e-01
8.740320488976416335e-01
8.691021540535353029e-01
8.691021540535336376e-01
8.661279567712477645e-01
8.661279567712459881e-01
8.651272063625177200e-01
8.651272063625161657e-01
8.637616421747323914e-01
8.637616421747291717e-01
8.622765449350521250e-01
8.622765449350471290e-01
8.614799410653840583e-01
8.614799410653836143e-01
8.590809643510234350e-01
8.590809643510205484e-01
8.573703426190608656e-01
8.573703426190576460e-01
8.546803971755825291e-01
8.546803971755804197e-01
8.521171317470678241e-01
8.521171317470653817e-01
8.497926318196680207e-01
8.497926318196625806e-01
8.473935923764893685e-01
8.473935923764854827e-01
8.455068432690446834e-01
8.455068432690395763e-01
8.418622830226203391e-01
8.418622830226177856e-01
8.412478238767427952e-01
8.412478238767415739e-01
8.394020182525473439e-01
8.394020182525431251e-01
8.361298383780988441e-01
8.361298383780958465e-01
8.346898931791799647e-01
8.346898931791780774e-01
8.281182204503676481e-01
8.281182204503662048e-01
8.238472893545775166e-01
8.238472893545759623e-01
8.193863824255047668e-01
8.193863824255025463e-01
8.175120587115052295e-01
8.175120587115032311e-01
8.162405660154220532e-01
8.162405660154220532e-01
8.138127119555762512e-01
8.138127119555736977e-01
8.118462746547461251e-01
8.118462746547422393e-01
8.110356755925609562e-01
8.110356755925596239e-01
8.071725041292903136e-01
8.071725041292845404e-01
8.042411829373978804e-01
8.042411829373952159e-01
8.026943118476640437e-01
8.026943118476601580e-01
7.929387816037886116e-01
7.929387816037857251e-01
7.906844062045473853e-01
7.906844062045448318e-01
7.827372925934763526e-01
7.827372925934741321e-01
7.804383702236717957e-01
7.804383702236686871e-01
7.797112854755312572e-01
7.797112854755242628e-01
7.723440075056769993e-01
7.723440075056733356e-01
7.690927335953984256e-01
7.690927335953958721e-01
7.666849445395483853e-01
7.666849445395452767e-01
7.652145606769719111e-01
7.652145606769691355e-01
7.617991062583957529e-01
7.617991062583922002e-01
7.605580406619648626e-01
7.605580406619636413e-01
7.594535875143876291e-01
7.594535875143860748e-01
7.571193841036601979e-01
7.571193841036566452e-01
7.527447363866098806e-01
7.527447363866058838e-01
7.448600103398007599e-01
7.448600103397982064e-01
7.400279534731436515e-01
7.400279534731425413e-01
7.381925215524953732e-01
7.381925215524933748e-01
7.332579283704546702e-01
7.332579283704517836e-01
7.287206954582953200e-01
7.287206954582933216e-01
7.247776245375887605e-01
7.247776245375837645e-01
7.242825850004099841e-01
7.242825850004073196e-01
7.218145392477250954e-01
7.218145392477237632e-01
7.166931835779073445e-01
7.166931835779031257e-01
7.144950310227355939e-01
7.144950310227350387e-01
7.093251129093820495e-01
7.093251129093804952e-01
7.067590740403055793e-01
7.067590740403034699e-01
6.984973391293621825e-01
6.984973391293606282e-01
6.962147807241375608e-01
6.962147807241368946e-01
6.860168035919512741e-01
6.860168035919484986e-01
6.827816975279287215e-01
6.827816975279235034e-01
6.764933265253753047e-01
6.764933265253725292e-01
6.746024518490063571e-01
6.746024518490046917e-01
6.725421997095897275e-01
6.725421997095840654e-01
6.668511688320013509e-01
6.668511688319995745e-01
6.607460753817330223e-01
6.607460753817302468e-01
6.535250407049979504e-01
6.535250407049949528e-01
6.517122426756440934e-01
6.517122426756394304e-01
6.476358423981509738e-01
6.476358423981498635e-01
6.425482114110810938e-01
6.425482114110803167e-01
6.383429840602166117e-01
6.383429840602136141e-01
6.347188774285367208e-01
6.347188774285349444e-01
6.323851665162680824e-01
6.323851665162647517e-01
6.312198780986444380e-01
6.312198780986415514e-01
6.248614431306220851e-01
6.248614431306142025e-01
6.191172631328578646e-01
6.191172631328550890e-01
6.163558190860340957e-01
6.163558190860318753e-01
6.128163824693135808e-01
6.128163824693122486e-01
6.096793682376073775e-01
6.096793682376024925e-01
6.060050125709076640e-01
6.060050125709033342e-01
6.029271670486106016e-01
6.029271670486081591e-01
6.009302790265724781e-01
6.009302790265595995e-01
5.976504627649494861e-01
5.976504627649468215e-01
5.966475456735156335e-01
5.966475456735116367e-01
5.942521783012556513e-01
5.942521783012496561e-01
5.931827802334638244e-01
5.931827802334603827e-01
5.917375260534132320e-01
5.917375260534117887e-01
5.846241052664631344e-01
5.846241052664620241e-01
5.771015909160951418e-01
5.771015909160935875e-01
5.730409383156953584e-01
5.730409383156925829e-01
5.618143265568780187e-01
5.618143265568749101e-01
5.590116017508856006e-01
5.590116017508819368e-01
5.552439806566668024e-01
5.552439806566641378e-01
5.518888386708034055e-01
5.518888386707804239e-01
5.478183701752786794e-01
5.478183701752742385e-01
5.457293636610232035e-01
5.457293636610205390e-01
5.430080451184192691e-01
5.430080451184126078e-01
5.392234524828852793e-01
5.392234524828828368e-01
5.293547742963452540e-01
5.293547742963412572e-01
5.283293359999854388e-01
5.283293359999777783e-01
5.279659832511490736e-01
5.279659832511479634e-01
5.230666344053520600e-01
5.230666344053491734e-01
5.198599697982094758e-01
5.198599697982020373e-01
5.098481204679884415e-01
5.098481204679792267e-01
5.070641227348694491e-01
5.070641227348591240e-01
5.030195354135049701e-01
5.030195354135003072e-01
5.002695907707319645e-01
5.002695907707295220e-01
4.967434862360589620e-01
4.967434862360352588e-01
4.906936005512946286e-01
4.906936005512926302e-01
4.897222184372252984e-01
4.897222184372235776e-01
4.790082580863112560e-01
4.790082580863081474e-01
4.739407911134467244e-01
4.739407911134451146e-01
4.728055513381442809e-01
4.728055513381422825e-01
4.657105905858207606e-01
4.657105905858196504e-01
4.612450955958373178e-01
4.612450955958312671e-01
4.517407869702451673e-01
4.517407869702442236e-01
4.491671378724341746e-01
4.491671378724331753e-01
4.374152734895560002e-01
4.374152734895545569e-01
4.349486530185547317e-01
4.349486530185537880e-01
4.332746975402138601e-01
4.332746975402118061e-01
4.287616139404969440e-01
4.287616139404964999e-01
4.217337781946127739e-01
4.217337781946075559e-01
4.157293036256043406e-01
4.157293036255990115e-01
4.111313307483319690e-01
4.111313307483319690e-01
4.101737498945643434e-01
4.101737498945633442e-01
4.071082725740244324e-01
4.071082725740238772e-01
4.021751744406903417e-01
4.021751744406868445e-01
3.951742129393200353e-01
3.951742129393186476e-01
3.860521641760896738e-01
3.860521641760890077e-01
3.744655421845966004e-01
3.744655421845938803e-01
3.601204705486660829e-01
3.601204705486570345e-01
3.501557272968251477e-01
3.501557272968244261e-01
3.484039431383473273e-01
3.484039431383457175e-01
3.418172775137763852e-01
3.418172775137734432e-01
3.323115602393639234e-01
3.323115602393593160e-01
3.268207174963695394e-01
3.268207174963656536e-01
3.255130110630545803e-01
3.255130110630511941e-01
3.233479625639685273e-01
3.233479625639668065e-01
3.185389325985040210e-01
3.185389325984990250e-01
3.147562892234382348e-01
3.147562892234345711e-01
3.046072628368164947e-01
3.046072628368143298e-01
2.995694734603596698e-01
2.995694734603531750e-01
2.956542503334371186e-01
2.956542503334295136e-01
2.831596684902814576e-01
2.831596684902809025e-01
2.711610303097171659e-01
2.711610303097054531e-01
2.621459093405111851e-01
2.621459093405054674e-01
2.599853484108051727e-01
2.599853484108014534e-01
2.520269504314309184e-01
2.520269504314291420e-01
2.398134740570496692e-01
2.398134740570464218e-01
2.386256831294282510e-01
2.386256831294240321e-01
2.322659286661160338e-01
2.322659286661157840e-01
2.286506282498535492e-01
2.286506282498494136e-01
2.093088123511056831e-01
2.093088123510919718e-01
2.055963111600192517e-01
2.055963111600124515e-01
1.722968961970328672e-01
1.722968961970310353e-01
1.554503810468055025e-01
1.554503810468048086e-01
1.511543382990436502e-01
1.511543382990409856e-01
1.371303126185521026e-01
1.371303126185516308e-01
1.294793632148790730e-01
1.294793632148766582e-01
9.912202280597091908e-02
9.912202280596990600e-02
8.409190026904612980e-02
8.409190026904138360e-02
5.232615720904897766e-02
5.232615720904783274e-02
4.657219813119781171e-02
4.657219813119697210e-02
3.604426498295976861e-02
3.604426498295285053e-02
2.142540879444657445e-02
2.142540879444534974e-02
6.858630251037640090e-13
6.182127501711783436e-13
5.592530773155481588e-13
5.142999879612036105e-13
4.011272672344679109e-13
3.455272089745580966e-13
3.384216188391814310e-13
3.166029871955501695e-13
2.847157037461439937e-13
2.687546545935176633e-13
2.667457464341685903e-13
2.593327850976034135e-13
2.469613062686763252e-13
2.387515924142295069e-13
2.189115356364437450e-13
2.162731111709943965e-13
2.127478221888042808e-13
2.078759117035065886e-13
1.959056974555333780e-13
1.942987328404631532e-13
1.903950879884698094e-13
1.888437602865132818e-13
1.840305769467142157e-13
1.770518415527741762e-13
1.723435653633034996e-13
1.696507355427999814e-13
1.677429611370410083e-13
1.668449581079539134e-13
1.610171237167036329e-13
1.605174115372093030e-13
1.532641286705682052e-13
1.518614422267829463e-13
1.482179520303295825e-13
1.469538149888450230e-13
1.442954422202618557e-13
1.423895537363389355e-13
1.397610915851386381e-13
1.381113759146687102e-13
1.367097294299186134e-13
1.339649968374948499e-13
1.329111972083167751e-13
1.299092342569373211e-13
1.275995781310793942e-13
1.264320301097721513e-13
1.242745315560538985e-13
1.231702519129217713e-13
1.209305511081316545e-13
1.192623750788240636e-13
1.179001034483191393e-13
1.164082185943697466e-13
1.145959956544355807e-13
1.133130018727969122e-13
1.132618957119423801e-13
1.114975224317153727e-13
1.092620189511467425e-13
1.090873071484752890e-13
1.063428616022895460e-13
1.055641642948842102e-13
1.044204502740297233e-13
1.035337966413441555e-13
1.022528618542471644e-13
1.017914751413202096e-13
1.014524136800333912e-13
1.004927171681009257e-13
