# Singular values
5.156192218407770724e+02
5.156192218407770724e+02
1.306707234937429405e+02
1.306707234937428552e+02
1.188455480006300888e+02
1.188455480006299183e+02
9.418700510778022306e+01
9.418700510778018042e+01
6.424473346837282861e+01
6.424473346837277177e+01
5.536320648633456187e+01
5.536320648633456187e+01
5.394535155227946177e+01
5.394535155227918466e+01
4.718050444834181434e+01
4.718050444834172197e+01
3.974607688723421717e+01
3.974607688723419585e+01
3.943233192813328714e+01
3.943233192813327292e+01
3.788644471281470771e+01
3.788644471281465798e+01
2.934275302415205644e+01
2.934275302415201381e+01
2.657209740613850002e+01
2.657209740613846449e+01
2.398173286519969594e+01
2.398173286519967817e+01
2.284961916655720060e+01
2.284961916655714731e+01
1.973283306919663360e+01
1.973283306919661939e+01
1.894036231459242359e+01
1.894036231459235964e+01
1.867273113867010537e+01
1.867273113867009116e+01
1.830778532464141861e+01
1.830778532464135822e+01
1.639801203869915014e+01
1.639801203869911816e+01
1.622075970306421056e+01
1.622075970306416437e+01
1.508781554741903719e+01
1.508781554741883646e+01
1.487241008590470415e+01
1.487241008590470415e+01
1.456865832394449356e+01
1.456865832394441362e+01
1.397501463246003794e+01
1.397501463246002196e+01
1.367512278150156035e+01
1.367512278150154437e+01
1.296130542467866142e+01
1.296130542467862767e+01
1.241956351174180639e+01
1.241956351174180107e+01
1.221545233227530680e+01
1.221545233227528193e+01
1.197312288568719119e+01
1.197312288568714322e+01
1.178178723590807309e+01
1.178178723590803934e+01
1.098099370124737462e+01
1.098099370124736751e+01
1.062736402034246019e+01
1.062736402034244776e+01
9.989399323465303127e+00
9.989399323465303127e+00
9.679645782515876817e+00
9.679645782515843067e+00
9.152485019777774511e+00
9.152485019777664377e+00
9.145330460574545128e+00
9.145330460574520259e+00
8.887368959185407036e+00
8.887368959185348416e+00
8.808028017041198865e+00
8.808028017041191760e+00
8.716860372157695380e+00
8.716860372157674064e+00
8.565192344556038506e+00
8.565192344556010084e+00
8.511420157130425324e+00
8.511420157130304531e+00
8.102710030426255372e+00
8.102710030426250043e+00
7.849331678059321860e+00
7.849331678059315642e+00
7.365538838314633630e+00
7.365538838314628300e+00
7.213749285492029983e+00
7.213749285492024654e+00
7.111004951966767074e+00
7.111004951966755527e+00
7.000000000000012434e+00
7.000000000000008882e+00
6.780095034197258563e+00
6.780095034197255011e+00
6.600901300113348746e+00
6.600901300113311443e+00
6.541748433223386172e+00
6.541748433223367520e+00
6.400173463940247665e+00
6.400173463940217466e+00
6.351584538482503817e+00
6.351584538482473619e+00
6.187478550880282313e+00
6.187478550880021189e+00
6.077769530765813499e+00
6.077769530765716688e+00
6.005943751190072177e+00
6.005943751189871449e+00
6.000000000000022204e+00
5.999999999999995559e+00
5.961172025271679331e+00
5.961172025271642916e+00
5.349019053781359112e+00
5.349019053781336908e+00
5.207241047747905860e+00
5.207241047747894314e+00
5.170100532548294936e+00
5.170100532548269179e+00
5.099019513592792485e+00
5.099019513592789821e+00
5.099019513592788932e+00
5.099019513592788044e+00
5.099019513592779163e+00
5.099019513592770281e+00
5.014479811251280061e+00
5.014479811251275621e+00
5.000000000000003553e+00
4.999999999999983125e+00
4.806506171861974153e+00
4.806506171861951948e+00
4.503772965021335395e+00
4.503772965021287433e+00
4.479539660356152808e+00
4.479539660356139485e+00
4.371746169626207212e+00
4.371746169626203660e+00
4.289136672655804006e+00
4.289136672655784466e+00
4.238675708166604217e+00
4.238675708166568690e+00
4.227647538568299446e+00
4.227647538568287899e+00
4.178595859849597360e+00
4.178595859849585814e+00
4.123105625617676573e+00
4.123105625617660586e+00
4.084634191152503035e+00
4.084634191152495042e+00
4.034177794461792033e+00
4.034177794461768940e+00
4.004765910955143227e+00
4.004765910955092600e+00
4.000000000000013323e+00
4.000000000000007105e+00
4.000000000000006217e+00
4.000000000000004441e+00
4.000000000000000000e+00
3.999999999999995559e+00
3.931748840122769373e+00
3.931748840122753830e+00
3.680872051645933229e+00
3.680872051645915466e+00
3.652482597850430057e+00
3.652482597850408741e+00
3.603115618027000533e+00
3.603115618026992539e+00
3.529135586119255041e+00
3.529135586119242607e+00
3.464101615137764156e+00
3.464101615137755719e+00
3.464088710639600333e+00
3.464088710639592339e+00
3.317850619034199422e+00
3.317850619034185655e+00
3.316624790355433117e+00
3.316624790355400698e+00
3.278752552066799719e+00
3.278752552066794834e+00
3.265777392406848723e+00
3.265777392406842949e+00
3.251032900183763452e+00
3.251032900183753682e+00
3.169644982719096671e+00
3.169644982719085125e+00
3.100414242039096990e+00
3.100414242039087220e+00
3.095772655439243515e+00
3.095772655439225307e+00
3.014264002160016442e+00
3.014264002160012890e+00
3.000000000000007105e+00
3.000000000000003997e+00
3.000000000000002220e+00
3.000000000000000888e+00
3.000000000000000444e+00
2.999999999999997780e+00
2.999999999999997335e+00
2.999999999999995115e+00
2.999603015133221362e+00
2.999603015133147643e+00
2.997387352424978335e+00
2.997387352424971230e+00
2.850990000998805396e+00
2.850990000998792073e+00
2.846400290196189786e+00
2.846400290196175131e+00
2.828427124746199617e+00
2.828427124746194732e+00
2.828427124746190735e+00
2.828427124746187626e+00
2.828427124746185406e+00
2.828427124746180521e+00
2.774887260080494134e+00
2.774887260080481255e+00
2.640898131869640064e+00
2.640898131869632071e+00
2.620625691251782907e+00
2.620625691251772693e+00
2.606976554622311593e+00
2.606976554622299602e+00
2.599371052850134589e+00
2.599371052850130592e+00
2.508788380990389033e+00
2.508788380990376155e+00
2.476275214124452173e+00
2.476275214124421531e+00
2.449489742783176993e+00
2.449489742783174773e+00
2.353775960354646646e+00
2.353775960354640429e+00
2.330125186081691169e+00
2.330125186081683175e+00
2.236067977499799575e+00
2.236067977499791581e+00
2.236067977499790693e+00
2.236067977499789805e+00
2.236067977499789361e+00
2.236067977499788473e+00
2.236067977499786696e+00
2.236067977499778703e+00
2.227797100340403791e+00
2.227797100340401126e+00
2.195058039012719675e+00
2.195058039012718787e+00
2.079428630264863465e+00
2.079428630264860356e+00
2.039913158457545617e+00
2.039913158457498099e+00
2.000000000000011102e+00
2.000000000000003553e+00
2.000000000000002220e+00
1.999999999999999778e+00
1.999999999999999778e+00
1.999999999999998890e+00
1.999999999999998890e+00
1.999999999999998890e+00
1.999999999999998890e+00
1.999999999999998446e+00
1.999999999999998224e+00
1.999999999999998224e+00
1.999999999999997780e+00
1.999999999999997335e+00
1.999999999999997335e+00
1.999999999999997335e+00
1.999999999999996669e+00
1.999999999999996225e+00
1.999999999999994227e+00
1.999999999999993561e+00
1.999999999999991562e+00
1.999999999999985789e+00
1.999542894666159087e+00
1.999542894666151316e+00
1.998916713635725761e+00
1.998916713635720654e+00
1.993950115745414031e+00
1.993950115745406704e+00
1.953985268133165976e+00
1.953985268133091147e+00
1.924998459263667083e+00
1.924998459263663531e+00
1.923497880906598567e+00
1.923497880906592128e+00
1.887500010869473943e+00
1.887500010869468614e+00
1.859830096951759826e+00
1.859830096951756273e+00
1.846464736087565006e+00
1.846464736087558123e+00
1.842793933942644236e+00
1.842793933942635576e+00
1.796830904711853805e+00
1.796830904711849586e+00
1.779234689769684241e+00
1.779234689769681577e+00
1.751727125229304960e+00
1.751727125229278981e+00
1.732050807568878525e+00
1.732050807568876971e+00
1.732050807568875417e+00
1.732050807568872530e+00
1.660808531422180767e+00
1.660808531422163004e+00
1.631622375288855897e+00
1.631622375288841020e+00
1.625995381369989889e+00
1.625995381369980564e+00
1.618033988749899565e+00
1.618033988749897789e+00
1.618033988749894014e+00
1.618033988749892904e+00
1.618033988749891128e+00
1.618033988749891128e+00
1.511043110472818363e+00
1.511043110472808149e+00
1.453476458164885354e+00
1.453476458164867147e+00
1.439681799066596213e+00
1.439681799066591106e+00
1.415689596225933489e+00
1.415689596225929714e+00
1.414213562373112465e+00
1.414213562373104249e+00
1.414213562373101807e+00
1.414213562373101807e+00
1.414213562373097366e+00
1.414213562373097144e+00
1.414213562373096700e+00
1.414213562373096478e+00
1.414213562373096478e+00
1.414213562373096478e+00
1.414213562373096478e+00
1.414213562373096478e+00
1.414213562373096034e+00
1.414213562373096034e+00
1.414213562373096034e+00
1.414213562373095812e+00
1.414213562373095812e+00
1.414213562373095812e+00
1.414213562373095590e+00
1.414213562373095590e+00
1.414213562373095590e+00
1.414213562373095368e+00
1.414213562373095145e+00
1.414213562373095145e+00
1.414213562373094923e+00
1.414213562373094923e+00
1.414213562373094479e+00
1.414213562373094257e+00
1.414213562373094257e+00
1.414213562373094257e+00
1.414213562373094035e+00
1.414213562373094035e+00
1.414213562373093147e+00
1.414213562373091593e+00
1.414213562373090038e+00
1.414213562373078714e+00
1.413177654755138901e+00
1.413177654755134904e+00
1.413132294837271985e+00
1.413132294837267100e+00
1.408514641169863912e+00
1.408514641169837267e+00
1.408002541998526702e+00
1.408002541998522483e+00
1.405236051743696590e+00
1.405236051743689263e+00
1.404801904904659837e+00
1.404801904904658061e+00
1.401900740490004349e+00
1.401900740490001684e+00
1.393450053746518202e+00
1.393450053746510431e+00
1.384893258272172467e+00
1.384893258272169803e+00
1.355833151844216600e+00
1.355833151844205942e+00
1.343671891213076508e+00
1.343671891213055858e+00
1.322672486879811204e+00
1.322672486879804987e+00
1.258825462170345411e+00
1.258825462170328091e+00
1.248120976892303613e+00
1.248120976892300504e+00
1.245171312128841912e+00
1.245171312128837027e+00
1.228637579216943942e+00
1.228637579216933284e+00
1.199011633113413078e+00
1.199011633113405750e+00
1.188521369304644582e+00
1.188521369304641029e+00
1.180135760583859383e+00
1.180135760583790994e+00
1.136584657632032869e+00
1.136584657632031092e+00
1.005988076279870747e+00
1.005988076279860532e+00
1.001037320559134081e+00
1.001037320559129418e+00
1.000000000000052403e+00
1.000000000000043743e+00
1.000000000000010880e+00
1.000000000000009326e+00
1.000000000000007550e+00
1.000000000000007550e+00
1.000000000000005995e+00
1.000000000000003775e+00
1.000000000000001554e+00
1.000000000000001554e+00
1.000000000000001332e+00
1.000000000000001332e+00
1.000000000000001332e+00
1.000000000000001332e+00
1.000000000000001110e+00
1.000000000000001110e+00
1.000000000000001110e+00
1.000000000000001110e+00
1.000000000000001110e+00
1.000000000000001110e+00
1.000000000000001110e+00
1.000000000000001110e+00
1.000000000000000888e+00
1.000000000000000888e+00
1.000000000000000888e+00
1.000000000000000888e+00
1.000000000000000888e+00
1.000000000000000888e+00
1.000000000000000888e+00
1.000000000000000888e+00
1.000000000000000888e+00
1.000000000000000888e+00
1.000000000000000888e+00
1.000000000000000888e+00
1.000000000000000888e+00
1.000000000000000666e+00
1.000000000000000666e+00
1.000000000000000666e+00
1.000000000000000666e+00
1.000000000000000666e+00
1.000000000000000666e+00
1.000000000000000666e+00
1.000000000000000666e+00
1.000000000000000666e+00
1.000000000000000666e+00
1.000000000000000666e+00
1.000000000000000666e+00
1.000000000000000666e+00
1.000000000000000666e+00
1.000000000000000666e+00
1.000000000000000666e+00
1.000000000000000666e+00
1.000000000000000666e+00
1.000000000000000666e+00
1.000000000000000666e+00
1.000000000000000666e+00
1.000000000000000666e+00
1.000000000000000666e+00
1.000000000000000444e+00
1.000000000000000444e+00
1.000000000000000444e+00
1.000000000000000444e+00
1.000000000000000444e+00
1.000000000000000444e+00
1.000000000000000444e+00
1.000000000000000444e+00
1.000000000000000444e+00
1.000000000000000444e+00
1.000000000000000444e+00
1.000000000000000444e+00
1.000000000000000444e+00
1.000000000000000444e+00
1.000000000000000444e+00
1.000000000000000444e+00
1.000000000000000222e+00
1.000000000000000222e+00
1.000000000000000222e+00
1.000000000000000222e+00
1.000000000000000222e+00
1.000000000000000222e+00
1.000000000000000222e+00
1.000000000000000222e+00
1.000000000000000222e+00
1.000000000000000222e+00
1.000000000000000222e+00
1.000000000000000000e+00
1.000000000000000000e+00
1.000000000000000000e+00
1.000000000000000000e+00
1.000000000000000000e+00
1.000000000000000000e+00
1.000000000000000000e+00
1.000000000000000000e+00
1.000000000000000000e+00
1.000000000000000000e+00
1.000000000000000000e+00
1.000000000000000000e+00
1.000000000000000000e+00
1.000000000000000000e+00
1.000000000000000000e+00
1.000000000000000000e+00
1.000000000000000000e+00
1.000000000000000000e+00
1.000000000000000000e+00
1.000000000000000000e+00
1.000000000000000000e+00
1.000000000000000000e+00
1.000000000000000000e+00
9.999999999999998890e-01
9.999999999999998890e-01
9.999999999999998890e-01
9.999999999999998890e-01
9.999999999999998890e-01
9.999999999999998890e-01
9.999999999999998890e-01
9.999999999999998890e-01
9.999999999999998890e-01
9.999999999999998890e-01
9.999999999999998890e-01
9.999999999999998890e-01
9.999999999999998890e-01
9.999999999999998890e-01
9.999999999999998890e-01
9.999999999999998890e-01
9.999999999999998890e-01
9.999999999999998890e-01
9.999999999999998890e-01
9.999999999999998890e-01
9.999999999999996669e-01
9.999999999999996669e-01
9.999999999999996669e-01
9.999999999999996669e-01
9.999999999999996669e-01
9.999999999999996669e-01
9.999999999999996669e-01
9.999999999999996669e-01
9.999999999999996669e-01
9.999999999999996669e-01
9.999999999999996669e-01
9.999999999999996669e-01
9.999999999999994449e-01
9.999999999999994449e-01
9.999999999999994449e-01
9.999999999999994449e-01
9.999999999999994449e-01
9.999999999999994449e-01
9.999999999999994449e-01
9.999999999999994449e-01
9.999999999999994449e-01
9.999999999999994449e-01
9.999999999999994449e-01
9.999999999999994449e-01
9.999999999999994449e-01
9.999999999999994449e-01
9.999999999999994449e-01
9.999999999999994449e-01
9.999999999999992228e-01
9.999999999999992228e-01
9.999999999999991118e-01
9.999999999999991118e-01
9.999999999999991118e-01
9.999999999999988898e-01
9.999999999999988898e-01
9.999999999999988898e-01
9.999999999999988898e-01
9.999999999999988898e-01
9.999999999999988898e-01
9.999999999999988898e-01
9.999999999999988898e-01
9.999999999999988898e-01
9.999999999999988898e-01
9.999999999999986677e-01
9.999999999999986677e-01
9.999999999999986677e-01
9.999999999999985567e-01
9.999999999999983347e-01
9.999999999999977796e-01
9.999999999999975575e-01
9.999999999999965583e-01
9.999999999999946709e-01
9.999999999999928946e-01
9.999999999999912292e-01
9.999999999999905631e-01
9.999999999999884537e-01
9.999999999999557021e-01
9.999999999999462652e-01
9.999764477977671762e-01
9.999764477977582944e-01
9.992469572710982462e-01
9.992469572710935832e-01
9.961745779359020281e-01
9.961745779359012509e-01
9.958658490842262623e-01
9.958658490842229316e-01
9.939402433204269638e-01
9.939402433204236331e-01
9.926697097304486572e-01
9.926697097304458817e-01
9.887686508223961779e-01
9.887686508223916260e-01
9.877564630536544987e-01
9.877564630536465051e-01
9.866942447732209853e-01
9.866942447732192090e-01
9.847985397289219511e-01
9.847985397289172882e-01
9.790795314813531824e-01
9.790795314813485195e-01
9.781116355308600019e-01
9.781116355308568933e-01
9.743063075754725411e-01
9.743063075754696545e-01
9.681536543014639395e-01
9.681536543014563900e-01
9.623569323066776260e-01
9.623569323066742953e-01
9.481132162031724597e-01
9.481132162031705723e-01
9.450681077851027512e-01
9.450681077850986433e-01
9.434367938709825596e-01
9.434367938709640189e-01
9.417693216879347018e-01
9.417693216879321483e-01
9.365876765140266347e-01
9.365876765140253024e-01
9.358279070146001688e-01
9.358279070145960610e-01
9.259757293831069047e-01
9.259757293831037961e-01
9.222249173752578022e-01
9.222249173752541385e-01
9.057913604479848058e-01
9.057913604479791436e-01
9.021302457368503003e-01
9.021302457368487460e-01
8.643794369140889167e-01
8.643794369140831435e-01
8.396475346705469800e-01
8.396475346705390974e-01
7.958578385464623040e-01
7.958578385464215588e-01
7.899164216220361245e-01
7.899164216220296852e-01
7.667946880284318700e-01
7.667946880284294275e-01
7.642980397764235212e-01
7.642980397764220779e-01
7.613038941113753344e-01
7.613038941113713376e-01
7.526977303616132486e-01
7.526977303615947079e-01
7.408468870941991025e-01
7.408468870941973261e-01
7.134809577031638872e-01
7.134809577031467898e-01
7.078920364110207197e-01
7.078920364110149466e-01
6.406949798519974149e-01
6.406949798519955275e-01
6.264389719707368354e-01
6.264389719707346149e-01
6.180339887498977891e-01
6.180339887498971230e-01
6.180339887498962348e-01
6.180339887498934592e-01
6.180339887498927931e-01
6.180339887498899065e-01
5.762092951372800309e-01
5.762092951372782546e-01
5.645745771548776881e-01
5.645745771548709158e-01
5.174132872950752970e-01
5.174132872950737427e-01
4.716043939542653995e-01
4.716043939541969543e-01
4.115337373677432353e-01
4.115337373677389610e-01
3.972436846136694899e-01
3.972436846136676580e-01
3.711799621156739448e-01
3.711799621156407492e-01
3.453700587561132629e-01
3.453700587561049362e-01
1.812865613287248934e-01
1.812865613287177324e-01
1.502179399798612702e-01
1.502179399797727299e-01
9.152094229454679764e-02
9.152094229453237861e-02
1.423537385224227586e-13
1.248097679865078700e-13
1.084356318195972744e-13
