# Singular values
7.541225056231664325e+01
7.541225056231661483e+01
5.114355769187251610e+01
5.114355769187250900e+01
2.436086991831118453e+01
2.436086991831118453e+01
1.697457683366517500e+01
1.697457683366515369e+01
1.660154542051136062e+01
1.660154542051134996e+01
1.356807613467291596e+01
1.356807613467291240e+01
1.288810626976317941e+01
1.288810626976315987e+01
1.128560129772640863e+01
1.128560129772640686e+01
1.044651582635870390e+01
1.044651582635870390e+01
9.893199356457245131e+00
9.893199356457239801e+00
9.479360334415767753e+00
9.479360334415757094e+00
8.467092590473400904e+00
8.467092590473395575e+00
7.696757330276200015e+00
7.696757330276190245e+00
7.668607380018678477e+00
7.668607380018668707e+00
6.588385614755631892e+00
6.588385614755627451e+00
6.205007141414709437e+00
6.205007141414697891e+00
5.976020605351948234e+00
5.976020605351946458e+00
5.171716018857458685e+00
5.171716018857457797e+00
5.106226756892296770e+00
5.106226756892289664e+00
4.470081896509256580e+00
4.470081896509253916e+00
4.276581563163452060e+00
4.276581563163442290e+00
4.222424155669555645e+00
4.222424155669543211e+00
4.131146690110485409e+00
4.131146690110477415e+00
4.123105625617673908e+00
4.123105625617656145e+00
4.000122415016109656e+00
4.000122415016103439e+00
4.000000000000005329e+00
4.000000000000004441e+00
3.999999999999999112e+00
3.999999999999999112e+00
3.999999999999998224e+00
3.999999999999997780e+00
3.880197371774292581e+00
3.880197371774276593e+00
3.785128309364702126e+00
3.785128309364701682e+00
3.741657386773939553e+00
3.741657386773937777e+00
3.689694487775438514e+00
3.689694487775432741e+00
3.541381265149106561e+00
3.541381265149103452e+00
3.431814771086194593e+00
3.431814771086172389e+00
3.261400850318913580e+00
3.261400850318911360e+00
3.162277660168382187e+00
3.162277660168376858e+00
3.000000000000005773e+00
3.000000000000004885e+00
3.000000000000003553e+00
3.000000000000003553e+00
3.000000000000001332e+00
3.000000000000000444e+00
3.000000000000000444e+00
3.000000000000000444e+00
3.000000000000000000e+00
2.999999999999998668e+00
2.999999999999998668e+00
2.999999999999997780e+00
2.915245691314562571e+00
2.915245691314497734e+00
2.828427124746195620e+00
2.828427124746192511e+00
2.828427124746191623e+00
2.828427124746191179e+00
2.828427124746188959e+00
2.828427124746185850e+00
2.691588852332024828e+00
2.691588852332006176e+00
2.673607440295382442e+00
2.673607440295378890e+00
2.642531842049941293e+00
2.642531842049937740e+00
2.626086933891915276e+00
2.626086933891910835e+00
2.600025660226074287e+00
2.600025660226063184e+00
2.541381265149109669e+00
2.541381265149109225e+00
2.524015351647883598e+00
2.524015351647880046e+00
2.500742907519711622e+00
2.500742907519706293e+00
2.488489984622654028e+00
2.488489984622650919e+00
2.486512499336867688e+00
2.486512499336859694e+00
2.449489742783175217e+00
2.449489742783174773e+00
2.446290714531954791e+00
2.446290714531947241e+00
2.384735840467438361e+00
2.384735840467405055e+00
2.288245611270738333e+00
2.288245611270734337e+00
2.243415094407126720e+00
2.243415094407120058e+00
2.236067977499799575e+00
2.236067977499792470e+00
2.236067977499791581e+00
2.236067977499786252e+00
2.232799148251657151e+00
2.232799148251654042e+00
2.228900897561287398e+00
2.228900897561282957e+00
2.179679627889039129e+00
2.179679627889034244e+00
2.169267790986673106e+00
2.169267790986663336e+00
2.054750845224323719e+00
2.054750845224321054e+00
2.000000000000005329e+00
2.000000000000004885e+00
2.000000000000003553e+00
2.000000000000002665e+00
2.000000000000002220e+00
2.000000000000001776e+00
2.000000000000001776e+00
2.000000000000001776e+00
2.000000000000001776e+00
2.000000000000001332e+00
2.000000000000000888e+00
2.000000000000000888e+00
2.000000000000000888e+00
2.000000000000000888e+00
2.000000000000000888e+00
2.000000000000000444e+00
2.000000000000000000e+00
2.000000000000000000e+00
1.999999999999999112e+00
1.999999999999998890e+00
1.999999999999998890e+00
1.999999999999998668e+00
1.999999999999998002e+00
1.999999999999996447e+00
1.993337670178107146e+00
1.993337670178101595e+00
1.990704456452078386e+00
1.990704456452077942e+00
1.884142602291581703e+00
1.884142602291576596e+00
1.837426013706215944e+00
1.837426013706214389e+00
1.805852532546552869e+00
1.805852532546531330e+00
1.732050807568880080e+00
1.732050807568878525e+00
1.732050807568877637e+00
1.732050807568877415e+00
1.685411050219839613e+00
1.685411050219828732e+00
1.647136970354482033e+00
1.647136970354477592e+00
1.618033988749896235e+00
1.618033988749895347e+00
1.618033988749894014e+00
1.618033988749894014e+00
1.586967421326436645e+00
1.586967421326435534e+00
1.585618074876731232e+00
1.585618074876717687e+00
1.577681146077043906e+00
1.577681146077036356e+00
1.509318117797611825e+00
1.509318117797605607e+00
1.488724281925889903e+00
1.488724281925877690e+00
1.414213562373100475e+00
1.414213562373097810e+00
1.414213562373096700e+00
1.414213562373096478e+00
1.414213562373096034e+00
1.414213562373096034e+00
1.414213562373095812e+00
1.414213562373095812e+00
1.414213562373095590e+00
1.414213562373095590e+00
1.414213562373095590e+00
1.414213562373095590e+00
1.414213562373095590e+00
1.414213562373095590e+00
1.414213562373095590e+00
1.414213562373095368e+00
1.414213562373095368e+00
1.414213562373095368e+00
1.414213562373095368e+00
1.414213562373095368e+00
1.414213562373095145e+00
1.414213562373095145e+00
1.414213562373095145e+00
1.414213562373094923e+00
1.414213562373094923e+00
1.414213562373094923e+00
1.414213562373094923e+00
1.414213562373094923e+00
1.414213562373094923e+00
1.414213562373094923e+00
1.414213562373094923e+00
1.414213562373094923e+00
1.414213562373094923e+00
1.414213562373094923e+00
1.414213562373094923e+00
1.414213562373094701e+00
1.414213562373094701e+00
1.414213562373094479e+00
1.414213562373094479e+00
1.414213562373094479e+00
1.414213562373094257e+00
1.414213562373094257e+00
1.414213562373094257e+00
1.414213562373094257e+00
1.414213562373094035e+00
1.414213562373093591e+00
1.414213562373093591e+00
1.414213562373088484e+00
1.413716738978957110e+00
1.413716738978952003e+00
1.405892777878451128e+00
1.405892777878449351e+00
1.404545032845422758e+00
1.404545032845419872e+00
1.390555673891338939e+00
1.390555673891337163e+00
1.390549181003402746e+00
1.390549181003394974e+00
1.364824794561824817e+00
1.364824794561804611e+00
1.327099620786119427e+00
1.327099620786115652e+00
1.292214596519365211e+00
1.292214596519363212e+00
1.187118271144936399e+00
1.187118271144924408e+00
1.082883902320628033e+00
1.082883902320623815e+00
1.021490640391039983e+00
1.021490640391034432e+00
1.000000000000008216e+00
1.000000000000007772e+00
1.000000000000003775e+00
1.000000000000003775e+00
1.000000000000003553e+00
1.000000000000003331e+00
1.000000000000003109e+00
1.000000000000003109e+00
1.000000000000002887e+00
1.000000000000002665e+00
1.000000000000002442e+00
1.000000000000002220e+00
1.000000000000001776e+00
1.000000000000001776e+00
1.000000000000001110e+00
1.000000000000001110e+00
1.000000000000000888e+00
1.000000000000000888e+00
1.000000000000000888e+00
1.000000000000000888e+00
1.000000000000000888e+00
1.000000000000000666e+00
1.000000000000000666e+00
1.000000000000000666e+00
1.000000000000000666e+00
1.000000000000000666e+00
1.000000000000000666e+00
1.000000000000000666e+00
1.000000000000000666e+00
1.000000000000000666e+00
1.000000000000000666e+00
1.000000000000000666e+00
1.000000000000000444e+00
1.000000000000000444e+00
1.000000000000000444e+00
1.000000000000000444e+00
1.000000000000000444e+00
1.000000000000000444e+00
1.000000000000000444e+00
1.000000000000000444e+00
1.000000000000000444e+00
1.000000000000000444e+00
1.000000000000000444e+00
1.000000000000000444e+00
1.000000000000000444e+00
1.000000000000000444e+00
1.000000000000000444e+00
1.000000000000000444e+00
1.000000000000000444e+00
1.000000000000000444e+00
1.000000000000000444e+00
1.000000000000000444e+00
1.000000000000000444e+00
1.000000000000000222e+00
1.000000000000000222e+00
1.000000000000000222e+00
1.000000000000000222e+00
1.000000000000000222e+00
1.000000000000000222e+00
1.000000000000000222e+00
1.000000000000000222e+00
1.000000000000000222e+00
1.000000000000000222e+00
1.000000000000000222e+00
1.000000000000000222e+00
1.000000000000000222e+00
1.000000000000000222e+00
1.000000000000000222e+00
1.000000000000000222e+00
1.000000000000000222e+00
1.000000000000000222e+00
1.000000000000000000e+00
1.000000000000000000e+00
1.000000000000000000e+00
1.000000000000000000e+00
1.000000000000000000e+00
1.000000000000000000e+00
1.000000000000000000e+00
1.000000000000000000e+00
1.000000000000000000e+00
1.000000000000000000e+00
1.000000000000000000e+00
1.000000000000000000e+00
1.000000000000000000e+00
1.000000000000000000e+00
1.000000000000000000e+00
1.000000000000000000e+00
1.000000000000000000e+00
1.000000000000000000e+00
1.000000000000000000e+00
1.000000000000000000e+00
1.000000000000000000e+00
1.000000000000000000e+00
1.000000000000000000e+00
1.000000000000000000e+00
1.000000000000000000e+00
1.000000000000000000e+00
1.000000000000000000e+00
1.000000000000000000e+00
1.000000000000000000e+00
1.000000000000000000e+00
1.000000000000000000e+00
1.000000000000000000e+00
1.000000000000000000e+00
1.000000000000000000e+00
1.000000000000000000e+00
1.000000000000000000e+00
1.000000000000000000e+00
1.000000000000000000e+00
1.000000000000000000e+00
1.000000000000000000e+00
1.000000000000000000e+00
9.999999999999998890e-01
9.999999999999998890e-01
9.999999999999998890e-01
9.999999999999998890e-01
9.999999999999998890e-01
9.999999999999998890e-01
9.999999999999998890e-01
9.999999999999998890e-01
9.999999999999998890e-01
9.999999999999998890e-01
9.999999999999998890e-01
9.999999999999997780e-01
9.999999999999997780e-01
9.999999999999997780e-01
9.999999999999997780e-01
9.999999999999997780e-01
9.999999999999997780e-01
9.999999999999997780e-01
9.999999999999997780e-01
9.999999999999997780e-01
9.999999999999996669e-01
9.999999999999996669e-01
9.999999999999996669e-01
9.999999999999996669e-01
9.999999999999996669e-01
9.999999999999996669e-01
9.999999999999995559e-01
9.999999999999995559e-01
9.999999999999995559e-01
9.999999999999995559e-01
9.999999999999995559e-01
9.999999999999995559e-01
9.999999999999994449e-01
9.999999999999994449e-01
9.999999999999994449e-01
9.999999999999994449e-01
9.999999999999994449e-01
9.999999999999993339e-01
9.999999999999993339e-01
9.999999999999993339e-01
9.999999999999993339e-01
9.999999999999991118e-01
9.999999999999991118e-01
9.999999999999988898e-01
9.999999999999987788e-01
9.999999999999987788e-01
9.999999999999986677e-01
9.999999999999982236e-01
9.999999999999978906e-01
9.999999999999977796e-01
9.999999999999974465e-01
9.999999999999971134e-01
9.999999999999970024e-01
9.999999999999970024e-01
9.999999999999964473e-01
9.999999999999964473e-01
9.999999999999960032e-01
9.999999999999953371e-01
9.999999999999922284e-01
9.999999999999922284e-01
9.992071347031413753e-01
9.992071347031404871e-01
9.812590689676190525e-01
9.812590689676186084e-01
9.797920141560011453e-01
9.797920141560004792e-01
9.305619094104675693e-01
9.305619094104670141e-01
9.199703436859127947e-01
9.199703436859111294e-01
9.149331532394820998e-01
9.149331532394812116e-01
8.985641860394560920e-01
8.985641860394548708e-01
8.740320488976435209e-01
8.740320488976413005e-01
8.705912541973079843e-01
8.705912541973055419e-01
7.905444048823010439e-01
7.905444048822986014e-01
7.845717096231272780e-01
7.845717096231231702e-01
7.634795013893688198e-01
7.634795013893574955e-01
7.380446174191751529e-01
7.380446174191731545e-01
6.180339887498955687e-01
6.180339887498949025e-01
6.180339887498947915e-01
6.180339887498942364e-01
5.516975621572683952e-01
5.516975621572673960e-01
5.487411633675787215e-01
5.487411633675743916e-01
4.802127454310159971e-01
4.802127454310148869e-01
3.924269235938607214e-01
3.924269235938491196e-01
3.666920911918837844e-01
3.666920911918828407e-01
2.755857719114350179e-01
2.755857719114345739e-01
2.165582823519487665e-01
2.165582823519474898e-01
