# Singular values
2.309855831179338850e+02
2.309855831179338281e+02
1.610064572681082495e+02
1.610064572681081358e+02
1.278324608042111947e+02
1.278324608042111095e+02
8.060889243687732630e+01
8.060889243687721262e+01
7.220938093807073699e+01
7.220938093807069436e+01
5.059358839455468626e+01
5.059358839455457968e+01
4.865789635874500618e+01
4.865789635874499908e+01
3.939166289995975490e+01
3.939166289995957726e+01
3.921735988436312681e+01
3.921735988436299891e+01
3.312676283407686384e+01
3.312676283407686384e+01
2.864803145519354288e+01
2.864803145519354288e+01
2.525582271919826027e+01
2.525582271919808974e+01
2.313265688323749814e+01
2.313265688323748037e+01
1.957948019693601438e+01
1.957948019693597530e+01
1.854366860551303020e+01
1.854366860551300533e+01
1.703615686374792304e+01
1.703615686374789817e+01
1.566612898216663474e+01
1.566612898216661698e+01
1.381294693704992582e+01
1.381294693704985299e+01
1.346927664463117935e+01
1.346927664463114382e+01
1.268147387922602043e+01
1.268147387922591030e+01
1.077491232607714622e+01
1.077491232607708227e+01
9.919242552308553229e+00
9.919242552308524807e+00
8.773049702949352380e+00
8.773049702949341722e+00
7.974931463347176397e+00
7.974931463347140870e+00
7.255777456776064227e+00
7.255777456776042023e+00
7.068742343657862470e+00
7.068742343657845595e+00
6.737834100525310177e+00
6.737834100525281755e+00
6.671792097908125996e+00
6.671792097908096686e+00
6.489186681004181168e+00
6.489186681004165180e+00
6.300490840776459045e+00
6.300490840776441281e+00
6.082762530298222892e+00
6.082762530298222892e+00
6.077267889710289417e+00
6.077267889710285864e+00
6.021522318528806927e+00
6.021522318528800710e+00
5.966076841301703126e+00
5.966076841301691580e+00
5.835203719579767245e+00
5.835203719579761028e+00
5.826711178396453583e+00
5.826711178396445590e+00
5.823439472057544641e+00
5.823439472057533983e+00
5.561496985420170347e+00
5.561496985420130379e+00
5.425596026734631927e+00
5.425596026734613275e+00
5.376315364059849777e+00
5.376315364059841784e+00
5.317665884306477686e+00
5.317665884306371993e+00
5.193763745972724166e+00
5.193763745972717061e+00
4.784231518605136735e+00
4.784231518605120748e+00
4.573283725158186819e+00
4.573283725158185042e+00
4.444095962989758952e+00
4.444095962989752735e+00
4.397083925934469839e+00
4.397083925934466286e+00
4.262808651929574921e+00
4.262808651929572257e+00
4.215663080059240286e+00
4.215663080059192325e+00
4.178888685428701066e+00
4.178888685428689520e+00
4.127367470622087531e+00
4.127367470621980949e+00
3.999999999999999556e+00
3.999999999999998668e+00
3.872305878567864568e+00
3.872305878567850357e+00
3.837235601354760384e+00
3.837235601354744841e+00
3.741657386773966643e+00
3.741657386773914684e+00
3.572269646690275469e+00
3.572269646690257705e+00
3.401172149476618944e+00
3.401172149476582973e+00
3.316224234739977739e+00
3.316224234739974186e+00
3.162277660168381743e+00
3.162277660168380411e+00
3.162277660168380411e+00
3.162277660168374194e+00
3.133067227922990750e+00
3.133067227922900155e+00
3.099030485092346243e+00
3.099030485092324483e+00
3.020463950310781964e+00
3.020463950310755319e+00
3.000000000000002665e+00
3.000000000000002665e+00
3.000000000000000444e+00
2.999999999999999556e+00
2.999999999999999556e+00
2.999999999999997780e+00
2.999999999999997780e+00
2.999999999999996447e+00
2.999972666249034248e+00
2.999972666249016040e+00
2.999898192152479659e+00
2.999898192152430365e+00
2.970319455853036583e+00
2.970319455852945989e+00
2.932953515451036886e+00
2.932953515451023119e+00
2.828427124746205834e+00
2.828427124746191179e+00
2.826852682288535590e+00
2.826852682288499174e+00
2.821076755065967223e+00
2.821076755065963670e+00
2.790665203147187690e+00
2.790665203147147277e+00
2.673134937882792439e+00
2.673134937882789774e+00
2.641749350397336826e+00
2.641749350397330165e+00
2.608517573861519168e+00
2.608517573861514727e+00
2.598552834099928877e+00
2.598552834099915998e+00
2.492718238219608917e+00
2.492718238219522320e+00
2.481807068478320222e+00
2.481807068478316669e+00
2.449436599771893874e+00
2.449436599771881884e+00
2.430507606255780217e+00
2.430507606255737585e+00
2.405840577262579938e+00
2.405840577262557289e+00
2.342254607411668577e+00
2.342254607411540235e+00
2.311954561624412374e+00
2.311954561624407933e+00
2.266775938665607448e+00
2.266775938665596346e+00
2.235696532160086125e+00
2.235696532160082572e+00
2.234302758387947119e+00
2.234302758387945786e+00
2.234086849597875624e+00
2.234086849597861413e+00
2.125846384714897397e+00
2.125846384714753956e+00
2.116202435020907657e+00
2.116202435020713146e+00
2.063864302444286203e+00
2.063864302444276877e+00
2.000000000000015099e+00
2.000000000000003109e+00
1.999999999999998890e+00
1.999999999999998890e+00
1.999999999999990674e+00
1.999999999999987343e+00
1.997061570515887396e+00
1.997061570515805462e+00
1.869227463339470097e+00
1.869227463339464546e+00
1.829981617460777255e+00
1.829981617460766374e+00
1.732050807568876527e+00
1.732050807568871864e+00
1.709352430582163018e+00
1.709352430582158133e+00
1.627342139662175002e+00
1.627342139662171006e+00
1.618059207718951731e+00
1.618059207718950843e+00
1.618033988749894236e+00
1.618033988749892682e+00
1.562142007750459527e+00
1.562142007750456640e+00
1.553189144820289913e+00
1.553189144820284140e+00
1.523135327428703389e+00
1.523135327428691399e+00
1.429991127782666238e+00
1.429991127782660465e+00
1.414367048866570498e+00
1.414367048866559617e+00
1.414213562373103583e+00
1.414213562373099586e+00
1.414213562373097366e+00
1.414213562373096922e+00
1.414213562373096700e+00
1.414213562373096478e+00
1.414213562373096256e+00
1.414213562373096256e+00
1.414213562373096034e+00
1.414213562373095812e+00
1.414213562373095590e+00
1.414213562373095590e+00
1.414213562373095590e+00
1.414213562373095145e+00
1.414213562373095145e+00
1.414213562373095145e+00
1.414213562373095145e+00
1.414213562373095145e+00
1.414213562373094923e+00
1.414213562373094923e+00
1.414213562373094701e+00
1.414213562373094701e+00
1.414213562373094479e+00
1.414213562373094479e+00
1.414213562373094479e+00
1.414213562373094257e+00
1.414213562373093591e+00
1.414213562373093591e+00
1.414213562373093147e+00
1.414213562373092703e+00
1.414213562373091593e+00
1.414213562373087152e+00
1.405245857956965549e+00
1.405245857956960220e+00
1.398454602045151596e+00
1.398454602045149819e+00
1.396815436691535517e+00
1.396815436691515311e+00
1.392941550898378456e+00
1.392941550898375125e+00
1.387169228539026689e+00
1.387169228539022692e+00
1.384237145131987701e+00
1.384237145131985480e+00
1.377332563469927829e+00
1.377332563469904070e+00
1.358761593419641089e+00
1.358761593419531843e+00
1.341380919847267483e+00
1.341380919847263486e+00
1.339265932955655769e+00
1.339265932955648220e+00
1.337571878084635291e+00
1.337571878084631960e+00
1.322818595869580394e+00
1.322818595869575065e+00
1.271173734380585563e+00
1.271173734380585341e+00
1.182728590382897238e+00
1.182728590382886580e+00
1.141916808784888993e+00
1.141916808784736670e+00
1.098843309022417447e+00
1.098843309022413228e+00
1.059180861875030910e+00
1.059180861874113866e+00
1.000000000000075273e+00
1.000000000000017986e+00
1.000000000000016209e+00
1.000000000000011546e+00
1.000000000000010658e+00
1.000000000000009104e+00
1.000000000000007994e+00
1.000000000000007327e+00
1.000000000000005773e+00
1.000000000000003997e+00
1.000000000000003997e+00
1.000000000000002220e+00
1.000000000000001332e+00
1.000000000000001110e+00
1.000000000000000888e+00
1.000000000000000888e+00
1.000000000000000888e+00
1.000000000000000888e+00
1.000000000000000888e+00
1.000000000000000888e+00
1.000000000000000888e+00
1.000000000000000666e+00
1.000000000000000666e+00
1.000000000000000666e+00
1.000000000000000666e+00
1.000000000000000666e+00
1.000000000000000666e+00
1.000000000000000666e+00
1.000000000000000444e+00
1.000000000000000444e+00
1.000000000000000444e+00
1.000000000000000444e+00
1.000000000000000444e+00
1.000000000000000444e+00
1.000000000000000444e+00
1.000000000000000444e+00
1.000000000000000444e+00
1.000000000000000444e+00
1.000000000000000444e+00
1.000000000000000444e+00
1.000000000000000444e+00
1.000000000000000444e+00
1.000000000000000444e+00
1.000000000000000444e+00
1.000000000000000444e+00
1.000000000000000444e+00
1.000000000000000222e+00
1.000000000000000222e+00
1.000000000000000222e+00
1.000000000000000222e+00
1.000000000000000222e+00
1.000000000000000222e+00
1.000000000000000000e+00
1.000000000000000000e+00
1.000000000000000000e+00
1.000000000000000000e+00
1.000000000000000000e+00
1.000000000000000000e+00
1.000000000000000000e+00
1.000000000000000000e+00
1.000000000000000000e+00
9.999999999999998890e-01
9.999999999999998890e-01
9.999999999999998890e-01
9.999999999999998890e-01
9.999999999999996669e-01
9.999999999999996669e-01
9.999999999999996669e-01
9.999999999999996669e-01
9.999999999999996669e-01
9.999999999999996669e-01
9.999999999999996669e-01
9.999999999999996669e-01
9.999999999999996669e-01
9.999999999999996669e-01
9.999999999999996669e-01
9.999999999999996669e-01
9.999999999999996669e-01
9.999999999999996669e-01
9.999999999999996669e-01
9.999999999999996669e-01
9.999999999999994449e-01
9.999999999999994449e-01
9.999999999999994449e-01
9.999999999999993339e-01
9.999999999999993339e-01
9.999999999999993339e-01
9.999999999999991118e-01
9.999999999999991118e-01
9.999999999999990008e-01
9.999999999999984457e-01
9.999999999999983347e-01
9.999999999999974465e-01
9.999999999999956701e-01
9.999999999999955591e-01
9.999999999999944489e-01
9.999999999999927836e-01
9.999999999999915623e-01
9.999999999999904521e-01
9.999999999999896749e-01
9.999999999999865663e-01
9.999999999999863443e-01
9.999999999999853451e-01
9.999999999999416023e-01
9.999917617232798595e-01
9.999917617232784162e-01
9.999397390842278410e-01
9.999397390842231781e-01
9.996609023517799564e-01
9.996609023517749604e-01
9.995386949488010986e-01
9.995386949487938821e-01
9.984731884479233210e-01
9.984731884479226549e-01
9.982433316079662999e-01
9.982433316079510899e-01
9.976340633511855405e-01
9.976340633511805445e-01
9.912217514521139972e-01
9.912217514521023398e-01
9.813811935327988456e-01
9.813811935327825253e-01
9.761871632354991446e-01
9.761871632354931494e-01
9.719823440239521162e-01
9.719823440239451218e-01
9.712493591637116896e-01
9.712493591637090251e-01
9.581475788023740003e-01
9.581475788023678941e-01
9.430629805402882537e-01
9.430629805402865884e-01
9.311415445500496046e-01
9.311415445500396126e-01
9.172731959864438567e-01
9.172731959864390827e-01
9.148378635972355122e-01
9.148378635972338468e-01
8.079027325083004696e-01
8.079027325082694944e-01
6.975136637613181811e-01
6.975136637612852075e-01
6.770299830208048597e-01
6.770299830206568670e-01
6.515876523225491157e-01
6.515876523225309080e-01
6.445831909845226582e-01
6.445831909844690344e-01
6.180392593879576735e-01
6.180392593879562302e-01
6.180339887498972340e-01
6.180339887498924600e-01
6.147411648632178371e-01
6.147411648631335712e-01
6.101344466669551547e-01
6.101344466669529343e-01
5.602984983798809937e-01
5.602984983798761087e-01
4.402258315606401573e-01
4.402258315606331074e-01
4.117162561868201176e-01
4.117162561868171755e-01
1.238911816002412486e-01
1.238911816002401800e-01
