# Singular values
2.035404532684437982e+02
2.035404532684436845e+02
1.023624084913526389e+02
1.023624084913524683e+02
9.841225674271183266e+01
9.841225674271179003e+01
9.096757515247543324e+01
9.096757515247540482e+01
8.342763078051567049e+01
8.342763078051545733e+01
6.963967009103792805e+01
6.963967009103788541e+01
6.262434243671015821e+01
6.262434243671010847e+01
4.109295485708398132e+01
4.109295485708396001e+01
3.822302970723279003e+01
3.822302970723274740e+01
3.536586387712761592e+01
3.536586387712760171e+01
3.516027907873905178e+01
3.516027907873900915e+01
3.448962377379542232e+01
3.448962377379532995e+01
3.330646677172604342e+01
3.330646677172601500e+01
3.249952445760830955e+01
3.249952445760828112e+01
3.111510960887888899e+01
3.111510960887884991e+01
2.719602113291544399e+01
2.719602113291542267e+01
2.584301009127898041e+01
2.584301009127894488e+01
2.466127611415861409e+01
2.466127611415858212e+01
2.396433912712493708e+01
2.396433912712484116e+01
2.333688998244799961e+01
2.333688998244795343e+01
2.227871668073855815e+01
2.227871668073851197e+01
2.014861511709578323e+01
2.014861511709575836e+01
1.973702670892229705e+01
1.973702670892227573e+01
1.867472351096477112e+01
1.867472351096477112e+01
1.757053096792551372e+01
1.757053096792547464e+01
1.722392136176139132e+01
1.722392136176133803e+01
1.673439236015083864e+01
1.673439236015079956e+01
1.575012578942643415e+01
1.575012578942641817e+01
1.512644999355727649e+01
1.512644999355723918e+01
1.408037591824295376e+01
1.408037591824293067e+01
1.312975904267489113e+01
1.312975904267488048e+01
1.265826809384554963e+01
1.265826809384554608e+01
1.247858974218283201e+01
1.247858974218279293e+01
1.196631678473250915e+01
1.196631678473249494e+01
1.112016411837097962e+01
1.112016411837097785e+01
1.070123710547892415e+01
1.070123710547892415e+01
1.045814949005515793e+01
1.045814949005511529e+01
9.689770775032901184e+00
9.689770775032878092e+00
9.398567878974523282e+00
9.398567878974493084e+00
9.102851262617649652e+00
9.102851262617646100e+00
8.818050981178195968e+00
8.818050981178188863e+00
8.699426574003553014e+00
8.699426574003521040e+00
8.398907186431003424e+00
8.398907186431001648e+00
8.200272495395740435e+00
8.200272495395729777e+00
7.960679795699031835e+00
7.960679795699023842e+00
7.398224421347552315e+00
7.398224421347551427e+00
7.335763668773862989e+00
7.335763668773832791e+00
7.159266384214870271e+00
7.159266384214848955e+00
6.928203230275525648e+00
6.928203230275509661e+00
6.913831268768615423e+00
6.913831268768612759e+00
6.889887387114107753e+00
6.889887387114096207e+00
6.799796708303476045e+00
6.799796708303458281e+00
6.629024097920719782e+00
6.629024097920703795e+00
6.409622977850853331e+00
6.409622977850852443e+00
6.203553063118809163e+00
6.203553063118802058e+00
6.139276404711949908e+00
6.139276404711927704e+00
6.082762530298229109e+00
6.082762530298210457e+00
5.886125660742551169e+00
5.886125660742544063e+00
5.846325741726897895e+00
5.846325741726784209e+00
5.828823900104072919e+00
5.828823900104056932e+00
5.759695599760400242e+00
5.759695599760386031e+00
5.729473548800802618e+00
5.729473548800780414e+00
5.726009690432147359e+00
5.726009690432122490e+00
5.634235354942919827e+00
5.634235354942914498e+00
5.540776097313806936e+00
5.540776097313770521e+00
5.363036229781259934e+00
5.363036229781232400e+00
5.251654007914333455e+00
5.251654007914325462e+00
5.168620850710201609e+00
5.168620850710183845e+00
5.160325029057920787e+00
5.160325029057917234e+00
5.121877264487067372e+00
5.121877264487062043e+00
5.064480962926171337e+00
5.064480962926160679e+00
5.040785824732851417e+00
5.040785824732846976e+00
5.000000000000002665e+00
5.000000000000000000e+00
4.986619058640066271e+00
4.986619058640058277e+00
4.846577583478827833e+00
4.846577583478783424e+00
4.722262195939063822e+00
4.722262195939043394e+00
4.581029030564772064e+00
4.581029030564751636e+00
4.555990437627940537e+00
4.555990437627932543e+00
4.494674773277516522e+00
4.494674773277514745e+00
4.475412332873151655e+00
4.475412332873139221e+00
4.416434903163039216e+00
4.416434903163016124e+00
4.404658011441392240e+00
4.404658011441386023e+00
4.361193940495797783e+00
4.361193940495749821e+00
4.330960084444210878e+00
4.330960084444201108e+00
4.182461433386372995e+00
4.182461433386353455e+00
4.138290078149254647e+00
4.138290078149236884e+00
4.123105625617667691e+00
4.123105625617659697e+00
4.120294279911639101e+00
4.120294279911623114e+00
4.040390240538902056e+00
4.040390240538887845e+00
3.966557406944624553e+00
3.966557406944620556e+00
3.962022463782588932e+00
3.962022463782548964e+00
3.949339560580020780e+00
3.949339560580008790e+00
3.846954374022645506e+00
3.846954374022601986e+00
3.797654958388753776e+00
3.797654958388729352e+00
3.772938092064171300e+00
3.772938092064165527e+00
3.732896272860048548e+00
3.732896272860036557e+00
3.703863227506988487e+00
3.703863227506964062e+00
3.624382725989401255e+00
3.624382725989391041e+00
3.605551275463996230e+00
3.605551275463985572e+00
3.449927561081168825e+00
3.449927561081137739e+00
3.415940839317708644e+00
3.415940839317637145e+00
3.356490148925643791e+00
3.356490148925642902e+00
3.268079017669856867e+00
3.268079017669848430e+00
3.250184703014566079e+00
3.250184703014525667e+00
3.239957339406788872e+00
3.239957339406761339e+00
3.175038406501952792e+00
3.175038406501945243e+00
3.162277660168378635e+00
3.162277660168373750e+00
3.138608248313139004e+00
3.138608248313128346e+00
3.099282380723638486e+00
3.099282380723638486e+00
3.095866777594603825e+00
3.095866777594600272e+00
3.089031313133181467e+00
3.089031313133177470e+00
3.066178842659357251e+00
3.066178842659330162e+00
3.031608022715844175e+00
3.031608022715792217e+00
3.000000000000011546e+00
3.000000000000003997e+00
3.000000000000001776e+00
2.999999999999993783e+00
2.992954166629183010e+00
2.992954166629156365e+00
2.983203326664130905e+00
2.983203326664121580e+00
2.969576119492749466e+00
2.969576119492744581e+00
2.950363727549344173e+00
2.950363727549328630e+00
2.913751662220104954e+00
2.913751662220091632e+00
2.870067671997459158e+00
2.870067671997433845e+00
2.827978042583036089e+00
2.827978042583024099e+00
2.813274107536317459e+00
2.813274107536313462e+00
2.726551095272340408e+00
2.726551095272322645e+00
2.705807684676137193e+00
2.705807684676106106e+00
2.666961020840076024e+00
2.666961020840022289e+00
2.663471434833678764e+00
2.663471434833673435e+00
2.604157568875746342e+00
2.604157568875739237e+00
2.564276673723647093e+00
2.564276673723622668e+00
2.531070729117448792e+00
2.531070729117445239e+00
2.490262253212633059e+00
2.490262253212587762e+00
2.473132096130568502e+00
2.473132096130557844e+00
2.470498836278921306e+00
2.470498836278917310e+00
2.447778889039524675e+00
2.447778889039518901e+00
2.439110882005659064e+00
2.439110882005656844e+00
2.416811082012644274e+00
2.416811082012638945e+00
2.384912469332110874e+00
2.384912469332091334e+00
2.370971018330704450e+00
2.370971018330699120e+00
2.350270153768886150e+00
2.350270153768875048e+00
2.321046241586435688e+00
2.321046241586422809e+00
2.288245611270739666e+00
2.288245611270737445e+00
2.285938697231121086e+00
2.285938697231115313e+00
2.251910391076895834e+00
2.251910391076884732e+00
2.226276437387157525e+00
2.226276437387146423e+00
2.153429540742008541e+00
2.153429540742000992e+00
2.127141764914169730e+00
2.127141764914165289e+00
2.085015274704738353e+00
2.085015274704737465e+00
2.069057260010208843e+00
2.069057260010201293e+00
2.029200609404454791e+00
2.029200609404448130e+00
2.000000000000000888e+00
2.000000000000000444e+00
1.999999999999999778e+00
1.999999999999999556e+00
1.999999999999998890e+00
1.999999999999997780e+00
1.997243301629651135e+00
1.997243301629636258e+00
1.994359060642560522e+00
1.994359060642554082e+00
1.992546362952847927e+00
1.992546362952842154e+00
1.989239807452972242e+00
1.989239807452968911e+00
1.983287413562646595e+00
1.983287413562640822e+00
1.981090301816279098e+00
1.981090301816260668e+00
1.964500879363121344e+00
1.964500879363107133e+00
1.947066873049815072e+00
1.947066873049805080e+00
1.930638981721622516e+00
1.930638981721620073e+00
1.914776560221923329e+00
1.914776560221914670e+00
1.903635603587968017e+00
1.903635603587960023e+00
1.895893469855758795e+00
1.895893469855750801e+00
1.891871871184159781e+00
1.891871871184153120e+00
1.874859314710784597e+00
1.874859314710782154e+00
1.870416234769429309e+00
1.870416234769425312e+00
1.854486865372374060e+00
1.854486865372370730e+00
1.847759065022573921e+00
1.847759065022569036e+00
1.820556802984370837e+00
1.820556802984360845e+00
1.813917118578890708e+00
1.813917118578883159e+00
1.806831506002903209e+00
1.806831506002897658e+00
1.773005042648640117e+00
1.773005042648631457e+00
1.732050807568878747e+00
1.732050807568875861e+00
1.708311865161097787e+00
1.708311865161096454e+00
1.704537086425391035e+00
1.704537086425386816e+00
1.698991299827723234e+00
1.698991299827686818e+00
1.638329496628040172e+00
1.638329496628033732e+00
1.630472193636037570e+00
1.630472193636033795e+00
1.618033988749902230e+00
1.618033988749891128e+00
1.586061198681169682e+00
1.586061198681160134e+00
1.569341207375883229e+00
1.569341207375876346e+00
1.547400634785966345e+00
1.547400634785963902e+00
1.533613348573574342e+00
1.533613348573561241e+00
1.515680986968857002e+00
1.515680986968855892e+00
1.492192138698981152e+00
1.492192138698973825e+00
1.452799926176446155e+00
1.452799926176431056e+00
1.423807399448609123e+00
1.423807399448597355e+00
1.414213562373098032e+00
1.414213562373096922e+00
1.414213562373096256e+00
1.414213562373096034e+00
1.414213562373096034e+00
1.414213562373095590e+00
1.414213562373095590e+00
1.414213562373095368e+00
1.414213562373095368e+00
1.414213562373095368e+00
1.414213562373095368e+00
1.414213562373095368e+00
1.414213562373095145e+00
1.414213562373095145e+00
1.414213562373095145e+00
1.414213562373094701e+00
1.414213562373094701e+00
1.414213562373094701e+00
1.414213562373094701e+00
1.414213562373094479e+00
1.414213562373094479e+00
1.414213562373094479e+00
1.414213562373094479e+00
1.414213562373094257e+00
1.414213562373093813e+00
1.414213562373093813e+00
1.414213562373093591e+00
1.414213562373093591e+00
1.414213562373093591e+00
1.414213562373093591e+00
1.414213562373093369e+00
1.414213562373093147e+00
1.414208308327503882e+00
1.414208308327499219e+00
1.412313657608512685e+00
1.412313657608499806e+00
1.406564616988424277e+00
1.406564616988422500e+00
1.404860040794950748e+00
1.404860040794946752e+00
1.402323511076869256e+00
1.402323511076862816e+00
1.384435439828601178e+00
1.384435439828596737e+00
1.376300147796853057e+00
1.376300147796849949e+00
1.372967391189458652e+00
1.372967391189456876e+00
1.356559372871526836e+00
1.356559372871524394e+00
1.346834633342556709e+00
1.346834633342530285e+00
1.294492071367720154e+00
1.294492071367715269e+00
1.257745364710938896e+00
1.257745364710930902e+00
1.246560874865851432e+00
1.246560874865845658e+00
1.219696666405205798e+00
1.219696666405203356e+00
1.194755428809126663e+00
1.194755428809123110e+00
1.173230320676384109e+00
1.173230320676381444e+00
1.172014408294790755e+00
1.172014408294785204e+00
1.171232847157546830e+00
1.171232847157544832e+00
1.150811549599765726e+00
1.150811549599757289e+00
1.086993706802496185e+00
1.086993706802494186e+00
1.028657279746140185e+00
1.028657279746139963e+00
1.001683884157307913e+00
1.001683884157305471e+00
1.000000000000008660e+00
1.000000000000007772e+00
1.000000000000006217e+00
1.000000000000005551e+00
1.000000000000004885e+00
1.000000000000004441e+00
1.000000000000004219e+00
1.000000000000003775e+00
1.000000000000002442e+00
1.000000000000001998e+00
1.000000000000001998e+00
1.000000000000001332e+00
1.000000000000001332e+00
1.000000000000000888e+00
1.000000000000000666e+00
1.000000000000000666e+00
1.000000000000000666e+00
1.000000000000000666e+00
1.000000000000000666e+00
1.000000000000000444e+00
1.000000000000000444e+00
1.000000000000000444e+00
1.000000000000000444e+00
1.000000000000000222e+00
1.000000000000000222e+00
1.000000000000000222e+00
1.000000000000000222e+00
1.000000000000000222e+00
1.000000000000000222e+00
1.000000000000000222e+00
1.000000000000000222e+00
1.000000000000000222e+00
1.000000000000000222e+00
1.000000000000000222e+00
1.000000000000000222e+00
1.000000000000000222e+00
1.000000000000000222e+00
1.000000000000000222e+00
1.000000000000000222e+00
1.000000000000000222e+00
1.000000000000000222e+00
1.000000000000000000e+00
1.000000000000000000e+00
1.000000000000000000e+00
1.000000000000000000e+00
1.000000000000000000e+00
1.000000000000000000e+00
1.000000000000000000e+00
9.999999999999998890e-01
9.999999999999998890e-01
9.999999999999998890e-01
9.999999999999998890e-01
9.999999999999998890e-01
9.999999999999998890e-01
9.999999999999998890e-01
9.999999999999998890e-01
9.999999999999998890e-01
9.999999999999998890e-01
9.999999999999998890e-01
9.999999999999998890e-01
9.999999999999998890e-01
9.999999999999997780e-01
9.999999999999997780e-01
9.999999999999997780e-01
9.999999999999997780e-01
9.999999999999997780e-01
9.999999999999997780e-01
9.999999999999995559e-01
9.999999999999995559e-01
9.999999999999995559e-01
9.999999999999995559e-01
9.999999999999993339e-01
9.999999999999993339e-01
9.999999999999993339e-01
9.999999999999993339e-01
9.999999999999993339e-01
9.999999999999988898e-01
9.999999999999985567e-01
9.999999999999981126e-01
9.999999999999975575e-01
9.999999999999966693e-01
9.999999999999964473e-01
9.999999999999961142e-01
9.999999999999956701e-01
9.999999999999955591e-01
9.999999999999941158e-01
9.999999999999933387e-01
9.999999999999914513e-01
9.999885864815672987e-01
9.999885864815645231e-01
9.995516241433102245e-01
9.995516241433075599e-01
9.992156543731270935e-01
9.992156543731207652e-01
9.984546446824338339e-01
9.984546446824301702e-01
9.980502545531787506e-01
9.980502545531781955e-01
9.965622786701209268e-01
9.965622786701194835e-01
9.956920173012532294e-01
9.956920173012514530e-01
9.945110334952337316e-01
9.945110334952274034e-01
9.913051651462345681e-01
9.913051651462316816e-01
9.906432645119204183e-01
9.906432645119179758e-01
9.890742026696469624e-01
9.890742026696448530e-01
9.872866939316081725e-01
9.872866939316053969e-01
9.850462510134075922e-01
9.850462510134053717e-01
9.830206391056973692e-01
9.830206391056940385e-01
9.773023513717922217e-01
9.773023513717872257e-01
9.750982497525028103e-01
9.750982497524984804e-01
9.722459038030412115e-01
9.722459038030337730e-01
9.710435609209598917e-01
9.710435609209591146e-01
9.680164763220628910e-01
9.680164763220546753e-01
9.660742597780324070e-01
9.660742597780253016e-01
9.626739486493641751e-01
9.626739486493611775e-01
9.509314484986404192e-01
9.509314484986389759e-01
9.490008059425595333e-01
9.490008059425580900e-01
9.406707663966092925e-01
9.406707663966078492e-01
9.376155507259591460e-01
9.376155507259572586e-01
9.349311759011881273e-01
9.349311759011802447e-01
9.216976191277139741e-01
9.216976191277123087e-01
9.148035626159468636e-01
9.148035626159460865e-01
9.134824561651426755e-01
9.134824561651380126e-01
9.104567552333747704e-01
9.104567552333698854e-01
8.849869637461625915e-01
8.849869637461605931e-01
8.740320488976418556e-01
8.740320488976414115e-01
8.607063522045840243e-01
8.607063522045825810e-01
8.539044277531371296e-01
8.539044277531304683e-01
8.471726439890013838e-01
8.471726439888789262e-01
8.433599036456868037e-01
8.433599036456638220e-01
8.213467342705919050e-01
8.213467342705839114e-01
8.123709559924011669e-01
8.123709559923989465e-01
8.049149854510234681e-01
8.049149854510146973e-01
7.952239447274317419e-01
7.952239447274312978e-01
7.831392004037991406e-01
7.831392004037937005e-01
7.653668647301801187e-01
7.653668647301791195e-01
7.206593067668773944e-01
7.206593067668731756e-01
7.104209842651202367e-01
7.104209842651133533e-01
6.897371647538761419e-01
6.897371647538703687e-01
6.198845196442213101e-01
6.198845196442209771e-01
6.180339887498953466e-01
6.180339887498947915e-01
5.738611537283986319e-01
5.738611537283981878e-01
5.709397294071137940e-01
5.709397294071120177e-01
5.459294296401243640e-01
5.459294296401174806e-01
5.288035973648838040e-01
5.288035973648820276e-01
4.938319504177262065e-01
4.938319504177260955e-01
3.877240209922117598e-01
3.877240209922058756e-01
3.856409496252843350e-01
3.856409496252838354e-01
1.037347630867376247e-01
1.037347630867346548e-01
