# Singular values
3.822302970723274029e+01
3.822302970723272608e+01
3.629324492864731866e+01
3.629324492864729734e+01
3.028706420241430664e+01
3.028706420241429242e+01
1.698479644115090892e+01
1.698479644115090181e+01
1.495055013936993227e+01
1.495055013936992871e+01
1.483437469248609730e+01
1.483437469248607066e+01
1.435946947915265604e+01
1.435946947915264182e+01
1.243026203647620065e+01
1.243026203647620065e+01
1.096278117851530354e+01
1.096278117851529821e+01
1.037803632466929571e+01
1.037803632466927262e+01
1.021564421520620414e+01
1.021564421520617749e+01
8.876364048529877593e+00
8.876364048529847395e+00
7.169056035800767113e+00
7.169056035800764448e+00
6.988464660672845774e+00
6.988464660672843110e+00
6.251550116371061172e+00
6.251550116371060284e+00
5.997657340260167835e+00
5.997657340260153624e+00
5.838980021552059974e+00
5.838980021552054644e+00
5.623435944277369813e+00
5.623435944277360932e+00
5.397115190289814457e+00
5.397115190289812681e+00
5.099019513592782715e+00
5.099019513592776498e+00
4.839961444655620504e+00
4.839961444655616951e+00
4.821855620107116103e+00
4.821855620107109885e+00
4.775572347421861430e+00
4.775572347421860542e+00
4.687887601251869540e+00
4.687887601251861547e+00
3.470551175143107514e+00
3.470551175143103517e+00
3.390126739740379591e+00
3.390126739740379591e+00
3.315689540003345037e+00
3.315689540003339708e+00
3.192374268683805472e+00
3.192374268683804139e+00
3.020447918044219193e+00
3.020447918044215196e+00
3.000000000000002220e+00
3.000000000000000444e+00
2.940257167619200196e+00
2.940257167619197975e+00
2.828427124746190735e+00
2.828427124746187626e+00
2.782646489677909951e+00
2.782646489677905066e+00
2.641907904078748537e+00
2.641907904078747649e+00
2.630194825122185609e+00
2.630194825122177615e+00
2.598747752991730664e+00
2.598747752991729776e+00
2.555049778990692744e+00
2.555049778990690523e+00
2.488489984622656248e+00
2.488489984622650475e+00
2.476408154671360773e+00
2.476408154671360329e+00
2.449489742783180990e+00
2.449489742783179214e+00
2.238334255496242431e+00
2.238334255496237102e+00
2.236067977499793358e+00
2.236067977499790693e+00
2.236067977499788917e+00
2.236067977499787141e+00
2.235017659444668237e+00
2.235017659444662019e+00
2.120366788259821167e+00
2.120366788259818946e+00
2.000000000000000444e+00
1.999999999999999334e+00
1.987933906715426025e+00
1.987933906715423804e+00
1.976659026651122586e+00
1.976659026651121254e+00
1.939781763277580895e+00
1.939781763277578008e+00
1.875302290916265102e+00
1.875302290916263770e+00
1.732050807568881856e+00
1.732050807568871198e+00
1.704359458933731197e+00
1.704359458933719207e+00
1.652221958768738341e+00
1.652221958768737897e+00
1.475372878805790267e+00
1.475372878805784937e+00
1.414213562373096478e+00
1.414213562373096478e+00
1.414213562373095812e+00
1.414213562373095812e+00
1.414213562373095590e+00
1.414213562373095590e+00
1.414213562373095368e+00
1.414213562373095145e+00
1.414213562373095145e+00
1.414213562373095145e+00
1.414213562373094923e+00
1.414213562373094701e+00
1.414213562373094479e+00
1.414213562373094479e+00
1.414213562373093813e+00
1.414213562373091371e+00
1.405681883125493359e+00
1.405681883125492693e+00
1.402257657209873720e+00
1.402257657209873498e+00
1.397780339648363235e+00
1.397780339648361236e+00
1.312737036118496459e+00
1.312737036118482248e+00
1.278189061336482801e+00
1.278189061336481025e+00
1.203628799135103566e+00
1.203628799135101568e+00
1.062379504223361915e+00
1.062379504223359472e+00
1.062357165767269018e+00
1.062357165767267686e+00
1.000000000000008438e+00
1.000000000000007772e+00
1.000000000000006217e+00
1.000000000000004441e+00
1.000000000000002442e+00
1.000000000000001776e+00
1.000000000000001332e+00
1.000000000000001332e+00
1.000000000000001110e+00
1.000000000000001110e+00
1.000000000000000666e+00
1.000000000000000666e+00
1.000000000000000444e+00
1.000000000000000444e+00
1.000000000000000444e+00
1.000000000000000444e+00
1.000000000000000444e+00
1.000000000000000444e+00
1.000000000000000444e+00
1.000000000000000444e+00
1.000000000000000444e+00
1.000000000000000444e+00
1.000000000000000444e+00
1.000000000000000222e+00
1.000000000000000222e+00
1.000000000000000222e+00
1.000000000000000222e+00
1.000000000000000222e+00
1.000000000000000222e+00
1.000000000000000222e+00
1.000000000000000222e+00
1.000000000000000222e+00
1.000000000000000222e+00
1.000000000000000222e+00
1.000000000000000222e+00
1.000000000000000222e+00
1.000000000000000000e+00
1.000000000000000000e+00
1.000000000000000000e+00
1.000000000000000000e+00
1.000000000000000000e+00
9.999999999999998890e-01
9.999999999999998890e-01
9.999999999999998890e-01
9.999999999999998890e-01
9.999999999999998890e-01
9.999999999999998890e-01
9.999999999999998890e-01
9.999999999999997780e-01
9.999999999999997780e-01
9.999999999999996669e-01
9.999999999999996669e-01
9.999999999999995559e-01
9.999999999999995559e-01
9.999999999999994449e-01
9.999999999999994449e-01
9.999999999999992228e-01
9.999999999999992228e-01
9.999999999999992228e-01
9.999999999999992228e-01
9.999999999999986677e-01
9.999999999999986677e-01
9.999999999999984457e-01
9.999999999999973355e-01
9.999999999999958922e-01
9.999999999999933387e-01
9.999999999999921174e-01
9.999999999999894529e-01
9.996196550980274154e-01
9.996196550980218642e-01
9.975314319995484125e-01
9.975314319995479684e-01
9.918753771935207020e-01
9.918753771934963881e-01
9.793963240500999090e-01
9.793963240500986878e-01
9.760868743294680572e-01
9.760868743294679462e-01
9.367596769705985871e-01
9.367596769705803794e-01
9.364263849242718818e-01
9.364263849242701054e-01
9.216526465905250376e-01
9.216526465905248156e-01
8.985641860394560920e-01
8.985641860394528724e-01
8.395764135504532044e-01
8.395764135504498737e-01
6.932485164113703080e-01
6.932485164113662002e-01
6.176252211547496040e-01
6.176252211547466064e-01
2.886790056467844479e-01
2.886790056467832266e-01
