# Singular values
8.193206212484506423e+00
8.193206212484502871e+00
3.541424045808086341e+00
3.541424045808085008e+00
3.316624790355401586e+00
3.316624790355398922e+00
3.007998288778291229e+00
3.007998288778289453e+00
2.828427124746191623e+00
2.828427124746190291e+00
2.828427124746189403e+00
2.828427124746189403e+00
2.376898169139328498e+00
2.376898169139326722e+00
2.349418416141566990e+00
2.349418416141564325e+00
1.808673951291771775e+00
1.808673951291770443e+00
1.732050807568879414e+00
1.732050807568877859e+00
1.557033072880131153e+00
1.557033072880130709e+00
1.414213562373095368e+00
1.414213562373095145e+00
1.414213562373095145e+00
1.414213562373095145e+00
1.414213562373095145e+00
1.414213562373095145e+00
1.414213562373095145e+00
1.414213562373094701e+00
1.414213562373094701e+00
1.414213562373094701e+00
1.331348734635096287e+00
1.331348734635095399e+00
1.110005572457484435e+00
1.110005572457484213e+00
1.000000000000000666e+00
1.000000000000000222e+00
1.000000000000000222e+00
1.000000000000000222e+00
1.000000000000000222e+00
1.000000000000000000e+00
1.000000000000000000e+00
1.000000000000000000e+00
1.000000000000000000e+00
1.000000000000000000e+00
9.999999999999998890e-01
9.999999999999998890e-01
9.999999999999997780e-01
9.999999999999997780e-01
9.999999999999997780e-01
9.999999999999997780e-01
9.999999999999996669e-01
9.999999999999996669e-01
9.999999999999996669e-01
9.999999999999995559e-01
9.451563457597638163e-01
9.451563457597635942e-01
6.156022869540430653e-01
6.156022869540429543e-01
3.737381593621570408e-01
3.737381593621569853e-01
