# Singular values
4.079143328941732705e+00
4.079143328941730928e+00
3.271100417428032259e+00
3.271100417428032259e+00
3.162277660168381299e+00
3.162277660168380855e+00
3.032662608878555766e+00
3.032662608878555321e+00
2.828427124746190291e+00
2.828427124746188959e+00
2.797932651931813286e+00
2.797932651931811954e+00
2.028830211410361795e+00
2.028830211410361350e+00
1.851301304693300898e+00
1.851301304693300454e+00
1.732050807568877415e+00
1.732050807568877193e+00
1.473625758207900649e+00
1.473625758207900427e+00
1.414213562373095368e+00
1.414213562373095145e+00
1.414213562373095145e+00
1.414213562373094701e+00
1.000000000000000666e+00
1.000000000000000444e+00
1.000000000000000444e+00
1.000000000000000222e+00
1.000000000000000222e+00
1.000000000000000000e+00
1.000000000000000000e+00
1.000000000000000000e+00
1.000000000000000000e+00
9.999999999999998890e-01
9.999999999999998890e-01
9.999999999999997780e-01
9.341228711165595611e-01
9.341228711165591170e-01
8.287372768124411371e-01
8.287372768124411371e-01
6.004912172131635639e-01
6.004912172131632309e-01
