# Singular values
4.220189569201838964e+01
4.220189569201838253e+01
6.857239157739997815e+00
6.857239157739996926e+00
5.841298668840241959e+00
5.841298668840235742e+00
3.541037975567222329e+00
3.541037975567220997e+00
3.255290390716644389e+00
3.255290390716643056e+00
2.828427124746191623e+00
2.828427124746189847e+00
2.285940746308414706e+00
2.285940746308414706e+00
2.236067977499791581e+00
2.236067977499790693e+00
2.236067977499790249e+00
2.236067977499790249e+00
2.236067977499789361e+00
2.236067977499788473e+00
2.000000000000000888e+00
1.999999999999999778e+00
1.999999999999999334e+00
1.999999999999999112e+00
1.999999999999998668e+00
1.999999999999998668e+00
1.798756503798589534e+00
1.798756503798589312e+00
1.732050807568877859e+00
1.732050807568874529e+00
1.706695760971313147e+00
1.706695760971311815e+00
1.414213562373095812e+00
1.414213562373095590e+00
1.414213562373095590e+00
1.414213562373095590e+00
1.414213562373095590e+00
1.414213562373094923e+00
1.414213562373094923e+00
1.414213562373094923e+00
1.414213562373094701e+00
1.414213562373094701e+00
1.414213562373094257e+00
1.414213562373093813e+00
1.220767812317489209e+00
1.220767812317488321e+00
1.000000000000014655e+00
1.000000000000010880e+00
1.000000000000001332e+00
1.000000000000000666e+00
1.000000000000000444e+00
1.000000000000000444e+00
1.000000000000000444e+00
1.000000000000000222e+00
1.000000000000000222e+00
1.000000000000000222e+00
1.000000000000000222e+00
1.000000000000000222e+00
1.000000000000000222e+00
1.000000000000000000e+00
1.000000000000000000e+00
1.000000000000000000e+00
1.000000000000000000e+00
9.999999999999998890e-01
9.999999999999996669e-01
9.999999999999996669e-01
9.999999999999991118e-01
9.999999999999955591e-01
9.999999999999905631e-01
9.999999999999897859e-01
9.890758987849843642e-01
9.890758987849829209e-01
9.376725768653677573e-01
9.376725768653675352e-01
