# Singular values
3.133184087028486147e+02
3.133184087028483304e+02
1.308711498038307184e+02
1.308711498038307184e+02
9.754565842214499582e+01
9.754565842214489635e+01
8.370507586945899448e+01
8.370507586945895184e+01
7.259351964984421102e+01
7.259351964984415417e+01
6.596162739095778704e+01
6.596162739095767336e+01
6.284783157628453409e+01
6.284783157628437777e+01
5.630121708527065039e+01
5.630121708527058644e+01
5.373407429051950857e+01
5.373407429051938067e+01
5.066166242330191949e+01
5.066166242330189107e+01
4.735491608496088389e+01
4.735491608496084837e+01
4.498468712245751533e+01
4.498468712245730927e+01
3.722902093797260648e+01
3.722902093797246437e+01
3.177987056377757824e+01
3.177987056377753206e+01
2.752217539347139663e+01
2.752217539347139663e+01
2.305423512219194393e+01
2.305423512219170235e+01
2.245763520150925885e+01
2.245763520150921977e+01
2.111799520750028947e+01
2.111799520750021131e+01
1.955246169932986788e+01
1.955246169932986788e+01
1.939245088438452314e+01
1.939245088438449116e+01
1.926159739935876303e+01
1.926159739935874171e+01
1.896168440741370986e+01
1.896168440741369210e+01
1.844539109715757164e+01
1.844539109715754321e+01
1.804722621995921372e+01
1.804722621995918885e+01
1.697103312214898452e+01
1.697103312214895965e+01
1.693400574914086221e+01
1.693400574914084444e+01
1.542117202027307066e+01
1.542117202027302092e+01
1.510081905707598615e+01
1.510081905707595595e+01
1.507604985961469879e+01
1.507604985961464905e+01
1.454666452625107453e+01
1.454666452625105677e+01
1.427898819587109536e+01
1.427898819587091594e+01
1.389886367918566812e+01
1.389886367918562904e+01
1.340159012141403139e+01
1.340159012141398875e+01
1.327286524538458679e+01
1.327286524538453882e+01
1.313692979248436998e+01
1.313692979248434334e+01
1.257096162301924913e+01
1.257096162301923492e+01
1.229613969384625882e+01
1.229613969384623395e+01
1.191511420589730541e+01
1.191511420589729475e+01
1.143533869589822771e+01
1.143533869589820462e+01
1.127551498931728702e+01
1.127551498931726925e+01
1.111662367025212639e+01
1.111662367025206066e+01
1.077899316580475819e+01
1.077899316580473688e+01
1.065594133573581281e+01
1.065594133573580038e+01
1.041243205417676343e+01
1.041243205417672790e+01
1.030987465310838402e+01
1.030987465310835738e+01
1.027348852660774625e+01
1.027348852660770362e+01
1.014357900738741058e+01
1.014357900738736973e+01
1.006622734891487880e+01
1.006622734891486282e+01
9.618692078873673168e+00
9.618692078873632312e+00
9.490919913937537089e+00
9.490919913937478469e+00
9.294524639599766047e+00
9.294524639599744731e+00
9.065583883122837250e+00
9.065583883122764419e+00
8.863050001971528147e+00
8.863050001971515712e+00
8.614997439130178236e+00
8.614997439130133827e+00
8.487134666243246528e+00
8.487134666243223435e+00
8.314112895066639197e+00
8.314112895066603670e+00
8.156747671960019375e+00
8.156747671960008716e+00
8.068130641937486303e+00
8.068130641937473868e+00
7.921628620870027504e+00
7.921628620870012405e+00
7.864011394607040906e+00
7.864011394607020478e+00
7.548209575138767669e+00
7.548209575138760563e+00
7.502562722312755561e+00
7.502562722312747567e+00
7.269836451384207976e+00
7.269836451384148468e+00
6.989661141877855144e+00
6.989661141877815176e+00
6.827009522485859350e+00
6.827009522485858461e+00
6.784187591059692934e+00
6.784187591059666289e+00
6.615217243886246656e+00
6.615217243886132970e+00
6.357671867565539259e+00
6.357671867565536594e+00
6.219338578908116588e+00
6.219338578908071291e+00
6.166281957744764064e+00
6.166281957744759623e+00
6.082762530298244208e+00
6.082762530298235326e+00
6.082762530298225556e+00
6.082762530298214010e+00
6.063326560951014521e+00
6.063326560951013633e+00
5.911537745739376959e+00
5.911537745739374294e+00
5.838175465199068270e+00
5.838175465199046954e+00
5.789325823875817179e+00
5.789325823875810073e+00
5.745085278645793103e+00
5.745085278645785998e+00
5.693910874225477592e+00
5.693910874225434959e+00
5.598749982883781229e+00
5.598749982883758136e+00
5.581899409187637495e+00
5.581899409187620620e+00
5.482359610054031052e+00
5.482359610054018617e+00
5.459548218053589252e+00
5.459548218053579483e+00
5.406628934104949380e+00
5.406628934104936945e+00
5.365241939244105751e+00
5.365241939244086211e+00
5.241986296172698623e+00
5.241986296172686188e+00
5.228308075618182116e+00
5.228308075618159023e+00
5.210647337450238226e+00
5.210647337450236449e+00
5.190507423989080493e+00
5.190507423989068059e+00
5.190037843328501488e+00
5.190037843328474843e+00
5.023595430432684417e+00
5.023595430432671094e+00
4.993923815188180626e+00
4.993923815188178850e+00
4.985975547855681533e+00
4.985975547855677092e+00
4.956842991161368062e+00
4.956842991161362733e+00
4.844714353028084730e+00
4.844714353028082066e+00
4.781996935582832009e+00
4.781996935582815134e+00
4.661934244582000453e+00
4.661934244581986242e+00
4.604228436050165740e+00
4.604228436050151529e+00
4.596022196354847544e+00
4.596022196354843992e+00
4.584676662317433760e+00
4.584676662317405338e+00
4.554653298517076898e+00
4.554653298517068905e+00
4.503170704648456812e+00
4.503170704648434608e+00
4.467419761890706553e+00
4.467419761890671026e+00
4.426004696652142911e+00
4.426004696652124260e+00
4.398310614102230787e+00
4.398310614102226346e+00
4.353492463438484172e+00
4.353492463438467297e+00
4.325008528510556616e+00
4.325008528510523753e+00
4.295466097953404727e+00
4.295466097953375417e+00
4.271833194766553099e+00
4.271833194766545105e+00
4.256250091857824103e+00
4.256250091857821438e+00
4.163248689470068875e+00
4.163248689470067099e+00
4.108761460845533620e+00
4.108761460845518521e+00
4.034861817866945977e+00
4.034861817866929989e+00
4.011253392432899467e+00
4.011253392432879927e+00
4.000000000000011546e+00
4.000000000000004441e+00
4.000000000000002665e+00
3.999999999999996891e+00
3.988829022367095245e+00
3.988829022367083699e+00
3.981785715475614662e+00
3.981785715475607113e+00
3.949013951527525101e+00
3.949013951527520216e+00
3.917377750302882156e+00
3.917377750302858619e+00
3.874594957142625251e+00
3.874594957142615925e+00
3.790590141370738575e+00
3.790590141370724364e+00
3.751862633277368797e+00
3.751862633277366577e+00
3.673059880331426275e+00
3.673059880331384086e+00
3.659108025724006286e+00
3.659108025723992963e+00
3.637823941165654329e+00
3.637823941165650776e+00
3.625119283511770707e+00
3.625119283511757384e+00
3.589817149535086571e+00
3.589817149535081686e+00
3.488181725359665641e+00
3.488181725359656760e+00
3.430737227985186433e+00
3.430737227985171778e+00
3.390937491858939001e+00
3.390937491858900810e+00
3.372217863911677327e+00
3.372217863911660007e+00
3.326961303047996310e+00
3.326961303047988761e+00
3.315823530457926882e+00
3.315823530457918000e+00
3.258961701470893146e+00
3.258961701470883376e+00
3.194521198953693908e+00
3.194521198953670371e+00
3.163256599146988979e+00
3.163256599146951231e+00
3.162277660168390625e+00
3.162277660168389293e+00
3.162277660168386184e+00
3.162277660168382631e+00
3.147471946307280000e+00
3.147471946307269342e+00
3.091372318617491732e+00
3.091372318617491288e+00
3.032015691991835293e+00
3.032015691991801098e+00
3.000000000000007994e+00
3.000000000000005329e+00
3.000000000000004441e+00
3.000000000000003997e+00
3.000000000000000888e+00
3.000000000000000000e+00
2.999999999999999112e+00
2.999999999999999112e+00
2.999999999999997335e+00
2.999999999999995559e+00
2.990311907396720148e+00
2.990311907396705493e+00
2.958245915186692887e+00
2.958245915186683117e+00
2.930337212681405124e+00
2.930337212681399794e+00
2.915060044777141091e+00
2.915060044777129100e+00
2.871410729063620160e+00
2.871410729063611278e+00
2.832868450341855748e+00
2.832868450341845978e+00
2.828427124746197840e+00
2.828427124746188071e+00
2.821298586732137181e+00
2.821298586732130964e+00
2.801277876621703022e+00
2.801277876621691476e+00
2.753469678566759615e+00
2.753469678566757395e+00
2.687780754584231158e+00
2.687780754584225384e+00
2.663164952206480862e+00
2.663164952206471536e+00
2.637417902263236247e+00
2.637417902263227365e+00
2.622753258222100925e+00
2.622753258222094264e+00
2.603365985530770477e+00
2.603365985530765148e+00
2.577782283015192188e+00
2.577782283015170872e+00
2.561305345620403351e+00
2.561305345620380702e+00
2.552466898611907009e+00
2.552466898611900792e+00
2.537441004211120177e+00
2.537441004211117956e+00
2.526895695172300282e+00
2.526895695172276746e+00
2.466432469070988454e+00
2.466432469070980460e+00
2.449489742783181878e+00
2.449489742783178325e+00
2.449350207975617533e+00
2.449350207975606875e+00
2.438260601601960786e+00
2.438260601601955457e+00
2.423643656871971697e+00
2.423643656871961038e+00
2.410567009269846572e+00
2.410567009269836802e+00
2.355006664040378617e+00
2.355006664040375952e+00
2.322083660995395427e+00
2.322083660995380772e+00
2.302775637731996561e+00
2.302775637731995673e+00
2.279945742278884246e+00
2.279945742278881138e+00
2.260689066215067378e+00
2.260689066215059828e+00
2.236067977499791137e+00
2.236067977499788473e+00
2.232313591018725063e+00
2.232313591018721066e+00
2.231707970403682850e+00
2.231707970403675301e+00
2.228528274785097185e+00
2.228528274785094521e+00
2.227805883536444931e+00
2.227805883536442266e+00
2.218327574001146996e+00
2.218327574001142111e+00
2.206681435476343989e+00
2.206681435476336439e+00
2.145129018234943619e+00
2.145129018234932072e+00
2.102471740809473300e+00
2.102471740809472855e+00
2.066218834018068051e+00
2.066218834018061390e+00
2.053400087969344590e+00
2.053400087969340149e+00
2.002602099116473688e+00
2.002602099116463474e+00
2.000000000000006661e+00
2.000000000000006217e+00
2.000000000000002220e+00
2.000000000000002220e+00
2.000000000000000888e+00
2.000000000000000444e+00
2.000000000000000000e+00
1.999999999999999778e+00
1.999323140658340936e+00
1.999323140658331832e+00
1.995569310715342493e+00
1.995569310715314293e+00
1.988668510616712570e+00
1.988668510616709240e+00
1.985828704615847373e+00
1.985828704615837381e+00
1.983671453409903362e+00
1.983671453409894703e+00
1.973264524374965134e+00
1.973264524374962470e+00
1.963645409902151862e+00
1.963645409902149863e+00
1.954441878442703340e+00
1.954441878442702007e+00
1.944215443404053723e+00
1.944215443404049504e+00
1.909872905804953058e+00
1.909872905804942178e+00
1.891880561967806074e+00
1.891880561967788976e+00
1.886303829372018459e+00
1.886303829372011798e+00
1.864004043612260242e+00
1.864004043612259576e+00
1.834396505708921099e+00
1.834396505708915992e+00
1.832950772363403535e+00
1.832950772363395986e+00
1.807682831627125397e+00
1.807682831627099640e+00
1.797320008921384105e+00
1.797320008921363677e+00
1.790944615925333050e+00
1.790944615925314620e+00
1.755433059090865333e+00
1.755433059090833359e+00
1.748145576536141776e+00
1.748145576536110024e+00
1.739973640917099162e+00
1.739973640917060749e+00
1.732050807568886075e+00
1.732050807568880968e+00
1.732050807568880524e+00
1.732050807568878303e+00
1.732050807568878081e+00
1.732050807568874529e+00
1.731953808033210418e+00
1.731953808033199094e+00
1.729811520345283515e+00
1.729811520345281739e+00
1.728031744303591744e+00
1.728031744303569317e+00
1.724981079871859002e+00
1.724981079871849232e+00
1.719662403896525360e+00
1.719662403896521585e+00
1.716369150406184430e+00
1.716369150406095612e+00
1.712706569198699569e+00
1.712706569198687356e+00
1.693074026522405129e+00
1.693074026522394915e+00
1.687865307655614044e+00
1.687865307655596059e+00
1.673860590735441578e+00
1.673860590735436915e+00
1.651162775222432044e+00
1.651162775222430268e+00
1.646269442411215644e+00
1.646269442411211870e+00
1.640397151958813415e+00
1.640397151958810529e+00
1.618033988749895125e+00
1.618033988749894458e+00
1.605800590557162844e+00
1.605800590557159735e+00
1.603199816011491974e+00
1.603199816011450229e+00
1.594847673294963464e+00
1.594847673294955692e+00
1.570284508356723396e+00
1.570284508356713848e+00
1.561516467172201272e+00
1.561516467172193057e+00
1.557284845373296589e+00
1.557284845373286375e+00
1.498919579056765539e+00
1.498919579056763096e+00
1.481156889090460949e+00
1.481156889090450068e+00
1.463794121534393478e+00
1.463794121534389037e+00
1.450422603463595639e+00
1.450422603463591642e+00
1.447264711156216688e+00
1.447264711156212025e+00
1.414213562373107802e+00
1.414213562373097588e+00
1.414213562373097366e+00
1.414213562373096922e+00
1.414213562373096256e+00
1.414213562373096256e+00
1.414213562373096256e+00
1.414213562373096256e+00
1.414213562373095812e+00
1.414213562373095812e+00
1.414213562373095812e+00
1.414213562373095812e+00
1.414213562373095812e+00
1.414213562373095812e+00
1.414213562373095590e+00
1.414213562373095590e+00
1.414213562373095590e+00
1.414213562373095368e+00
1.414213562373095368e+00
1.414213562373095368e+00
1.414213562373095368e+00
1.414213562373095368e+00
1.414213562373095368e+00
1.414213562373095368e+00
1.414213562373095145e+00
1.414213562373095145e+00
1.414213562373095145e+00
1.414213562373094923e+00
1.414213562373094923e+00
1.414213562373094923e+00
1.414213562373094923e+00
1.414213562373094923e+00
1.414213562373094923e+00
1.414213562373094923e+00
1.414213562373094701e+00
1.414213562373094701e+00
1.414213562373094479e+00
1.414213562373094479e+00
1.414213562373094479e+00
1.414213562373094257e+00
1.414213562373094035e+00
1.414213562373093813e+00
1.414213562373093591e+00
1.414213562373093591e+00
1.414213562373093147e+00
1.414213562373093147e+00
1.414213562373092925e+00
1.414213562373086486e+00
1.414192394091592142e+00
1.414192394091589700e+00
1.413010972653179431e+00
1.413010972653173658e+00
1.412407649195686288e+00
1.412407649195677628e+00
1.410491282230726506e+00
1.410491282230720955e+00
1.409218447765112847e+00
1.409218447765108406e+00
1.407629610056863489e+00
1.407629610056859937e+00
1.405838348207914423e+00
1.405838348207911537e+00
1.404928503712967736e+00
1.404928503712961740e+00
1.403298272761488663e+00
1.403298272761482224e+00
1.398572047138291419e+00
1.398572047138290531e+00
1.387410514099086223e+00
1.387410514099078007e+00
1.386145440533428141e+00
1.386145440533420148e+00
1.379117693034325409e+00
1.379117693034306980e+00
1.367394287650262275e+00
1.367394287650249174e+00
1.347775458565740436e+00
1.347775458565732443e+00
1.337876371915265317e+00
1.337876371915259543e+00
1.311445809295790355e+00
1.311445809295785025e+00
1.308139159213474567e+00
1.308139159213470792e+00
1.302775637731995673e+00
1.302775637731994562e+00
1.297535837885443355e+00
1.297535837885437582e+00
1.288216159780194214e+00
1.288216159780186887e+00
1.282882458707171658e+00
1.282882458707162110e+00
1.271614931809456728e+00
1.271614931809452731e+00
1.264218902786163667e+00
1.264218902786156784e+00
1.246514030119557415e+00
1.246514030119554306e+00
1.220388833727629407e+00
1.220388833727618971e+00
1.200312518948898122e+00
1.200312518948895457e+00
1.167892961194691548e+00
1.167892961194687551e+00
1.141973523443735372e+00
1.141973523443716276e+00
1.134768136219821866e+00
1.134768136219792334e+00
1.096053811634091435e+00
1.096053811634085884e+00
1.066651678184872276e+00
1.066651678184856955e+00
1.056796613319217704e+00
1.056796613319210820e+00
1.027295438912321668e+00
1.027295438912310788e+00
1.000000000000031752e+00
1.000000000000006883e+00
1.000000000000006439e+00
1.000000000000006217e+00
1.000000000000005773e+00
1.000000000000005107e+00
1.000000000000004663e+00
1.000000000000004441e+00
1.000000000000003997e+00
1.000000000000003331e+00
1.000000000000002887e+00
1.000000000000002220e+00
1.000000000000002220e+00
1.000000000000001776e+00
1.000000000000001554e+00
1.000000000000001554e+00
1.000000000000001554e+00
1.000000000000001332e+00
1.000000000000001110e+00
1.000000000000001110e+00
1.000000000000001110e+00
1.000000000000001110e+00
1.000000000000001110e+00
1.000000000000001110e+00
1.000000000000001110e+00
1.000000000000000888e+00
1.000000000000000888e+00
1.000000000000000888e+00
1.000000000000000888e+00
1.000000000000000888e+00
1.000000000000000888e+00
1.000000000000000666e+00
1.000000000000000666e+00
1.000000000000000666e+00
1.000000000000000666e+00
1.000000000000000666e+00
1.000000000000000444e+00
1.000000000000000444e+00
1.000000000000000444e+00
1.000000000000000444e+00
1.000000000000000444e+00
1.000000000000000444e+00
1.000000000000000444e+00
1.000000000000000444e+00
1.000000000000000444e+00
1.000000000000000222e+00
1.000000000000000222e+00
1.000000000000000222e+00
1.000000000000000222e+00
1.000000000000000222e+00
1.000000000000000222e+00
1.000000000000000222e+00
1.000000000000000222e+00
1.000000000000000222e+00
1.000000000000000222e+00
1.000000000000000000e+00
1.000000000000000000e+00
1.000000000000000000e+00
1.000000000000000000e+00
1.000000000000000000e+00
1.000000000000000000e+00
1.000000000000000000e+00
1.000000000000000000e+00
1.000000000000000000e+00
9.999999999999998890e-01
9.999999999999998890e-01
9.999999999999998890e-01
9.999999999999998890e-01
9.999999999999998890e-01
9.999999999999998890e-01
9.999999999999998890e-01
9.999999999999996669e-01
9.999999999999996669e-01
9.999999999999996669e-01
9.999999999999996669e-01
9.999999999999996669e-01
9.999999999999994449e-01
9.999999999999994449e-01
9.999999999999994449e-01
9.999999999999994449e-01
9.999999999999994449e-01
9.999999999999994449e-01
9.999999999999994449e-01
9.999999999999992228e-01
9.999999999999992228e-01
9.999999999999990008e-01
9.999999999999990008e-01
9.999999999999990008e-01
9.999999999999987788e-01
9.999999999999986677e-01
9.999999999999986677e-01
9.999999999999982236e-01
9.999999999999982236e-01
9.999999999999982236e-01
9.999999999999977796e-01
9.999999999999971134e-01
9.999999999999963363e-01
9.999999999999961142e-01
9.999999999999951150e-01
9.999999999999946709e-01
9.999999999999944489e-01
9.999999999999942268e-01
9.999999999999937828e-01
9.999999999999934497e-01
9.999999999999927836e-01
9.999999999999669154e-01
9.999886713589192233e-01
9.999886713588855836e-01
9.999531008597088988e-01
9.999531008597053461e-01
9.999087454006477804e-01
9.999087454006229114e-01
9.990316047717865411e-01
9.990316047717787695e-01
9.954725626739521216e-01
9.954725626739431288e-01
9.953259864712019622e-01
9.953259864711990756e-01
9.949935049131111153e-01
9.949935049131002351e-01
9.944981984287648569e-01
9.944981984287594168e-01
9.931037748099714735e-01
9.931037748099682538e-01
9.843722101147682757e-01
9.843722101147645009e-01
9.828119250978658572e-01
9.828119250978654131e-01
9.826908086752436100e-01
9.826908086752427218e-01
9.821586494517897670e-01
9.821586494517851040e-01
9.798266120453787975e-01
9.798266120453782424e-01
9.789633136449201745e-01
9.789633136449177320e-01
9.712414741593812240e-01
9.712414741593801137e-01
9.664230559862231340e-01
9.664230559862204695e-01
9.610030078085369798e-01
9.610030078085319838e-01
9.582378071443704570e-01
9.582378071443671264e-01
9.503425703446821693e-01
9.503425703446807260e-01
9.488685739438393885e-01
9.488685739438369460e-01
9.401012519501388276e-01
9.401012519501357190e-01
9.298710084561561118e-01
9.298710084561554456e-01
9.222769479798776926e-01
9.222769479798750281e-01
9.180021150699919641e-01
9.180021150699868571e-01
9.161013660354805355e-01
9.161013660354763166e-01
9.136750475082435763e-01
9.136750475082416889e-01
9.038453730016674514e-01
9.038453730016667853e-01
8.940809166681805698e-01
8.940809166681763509e-01
8.745919215344211128e-01
8.745919215344138964e-01
8.665222186619290223e-01
8.665222186619241374e-01
8.378370371913336223e-01
8.378370371913278492e-01
8.310242807651706531e-01
8.310242807651663233e-01
8.139725622996990539e-01
8.139725622996961674e-01
8.037393302856711275e-01
8.037393302856650212e-01
7.912568128657184729e-01
7.912568128657136990e-01
7.717435287893797957e-01
7.717435287893671392e-01
7.569860653035459519e-01
7.569860653035388465e-01
7.456325797577271208e-01
7.456325797577225689e-01
7.354159896454942613e-01
7.354159896454873779e-01
7.317015153519751403e-01
7.317015153519665915e-01
6.915826146095892524e-01
6.915826146095841453e-01
6.851225245044318957e-01
6.851225245044278989e-01
6.738705825802653315e-01
6.738705825802612237e-01
6.685141054460526089e-01
6.685141054460507215e-01
6.496624398142617496e-01
6.496624398142339940e-01
6.424623169237047016e-01
6.424623169236680642e-01
6.180339887498954576e-01
6.180339887498930151e-01
6.164999230656733609e-01
6.164999230656716955e-01
6.074968250483024912e-01
6.074968250483019361e-01
5.984558437327145430e-01
5.984558437327116565e-01
5.893459134299158242e-01
5.893459134299094959e-01
5.762823653616878650e-01
5.762823653616825359e-01
5.733882623304944470e-01
5.733882623304922266e-01
5.626348076141316490e-01
5.626348076141283183e-01
5.549331282924505615e-01
5.549331282924455655e-01
5.304634245832543504e-01
5.304634245832505757e-01
4.844237690081966696e-01
4.844237690081915626e-01
4.470614271262275397e-01
4.470614271262157158e-01
4.269954148476169387e-01
4.269954148476107769e-01
4.028993049543201366e-01
4.028993049543176941e-01
3.570663580602520537e-01
3.570663580602434495e-01
3.489167844184196121e-01
3.489167844184161704e-01
3.191914819477874032e-01
3.191914819477788545e-01
3.098978644060597087e-01
3.098978644060517151e-01
2.912064658223408320e-01
2.912064658223376679e-01
2.521039022196744916e-01
2.521039022196666091e-01
2.020947613908649354e-01
2.020947613908607443e-01
1.968010880013716102e-01
1.968010880013662811e-01
1.271329617082014862e-01
1.271329617081985164e-01
8.214978378126155945e-02
8.214978378126115699e-02
3.206855652626268700e-13
2.952867936836719833e-13
2.079429549301020012e-13
1.706466604582944913e-13
1.398449754317600141e-13
1.213216292310707487e-13
1.057475935882485300e-13
