# Singular values
9.082055283989275551e+01
9.082055283989272709e+01
4.319722213291036184e+01
4.319722213291029078e+01
2.508969062005201067e+01
2.508969062005200712e+01
1.570707516396367964e+01
1.570707516396366721e+01
9.380831519646861238e+00
9.380831519646838146e+00
6.818096830913120243e+00
6.818096830913111361e+00
6.019732246155864885e+00
6.019732246155856892e+00
5.837949799687137897e+00
5.837949799687125463e+00
5.386800381104100310e+00
5.386800381104094093e+00
5.302535022884780069e+00
5.302535022884770299e+00
5.173823562454440861e+00
5.173823562454437308e+00
4.684730807825570942e+00
4.684730807825569165e+00
4.570996687102568679e+00
4.570996687102563349e+00
4.409824079606059044e+00
4.409824079606055491e+00
4.360783903957959673e+00
4.360783903957957008e+00
4.242640687119285658e+00
4.242640687119285658e+00
4.130648586880626638e+00
4.130648586880583117e+00
4.123105625617662362e+00
4.123105625617658809e+00
4.123105625617657033e+00
4.123105625617655257e+00
3.741657386773943994e+00
3.741657386773939553e+00
3.642984044432021840e+00
3.642984044432014290e+00
3.463340463956342319e+00
3.463340463956341875e+00
3.427913800905401764e+00
3.427913800905398656e+00
3.162277660168378191e+00
3.162277660168373306e+00
2.999999999999999112e+00
2.999999999999999112e+00
2.999999999999997335e+00
2.999999999999995115e+00
2.866891507804229633e+00
2.866891507804227412e+00
2.828427124746190735e+00
2.828427124746184962e+00
2.673176621696604638e+00
2.673176621696603750e+00
2.641765618554164696e+00
2.641765618554162920e+00
2.603122468969148340e+00
2.603122468969147452e+00
2.449489742783180102e+00
2.449489742783180102e+00
2.449489742783177437e+00
2.449489742783174773e+00
2.398182698307957050e+00
2.398182698307955274e+00
2.236067977499800463e+00
2.236067977499785808e+00
2.226456996015747869e+00
2.226456996015747425e+00
2.000000000000007550e+00
2.000000000000003997e+00
2.000000000000002220e+00
2.000000000000002220e+00
2.000000000000000888e+00
2.000000000000000444e+00
2.000000000000000444e+00
1.999999999999999556e+00
1.999999999999998668e+00
1.999999999999994671e+00
1.957652023571971434e+00
1.957652023571968325e+00
1.902113032590317943e+00
1.902113032590301289e+00
1.732050807568877637e+00
1.732050807568877193e+00
1.732050807568876971e+00
1.732050807568876749e+00
1.731956438717360935e+00
1.731956438717360047e+00
1.730725503745208727e+00
1.730725503745208282e+00
1.618033988749897345e+00
1.618033988749889573e+00
1.547238542799973304e+00
1.547238542799972638e+00
1.435681009278158671e+00
1.435681009278157783e+00
1.414213562373104027e+00
1.414213562373096478e+00
1.414213562373096256e+00
1.414213562373095812e+00
1.414213562373095812e+00
1.414213562373095812e+00
1.414213562373095812e+00
1.414213562373095812e+00
1.414213562373095590e+00
1.414213562373095590e+00
1.414213562373095590e+00
1.414213562373095590e+00
1.414213562373095368e+00
1.414213562373095368e+00
1.414213562373095368e+00
1.414213562373095368e+00
1.414213562373095368e+00
1.414213562373095368e+00
1.414213562373094923e+00
1.414213562373094923e+00
1.414213562373094923e+00
1.414213562373094923e+00
1.414213562373094923e+00
1.414213562373094923e+00
1.414213562373094923e+00
1.414213562373094923e+00
1.414213562373094923e+00
1.414213562373094923e+00
1.414213562373094923e+00
1.414213562373094923e+00
1.414213562373094923e+00
1.414213562373094923e+00
1.414213562373094923e+00
1.414213562373094701e+00
1.414213562373094701e+00
1.414213562373094701e+00
1.414213562373094479e+00
1.414213562373094479e+00
1.414213562373094479e+00
1.414213562373094035e+00
1.414213562373093369e+00
1.414213562373091371e+00
1.406496158881402003e+00
1.406496158881400005e+00
1.383426358439640014e+00
1.383426358439639126e+00
1.374705336582362936e+00
1.374705336582361381e+00
1.337605027339964670e+00
1.337605027339960007e+00
1.311453018356599332e+00
1.311453018356597555e+00
1.303562510512237926e+00
1.303562510512235484e+00
1.237837256650749618e+00
1.237837256650748285e+00
1.175570504584965370e+00
1.175570504584926956e+00
1.000461140294993445e+00
1.000461140294991447e+00
1.000000000000126343e+00
1.000000000000007327e+00
1.000000000000003775e+00
1.000000000000003331e+00
1.000000000000003109e+00
1.000000000000002887e+00
1.000000000000002665e+00
1.000000000000001776e+00
1.000000000000001776e+00
1.000000000000001554e+00
1.000000000000001332e+00
1.000000000000001332e+00
1.000000000000001110e+00
1.000000000000001110e+00
1.000000000000001110e+00
1.000000000000000666e+00
1.000000000000000444e+00
1.000000000000000444e+00
1.000000000000000444e+00
1.000000000000000444e+00
1.000000000000000444e+00
1.000000000000000222e+00
1.000000000000000222e+00
1.000000000000000222e+00
1.000000000000000222e+00
1.000000000000000222e+00
1.000000000000000222e+00
1.000000000000000222e+00
1.000000000000000222e+00
1.000000000000000222e+00
1.000000000000000222e+00
1.000000000000000222e+00
1.000000000000000222e+00
1.000000000000000222e+00
1.000000000000000222e+00
1.000000000000000222e+00
1.000000000000000222e+00
1.000000000000000222e+00
1.000000000000000222e+00
1.000000000000000222e+00
1.000000000000000000e+00
1.000000000000000000e+00
1.000000000000000000e+00
1.000000000000000000e+00
1.000000000000000000e+00
1.000000000000000000e+00
1.000000000000000000e+00
9.999999999999997780e-01
9.999999999999997780e-01
9.999999999999997780e-01
9.999999999999997780e-01
9.999999999999997780e-01
9.999999999999997780e-01
9.999999999999997780e-01
9.999999999999997780e-01
9.999999999999997780e-01
9.999999999999997780e-01
9.999999999999997780e-01
9.999999999999997780e-01
9.999999999999997780e-01
9.999999999999997780e-01
9.999999999999997780e-01
9.999999999999997780e-01
9.999999999999996669e-01
9.999999999999996669e-01
9.999999999999996669e-01
9.999999999999995559e-01
9.999999999999995559e-01
9.999999999999995559e-01
9.999999999999995559e-01
9.999999999999993339e-01
9.999999999999993339e-01
9.999999999999993339e-01
9.999999999999993339e-01
9.999999999999993339e-01
9.999999999999993339e-01
9.999999999999993339e-01
9.999999999999993339e-01
9.999999999999993339e-01
9.999999999999993339e-01
9.999999999999992228e-01
9.999999999999990008e-01
9.999999999999987788e-01
9.999999999999987788e-01
9.999999999999984457e-01
9.999999999999982236e-01
9.999999999999981126e-01
9.999999999999980016e-01
9.999999999999974465e-01
9.999999999999973355e-01
9.999999999999970024e-01
9.999999999999965583e-01
9.999999999999957812e-01
9.999999999998727684e-01
9.752451280482629103e-01
9.752451280482606899e-01
9.719146422638360594e-01
9.719146422638359484e-01
9.683709267122033726e-01
9.683709267122022624e-01
9.148813812418689073e-01
9.148813812418683522e-01
8.096118352020714726e-01
8.096118352020698072e-01
6.180339887498973450e-01
6.180339887498925711e-01
6.073521023800458885e-01
6.073521023800457774e-01
4.666800439246846649e-02
4.666800439246451826e-02
