# Singular values
9.504684229769887907e+02
9.504684229769885633e+02
8.246837689679015284e+02
8.246837689679015284e+02
7.032741107934346019e+02
7.032741107934343745e+02
5.665293202412826759e+02
5.665293202412822211e+02
4.505057521534149032e+02
4.505057521534147327e+02
3.600944934009582994e+02
3.600944934009554572e+02
2.990702443258371659e+02
2.990702443258369385e+02
2.703655047669962528e+02
2.703655047669944906e+02
2.453310634484749357e+02
2.453310634484737136e+02
2.100015571639966936e+02
2.100015571639961252e+02
1.873067561090489050e+02
1.873067561090484787e+02
1.800117531719380679e+02
1.800117531719378690e+02
1.685873524695127514e+02
1.685873524695121830e+02
1.508590135522707385e+02
1.508590135522701416e+02
1.412028997809528619e+02
1.412028997809526629e+02
1.280121952896696484e+02
1.280121952896690232e+02
1.141899379356514999e+02
1.141899379356503914e+02
1.137752719308044789e+02
1.137752719308042373e+02
1.112651388025204540e+02
1.112651388025201129e+02
1.080086024825763928e+02
1.080086024825761086e+02
1.040632947141945976e+02
1.040632947141944697e+02
9.581755657068997323e+01
9.581755657068966059e+01
8.706713132649272779e+01
8.706713132649251463e+01
8.571990674817321576e+01
8.571990674817295996e+01
8.402657863285045892e+01
8.402657863285018891e+01
8.130280493752323423e+01
8.130280493752323423e+01
8.039213502252484034e+01
8.039213502252478349e+01
8.037881502856249938e+01
8.037881502856187410e+01
7.914477127834386749e+01
7.914477127834383907e+01
7.772026645657129507e+01
7.772026645657116717e+01
7.636988573067934283e+01
7.636988573067901598e+01
7.511039466715560309e+01
7.511039466715556046e+01
7.503349306475344349e+01
7.503349306475344349e+01
7.410615607784673387e+01
7.410615607784669123e+01
7.191300969221342143e+01
7.191300969221322248e+01
7.070635718927997004e+01
7.070635718927989899e+01
6.743232293426602553e+01
6.743232293426592605e+01
6.713977685178218735e+01
6.713977685178204524e+01
6.526461775889650596e+01
6.526461775889639227e+01
5.804359223690737934e+01
5.804359223690735092e+01
5.755371254609863030e+01
5.755371254609855214e+01
5.631572033472114214e+01
5.631572033472104266e+01
5.585837686882059927e+01
5.585837686882055664e+01
5.514679079435920528e+01
5.514679079435910580e+01
5.223886380887272196e+01
5.223886380887260117e+01
5.188315154401730922e+01
5.188315154401722396e+01
5.021892376850559003e+01
5.021892376850555451e+01
4.838399325939785456e+01
4.838399325939772666e+01
4.811066827096438914e+01
4.811066827096394150e+01
4.626982343296875655e+01
4.626982343296872813e+01
4.612173851085939447e+01
4.612173851085925946e+01
4.427876218391310914e+01
4.427876218391300966e+01
4.419275958796883685e+01
4.419275958796868764e+01
4.401101003783739429e+01
4.401101003783720245e+01
4.353119069206499603e+01
4.353119069206486813e+01
4.241462012089708367e+01
4.241462012089672839e+01
4.233659510708255169e+01
4.233659510708250195e+01
4.169920194823824744e+01
4.169920194823803428e+01
4.026462812268712099e+01
4.026462812268708547e+01
3.965788755743598415e+01
3.965788755743575678e+01
3.899297903898318651e+01
3.899297903898294493e+01
3.778918252937119604e+01
3.778918252937069866e+01
3.718614936787792402e+01
3.718614936787784586e+01
3.701658736629650548e+01
3.701658736629639890e+01
3.653449806938810696e+01
3.653449806938786537e+01
3.627983203827118786e+01
3.627983203827113812e+01
3.616860120370228060e+01
3.616860120370208165e+01
3.604967625101957651e+01
3.604967625101952677e+01
3.591604645071976165e+01
3.591604645071953428e+01
3.547315039572691830e+01
3.547315039572666251e+01
3.510859580337407237e+01
3.510859580337397290e+01
3.391290872186763039e+01
3.391290872186753802e+01
3.355047566544308779e+01
3.355047566544304516e+01
3.337055887386135566e+01
3.337055887386116382e+01
3.318906480074009835e+01
3.318906480073992071e+01
3.306055050963311714e+01
3.306055050963304609e+01
3.247339757952349970e+01
3.247339757952346417e+01
3.228038501370147628e+01
3.228038501370133417e+01
3.199732138507657808e+01
3.199732138507653190e+01
3.126945177745470872e+01
3.126945177745467674e+01
3.101617846257348177e+01
3.101617846257343203e+01
2.976789680559820894e+01
2.976789680559807749e+01
2.972026837095231500e+01
2.972026837095226526e+01
2.958704397389610108e+01
2.958704397389605134e+01
2.876478262319588808e+01
2.876478262319584189e+01
2.834286160953196188e+01
2.834286160953195122e+01
2.797733104971784357e+01
2.797733104971771212e+01
2.782085548648715090e+01
2.782085548648712603e+01
2.756590835307918397e+01
2.756590835307916976e+01
2.736456250226759224e+01
2.736456250226747500e+01
2.711098392812163027e+01
2.711098392812078828e+01
2.683207374389398225e+01
2.683207374389395383e+01
2.662930791925404250e+01
2.662930791925380447e+01
2.655465634373210548e+01
2.655465634373206996e+01
2.638894413082546464e+01
2.638894413082541490e+01
2.629879615648525260e+01
2.629879615648508207e+01
2.627218648088970099e+01
2.627218648088962993e+01
2.600042789439293855e+01
2.600042789439287816e+01
2.597144077880544799e+01
2.597144077880540891e+01
2.592150644923471603e+01
2.592150644923465919e+01
2.559904753847042613e+01
2.559904753847031955e+01
2.484364227175109008e+01
2.484364227175108297e+01
2.462568925243860463e+01
2.462568925243853002e+01
2.417601202784203096e+01
2.417601202784202030e+01
2.397464501901686518e+01
2.397464501901684031e+01
2.395871731215261846e+01
2.395871731215251899e+01
2.374875643612918807e+01
2.374875643612913834e+01
2.370745169553300258e+01
2.370745169553294929e+01
2.364992748137994738e+01
2.364992748137991896e+01
2.340295339039977662e+01
2.340295339039970202e+01
2.265586651807138807e+01
2.265586651807135610e+01
2.220777875354717068e+01
2.220777875354714581e+01
2.201784037434662622e+01
2.201784037434656582e+01
2.120916097893564967e+01
2.120916097893562124e+01
2.111808389810407505e+01
2.111808389810381570e+01
2.105152893906033285e+01
2.105152893906020850e+01
2.052872103948404003e+01
2.052872103948396187e+01
2.051163475134478276e+01
2.051163475134475078e+01
2.050173317284549412e+01
2.050173317284536623e+01
2.034821089891678625e+01
2.034821089891677559e+01
2.032009078206648311e+01
2.032009078206645114e+01
2.019064246725735146e+01
2.019064246725733369e+01
2.011644564815999203e+01
2.011644564815994229e+01
1.992864373900142994e+01
1.992864373900134822e+01
1.943550817731897951e+01
1.943550817731892622e+01
1.931107360359111880e+01
1.931107360359103708e+01
1.929528935491794783e+01
1.929528935491792296e+01
1.918291234407412915e+01
1.918291234407409362e+01
1.897091233216852046e+01
1.897091233216837836e+01
1.882574743859768063e+01
1.882574743859758826e+01
1.858949174346287236e+01
1.858949174346270894e+01
1.851455326941465884e+01
1.851455326941458424e+01
1.830898152485549701e+01
1.830898152485541530e+01
1.820871649141707138e+01
1.820871649141704296e+01
1.795687920218013289e+01
1.795687920217996947e+01
1.762220145895783574e+01
1.762220145895779311e+01
1.721948717600246326e+01
1.721948717600240286e+01
1.710923925666512346e+01
1.710923925666509504e+01
1.702584755580603826e+01
1.702584755580596010e+01
1.695120732011198683e+01
1.695120732011193354e+01
1.682878915030742561e+01
1.682878915030731548e+01
1.668371420891552148e+01
1.668371420891540780e+01
1.649668092821252330e+01
1.649668092821242738e+01
1.645511812105429073e+01
1.645511812105421257e+01
1.629009217516498609e+01
1.629009217516489372e+01
1.623840066496644496e+01
1.623840066496638102e+01
1.615893013793247945e+01
1.615893013793240485e+01
1.598060753881580354e+01
1.598060753881568452e+01
1.596322208501378803e+01
1.596322208501375961e+01
1.590820194612132710e+01
1.590820194612132532e+01
1.585285797782442252e+01
1.585285797782431594e+01
1.560922956021217800e+01
1.560922956021216557e+01
1.559626319683710705e+01
1.559626319683710172e+01
1.545367123443354096e+01
1.545367123443352320e+01
1.541569281889022491e+01
1.541569281889015386e+01
1.520102003780965561e+01
1.520102003780965028e+01
1.504165638923533344e+01
1.504165638923528547e+01
1.500800889470924027e+01
1.500800889470921540e+01
1.492608203771570707e+01
1.492608203771565201e+01
1.473095364559459064e+01
1.473095364559448583e+01
1.450482109139975151e+01
1.450482109139970177e+01
1.446586860949446773e+01
1.446586860949441977e+01
1.436375276418303493e+01
1.436375276418293545e+01
1.428153641547423014e+01
1.428153641547418928e+01
1.417592003098992315e+01
1.417592003098990361e+01
1.406190664909227728e+01
1.406190664909226662e+01
1.390745170728146718e+01
1.390745170728141922e+01
1.368864137598857589e+01
1.368864137598856701e+01
1.352262277046875738e+01
1.352262277046866146e+01
1.333741732099665356e+01
1.333741732099663402e+01
1.318226362654128536e+01
1.318226362654125516e+01
1.306207871026975909e+01
1.306207871026974843e+01
1.302614922904764860e+01
1.302614922904758821e+01
1.299881010125613834e+01
1.299881010125608860e+01
1.299066407021421199e+01
1.299066407021420666e+01
1.280883239964828846e+01
1.280883239964818898e+01
1.270981040048773281e+01
1.270981040048766175e+01
1.236996568348516945e+01
1.236996568348509662e+01
1.230998912506223064e+01
1.230998912506218623e+01
1.222007687635681172e+01
1.222007687635678330e+01
1.208304597359454391e+01
1.208304597359452437e+01
1.197177720793154343e+01
1.197177720793153277e+01
1.191260067310545878e+01
1.191260067310532555e+01
1.190692647496983092e+01
1.190692647496976520e+01
1.188186086358198779e+01
1.188186086358193094e+01
1.180843108490522653e+01
1.180843108490518745e+01
1.174718150267911021e+01
1.174718150267908001e+01
1.157904915346449926e+01
1.157904915346449393e+01
1.145555890866207704e+01
1.145555890866202020e+01
1.118744508112926361e+01
1.118744508112922276e+01
1.112630730323121142e+01
1.112630730323111372e+01
1.108942704620289277e+01
1.108942704620282882e+01
1.107940337702869726e+01
1.107940337702865286e+01
1.099258867497216841e+01
1.099258867497213643e+01
1.097399249107441399e+01
1.097399249107438024e+01
1.089498458353358501e+01
1.089498458353353172e+01
1.078979189809463612e+01
1.078979189809459882e+01
1.070629377297330720e+01
1.070629377297324680e+01
1.061058037468190740e+01
1.061058037468189852e+01
1.054605430375628750e+01
1.054605430375626796e+01
1.044705795560394002e+01
1.044705795560391159e+01
1.039939346293921041e+01
1.039939346293920330e+01
1.028203192195576143e+01
1.028203192195564775e+01
1.014242286694960526e+01
1.014242286694953243e+01
1.007985565595047817e+01
1.007985565595042310e+01
1.007401884855121033e+01
1.007401884855119967e+01
1.006026117781732587e+01
1.006026117781726903e+01
9.946074678417708981e+00
9.946074678417698323e+00
9.773474831427630960e+00
9.773474831427574117e+00
9.707958746664537841e+00
9.707958746664512972e+00
9.648711968784995818e+00
9.648711968784976278e+00
9.641232149285203334e+00
9.641232149285182018e+00
9.632755556083047566e+00
9.632755556082985393e+00
9.529938527096730283e+00
9.529938527096676992e+00
9.312634944794497827e+00
9.312634944794474734e+00
9.295172309799072607e+00
9.295172309799003330e+00
9.259408689042581742e+00
9.259408689042547991e+00
9.196695570163583966e+00
9.196695570163555544e+00
9.085580186177370621e+00
9.085580186177283579e+00
9.030661596075463038e+00
9.030661596075356456e+00
8.974991420427581801e+00
8.974991420427540945e+00
8.966046964356968019e+00
8.966046964356916504e+00
8.878907278339966069e+00
8.878907278339942977e+00
8.847630987021146254e+00
8.847630987021043225e+00
8.775408337598141983e+00
8.775408337598099351e+00
8.666540679803867775e+00
8.666540679803796721e+00
8.585019517183729576e+00
8.585019517183699378e+00
8.541585679284953159e+00
8.541585679284885657e+00
8.475955618186775453e+00
8.475955618186715057e+00
8.349310092640353176e+00
8.349310092640314096e+00
8.281823701275909499e+00
8.281823701275884630e+00
8.239534933461714061e+00
8.239534933461701627e+00
8.232269615853066824e+00
8.232269615853047284e+00
8.080020870052702975e+00
8.080020870052699422e+00
8.069451012027093029e+00
8.069451012027077041e+00
8.054291151190058784e+00
8.054291151190014375e+00
8.012822227276291898e+00
8.012822227276258147e+00
7.995839214822213492e+00
7.995839214822201058e+00
7.977472466108237015e+00
7.977472466108213922e+00
7.948099139188608220e+00
7.948099139188570916e+00
7.890923952158350296e+00
7.890923952158311216e+00
7.803195761767055316e+00
7.803195761767010019e+00
7.791845088172481226e+00
7.791845088172470568e+00
7.762674132795752691e+00
7.762674132795721604e+00
7.726042424304904621e+00
7.726042424304862877e+00
7.660593041298444206e+00
7.660593041298427330e+00
7.624215164096846742e+00
7.624215164096827202e+00
7.556857708657299000e+00
7.556857708657246597e+00
7.521733556810778154e+00
7.521733556810767496e+00
7.490345137162595535e+00
7.490345137162559119e+00
7.448437931212499308e+00
7.448437931212485097e+00
7.385769700116629366e+00
7.385769700116604497e+00
7.357384105166926425e+00
7.357384105166885568e+00
7.277605291401990861e+00
7.277605291401975762e+00
7.268328071829628811e+00
7.268328071829616377e+00
7.173041668999587728e+00
7.173041668999570852e+00
7.067402541402677763e+00
7.067402541402654670e+00
6.954776686578707512e+00
6.954776686578685307e+00
6.903720783990431542e+00
6.903720783990387133e+00
6.877141197740361811e+00
6.877141197740257006e+00
6.838802642591970127e+00
6.838802642591915060e+00
6.832357954197139982e+00
6.832357954197110672e+00
6.816580500665513576e+00
6.816580500665475384e+00
6.815297209112327614e+00
6.815297209112305410e+00
6.754444726024762424e+00
6.754444726024739332e+00
6.708674994049526497e+00
6.708674994049511398e+00
6.680271023010369014e+00
6.680271023010128317e+00
6.586786776997317183e+00
6.586786776997190174e+00
6.571369469743697955e+00
6.571369469743600256e+00
6.529750855673404963e+00
6.529750855673326804e+00
6.506599540197969489e+00
6.506599540197952614e+00
6.447335201808188643e+00
6.447335201808175320e+00
6.324555320336794573e+00
6.324555320336772368e+00
6.323265859135530853e+00
6.323265859135491773e+00
6.301543575362692273e+00
6.301543575362675398e+00
6.244613672153550787e+00
6.244613672153533912e+00
6.158902875975842406e+00
6.158902875975829971e+00
6.151860457021106399e+00
6.151860457021090411e+00
6.138181956179365351e+00
6.138181956179358245e+00
6.116388918206652647e+00
6.116388918206585146e+00
6.089120876513673508e+00
6.089120876513642422e+00
6.087129918707723242e+00
6.087129918707685050e+00
6.082762530298289505e+00
6.082762530298258419e+00
6.082762530298248649e+00
6.082762530298228221e+00
6.082762530298213122e+00
6.082762530298205128e+00
6.082744096499787645e+00
6.082744096499770770e+00
6.072473878312544926e+00
6.072473878312503182e+00
6.057735627765468145e+00
6.057735627765465480e+00
6.045327728770657494e+00
6.045327728770629960e+00
5.988932721862510355e+00
5.988932721862491704e+00
5.977482798288811239e+00
5.977482798288805022e+00
5.975935185551274564e+00
5.975935185551263018e+00
5.926333224356537421e+00
5.926333224356501894e+00
5.882446861025986351e+00
5.882446861025981022e+00
5.850096355491000821e+00
5.850096355490995492e+00
5.832444560161597735e+00
5.832444560161591518e+00
5.826757558389490832e+00
5.826757558389449976e+00
5.813209507988805314e+00
5.813209507988755576e+00
5.769324095723373347e+00
5.769324095723344925e+00
5.748260859345501572e+00
5.748260859345482920e+00
5.717981512318362824e+00
5.717981512318348614e+00
5.686712328616841283e+00
5.686712328616835066e+00
5.656854249492407227e+00
5.656854249492394793e+00
5.647059175571629730e+00
5.647059175571571110e+00
5.591569140486408074e+00
5.591569140486376099e+00
5.567618829051171225e+00
5.567618829051157903e+00
5.558830757372586362e+00
5.558830757372573927e+00
5.558298852581714300e+00
5.558298852581714300e+00
5.529101395706533140e+00
5.529101395706503830e+00
5.465404121470223586e+00
5.465404121470211152e+00
5.424244982523638292e+00
5.424244982523619640e+00
5.402810945293492928e+00
5.402810945293421874e+00
5.385164807134503739e+00
5.385164807134471765e+00
5.384613583528569336e+00
5.384613583528545355e+00
5.274487044614772913e+00
5.274487044614759590e+00
5.266313972727377113e+00
5.266313972727361126e+00
5.248169141033156571e+00
5.248169141033100615e+00
5.239921829965737743e+00
5.239921829965727085e+00
5.229360789741952509e+00
5.229360789741922311e+00
5.207745666998804701e+00
5.207745666998768286e+00
5.202942425388930481e+00
5.202942425388901171e+00
5.194036240142053451e+00
5.194036240142033911e+00
5.107400457508573410e+00
5.107400457508569858e+00
5.060295274403196153e+00
5.060295274403153520e+00
5.027264835943300092e+00
5.027264835943272558e+00
4.999839042175001858e+00
4.999839042174974324e+00
4.971906939424336258e+00
4.971906939424316718e+00
4.968692768787176028e+00
4.968692768787156488e+00
4.943007503414024839e+00
4.943007503414003523e+00
4.930525787146812888e+00
4.930525787146799566e+00
4.918625779194873537e+00
4.918625779194852221e+00
4.893559715041323699e+00
4.893559715041293501e+00
4.871490558633866819e+00
4.871490558633854384e+00
4.830683982375492569e+00
4.830683982375476582e+00
4.822174645386366976e+00
4.822174645386338554e+00
4.789349917198333806e+00
4.789349917198328477e+00
4.757693353595309205e+00
4.757693353595291441e+00
4.716159598783164597e+00
4.716159598783141504e+00
4.707720967714819515e+00
4.707720967714789317e+00
4.688345653758112519e+00
4.688345653758087650e+00
4.670080518009754655e+00
4.670080518009746662e+00
4.639273023501452542e+00
4.639273023501447213e+00
4.626735619387343235e+00
4.626735619387298826e+00
4.602770472671428692e+00
4.602770472671425139e+00
4.582708788694115576e+00
4.582708788694107582e+00
4.547883351562985510e+00
4.547883351562980181e+00
4.528796364308074196e+00
4.528796364308027123e+00
4.513386047631866127e+00
4.513386047631844811e+00
4.497244579721479063e+00
4.497244579721468405e+00
4.481435459724957937e+00
4.481435459724908199e+00
4.475789748136586255e+00
4.475789748136572932e+00
4.434605512079499157e+00
4.434605512079479617e+00
4.418735289828836343e+00
4.418735289828821244e+00
4.386233340150695881e+00
4.386233340150670124e+00
4.373359509189589822e+00
4.373359509189564065e+00
4.349249069638536191e+00
4.349249069638516652e+00
4.328851770641577446e+00
4.328851770641528596e+00
4.282666078118563924e+00
4.282666078118563924e+00
4.249192546037325435e+00
4.249192546037317442e+00
4.244642585410962177e+00
4.244642585410931979e+00
4.242310170373160716e+00
4.242310170373147393e+00
4.211103656565014397e+00
4.211103656565003739e+00
4.203251070226052377e+00
4.203251070226041719e+00
4.187441059363522733e+00
4.187441059363511187e+00
4.169938644287409346e+00
4.169938644287393359e+00
4.139099152993336972e+00
4.139099152993331643e+00
4.123495525314607946e+00
4.123495525314583077e+00
4.123105625617705883e+00
4.123105625617663250e+00
4.123105625617653480e+00
4.123105625617630388e+00
4.108903415735198905e+00
4.108903415735172260e+00
4.106844331835009854e+00
4.106844331834983208e+00
4.069062765087954503e+00
4.069062765087942068e+00
4.039353417426200465e+00
4.039353417426189807e+00
4.026293637254411806e+00
4.026293637254404700e+00
4.006107239762868311e+00
4.006107239762858541e+00
4.000000000000001776e+00
4.000000000000000888e+00
3.999387212482717668e+00
3.999387212482703013e+00
3.999156282255445838e+00
3.999156282255431183e+00
3.963568416328375754e+00
3.963568416328339783e+00
3.954672594462455226e+00
3.954672594462426805e+00
3.912422886448265746e+00
3.912422886448235992e+00
3.879389660085990066e+00
3.879389660085942992e+00
3.872077053607442920e+00
3.872077053607427377e+00
3.826240919065404089e+00
3.826240919065382773e+00
3.819771225197584386e+00
3.819771225197526654e+00
3.801329565331925231e+00
3.801329565331900362e+00
3.764586637476671882e+00
3.764586637476643904e+00
3.750070935515894099e+00
3.750070935515876780e+00
3.742835765125017478e+00
3.742835765124995717e+00
3.670576171450638192e+00
3.670576171450559588e+00
3.657053642814302119e+00
3.657053642814286132e+00
3.637864544524477495e+00
3.637864544524435750e+00
3.625688859708275036e+00
3.625688859708243950e+00
3.622037139431974140e+00
3.622037139431946162e+00
3.595938590673101398e+00
3.595938590673087631e+00
3.571586332605763303e+00
3.571586332605725556e+00
3.559977985441380888e+00
3.559977985441340920e+00
3.545953712562111448e+00
3.545953712562094129e+00
3.529860467773765276e+00
3.529860467773756394e+00
3.515527073064927066e+00
3.515527073064896868e+00
3.503812517380186620e+00
3.503812517380181291e+00
3.490484162792155676e+00
3.490484162792133915e+00
3.461459681709681213e+00
3.461459681709668335e+00
3.456384858822461936e+00
3.456384858822448169e+00
3.447172035565801984e+00
3.447172035565790882e+00
3.442442337883567127e+00
3.442442337883557357e+00
3.405204132767254421e+00
3.405204132767234437e+00
3.393515981903811429e+00
3.393515981903796330e+00
3.380892891126892952e+00
3.380892891126876965e+00
3.360475818138437099e+00
3.360475818138416226e+00
3.332711393798134747e+00
3.332711393798099664e+00
3.326869541077757564e+00
3.326869541077733583e+00
3.316558563439379714e+00
3.316558563439361063e+00
3.311794730552576560e+00
3.311794730552554356e+00
3.302389561244087890e+00
3.302389561244051919e+00
3.288567767311539214e+00
3.288567767311516565e+00
3.280382683729611948e+00
3.280382683729607063e+00
3.278878831980797770e+00
3.278878831980792885e+00
3.254799416120199407e+00
3.254799416120189637e+00
3.246838148815198277e+00
3.246838148815159197e+00
3.240937779869180968e+00
3.240937779869172086e+00
3.223168986642845457e+00
3.223168986642834799e+00
3.205771692972637865e+00
3.205771692972612108e+00
3.186049540562887472e+00
3.186049540562878146e+00
3.163910242610759038e+00
3.163910242610751489e+00
3.143569392967524134e+00
3.143569392967515252e+00
3.133532274559235109e+00
3.133532274559219122e+00
3.118838186733519091e+00
3.118838186733497775e+00
3.112951239174705176e+00
3.112951239174692297e+00
3.103878151455076839e+00
3.103878151455068846e+00
3.083208105849708058e+00
3.083208105849685410e+00
3.082253879457602430e+00
3.082253879457600654e+00
3.063875210974114527e+00
3.063875210974113195e+00
3.061946258069193849e+00
3.061946258069163207e+00
3.044386238278771195e+00
3.044386238278766310e+00
3.041406104227756924e+00
3.041406104227742713e+00
3.020582407409549752e+00
3.020582407409543535e+00
3.013868312221322565e+00
3.013868312221316792e+00
3.000123923182599572e+00
3.000123923182560937e+00
3.000000000000026201e+00
3.000000000000010214e+00
3.000000000000008882e+00
3.000000000000007105e+00
3.000000000000003997e+00
3.000000000000003553e+00
3.000000000000002665e+00
3.000000000000002220e+00
3.000000000000001776e+00
3.000000000000000444e+00
3.000000000000000444e+00
2.999999999999998668e+00
2.999999999999996891e+00
2.999999999999995115e+00
2.999999999999994671e+00
2.999999999999993339e+00
2.999999999999990230e+00
2.999999999999985789e+00
2.999715162517460953e+00
2.999715162517457401e+00
2.999649984056029339e+00
2.999649984056024898e+00
2.994716427858061802e+00
2.994716427858054697e+00
2.991178049811575423e+00
2.991178049811562989e+00
2.979121787394195753e+00
2.979121787394172216e+00
2.976894551189412930e+00
2.976894551189394278e+00
2.969963895565856493e+00
2.969963895565835621e+00
2.960701672808160101e+00
2.960701672808152551e+00
2.959615062104049787e+00
2.959615062104042682e+00
2.946062615255897299e+00
2.946062615255885753e+00
2.924803214023577791e+00
2.924803214023576903e+00
2.916610986605950195e+00
2.916610986605932876e+00
2.902963225891787236e+00
2.902963225891762367e+00
2.901924619366055502e+00
2.901924619366044400e+00
2.887387242836273682e+00
2.887387242836265244e+00
2.880317152799501290e+00
2.880317152799491964e+00
2.860946947519961814e+00
2.860946947519953820e+00
2.845518926724413422e+00
2.845518926724403652e+00
2.840613715165787756e+00
2.840613715165762443e+00
2.827752376894348441e+00
2.827752376894308473e+00
2.826409676081421019e+00
2.826409676081415245e+00
2.824133455466419473e+00
2.824133455466389719e+00
2.822954311123221594e+00
2.822954311123215820e+00
2.812225733782128145e+00
2.812225733782118819e+00
2.807032170529218273e+00
2.807032170529211612e+00
2.804480201528371186e+00
2.804480201528364525e+00
2.796322838124958299e+00
2.796322838124939203e+00
2.793052922545388839e+00
2.793052922545381733e+00
2.788333562043511460e+00
2.788333562043504354e+00
2.761766646657977997e+00
2.761766646657954904e+00
2.737899312966923571e+00
2.737899312966899146e+00
2.729062027355076747e+00
2.729062027355050546e+00
2.713960859374180856e+00
2.713960859374174639e+00
2.694115670228750314e+00
2.694115670228738324e+00
2.682150992125318378e+00
2.682150992125308608e+00
2.667626951708687688e+00
2.667626951708680139e+00
2.651657019583976815e+00
2.651657019583971486e+00
2.643143450895339530e+00
2.643143450895334201e+00
2.635102851438703819e+00
2.635102851438696270e+00
2.631005046575292106e+00
2.631005046575286332e+00
2.611718751228314428e+00
2.611718751228312652e+00
2.605273164150708975e+00
2.605273164150695653e+00
2.603118700971374544e+00
2.603118700971364774e+00
2.598932581139480558e+00
2.598932581139472120e+00
2.585822023766725319e+00
2.585822023766719102e+00
2.567278046757725196e+00
2.567278046757711429e+00
2.533700462582761048e+00
2.533700462582746393e+00
2.522089783905801408e+00
2.522089783905787641e+00
2.505924644914024668e+00
2.505924644914017563e+00
2.498913178543761937e+00
2.498913178543747282e+00
2.484468820546259060e+00
2.484468820546227974e+00
2.464511309498090164e+00
2.464511309498051084e+00
2.455624483196088725e+00
2.455624483196079400e+00
2.451102525439277091e+00
2.451102525439208257e+00
2.449797913264427862e+00
2.449797913264411431e+00
2.449489742783179658e+00
2.449489742783178770e+00
2.443099772931327074e+00
2.443099772931316860e+00
2.413490881891428685e+00
2.413490881891426021e+00
2.401814369254509973e+00
2.401814369254491766e+00
2.391536252731046197e+00
2.391536252731018664e+00
2.388950327706213184e+00
2.388950327706200305e+00
2.376378084912762478e+00
2.376378084912728728e+00
2.359648497722067972e+00
2.359648497722064864e+00
2.345913218672948553e+00
2.345913218672945444e+00
2.337768109332726496e+00
2.337768109332710509e+00
2.324127491080622221e+00
2.324127491080545393e+00
2.308123843127081631e+00
2.308123843127070529e+00
2.296324839304930254e+00
2.296324839304920484e+00
2.291422909632923499e+00
2.291422909632917726e+00
2.280870839590882770e+00
2.280870839590864119e+00
2.271979832929574172e+00
2.271979832929567511e+00
2.264027328205659106e+00
2.264027328205651557e+00
2.251403319863688690e+00
2.251403319863673591e+00
2.241978578691039115e+00
2.241978578691028900e+00
2.241585916682887980e+00
2.241585916682871105e+00
2.239780930627934374e+00
2.239780930627925493e+00
2.236067977499795134e+00
2.236067977499784032e+00
2.231767835764699726e+00
2.231767835764693952e+00
2.231298588336194211e+00
2.231298588336186661e+00
2.230486074209919511e+00
2.230486074209900860e+00
2.228863836806510346e+00
2.228863836806487697e+00
2.227085010312231272e+00
2.227085010312226832e+00
2.226060497152641204e+00
2.226060497152640316e+00
2.225784342577912689e+00
2.225784342577906472e+00
2.221245147773768025e+00
2.221245147773754702e+00
2.218378676248165871e+00
2.218378676248161874e+00
2.215044105530204810e+00
2.215044105530198149e+00
2.205171802706105133e+00
2.205171802706093587e+00
2.197575215752089139e+00
2.197575215752044731e+00
2.190699044682675289e+00
2.190699044682666408e+00
2.186814792507627558e+00
2.186814792507619121e+00
2.184588887434421700e+00
2.184588887434412818e+00
2.172802743477500353e+00
2.172802743477494136e+00
2.156289470990645718e+00
2.156289470990638613e+00
2.144478237363484308e+00
2.144478237363470097e+00
2.126033608085163618e+00
2.126033608085156068e+00
2.114234138566626342e+00
2.114234138566600141e+00
2.104080694648509997e+00
2.104080694648490013e+00
2.090248235515150377e+00
2.090248235515146824e+00
2.078169334681981173e+00
2.078169334681965630e+00
2.060060665690258030e+00
2.060060665690255366e+00
2.045967697444401434e+00
2.045967697444387223e+00
2.031319573629899455e+00
2.031319573629898567e+00
2.013238073341367951e+00
2.013238073341363510e+00
2.008021342387077635e+00
2.008021342387054542e+00
2.000000000000067502e+00
2.000000000000016875e+00
2.000000000000010658e+00
2.000000000000009326e+00
2.000000000000007550e+00
2.000000000000006661e+00
2.000000000000006217e+00
2.000000000000006217e+00
2.000000000000004441e+00
2.000000000000004441e+00
2.000000000000003553e+00
2.000000000000003109e+00
2.000000000000003109e+00
2.000000000000003109e+00
2.000000000000003109e+00
2.000000000000002665e+00
2.000000000000002665e+00
2.000000000000002220e+00
2.000000000000001332e+00
2.000000000000001332e+00
2.000000000000001332e+00
2.000000000000001332e+00
2.000000000000001332e+00
2.000000000000000888e+00
2.000000000000000888e+00
2.000000000000000444e+00
2.000000000000000444e+00
1.999999999999999556e+00
1.999999999999998890e+00
1.999999999999998002e+00
1.999999999999998002e+00
1.999999999999998002e+00
1.999999999999997113e+00
1.999999999999996003e+00
1.999999999999989564e+00
1.999999999999939160e+00
1.999842670910559006e+00
1.999842670910548348e+00
1.999640245486399293e+00
1.999640245486380641e+00
1.998307554444343381e+00
1.998307554444336720e+00
1.997119424244783614e+00
1.997119424244772956e+00
1.995849111512162821e+00
1.995849111512147500e+00
1.992706233705544339e+00
1.992706233705543450e+00
1.989773003905294324e+00
1.989773003905287441e+00
1.985734233395547887e+00
1.985734233395541004e+00
1.982753342085085579e+00
1.982753342085073145e+00
1.980892231810147397e+00
1.980892231810143622e+00
1.979004307215125102e+00
1.979004307215121994e+00
1.978081448231949535e+00
1.978081448231945982e+00
1.974491667323652999e+00
1.974491667323641009e+00
1.968406093791622125e+00
1.968406093791609690e+00
1.961891750675804902e+00
1.961891750675794910e+00
1.956765062916016706e+00
1.956765062916006936e+00
1.954855398227358654e+00
1.954855398227350882e+00
1.949112147614486590e+00
1.949112147614482149e+00
1.935350535755623769e+00
1.935350535755612222e+00
1.931851652578142620e+00
1.931851652578137513e+00
1.930085246046146619e+00
1.930085246046135294e+00
1.919595034512893150e+00
1.919595034512865617e+00
1.909642907978230664e+00
1.909642907978220006e+00
1.888023216111631042e+00
1.888023216111624158e+00
1.870382879771978590e+00
1.870382879771963491e+00
1.842982860493241670e+00
1.842982860493236563e+00
1.838244035219641193e+00
1.838244035219636308e+00
1.835191753976878726e+00
1.835191753976853857e+00
1.832082800617200746e+00
1.832082800617192531e+00
1.798844317235408941e+00
1.798844317235404722e+00
1.797492508329031180e+00
1.797492508329026073e+00
1.793964791498378508e+00
1.793964791498364963e+00
1.789507044715789474e+00
1.789507044715784367e+00
1.768631960858646268e+00
1.768631960858635610e+00
1.764466304774423788e+00
1.764466304774412242e+00
1.742686429450054364e+00
1.742686429450046814e+00
1.738970509341484671e+00
1.738970509341479342e+00
1.735858566678943671e+00
1.735858566678938342e+00
1.732050807568879636e+00
1.732050807568878747e+00
1.732050807568878303e+00
1.732050807568874529e+00
1.731762825194792521e+00
1.731762825194775646e+00
1.730751233909877840e+00
1.730751233909873399e+00
1.723237882604797822e+00
1.723237882604794047e+00
1.720721860408023884e+00
1.720721860408020776e+00
1.713185637723984467e+00
1.713185637723981802e+00
1.706097904813663080e+00
1.706097904813661748e+00
1.702003825444146967e+00
1.702003825444142526e+00
1.700795736211597298e+00
1.700795736211589748e+00
1.698351319885227584e+00
1.698351319885225141e+00
1.690565606532235643e+00
1.690565606532213883e+00
1.678027828355157958e+00
1.678027828355145079e+00
1.674604760271258597e+00
1.674604760271243054e+00
1.672830145470110885e+00
1.672830145470089125e+00
1.654732869307441234e+00
1.654732869307429244e+00
1.652626475477324774e+00
1.652626475477311230e+00
1.650445395526709103e+00
1.650445395526699333e+00
1.646237603063424482e+00
1.646237603063417154e+00
1.635701703558087639e+00
1.635701703558072095e+00
1.620386735498334341e+00
1.620386735498309028e+00
1.618033988749895791e+00
1.618033988749894903e+00
1.613956363178519648e+00
1.613956363178512987e+00
1.607717593918172261e+00
1.607717593918161159e+00
1.597879850915478794e+00
1.597879850915464806e+00
1.596660669570359126e+00
1.596660669570353575e+00
1.594187704875165812e+00
1.594187704875154488e+00
1.587540539316881327e+00
1.587540539316846022e+00
1.580020901207643824e+00
1.580020901207639383e+00
1.575354153874402474e+00
1.575354153874400032e+00
1.570570988338525709e+00
1.570570988338521490e+00
1.564901623632253047e+00
1.564901623632248162e+00
1.557755926095322652e+00
1.557755926095320209e+00
1.553728488572682975e+00
1.553728488572673649e+00
1.548961144242332111e+00
1.548961144242315013e+00
1.536582451787828152e+00
1.536582451787818826e+00
1.531227317470141847e+00
1.531227317470127192e+00
1.530426902308113846e+00
1.530426902308083204e+00
1.522036327735667216e+00
1.522036327735617256e+00
1.514197082108463377e+00
1.514197082108449610e+00
1.507902013131436458e+00
1.507902013131431351e+00
1.501437422880185890e+00
1.501437422880166794e+00
1.495479353765325703e+00
1.495479353765323038e+00
1.486909898539343855e+00
1.486909898539322983e+00
1.472385735442455212e+00
1.472385735442417021e+00
1.471902527723818466e+00
1.471902527723812470e+00
1.466344088960710668e+00
1.466344088960697345e+00
1.463593659990366058e+00
1.463593659990363172e+00
1.459712561287968891e+00
1.459712561287966226e+00
1.456202072555853322e+00
1.456202072555852212e+00
1.454014399964873805e+00
1.454014399964867144e+00
1.448751920415422001e+00
1.448751920415404015e+00
1.443710387671144124e+00
1.443710387671141016e+00
1.439578534903722673e+00
1.439578534903707796e+00
1.435094659238889125e+00
1.435094659238864256e+00
1.420043646366457191e+00
1.420043646366376366e+00
1.418779366247159501e+00
1.418779366247142626e+00
1.415827559462621510e+00
1.415827559462587981e+00
1.414213562373102251e+00
1.414213562373102029e+00
1.414213562373101585e+00
1.414213562373100475e+00
1.414213562373099586e+00
1.414213562373099586e+00
1.414213562373099364e+00
1.414213562373099364e+00
1.414213562373099142e+00
1.414213562373099142e+00
1.414213562373098698e+00
1.414213562373098476e+00
1.414213562373097144e+00
1.414213562373097144e+00
1.414213562373096922e+00
1.414213562373096700e+00
1.414213562373096478e+00
1.414213562373096256e+00
1.414213562373096034e+00
1.414213562373096034e+00
1.414213562373095812e+00
1.414213562373095590e+00
1.414213562373095590e+00
1.414213562373095590e+00
1.414213562373095590e+00
1.414213562373095368e+00
1.414213562373095145e+00
1.414213562373094923e+00
1.414213562373094701e+00
1.414213562373094701e+00
1.414213562373093813e+00
1.414213562373093813e+00
1.414213562373093591e+00
1.414213562373092925e+00
1.414213562373092259e+00
1.414213562373091815e+00
1.414213562373091593e+00
1.414213562373091149e+00
1.414213562373090927e+00
1.414213562373089372e+00
1.414166941637507557e+00
1.414166941637493569e+00
1.413675295229873230e+00
1.413675295229870565e+00
1.413039002528809984e+00
1.413039002528803323e+00
1.412560048865370010e+00
1.412560048865365347e+00
1.411722783640775969e+00
1.411722783640762868e+00
1.410686411360208670e+00
1.410686411360204007e+00
1.410219680624405170e+00
1.410219680624403393e+00
1.409672651053761161e+00
1.409672651053758274e+00
1.409012366962252072e+00
1.409012366962246077e+00
1.407808136454648640e+00
1.407808136454642201e+00
1.407063945804059246e+00
1.407063945804050364e+00
1.406480012952027181e+00
1.406480012952020742e+00
1.403903514289571497e+00
1.403903514289569499e+00
1.403648778555807164e+00
1.403648778555787180e+00
1.403106820707405555e+00
1.403106820707402447e+00
1.400578984107534453e+00
1.400578984107527347e+00
1.397232972343520174e+00
1.397232972343511070e+00
1.395680860002948886e+00
1.395680860002939117e+00
1.393822171276516864e+00
1.393822171276511535e+00
1.391665479375229220e+00
1.391665479375222114e+00
1.390537320061487891e+00
1.390537320061483673e+00
1.383712817095894998e+00
1.383712817095885672e+00
1.379225498094088787e+00
1.379225498094068136e+00
1.376919545888122043e+00
1.376919545888117380e+00
1.374943258476225783e+00
1.374943258476213570e+00
1.372625872350801357e+00
1.372625872350784260e+00
1.367225412246679150e+00
1.367225412246671379e+00
1.362639844172122361e+00
1.362639844172117920e+00
1.360666195960945402e+00
1.360666195960942293e+00
1.351120471600998352e+00
1.351120471600997464e+00
1.349470077531576440e+00
1.349470077531568890e+00
1.343078041381692955e+00
1.343078041381681631e+00
1.342582020825689781e+00
1.342582020825680900e+00
1.337774080182824621e+00
1.337774080182811742e+00
1.329988466154226279e+00
1.329988466154220728e+00
1.326635450912188485e+00
1.326635450912186709e+00
1.323776853430808531e+00
1.323776853430805200e+00
1.319650353373115204e+00
1.319650353373111429e+00
1.316798446299654923e+00
1.316798446299640712e+00
1.309559716573124533e+00
1.309559716573122534e+00
1.301995221213696263e+00
1.301995221213692489e+00
1.299246405988310649e+00
1.299246405988307984e+00
1.292286691638011353e+00
1.292286691638000917e+00
1.288675608741680190e+00
1.288675608741676637e+00
1.278974398713419669e+00
1.278974398713413674e+00
1.276159956984155519e+00
1.276159956984144417e+00
1.266188860985691500e+00
1.266188860985680398e+00
1.256958660201757061e+00
1.256958660201753952e+00
1.246696917352005052e+00
1.246696917351987954e+00
1.242867455407257626e+00
1.242867455407254740e+00
1.235483999053866855e+00
1.235483999053861970e+00
1.230623469490124577e+00
1.230623469490113697e+00
1.227520413707450908e+00
1.227520413707437585e+00
1.216913103583146860e+00
1.216913103583141753e+00
1.206554372843252620e+00
1.206554372843244627e+00
1.202011410607763064e+00
1.202011410607755071e+00
1.191062587150762297e+00
1.191062587150754748e+00
1.186605826262970842e+00
1.186605826262963959e+00
1.179762251656615524e+00
1.179762251656609973e+00
1.174872010425023428e+00
1.174872010425021873e+00
1.167256775558678461e+00
1.167256775558663806e+00
1.152397637391763263e+00
1.152397637391759933e+00
1.136485318134614619e+00
1.136485318134591971e+00
1.131534520978944025e+00
1.131534520978931369e+00
1.126465525826191083e+00
1.126465525826186420e+00
1.116753007553894506e+00
1.116753007553890287e+00
1.104140309442713130e+00
1.104140309442710244e+00
1.100873740900295994e+00
1.100873740900266018e+00
1.093249084146686867e+00
1.093249084146676653e+00
1.089288864801065682e+00
1.089288864801058798e+00
1.072566536263074299e+00
1.072566536263055870e+00
1.049932898237262879e+00
1.049932898237258438e+00
1.045146736201459037e+00
1.045146736201447935e+00
1.033773745186161497e+00
1.033773745186153059e+00
1.026359799506091797e+00
1.026359799506086690e+00
1.023046237407044368e+00
1.023046237407043701e+00
1.015995798375071146e+00
1.015995798375050940e+00
1.012176351317002343e+00
1.012176351316992351e+00
1.006496752285548357e+00
1.006496752285544138e+00
1.004603452220770521e+00
1.004603452220763860e+00
1.001666641399277635e+00
1.001666641399274749e+00
1.000921315431008818e+00
1.000921315431000602e+00
1.000000000000090150e+00
1.000000000000047073e+00
1.000000000000025979e+00
1.000000000000018208e+00
1.000000000000017986e+00
1.000000000000012879e+00
1.000000000000010880e+00
1.000000000000009326e+00
1.000000000000007327e+00
1.000000000000002665e+00
1.000000000000002442e+00
1.000000000000001998e+00
1.000000000000001554e+00
1.000000000000001554e+00
1.000000000000001554e+00
1.000000000000001332e+00
1.000000000000001332e+00
1.000000000000001332e+00
1.000000000000001110e+00
1.000000000000001110e+00
1.000000000000001110e+00
1.000000000000001110e+00
1.000000000000001110e+00
1.000000000000001110e+00
1.000000000000001110e+00
1.000000000000001110e+00
1.000000000000001110e+00
1.000000000000001110e+00
1.000000000000001110e+00
1.000000000000000888e+00
1.000000000000000888e+00
1.000000000000000888e+00
1.000000000000000666e+00
1.000000000000000666e+00
1.000000000000000666e+00
1.000000000000000666e+00
1.000000000000000666e+00
1.000000000000000666e+00
1.000000000000000666e+00
1.000000000000000666e+00
1.000000000000000666e+00
1.000000000000000666e+00
1.000000000000000666e+00
1.000000000000000666e+00
1.000000000000000666e+00
1.000000000000000666e+00
1.000000000000000666e+00
1.000000000000000666e+00
1.000000000000000666e+00
1.000000000000000666e+00
1.000000000000000666e+00
1.000000000000000666e+00
1.000000000000000666e+00
1.000000000000000666e+00
1.000000000000000666e+00
1.000000000000000666e+00
1.000000000000000666e+00
1.000000000000000666e+00
1.000000000000000666e+00
1.000000000000000444e+00
1.000000000000000444e+00
1.000000000000000444e+00
1.000000000000000444e+00
1.000000000000000444e+00
1.000000000000000444e+00
1.000000000000000222e+00
1.000000000000000222e+00
1.000000000000000222e+00
1.000000000000000222e+00
1.000000000000000222e+00
1.000000000000000222e+00
1.000000000000000222e+00
1.000000000000000222e+00
1.000000000000000222e+00
1.000000000000000222e+00
1.000000000000000222e+00
1.000000000000000222e+00
1.000000000000000222e+00
1.000000000000000222e+00
1.000000000000000222e+00
1.000000000000000222e+00
1.000000000000000222e+00
1.000000000000000222e+00
1.000000000000000222e+00
1.000000000000000222e+00
1.000000000000000000e+00
1.000000000000000000e+00
1.000000000000000000e+00
1.000000000000000000e+00
1.000000000000000000e+00
1.000000000000000000e+00
1.000000000000000000e+00
1.000000000000000000e+00
1.000000000000000000e+00
1.000000000000000000e+00
1.000000000000000000e+00
1.000000000000000000e+00
1.000000000000000000e+00
1.000000000000000000e+00
1.000000000000000000e+00
1.000000000000000000e+00
1.000000000000000000e+00
9.999999999999998890e-01
9.999999999999998890e-01
9.999999999999998890e-01
9.999999999999998890e-01
9.999999999999998890e-01
9.999999999999998890e-01
9.999999999999998890e-01
9.999999999999998890e-01
9.999999999999998890e-01
9.999999999999998890e-01
9.999999999999998890e-01
9.999999999999998890e-01
9.999999999999998890e-01
9.999999999999998890e-01
9.999999999999998890e-01
9.999999999999998890e-01
9.999999999999998890e-01
9.999999999999998890e-01
9.999999999999998890e-01
9.999999999999998890e-01
9.999999999999997780e-01
9.999999999999997780e-01
9.999999999999997780e-01
9.999999999999997780e-01
9.999999999999997780e-01
9.999999999999997780e-01
9.999999999999997780e-01
9.999999999999997780e-01
9.999999999999997780e-01
9.999999999999997780e-01
9.999999999999997780e-01
9.999999999999997780e-01
9.999999999999997780e-01
9.999999999999997780e-01
9.999999999999997780e-01
9.999999999999997780e-01
9.999999999999997780e-01
9.999999999999997780e-01
9.999999999999997780e-01
9.999999999999997780e-01
9.999999999999995559e-01
9.999999999999995559e-01
9.999999999999995559e-01
9.999999999999995559e-01
9.999999999999995559e-01
9.999999999999995559e-01
9.999999999999995559e-01
9.999999999999995559e-01
9.999999999999995559e-01
9.999999999999995559e-01
9.999999999999995559e-01
9.999999999999995559e-01
9.999999999999994449e-01
9.999999999999994449e-01
9.999999999999994449e-01
9.999999999999994449e-01
9.999999999999994449e-01
9.999999999999994449e-01
9.999999999999994449e-01
9.999999999999994449e-01
9.999999999999992228e-01
9.999999999999992228e-01
9.999999999999992228e-01
9.999999999999992228e-01
9.999999999999992228e-01
9.999999999999992228e-01
9.999999999999992228e-01
9.999999999999992228e-01
9.999999999999990008e-01
9.999999999999990008e-01
9.999999999999990008e-01
9.999999999999990008e-01
9.999999999999990008e-01
9.999999999999990008e-01
9.999999999999990008e-01
9.999999999999990008e-01
9.999999999999988898e-01
9.999999999999986677e-01
9.999999999999986677e-01
9.999999999999986677e-01
9.999999999999986677e-01
9.999999999999986677e-01
9.999999999999986677e-01
9.999999999999985567e-01
9.999999999999982236e-01
9.999999999999982236e-01
9.999999999999966693e-01
9.999999999999963363e-01
9.999999999999920064e-01
9.999999999999863443e-01
9.999999999999855671e-01
9.999999999999851230e-01
9.999999999999839018e-01
9.999999999999726885e-01
9.999999999999532596e-01
9.999999999999111822e-01
9.999965161223974830e-01
9.999965161223887122e-01
9.999958356667899562e-01
9.999958356667888459e-01
9.999937516043444496e-01
9.999937516043417851e-01
9.999895778721215045e-01
9.999895778721192841e-01
9.999701745935588582e-01
9.999701745935557495e-01
9.999648837479215846e-01
9.999648837479200303e-01
9.999413678227633273e-01
9.999413678227467850e-01
9.998907201300695213e-01
9.998907201300643033e-01
9.998693072136604076e-01
9.998693072136575211e-01
9.997355806819425705e-01
9.997355806819303581e-01
9.996987727610670005e-01
9.996987727610660013e-01
9.996322618735067334e-01
9.996322618735029586e-01
9.995825909316714553e-01
9.995825909316706781e-01
9.995739752618219010e-01
9.995739752618169049e-01
9.994937813947434302e-01
9.994937813947424310e-01
9.994324121878868095e-01
9.994324121878841449e-01
9.993335217639626178e-01
9.993335217639612855e-01
9.992081002215258412e-01
9.992081002215196239e-01
9.989642708639935309e-01
9.989642708639917545e-01
9.988035513070639970e-01
9.988035513070577798e-01
9.986415915423785261e-01
9.986415915423675349e-01
9.986375092398868114e-01
9.986375092398767084e-01
9.985749219055671810e-01
9.985749219055644055e-01
9.985126457149705592e-01
9.985126457149696710e-01
9.982183442109672233e-01
9.982183442109650029e-01
9.979272318691028154e-01
9.979272318690969312e-01
9.975891698536902830e-01
9.975891698536870633e-01
9.973369087343744166e-01
9.973369087343743056e-01
9.972715022396386741e-01
9.972715022396355655e-01
9.967578866950032035e-01
9.967578866950007610e-01
9.965846933437559896e-01
9.965846933437519928e-01
9.965151301013327467e-01
9.965151301013285279e-01
9.963176139248487440e-01
9.963176139248459684e-01
9.955880656674421791e-01
9.955880656674387374e-01
9.951902657812718989e-01
9.951902657812694564e-01
9.947184166953927376e-01
9.947184166953877416e-01
9.944075307875821501e-01
9.944075307875793746e-01
9.938548526177632958e-01
9.938548526177565234e-01
9.933511667802678025e-01
9.933511667802665812e-01
9.929237273489925908e-01
9.929237273489631699e-01
9.921354128451885801e-01
9.921354128451873589e-01
9.916346144146986896e-01
9.916346144146969133e-01
9.915709491225513927e-01
9.915709491225495054e-01
9.908121831099792054e-01
9.908121831099757637e-01
9.902929818150697505e-01
9.902929818150628671e-01
9.898419901415845823e-01
9.898419901415771438e-01
9.897798150080158175e-01
9.897798150080073798e-01
9.883894024592405625e-01
9.883894024591932670e-01
9.880217878498517292e-01
9.880217878498466222e-01
9.875682889808563569e-01
9.875682889808300446e-01
9.866720527886465586e-01
9.866720527886295722e-01
9.857533315927260453e-01
9.857533315927191619e-01
9.842551436468195414e-01
9.842551436468165438e-01
9.839745975890372698e-01
9.839745975890314966e-01
9.833940662529496723e-01
9.833940662529446763e-01
9.822527935821681044e-01
9.822527935821638856e-01
9.807177384992197267e-01
9.807177384992175062e-01
9.804221888294752940e-01
9.804221888294656351e-01
9.786376520293611492e-01
9.786376520293558201e-01
9.771477914214643512e-01
9.771477914214613536e-01
9.764682352489104655e-01
9.764682352489025829e-01
9.750097208873138577e-01
9.750097208872956500e-01
9.709517168960899447e-01
9.709517168960598577e-01
9.702447559051365911e-01
9.702447559051290416e-01
9.693273107278438383e-01
9.693273107278405076e-01
9.682389075610663420e-01
9.682389075610494666e-01
9.656130841691951128e-01
9.656130841691770161e-01
9.643774553242677738e-01
9.643774553242593361e-01
9.633044371815947526e-01
9.633044371815849827e-01
9.604381424973438275e-01
9.604381424973390535e-01
9.586506988446718003e-01
9.586506988446663602e-01
9.546439610548468346e-01
9.546439610548437260e-01
9.537346388622236493e-01
9.537346388622182092e-01
9.510617581531017883e-01
9.510617581531003450e-01
9.496549502429513234e-01
9.496549502429476597e-01
9.466946039317890582e-01
9.466946039317863937e-01
9.452832392273363693e-01
9.452832392273313733e-01
9.421031705318070326e-01
9.421031705318009264e-01
9.416272278048024580e-01
9.416272278048020139e-01
9.404927418829971408e-01
9.404927418829897023e-01
9.370611246837770025e-01
9.370611246837728947e-01
9.359865872383857921e-01
9.359865872383763552e-01
9.353375107697630142e-01
9.353375107697597945e-01
9.346003030265517264e-01
9.346003030265482847e-01
9.322323166949049167e-01
9.322323166948935924e-01
9.308346850562021491e-01
9.308346850561981523e-01
9.271305759367368671e-01
9.271305759367327592e-01
9.261954004756483005e-01
9.261954004756468573e-01
9.246053571017932571e-01
9.246053571017875949e-01
9.219908294210548139e-01
9.219908294210510391e-01
9.212354829362053854e-01
9.212354829362014996e-01
9.202792808464304031e-01
9.202792808464245189e-01
9.198266853565081336e-01
9.198266853565054690e-01
9.126436749673816351e-01
9.126436749673791926e-01
9.101758113260788319e-01
9.101758113260765004e-01
9.090687234177531328e-01
9.090687234177470266e-01
9.079893271926158249e-01
9.079893271926120502e-01
9.042063785032444789e-01
9.042063785032423695e-01
9.020373115085699167e-01
9.020373115085656979e-01
8.990122984954063146e-01
8.990122984954059815e-01
8.912875723197447586e-01
8.912875723197400957e-01
8.892057108069856275e-01
8.892057108069799654e-01
8.868893494540280864e-01
8.868893494540215361e-01
8.845039437087939271e-01
8.845039437087905965e-01
8.824588454824884298e-01
8.824588454824804362e-01
8.809965839553522970e-01
8.809965839553473010e-01
8.797989779809284316e-01
8.797989779809183286e-01
8.763191180623720600e-01
8.763191180623509657e-01
8.739501025403788592e-01
8.739501025403753065e-01
8.704463903528485424e-01
8.704463903528385504e-01
8.695870660886930725e-01
8.695870660886902970e-01
8.674082539130837377e-01
8.674082539130822944e-01
8.646716302964688738e-01
8.646716302964642109e-01
8.595566955064213310e-01
8.595566955064164461e-01
8.543516605449817947e-01
8.543516605449804624e-01
8.489807195811800433e-01
8.489807195811640561e-01
8.456790655144263980e-01
8.456790655144242885e-01
8.425250116727105443e-01
8.425250116727074357e-01
8.401752304836023200e-01
8.401752304835973240e-01
8.307145797009082289e-01
8.307145797009032329e-01
8.250658741603776880e-01
8.250658741603738022e-01
8.186164726126098357e-01
8.186164726126061719e-01
8.160849617179176674e-01
8.160849617179145588e-01
8.078096848625164750e-01
8.078096848625085924e-01
8.021323048757623697e-01
8.021323048757607044e-01
7.928341120971056366e-01
7.928341120971050815e-01
7.852004694195983125e-01
7.852004694195964252e-01
7.764684555605874117e-01
7.764684555605833038e-01
7.726548571949959365e-01
7.726548571949888311e-01
7.696851180881908450e-01
7.696851180881902899e-01
7.657376024169130213e-01
7.657376024169089135e-01
7.650509290874498713e-01
7.650509290874442092e-01
7.625912308366308290e-01
7.625912308366228354e-01
7.591941703577607115e-01
7.591941703577584910e-01
7.567446196057932006e-01
7.567446196057865393e-01
7.510958589155118936e-01
7.510958589154939080e-01
7.488807435611846142e-01
7.488807435611809504e-01
7.409315074189096739e-01
7.409315074189023465e-01
7.389942422036789305e-01
7.389942422036723801e-01
7.277198607239964145e-01
7.277198607239887540e-01
7.235221913507092761e-01
7.235221913506937330e-01
7.215326382459632537e-01
7.215326382459469334e-01
7.117058449763740136e-01
7.117058449763647987e-01
6.999053761753002423e-01
6.999053761752981329e-01
6.944574353582994020e-01
6.944574353582982917e-01
6.852126221135614870e-01
6.852126221134403616e-01
6.813917503366484496e-01
6.813917503365810591e-01
6.799856552400279641e-01
6.799856552400216358e-01
6.731519211764882549e-01
6.731519211764585009e-01
6.675185106001666480e-01
6.675185106001649826e-01
6.642781168116048685e-01
6.642781168116018709e-01
6.609195376691351376e-01
6.609195376691324730e-01
6.527844493361520950e-01
6.527844493361468770e-01
6.481308677061408119e-01
6.481308677061108359e-01
6.430430923704606450e-01
6.430430923703953638e-01
6.397918509699106471e-01
6.397918509699060952e-01
6.304076124226918321e-01
6.304076124226800637e-01
6.248260102947912342e-01
6.248260102947884587e-01
6.225569061889782985e-01
6.225569061889739686e-01
6.194483577233456106e-01
6.194483577233390603e-01
6.180339887498961238e-01
6.180339887498951246e-01
6.134979578505038722e-01
6.134979578504996534e-01
6.111466611848350716e-01
6.111466611848322961e-01
6.063236751521107193e-01
6.063236751521002832e-01
6.015191374054510431e-01
6.015191374054486007e-01
6.004835107057334698e-01
6.004835107057295840e-01
5.986148333462992799e-01
5.986148333462967264e-01
5.954690347077425949e-01
5.954690347077327139e-01
5.922698759995967954e-01
5.922698759995913553e-01
5.873933184777004879e-01
5.873933184776835015e-01
5.811452126019031050e-01
5.811452126018987752e-01
5.765233110985903409e-01
5.765233110985836795e-01
5.699398930419617981e-01
5.699398930419583564e-01
5.582435727719937679e-01
5.582435727719828877e-01
5.373104445619515390e-01
5.373104445619435454e-01
5.247335475085951328e-01
5.247335475085920242e-01
5.227151754124055305e-01
5.227151754123959826e-01
5.176380902050419230e-01
5.176380902050405908e-01
5.016970114004349890e-01
5.016970114004215553e-01
4.950993619951090663e-01
4.950993619950198599e-01
4.750748197618089863e-01
4.750748197618019364e-01
4.648666487478090303e-01
4.648666487477522424e-01
4.535498692217612149e-01
4.535498692217557193e-01
4.442952827974118724e-01
4.442952827974063768e-01
4.437292214081635100e-01
4.437292214081201003e-01
4.348778939884296313e-01
4.348778939884243022e-01
4.280719916147526782e-01
4.280719916147458504e-01
4.233418805339650981e-01
4.233418805339619895e-01
4.156132091692610886e-01
4.156132091692213426e-01
4.031768773972735365e-01
4.031768773972729814e-01
3.954599147613108157e-01
3.954599147613089283e-01
3.757098948869688759e-01
3.757098948869664334e-01
3.739330994743896297e-01
3.739330994743830239e-01
3.714196587884821543e-01
3.714196587884725509e-01
3.654918044324306781e-01
3.654918044324292348e-01
3.556785946072226756e-01
3.556785946072175686e-01
3.540750165528378512e-01
3.540750165528342985e-01
3.453824790676472967e-01
3.453824790676289225e-01
3.417805891720009925e-01
3.417805891719991052e-01
3.274513665406196261e-01
3.274513665405768825e-01
3.014878127420514420e-01
3.014878127420110299e-01
2.702050440806650355e-01
2.702050440806615939e-01
2.619225927034425361e-01
2.619225927034390389e-01
2.599181104910981976e-01
2.599181104910930351e-01
2.299567929213608974e-01
2.299567929213596484e-01
2.026637309128312414e-01
2.026637309128254960e-01
1.859183495965887889e-01
1.859183495965731625e-01
1.504573290411717890e-01
1.504573290411705400e-01
1.415884171177916595e-01
1.415884171177913264e-01
1.163512171826186631e-01
1.163512171826163177e-01
1.126669088318753148e-01
1.126669088318742046e-01
9.259224231179571940e-02
9.259224231178979359e-02
7.151564565748481928e-02
7.151564565748336211e-02
2.221697574523864502e-02
2.221697574523856522e-02
4.943357161985530645e-13
4.687513484418511980e-13
3.141815472751637316e-13
3.063105453502253693e-13
2.963402712636257635e-13
2.712472313503825855e-13
2.452480233532001881e-13
2.292465132976336583e-13
2.038017827504922453e-13
2.004841557331059182e-13
1.825762726634625965e-13
1.742268408497830746e-13
1.635423897301674281e-13
1.620501877834674938e-13
1.564845868496594633e-13
1.506125553834492838e-13
1.470915877235265167e-13
1.453691299412728101e-13
1.412855692394735135e-13
1.406485336983832212e-13
1.339015266356363297e-13
1.298691219050978874e-13
1.266792908388218372e-13
1.193249227933173260e-13
1.178374649799776262e-13
1.169348476053647194e-13
1.138824157313468525e-13
1.109677977475452857e-13
1.085119266514595141e-13
1.075850753809221079e-13
1.053197030815554406e-13
1.032331050829285879e-13
1.018598192392898819e-13
