# Singular values
1.785564993902661968e+02
1.785564993902661115e+02
1.557268575973445195e+02
1.557268575973442353e+02
1.107841273099682553e+02
1.107841273099681416e+02
1.050623714497504011e+02
1.050623714497503869e+02
7.605221919433121514e+01
7.605221919433120092e+01
7.253161859489009089e+01
7.253161859489001984e+01
6.090930415516699981e+01
6.090930415516698559e+01
5.809761809965754509e+01
5.809761809965743851e+01
5.218802562057761207e+01
5.218802562057755523e+01
5.038703556912253845e+01
5.038703556912250292e+01
4.307886961124245317e+01
4.307886961124241054e+01
4.256779855140622715e+01
4.256779855140620583e+01
4.121612848825634501e+01
4.121612848825633080e+01
3.543111318916755437e+01
3.543111318916753305e+01
3.326531165898897768e+01
3.326531165898876452e+01
3.193370848375211679e+01
3.193370848375208126e+01
3.041748392278471513e+01
3.041748392278465474e+01
2.993029950617517088e+01
2.993029950617510337e+01
2.968358527829669313e+01
2.968358527829666116e+01
2.815526477101965597e+01
2.815526477101954583e+01
2.325221016291048670e+01
2.325221016291045473e+01
2.268552749979355099e+01
2.268552749979334493e+01
2.179187057243430559e+01
2.179187057243425940e+01
2.091884295006106242e+01
2.091884295006104111e+01
1.928760013053254951e+01
1.928760013053250688e+01
1.817265979120529451e+01
1.817265979120519148e+01
1.792505242129356446e+01
1.792505242129354315e+01
1.736659970497919048e+01
1.736659970497917627e+01
1.633524867504646494e+01
1.633524867504644362e+01
1.625655528372967495e+01
1.625655528372966430e+01
1.573241852008469976e+01
1.573241852008469088e+01
1.537055541588495977e+01
1.537055541588491714e+01
1.492089061599939370e+01
1.492089061599935107e+01
1.354597519430712893e+01
1.354597519430712538e+01
1.222686222162180592e+01
1.222686222162178460e+01
1.197947301773955786e+01
1.197947301773950635e+01
1.172545153844344767e+01
1.172545153844344235e+01
1.138353234766194788e+01
1.138353234766191413e+01
1.082143053513776643e+01
1.082143053513771491e+01
1.059324927773865532e+01
1.059324927773865177e+01
1.038075650091685809e+01
1.038075650091682611e+01
1.025664419325500631e+01
1.025664419325499566e+01
1.006482817713799349e+01
1.006482817713792954e+01
9.776113610564733492e+00
9.776113610564687306e+00
9.612688512675864771e+00
9.612688512675854113e+00
9.429497297131559819e+00
9.429497297131510081e+00
9.206682179482829298e+00
9.206682179482815087e+00
9.048602231751196712e+00
9.048602231751186054e+00
8.892838698052479174e+00
8.892838698052415225e+00
8.772635591168018721e+00
8.772635591168015168e+00
8.549931880295138953e+00
8.549931880295115860e+00
8.493848184652010858e+00
8.493848184651991318e+00
8.280912990851662769e+00
8.280912990851646782e+00
8.242409279780039455e+00
8.242409279780025244e+00
8.073442982414483993e+00
8.073442982414471558e+00
7.876838055852324771e+00
7.876838055852307896e+00
7.674714520175220045e+00
7.674714520175218269e+00
7.571871823751846087e+00
7.571871823751833652e+00
7.533257066163566051e+00
7.533257066163545623e+00
7.348469228349531868e+00
7.348469228349507887e+00
7.326360330703195700e+00
7.326360330703182377e+00
7.216271361976989596e+00
7.216271361976975385e+00
7.136758613657135264e+00
7.136758613657122829e+00
6.698550666896262662e+00
6.698550666896260886e+00
6.611167078155298249e+00
6.611167078155272492e+00
6.460250748113952390e+00
6.460250748113931074e+00
6.163669345478809625e+00
6.163669345478738570e+00
6.152263889452166623e+00
6.152263889452155965e+00
6.122890244114803870e+00
6.122890244114797653e+00
6.054360211921646417e+00
6.054360211921628654e+00
6.026028532913643154e+00
6.026028532913625391e+00
5.926915814995846965e+00
5.926915814995826537e+00
5.606029835832302410e+00
5.606029835832291752e+00
5.460247557314244382e+00
5.460247557314242606e+00
5.358285347837287382e+00
5.358285347837273171e+00
5.263214395502806120e+00
5.263214395502800791e+00
5.247533611835674350e+00
5.247533611835661915e+00
5.221084770380491236e+00
5.221084770380485018e+00
5.179177401004935177e+00
5.179177401004933401e+00
5.083305816823113332e+00
5.083305816823105339e+00
5.069302925221347955e+00
5.069302925221341738e+00
5.005343692337929085e+00
5.005343692337913097e+00
4.966465141594370358e+00
4.966465141594365029e+00
4.627982799102249523e+00
4.627982799102242417e+00
4.556035024517577803e+00
4.556035024517573362e+00
4.513504761530058751e+00
4.513504761530045428e+00
4.386767637426985722e+00
4.386767637426974176e+00
4.269985256377898608e+00
4.269985256377886174e+00
4.130648586880577788e+00
4.130648586880576012e+00
4.123503172623160573e+00
4.123503172623151691e+00
4.123105625617670356e+00
4.123105625617654368e+00
4.116345263289395540e+00
4.116345263289395540e+00
4.113268557209710963e+00
4.113268557209702969e+00
4.095599415686963063e+00
4.095599415686959510e+00
4.056683057866038666e+00
4.056683057866024456e+00
4.003568670001648400e+00
4.003568670001643071e+00
4.000000000000007994e+00
4.000000000000003553e+00
3.999999999999998668e+00
3.999999999999970690e+00
3.962900064459291549e+00
3.962900064459289773e+00
3.863705787447553774e+00
3.863705787447552886e+00
3.843098613973298772e+00
3.843098613973296995e+00
3.819511688652392323e+00
3.819511688652377668e+00
3.682550565582803692e+00
3.682550565582798807e+00
3.624294665025040274e+00
3.624294665025029172e+00
3.606112885420199365e+00
3.606112885420192260e+00
3.605551275463990901e+00
3.605551275463989125e+00
3.579429921757925293e+00
3.579429921757920408e+00
3.469845809541963533e+00
3.469845809541962645e+00
3.416145167949341754e+00
3.416145167949330208e+00
3.374058998509168017e+00
3.374058998509165352e+00
3.316622555271389494e+00
3.316622555271383277e+00
3.315463417262066503e+00
3.315463417262061174e+00
3.314928924175097880e+00
3.314928924175096991e+00
3.311072722542751201e+00
3.311072722542750757e+00
3.306550975416080007e+00
3.306550975416073346e+00
3.290316645130113571e+00
3.290316645130106021e+00
3.222089486755774779e+00
3.222089486755770338e+00
3.208636336744860262e+00
3.208636336744854933e+00
3.171469725028173148e+00
3.171469725028168707e+00
3.162277660168382631e+00
3.162277660168378191e+00
3.160031693177856482e+00
3.160031693177852485e+00
3.134868604636351641e+00
3.134868604636349421e+00
3.063643979101517978e+00
3.063643979101505099e+00
3.054659028654259867e+00
3.054659028654258979e+00
3.008641452578652675e+00
3.008641452578647346e+00
3.000000000000005329e+00
3.000000000000003997e+00
3.000000000000003997e+00
3.000000000000002665e+00
3.000000000000001776e+00
3.000000000000000888e+00
2.999999999999999556e+00
2.999999999999999556e+00
2.999999999999999556e+00
2.999999999999999112e+00
2.999999999999998668e+00
2.999999999999996891e+00
2.994221977676452262e+00
2.994221977676427393e+00
2.919051495333012891e+00
2.919051495333011559e+00
2.888798860066994489e+00
2.888798860066990937e+00
2.875033354504719085e+00
2.875033354504711980e+00
2.828427124746190735e+00
2.828427124746189847e+00
2.828427124746188959e+00
2.828427124746185406e+00
2.735871375898019764e+00
2.735871375898009994e+00
2.630551829703581923e+00
2.630551829703581923e+00
2.449489742783177437e+00
2.449489742783176993e+00
2.442903390279297593e+00
2.442903390279288711e+00
2.431577316672252298e+00
2.431577316672249189e+00
2.414043319091347950e+00
2.414043319091340400e+00
2.376850266584889404e+00
2.376850266584885851e+00
2.333267213327471890e+00
2.333267213327470113e+00
2.315742814345680411e+00
2.315742814345676859e+00
2.270476633106524922e+00
2.270476633106524034e+00
2.238144860973865669e+00
2.238144860973862560e+00
2.235867022793241787e+00
2.235867022793233794e+00
2.234978194599532841e+00
2.234978194599529733e+00
2.226626023531217413e+00
2.226626023531217413e+00
2.209493523144726801e+00
2.209493523144721916e+00
2.166619605325752040e+00
2.166619605325746711e+00
2.156331240219904188e+00
2.156331240219900636e+00
2.133273738407208686e+00
2.133273738407183373e+00
2.113720998440526522e+00
2.113720998440526522e+00
2.063488009980863680e+00
2.063488009980862792e+00
2.037726278324421880e+00
2.037726278324412998e+00
2.018275555927825149e+00
2.018275555927812714e+00
2.000000000000003109e+00
2.000000000000002220e+00
2.000000000000001776e+00
2.000000000000001776e+00
2.000000000000001332e+00
2.000000000000001332e+00
2.000000000000001332e+00
2.000000000000000000e+00
1.999999999999999778e+00
1.999999999999999556e+00
1.999999999999999112e+00
1.999999999999998668e+00
1.999999999999998224e+00
1.999999999999996003e+00
1.999478288292627637e+00
1.999478288292623196e+00
1.998614043878908841e+00
1.998614043878903512e+00
1.997410425885815854e+00
1.997410425885810747e+00
1.994496158848292788e+00
1.994496158848279244e+00
1.973832152594199529e+00
1.973832152594194200e+00
1.964934363998319666e+00
1.964934363998317446e+00
1.957493320423500327e+00
1.957493320423496774e+00
1.926675329665981984e+00
1.926675329665979985e+00
1.907282571355825684e+00
1.907282571355823242e+00
1.836861798110313915e+00
1.836861798110311694e+00
1.789762318093078841e+00
1.789762318093077065e+00
1.759075995555756666e+00
1.759075995555755778e+00
1.730435521777210273e+00
1.730435521777208052e+00
1.715831655987716475e+00
1.715831655987714255e+00
1.710162401915093389e+00
1.710162401915091834e+00
1.692810494953786771e+00
1.692810494953786549e+00
1.689159126575547232e+00
1.689159126575540570e+00
1.640820579622086717e+00
1.640820579622075392e+00
1.618033988749894014e+00
1.618033988749893792e+00
1.615996284305019737e+00
1.615996284305019515e+00
1.587885042836695071e+00
1.587885042836688632e+00
1.579574833589100669e+00
1.579574833589098670e+00
1.569708216913514809e+00
1.569708216913513255e+00
1.549092194481844098e+00
1.549092194481840323e+00
1.448107795661924158e+00
1.448107795661902619e+00
1.415354777602474856e+00
1.415354777602474412e+00
1.414213562373096922e+00
1.414213562373096922e+00
1.414213562373096700e+00
1.414213562373095812e+00
1.414213562373095368e+00
1.414213562373095368e+00
1.414213562373095368e+00
1.414213562373095145e+00
1.414213562373095145e+00
1.414213562373095145e+00
1.414213562373095145e+00
1.414213562373095145e+00
1.414213562373094923e+00
1.414213562373094479e+00
1.414213562373094479e+00
1.414213562373094479e+00
1.414213562373094479e+00
1.414213562373094257e+00
1.414213562373094257e+00
1.414213562373093813e+00
1.414186258820429698e+00
1.414186258820426145e+00
1.412951183484184581e+00
1.412951183484183471e+00
1.406827397574102800e+00
1.406827397574096583e+00
1.402081609541097507e+00
1.402081609541092844e+00
1.400760407132343399e+00
1.400760407132341623e+00
1.399319517711322902e+00
1.399319517711318017e+00
1.388937523524499396e+00
1.388937523524497397e+00
1.383642070583824824e+00
1.383642070583823047e+00
1.381508101335634731e+00
1.381508101335632954e+00
1.363267990999860402e+00
1.363267990999859736e+00
1.333077765003061632e+00
1.333077765003059190e+00
1.325493935278267532e+00
1.325493935278261537e+00
1.311631368093018057e+00
1.311631368093015171e+00
1.279459489536043160e+00
1.279459489536028727e+00
1.249043468765467457e+00
1.249043468765463460e+00
1.245396580594928970e+00
1.245396580594926972e+00
1.203821925461701303e+00
1.203821925461700415e+00
1.154165636257446170e+00
1.154165636257443062e+00
1.140684338818057864e+00
1.140684338818056975e+00
1.119263224016040059e+00
1.119263224016036951e+00
1.091097840583144629e+00
1.091097840583141521e+00
1.048048638964113932e+00
1.048048638964113710e+00
1.012480324915528973e+00
1.012480324915527863e+00
1.000000000000016431e+00
1.000000000000010880e+00
1.000000000000006883e+00
1.000000000000004885e+00
1.000000000000003997e+00
1.000000000000003331e+00
1.000000000000001998e+00
1.000000000000001110e+00
1.000000000000001110e+00
1.000000000000001110e+00
1.000000000000000888e+00
1.000000000000000888e+00
1.000000000000000888e+00
1.000000000000000666e+00
1.000000000000000666e+00
1.000000000000000666e+00
1.000000000000000666e+00
1.000000000000000666e+00
1.000000000000000666e+00
1.000000000000000666e+00
1.000000000000000666e+00
1.000000000000000666e+00
1.000000000000000666e+00
1.000000000000000444e+00
1.000000000000000444e+00
1.000000000000000444e+00
1.000000000000000444e+00
1.000000000000000222e+00
1.000000000000000222e+00
1.000000000000000222e+00
1.000000000000000222e+00
1.000000000000000222e+00
1.000000000000000222e+00
1.000000000000000222e+00
1.000000000000000222e+00
1.000000000000000222e+00
1.000000000000000222e+00
1.000000000000000222e+00
1.000000000000000222e+00
1.000000000000000222e+00
1.000000000000000222e+00
1.000000000000000222e+00
1.000000000000000222e+00
1.000000000000000222e+00
1.000000000000000222e+00
1.000000000000000222e+00
1.000000000000000222e+00
1.000000000000000222e+00
1.000000000000000222e+00
1.000000000000000222e+00
1.000000000000000222e+00
1.000000000000000222e+00
1.000000000000000222e+00
1.000000000000000222e+00
1.000000000000000222e+00
1.000000000000000222e+00
1.000000000000000000e+00
1.000000000000000000e+00
1.000000000000000000e+00
1.000000000000000000e+00
1.000000000000000000e+00
1.000000000000000000e+00
1.000000000000000000e+00
1.000000000000000000e+00
1.000000000000000000e+00
1.000000000000000000e+00
9.999999999999998890e-01
9.999999999999998890e-01
9.999999999999998890e-01
9.999999999999998890e-01
9.999999999999998890e-01
9.999999999999998890e-01
9.999999999999998890e-01
9.999999999999998890e-01
9.999999999999998890e-01
9.999999999999998890e-01
9.999999999999998890e-01
9.999999999999997780e-01
9.999999999999997780e-01
9.999999999999997780e-01
9.999999999999997780e-01
9.999999999999997780e-01
9.999999999999997780e-01
9.999999999999997780e-01
9.999999999999997780e-01
9.999999999999997780e-01
9.999999999999996669e-01
9.999999999999996669e-01
9.999999999999996669e-01
9.999999999999995559e-01
9.999999999999995559e-01
9.999999999999995559e-01
9.999999999999995559e-01
9.999999999999995559e-01
9.999999999999995559e-01
9.999999999999995559e-01
9.999999999999995559e-01
9.999999999999995559e-01
9.999999999999995559e-01
9.999999999999993339e-01
9.999999999999993339e-01
9.999999999999993339e-01
9.999999999999993339e-01
9.999999999999993339e-01
9.999999999999992228e-01
9.999999999999992228e-01
9.999999999999991118e-01
9.999999999999991118e-01
9.999999999999986677e-01
9.999999999999977796e-01
9.999999999999970024e-01
9.999999999999960032e-01
9.999999999999944489e-01
9.999999999999913403e-01
9.999999999999902300e-01
9.999999999999841238e-01
9.999129836647244751e-01
9.999129836647236980e-01
9.997684398096657876e-01
9.997684398096635672e-01
9.994444639603222713e-01
9.994444639603204950e-01
9.991621205825063079e-01
9.991621205825046426e-01
9.989190103524155928e-01
9.989190103524141495e-01
9.984850432701021239e-01
9.984850432701002365e-01
9.977234515889268351e-01
9.977234515889256139e-01
9.957482344573628241e-01
9.957482344573627131e-01
9.950223233627017994e-01
9.950223233627008002e-01
9.944460653745297307e-01
9.944460653745282874e-01
9.940576541978232150e-01
9.940576541978222158e-01
9.912172943847648021e-01
9.912172943847640250e-01
9.896163851958069690e-01
9.896163851958038604e-01
9.880701520198589272e-01
9.880701520198580390e-01
9.862501909793454091e-01
9.862501909793394139e-01
9.853928659553793379e-01
9.853928659553788938e-01
9.812857949463479335e-01
9.812857949463453799e-01
9.805004606787266486e-01
9.805004606787236510e-01
9.777458534300936810e-01
9.777458534300933479e-01
9.762088697890326516e-01
9.762088697890312083e-01
9.731710866414697847e-01
9.731710866414694516e-01
9.709904050243688411e-01
9.709904050243682860e-01
9.683709267122040387e-01
9.683709267122020403e-01
9.595159715469206985e-01
9.595159715469118167e-01
9.511888290778200972e-01
9.511888290778128807e-01
9.417937065304903266e-01
9.417937065304859967e-01
9.326774918291639294e-01
9.326774918291631522e-01
9.318880399365215839e-01
9.318880399365193634e-01
9.231235291604148463e-01
9.231235291604138471e-01
9.179554788809921595e-01
9.179554788809884958e-01
9.131188458392393015e-01
9.131188458392351937e-01
9.119149309053103947e-01
9.119149309053080632e-01
8.922548661002304149e-01
8.922548661002274173e-01
8.809529257411407022e-01
8.809529257411220504e-01
8.654516859423221353e-01
8.654516859423054820e-01
8.637087318349532250e-01
8.637087318349065956e-01
8.472700532291402853e-01
8.472700532291337350e-01
8.318243075919355967e-01
8.318243075919351526e-01
8.224062208099057747e-01
8.224062208099032212e-01
7.749416700338295216e-01
7.749416700338256359e-01
7.678772554205925971e-01
7.678772554205902656e-01
7.594812181354609892e-01
7.594812181354595459e-01
7.168632967668177036e-01
7.168632967668167044e-01
7.011976331414381258e-01
7.011976331414306873e-01
6.866894558347965694e-01
6.866894558347945710e-01
6.515606800120316011e-01
6.515606800120293807e-01
6.180339887498962348e-01
6.180339887498942364e-01
6.176665466298754126e-01
6.176665466298747464e-01
6.078468004243879896e-01
6.078468004243867684e-01
5.542350124844616088e-01
5.542350124844612758e-01
4.464811800695642763e-01
4.464811800695632771e-01
4.096943609112786433e-01
4.096943609112781437e-01
3.894786531026634413e-01
3.894786531026374621e-01
2.491138143141137518e-01
2.491138143141095884e-01
1.609507731532307806e-01
1.609507731532305030e-01
1.547244638138095263e-01
1.547244638138033368e-01
1.511095647391219043e-01
1.511095647391120234e-01
4.586011946139053469e-02
4.586011946139012529e-02
