# Singular values
1.172229254457064229e+02
1.172229254457063803e+02
1.088779095232827672e+02
1.088779095232826961e+02
8.424509651048275316e+01
8.424509651048273895e+01
7.669467600516459527e+01
7.669467600516448158e+01
7.231876126502308466e+01
7.231876126502304203e+01
6.254805943925578759e+01
6.254805943925570944e+01
5.998992204033243780e+01
5.998992204033236675e+01
5.883667594041780546e+01
5.883667594041776994e+01
5.043449266953996357e+01
5.043449266953990673e+01
4.722253366861004054e+01
4.722253366860996948e+01
4.336985927791904771e+01
4.336985927791893403e+01
4.323193264243466416e+01
4.323193264243455047e+01
4.017365119933900530e+01
4.017365119933889162e+01
3.929516254746141612e+01
3.929516254746139481e+01
3.732134262089849130e+01
3.732134262089846288e+01
3.720215047547661413e+01
3.720215047547655018e+01
3.355409032331647268e+01
3.355409032331646557e+01
3.198357584088617500e+01
3.198357584088613237e+01
3.110429180356410583e+01
3.110429180356398859e+01
3.051394224138218547e+01
3.051394224138183731e+01
3.012394746925885869e+01
3.012394746925868105e+01
2.992845047261521430e+01
2.992845047261515745e+01
2.912125165620707179e+01
2.912125165620705047e+01
2.755235298506465469e+01
2.755235298506464403e+01
2.650638021459635851e+01
2.650638021459610982e+01
2.499068569887234759e+01
2.499068569887232627e+01
2.467026670412091605e+01
2.467026670412090184e+01
2.345819672153942648e+01
2.345819672153935187e+01
2.243015731745115460e+01
2.243015731745100894e+01
2.196851088610032221e+01
2.196851088610026181e+01
2.064547646407562453e+01
2.064547646407552151e+01
1.981216586420251957e+01
1.981216586420250891e+01
1.940478958593751813e+01
1.940478958593747549e+01
1.654560400736018622e+01
1.654560400736016845e+01
1.579800240204628281e+01
1.579800240204627748e+01
1.566399098155921621e+01
1.566399098155920555e+01
1.537592139169052707e+01
1.537592139169051464e+01
1.498731041624362703e+01
1.498731041624362348e+01
1.467566516885451833e+01
1.467566516885450234e+01
1.451980439768827580e+01
1.451980439768821896e+01
1.400479899363491754e+01
1.400479899363489622e+01
1.288553941093297617e+01
1.288553941093291400e+01
1.275448332204017987e+01
1.275448332204011948e+01
1.232576913895542070e+01
1.232576913895540471e+01
1.212677120819444099e+01
1.212677120819439658e+01
1.182178008959598792e+01
1.182178008959594884e+01
1.174659156128389093e+01
1.174659156128385540e+01
1.163674400242544493e+01
1.163674400242542184e+01
1.137581249171592823e+01
1.137581249171588560e+01
1.121395540194427376e+01
1.121395540194424356e+01
1.102765041049897654e+01
1.102765041049894812e+01
1.096525084549590368e+01
1.096525084549588769e+01
1.084990775114794559e+01
1.084990775114789407e+01
1.074631976777758702e+01
1.074631976777758169e+01
1.044449351651959290e+01
1.044449351651957514e+01
1.019534594036566411e+01
1.019534594036563924e+01
9.740593237081586864e+00
9.740593237081531797e+00
9.526160393807064253e+00
9.526160393807050042e+00
9.267171449219508972e+00
9.267171449219503643e+00
9.154536512816269678e+00
9.154536512816230598e+00
8.969040665736500273e+00
8.969040665736475404e+00
8.681893906553717954e+00
8.681893906553689533e+00
8.470508466737225461e+00
8.470508466737220132e+00
8.387812767643579193e+00
8.387812767643570311e+00
8.138103296782752238e+00
8.138103296782746909e+00
7.919880001937676717e+00
7.919880001937666947e+00
7.680329622827394509e+00
7.680329622827377634e+00
7.639539505197086022e+00
7.639539505197071811e+00
7.414043004823178684e+00
7.414043004823153815e+00
7.350901479695322926e+00
7.350901479695311380e+00
7.252072143077873179e+00
7.252072143077868738e+00
7.097487283132386970e+00
7.097487283132374536e+00
6.881500908525216786e+00
6.881500908525201687e+00
6.867158737670350455e+00
6.867158737670330027e+00
6.778895404191350060e+00
6.778895404191347396e+00
6.649628811165021247e+00
6.649628811164991937e+00
6.611812639171346540e+00
6.611812639171333217e+00
6.436918952289124363e+00
6.436918952289093276e+00
6.392144343331000123e+00
6.392144343330998346e+00
6.347288785553259594e+00
6.347288785553252488e+00
6.325616128255094672e+00
6.325616128255052928e+00
6.244986399863480919e+00
6.244986399863468485e+00
6.199121885719248048e+00
6.199121885719243608e+00
6.071266156965712923e+00
6.071266156965698713e+00
5.980252759138037000e+00
5.980252759138013019e+00
5.974593979468397542e+00
5.974593979468381555e+00
5.891493161603820639e+00
5.891493161603806428e+00
5.881287784402887020e+00
5.881287784402882579e+00
5.833451630685548395e+00
5.833451630685542177e+00
5.719025800942126203e+00
5.719025800942109328e+00
5.570382397484820558e+00
5.570382397484808124e+00
5.532920908894633172e+00
5.532920908894623402e+00
5.481290902181880753e+00
5.481290902181859437e+00
5.386053092352576677e+00
5.386053092352534044e+00
5.243107153049399116e+00
5.243107153049384905e+00
5.168678159640958114e+00
5.168678159640939462e+00
5.145606352855215171e+00
5.145606352855210730e+00
5.111089719719996260e+00
5.111089719719943858e+00
5.102267803856082473e+00
5.102267803856075368e+00
4.968829120662856980e+00
4.968829120662854315e+00
4.952529630253918569e+00
4.952529630253913240e+00
4.873631766373275553e+00
4.873631766373271113e+00
4.839936145690647784e+00
4.839936145690641567e+00
4.835363432796784267e+00
4.835363432796762062e+00
4.724548309975959981e+00
4.724548309975927118e+00
4.644812484068124192e+00
4.644812484068082448e+00
4.503910475369635513e+00
4.503910475369634625e+00
4.344163471811391730e+00
4.344163471811379296e+00
4.266657145298115239e+00
4.266657145298105469e+00
4.244499838010744597e+00
4.244499838010730386e+00
4.242640687119279441e+00
4.242640687119279441e+00
4.210998515655239416e+00
4.210998515655231422e+00
4.177552020144127631e+00
4.177552020144126743e+00
4.151929887667960450e+00
4.151929887667949792e+00
4.136410128197550939e+00
4.136410128197548275e+00
4.130118502284331861e+00
4.130118502284331861e+00
4.122220756559075383e+00
4.122220756559049626e+00
4.095810769501615489e+00
4.095810769501609272e+00
4.006693992965863593e+00
4.006693992965835172e+00
4.002544335604556025e+00
4.002544335604553360e+00
3.999999999999992450e+00
3.999999999999991562e+00
3.999419598535608245e+00
3.999419598535606912e+00
3.966822514504008357e+00
3.966822514504001695e+00
3.909308137534583061e+00
3.909308137534567074e+00
3.894046244902189535e+00
3.894046244902169551e+00
3.877745291110747505e+00
3.877745291110740844e+00
3.862412435027500646e+00
3.862412435027493540e+00
3.807059242564187151e+00
3.807059242564182266e+00
3.774451451834002658e+00
3.774451451833980009e+00
3.752709440102325544e+00
3.752709440102313998e+00
3.741121140814449575e+00
3.741121140814419821e+00
3.694124616456724741e+00
3.694124616456713639e+00
3.605017663850046183e+00
3.605017663850040854e+00
3.525466592787057873e+00
3.525466592787043218e+00
3.466581569171263144e+00
3.466581569171256927e+00
3.390160684899317989e+00
3.390160684899296228e+00
3.329235904253908362e+00
3.329235904253867062e+00
3.315280597995718281e+00
3.315280597995701406e+00
3.286708360668639362e+00
3.286708360668630924e+00
3.240580099893416222e+00
3.240580099893409560e+00
3.186552505891202536e+00
3.186552505891192766e+00
3.161700696348306305e+00
3.161700696348304529e+00
3.159494610894451938e+00
3.159494610894449274e+00
3.092985362364368829e+00
3.092985362364354618e+00
3.087017674272333423e+00
3.087017674272322321e+00
3.052410208099064270e+00
3.052410208099051836e+00
3.010493306259798718e+00
3.010493306259798274e+00
3.008694952556811852e+00
3.008694952556808300e+00
3.000000000000015543e+00
3.000000000000002665e+00
3.000000000000002665e+00
2.999999999999998668e+00
2.999999999999997335e+00
2.999999999999992450e+00
2.992682757720598108e+00
2.992682757720596776e+00
2.973535233976629222e+00
2.973535233976625669e+00
2.955617653421430902e+00
2.955617653421425572e+00
2.945942395407253223e+00
2.945942395407240344e+00
2.931201001041768617e+00
2.931201001041750853e+00
2.893128210493570496e+00
2.893128210493557617e+00
2.847178896291127970e+00
2.847178896291127081e+00
2.838517007494492539e+00
2.838517007494476996e+00
2.828427124746190735e+00
2.828427124746189403e+00
2.809370156726521905e+00
2.809370156726507695e+00
2.735958292917889612e+00
2.735958292917880730e+00
2.712913501386004622e+00
2.712913501385999737e+00
2.654767828131545215e+00
2.654767828131343599e+00
2.619165938374217184e+00
2.619165938374215408e+00
2.602654611178135458e+00
2.602654611178132793e+00
2.488587282985734728e+00
2.488587282985720517e+00
2.449272725389878502e+00
2.449272725389872729e+00
2.445172333094770334e+00
2.445172333094756123e+00
2.418797095965726562e+00
2.418797095965722566e+00
2.388477828524158575e+00
2.388477828524149249e+00
2.324980668982524978e+00
2.324980668982509879e+00
2.321216678971793179e+00
2.321216678971777192e+00
2.312463159489611453e+00
2.312463159489607900e+00
2.301751372463679335e+00
2.301751372463677558e+00
2.284240810408039835e+00
2.284240810408028732e+00
2.236067977499791137e+00
2.236067977499781811e+00
2.230658257484857021e+00
2.230658257484855245e+00
2.229653102238423834e+00
2.229653102238420281e+00
2.224732304589668974e+00
2.224732304589663645e+00
2.221748619930937529e+00
2.221748619930926871e+00
2.189895140968610932e+00
2.189895140968590059e+00
2.144074123694320821e+00
2.144074123694303502e+00
2.135567978097487440e+00
2.135567978097483888e+00
2.100168553016560580e+00
2.100168553016550810e+00
2.083865337941064322e+00
2.083865337941058105e+00
2.043159722691341162e+00
2.043159722691340274e+00
2.000000000000014211e+00
2.000000000000007550e+00
2.000000000000004441e+00
2.000000000000003553e+00
2.000000000000002665e+00
2.000000000000000888e+00
2.000000000000000888e+00
1.999999999999999778e+00
1.999999999999999112e+00
1.999999999999998446e+00
1.999999999999997780e+00
1.999999999999997113e+00
1.999999999999996225e+00
1.999999999999991118e+00
1.999999999999988454e+00
1.999999999999984901e+00
1.999437786427829433e+00
1.999437786427826769e+00
1.998456360222332195e+00
1.998456360222330641e+00
1.995966204377302988e+00
1.995966204377293218e+00
1.983307008228661239e+00
1.983307008228657908e+00
1.969031617556400215e+00
1.969031617556396441e+00
1.960905178190436082e+00
1.960905178190433640e+00
1.937382092769212250e+00
1.937382092769200037e+00
1.919288242753840246e+00
1.919288242753839802e+00
1.907421998215491410e+00
1.907421998215481862e+00
1.889611932741685596e+00
1.889611932741676714e+00
1.887652913511659758e+00
1.887652913511653319e+00
1.851847036933308210e+00
1.851847036933280233e+00
1.841858937548459085e+00
1.841858937548411124e+00
1.837417887859831289e+00
1.837417887859827736e+00
1.815854525665782315e+00
1.815854525665775432e+00
1.793660476718017982e+00
1.793660476718011099e+00
1.779025345186663110e+00
1.779025345186655782e+00
1.752038229836637928e+00
1.752038229836596406e+00
1.736011314039177300e+00
1.736011314039126896e+00
1.732050807568875861e+00
1.732050807568871198e+00
1.731405569731782945e+00
1.731405569731779392e+00
1.730741246724615268e+00
1.730741246724588178e+00
1.725672604960125422e+00
1.725672604960107881e+00
1.711494636238895861e+00
1.711494636238878098e+00
1.654852333655972618e+00
1.654852333655972174e+00
1.622581485924239564e+00
1.622581485924235789e+00
1.604175062303915489e+00
1.604175062303893284e+00
1.584267997859857502e+00
1.584267997859852395e+00
1.529884326108662984e+00
1.529884326108657877e+00
1.511527644140267190e+00
1.511527644140261417e+00
1.457919357267950744e+00
1.457919357267938532e+00
1.449214377513357910e+00
1.449214377513351026e+00
1.414213562373100697e+00
1.414213562373098920e+00
1.414213562373098032e+00
1.414213562373097144e+00
1.414213562373097144e+00
1.414213562373096700e+00
1.414213562373096478e+00
1.414213562373096478e+00
1.414213562373096478e+00
1.414213562373095590e+00
1.414213562373095368e+00
1.414213562373095368e+00
1.414213562373095368e+00
1.414213562373095368e+00
1.414213562373095145e+00
1.414213562373095145e+00
1.414213562373095145e+00
1.414213562373095145e+00
1.414213562373094923e+00
1.414213562373094701e+00
1.414213562373094701e+00
1.414213562373094479e+00
1.414213562373094479e+00
1.414213562373094479e+00
1.414213562373094257e+00
1.414213562373094257e+00
1.414213562373094257e+00
1.414213562373094257e+00
1.414213562373094035e+00
1.414213562373094035e+00
1.414213562373093591e+00
1.414213562373093591e+00
1.414213562373093147e+00
1.414213562373091815e+00
1.414213562373091371e+00
1.414213562373090927e+00
1.414162264468552976e+00
1.414162264468551644e+00
1.413418438058327231e+00
1.413418438058323900e+00
1.412845930791755800e+00
1.412845930791755134e+00
1.411046203321659975e+00
1.411046203321658643e+00
1.409404429992446195e+00
1.409404429992442864e+00
1.401898455439867242e+00
1.401898455439866353e+00
1.399219099982196512e+00
1.399219099982193182e+00
1.396381466648985992e+00
1.396381466648982217e+00
1.392315200836182543e+00
1.392315200836176547e+00
1.390523736512312869e+00
1.390523736512308650e+00
1.366256637904613491e+00
1.366256637904606608e+00
1.357644122351713056e+00
1.357644122351697069e+00
1.355038119053749934e+00
1.355038119053728618e+00
1.311531426293431224e+00
1.311531426293417013e+00
1.298135508571762298e+00
1.298135508571761410e+00
1.294637909006584486e+00
1.294637909006584264e+00
1.285240451181516752e+00
1.285240451181502985e+00
1.245459997532032403e+00
1.245459997532026630e+00
1.208607836724722384e+00
1.208607836724714391e+00
1.120372631887597725e+00
1.120372631887569748e+00
1.089627443518601746e+00
1.089627443518594641e+00
1.078104681299811407e+00
1.078104681299763890e+00
1.039556980891918059e+00
1.039556980891914062e+00
1.004005072323018055e+00
1.004005072323012948e+00
1.000000000000042188e+00
1.000000000000012212e+00
1.000000000000011990e+00
1.000000000000009770e+00
1.000000000000008882e+00
1.000000000000007327e+00
1.000000000000005995e+00
1.000000000000005773e+00
1.000000000000005329e+00
1.000000000000004885e+00
1.000000000000003997e+00
1.000000000000003997e+00
1.000000000000002665e+00
1.000000000000001998e+00
1.000000000000001998e+00
1.000000000000001998e+00
1.000000000000001554e+00
1.000000000000001554e+00
1.000000000000001110e+00
1.000000000000000888e+00
1.000000000000000888e+00
1.000000000000000888e+00
1.000000000000000888e+00
1.000000000000000666e+00
1.000000000000000666e+00
1.000000000000000666e+00
1.000000000000000444e+00
1.000000000000000444e+00
1.000000000000000444e+00
1.000000000000000444e+00
1.000000000000000444e+00
1.000000000000000444e+00
1.000000000000000444e+00
1.000000000000000444e+00
1.000000000000000444e+00
1.000000000000000222e+00
1.000000000000000222e+00
1.000000000000000222e+00
1.000000000000000222e+00
1.000000000000000222e+00
1.000000000000000222e+00
1.000000000000000222e+00
1.000000000000000222e+00
1.000000000000000000e+00
1.000000000000000000e+00
1.000000000000000000e+00
1.000000000000000000e+00
9.999999999999998890e-01
9.999999999999998890e-01
9.999999999999998890e-01
9.999999999999998890e-01
9.999999999999998890e-01
9.999999999999998890e-01
9.999999999999998890e-01
9.999999999999998890e-01
9.999999999999998890e-01
9.999999999999998890e-01
9.999999999999998890e-01
9.999999999999998890e-01
9.999999999999998890e-01
9.999999999999998890e-01
9.999999999999996669e-01
9.999999999999996669e-01
9.999999999999996669e-01
9.999999999999996669e-01
9.999999999999996669e-01
9.999999999999995559e-01
9.999999999999995559e-01
9.999999999999995559e-01
9.999999999999995559e-01
9.999999999999995559e-01
9.999999999999995559e-01
9.999999999999995559e-01
9.999999999999995559e-01
9.999999999999995559e-01
9.999999999999995559e-01
9.999999999999993339e-01
9.999999999999993339e-01
9.999999999999993339e-01
9.999999999999992228e-01
9.999999999999992228e-01
9.999999999999992228e-01
9.999999999999992228e-01
9.999999999999992228e-01
9.999999999999990008e-01
9.999999999999990008e-01
9.999999999999990008e-01
9.999999999999990008e-01
9.999999999999990008e-01
9.999999999999990008e-01
9.999999999999990008e-01
9.999999999999990008e-01
9.999999999999988898e-01
9.999999999999988898e-01
9.999999999999988898e-01
9.999999999999988898e-01
9.999999999999987788e-01
9.999999999999987788e-01
9.999999999999985567e-01
9.999999999999985567e-01
9.999999999999984457e-01
9.999999999999982236e-01
9.999999999999982236e-01
9.999999999999982236e-01
9.999999999999982236e-01
9.999999999999981126e-01
9.999999999999977796e-01
9.999999999999967804e-01
9.999999999999961142e-01
9.999999999999955591e-01
9.999999999999948930e-01
9.999999999999938938e-01
9.999999999999937828e-01
9.999999999999932276e-01
9.999999999999928946e-01
9.999999999999906741e-01
9.999999999999898970e-01
9.999999999999887867e-01
9.999999999999882316e-01
9.999999999999860112e-01
9.999999999999754641e-01
9.999999999999632516e-01
9.999637451312916037e-01
9.999637451312856085e-01
9.998123027190494172e-01
9.998123027190414236e-01
9.997617017949966822e-01
9.997617017949931295e-01
9.990913533122036672e-01
9.990913533122021128e-01
9.979242451983684203e-01
9.979242451983646456e-01
9.976126995572361933e-01
9.976126995572341949e-01
9.972744614333086677e-01
9.972744614333065583e-01
9.961993920555028970e-01
9.961993920555018978e-01
9.945057182557827113e-01
9.945057182557784925e-01
9.932857932717211735e-01
9.932857932717094052e-01
9.914463431608372401e-01
9.914463431608117050e-01
9.908630228852389754e-01
9.908630228852198796e-01
9.907893383757632177e-01
9.907893383757589989e-01
9.895101982766486559e-01
9.895101982766444371e-01
9.882815805007157950e-01
9.882815805007145737e-01
9.855787430420764883e-01
9.855787430420668294e-01
9.853195855451292173e-01
9.853195855450986862e-01
9.812881274445086621e-01
9.812881274445047763e-01
9.692635232935870038e-01
9.692635232935813416e-01
9.683549204475043748e-01
9.683549204475022654e-01
9.682026624514473712e-01
9.682026624514429303e-01
9.678990912995830698e-01
9.678990912993971074e-01
9.637345609739772501e-01
9.637345609739754737e-01
9.628948330187031557e-01
9.628948330187023785e-01
9.592899409263186961e-01
9.592899409263172528e-01
9.586829422569953518e-01
9.586829422569896897e-01
9.541029479304388161e-01
9.541029479304141692e-01
9.385254532946564199e-01
9.385254532946532002e-01
9.305792610883798499e-01
9.305792610883776295e-01
9.287898073304928781e-01
9.287898073304886593e-01
9.059325451315929367e-01
9.059325451315797251e-01
8.981511481812379794e-01
8.981511481812349817e-01
8.933806607907135433e-01
8.933806607907029962e-01
8.875423016456082115e-01
8.875423016456003289e-01
8.055308342970044500e-01
8.055308342970014523e-01
7.557002247644759585e-01
7.557002247644558635e-01
7.522940517840168706e-01
7.522940517840045471e-01
7.394328436892041445e-01
7.394328436892011469e-01
7.347338303261886638e-01
7.347338303261851111e-01
7.051543021302034697e-01
7.051543021301993619e-01
6.943041736426054378e-01
6.943041736426034394e-01
6.878975686530951483e-01
6.878975686530784950e-01
6.667450917478139338e-01
6.667450917478101591e-01
6.422410338384173523e-01
6.422410338384149098e-01
6.180232925598522220e-01
6.180232925598502236e-01
5.945316246990204334e-01
5.945316246990143272e-01
5.707213274270762637e-01
5.707213274270726000e-01
5.345045687204651452e-01
5.345045687204607043e-01
4.925844809495995014e-01
4.925844809495934506e-01
3.973903594591399746e-01
3.973903594591113864e-01
3.787491138075659292e-01
3.787491138075645969e-01
3.068287872396868177e-01
3.068287872396752713e-01
2.922388459683315509e-01
2.922388459683243900e-01
2.381140406764273298e-01
2.381140406764260808e-01
2.326504365537621077e-01
2.326504365537598873e-01
2.194819263962907718e-01
2.194819263962639599e-01
1.670348752435539819e-01
1.670348752435534267e-01
1.121833207081666117e-01
1.121833207081616296e-01
4.545441380788144137e-02
4.545441380788142055e-02
1.855544967663846302e-13
1.850835671965570515e-13
1.635427656645848473e-13
1.599371265959197379e-13
