# Singular values
9.916371576096803864e+00
9.916371576096800311e+00
8.831760866327847737e+00
8.831760866327840631e+00
8.602325267042626677e+00
8.602325267042626677e+00
7.071067811865476394e+00
7.071067811865474617e+00
5.856645594229810570e+00
5.856645594229809682e+00
5.494085164904801921e+00
5.494085164904801921e+00
5.000000000000000888e+00
4.999999999999998224e+00
3.638260574818652948e+00
3.638260574818652948e+00
3.114733073429636789e+00
3.114733073429635901e+00
2.885079540102733819e+00
2.885079540102732487e+00
2.828427124746190291e+00
2.828427124746188071e+00
2.449489742783182322e+00
2.449489742783178770e+00
2.236067977499790693e+00
2.236067977499789805e+00
2.000000000000000888e+00
2.000000000000000000e+00
1.816160202538194657e+00
1.816160202538194435e+00
1.732050807568878081e+00
1.732050807568877637e+00
1.732050807568877637e+00
1.732050807568877415e+00
1.732050807568876971e+00
1.732050807568876749e+00
1.635798879035962106e+00
1.635798879035961662e+00
1.414213562373096034e+00
1.414213562373095812e+00
1.414213562373095368e+00
1.414213562373095145e+00
1.414213562373095145e+00
1.414213562373095145e+00
1.414213562373094701e+00
1.414213562373094701e+00
1.414213562373094257e+00
1.414213562373094257e+00
1.115410700100176289e+00
1.115410700100176289e+00
1.000000000000000888e+00
1.000000000000000666e+00
1.000000000000000444e+00
1.000000000000000222e+00
1.000000000000000222e+00
1.000000000000000222e+00
1.000000000000000000e+00
1.000000000000000000e+00
1.000000000000000000e+00
1.000000000000000000e+00
9.999999999999997780e-01
9.999999999999997780e-01
9.999999999999997780e-01
9.999999999999997780e-01
9.999999999999997780e-01
9.999999999999997780e-01
9.999999999999997780e-01
9.999999999999995559e-01
9.999999999999993339e-01
9.999999999999990008e-01
8.364821478002725241e-01
8.364821478002723021e-01
