# Singular values
1.917240112036379578e+05
1.917240112036378996e+05
4.993005230705587564e+03
4.993005230705586655e+03
4.866165356441405265e+02
4.866165356441387644e+02
2.620477304419408711e+02
2.620477304419407574e+02
1.557230455407598697e+02
1.557230455407579370e+02
1.395825530967316865e+02
1.395825530967305212e+02
1.109982292438485416e+02
1.109982292438471632e+02
9.074873846806542588e+01
9.074873846806282529e+01
7.779130495655068955e+01
7.779130495654858635e+01
7.177692310156845679e+01
7.177692310156648148e+01
6.489629898091253324e+01
6.489629898090728943e+01
6.146433339845190602e+01
6.146433339845152233e+01
6.002039365117057201e+01
6.002039365116672087e+01
5.208630042240253744e+01
5.208630042239844471e+01
4.464713642081231626e+01
4.464713642081202494e+01
4.443017935823133513e+01
4.443017935822905429e+01
4.352167343470112115e+01
4.352167343469994165e+01
3.874092250491933243e+01
3.874092250491592182e+01
3.616780887374928000e+01
3.616780887374721232e+01
3.369622558695815684e+01
3.369622558695658654e+01
3.159086922871029302e+01
3.159086922870406866e+01
3.091234354270817875e+01
3.091234354269965223e+01
2.887204506182200348e+01
2.887204506182037989e+01
2.729513133350154774e+01
2.729513133350122445e+01
2.722656561895584204e+01
2.722656561895557203e+01
2.567385836420421086e+01
2.567385836420392664e+01
2.483503652433236653e+01
2.483503652432895237e+01
2.339505614902027375e+01
2.339505614901649366e+01
2.220731599263997325e+01
2.220731599263879019e+01
2.143782658085331860e+01
2.143782658085290294e+01
2.087392649983748782e+01
2.087392649973162051e+01
1.885698345507431739e+01
1.885698345505524287e+01
1.840611960289314197e+01
1.840611960286083004e+01
1.793578047370363038e+01
1.793578047370338524e+01
1.728103327874962858e+01
1.728103327874912409e+01
1.661620546348416028e+01
1.661620546347520389e+01
1.599013712283393218e+01
1.599013712283387179e+01
1.560254596523687276e+01
1.560254596523644643e+01
1.531917265523089533e+01
1.531917265523075322e+01
1.500444442863174288e+01
1.500444442863145689e+01
1.399145392398886223e+01
1.399145392398883736e+01
1.387987208780070603e+01
1.387987208780063852e+01
1.364640910424379960e+01
1.364640910424349940e+01
1.349814594463030737e+01
1.349814594463008710e+01
1.300580066737898122e+01
1.300580066737843232e+01
1.283747976699161164e+01
1.283747976699159032e+01
1.159736875128905176e+01
1.159736875128752764e+01
1.149496060895283200e+01
1.149496060894953331e+01
1.137040382376274295e+01
1.137040382376251024e+01
1.097823303804027262e+01
1.097823303804006301e+01
1.091228415367063853e+01
1.091228415366982318e+01
1.064978084032113337e+01
1.064978084032021499e+01
1.062347633528382040e+01
1.062347633528232826e+01
1.041027749447490791e+01
1.041027749446989858e+01
9.755643511475279084e+00
9.755643511474046292e+00
9.622523142215877456e+00
9.622523142215801073e+00
9.265341817629821008e+00
9.265341817629799692e+00
9.148559416524648213e+00
9.148559416524491894e+00
8.809968337563693908e+00
8.809968337563601537e+00
8.620156410408727155e+00
8.620156410408565506e+00
8.475524288180928068e+00
8.475524288180874777e+00
8.344241133218050166e+00
8.344241133217229489e+00
8.301573949686366305e+00
8.301573949686261500e+00
7.993551310024757051e+00
7.993551310024460399e+00
7.916903038362776535e+00
7.916903038362543832e+00
7.851438230533037910e+00
7.851438230532798102e+00
7.842990097575200714e+00
7.842990097574626951e+00
7.663149848846646961e+00
7.663149848844608591e+00
7.623355799437310232e+00
7.623355799437202762e+00
7.311254545053269105e+00
7.311254545053249565e+00
7.280109889280534041e+00
7.280109889280532265e+00
7.257187424189751823e+00
7.257187424189584846e+00
7.234993136858435925e+00
7.234993136856442852e+00
7.021523385461811095e+00
7.021523385461780009e+00
7.017349786943579026e+00
7.017349786943385404e+00
6.986260287511838918e+00
6.986260287508795130e+00
6.902899165568745055e+00
6.902899165568728179e+00
6.741593496844201283e+00
6.741593496844187960e+00
6.689039371242025744e+00
6.689039371241643828e+00
6.669367350560708729e+00
6.669367350560677643e+00
6.321519009627361463e+00
6.321519009627335706e+00
6.139189820087054272e+00
6.139189820087032068e+00
6.046626089125381576e+00
6.046626089125345160e+00
5.985185915258838918e+00
5.985185915258822931e+00
5.916079783099622347e+00
5.916079783099610800e+00
5.769323562426185603e+00
5.769323562426168728e+00
5.604705029678869188e+00
5.604705029678824779e+00
5.397756349140719223e+00
5.397756349140570897e+00
5.224632624376039480e+00
5.224632624376005730e+00
5.128781009475359198e+00
5.128781009475265940e+00
5.092815422517243285e+00
5.092815422517168678e+00
5.087979561999797617e+00
5.087979561999693701e+00
5.000000000000018652e+00
5.000000000000013323e+00
5.000000000000006217e+00
4.999999999999944933e+00
4.976430193694775461e+00
4.976430193694765691e+00
4.893351033113482629e+00
4.893351033113325421e+00
4.811145360684777827e+00
4.811145360683653394e+00
4.726800004491630069e+00
4.726800004491517271e+00
4.563513589961901040e+00
4.563513589961806005e+00
4.466529210779777159e+00
4.466529210779767389e+00
4.455971478308494937e+00
4.455971478308456746e+00
4.419513636089525299e+00
4.419513636089505759e+00
4.410806439843012683e+00
4.410806439843010018e+00
4.334209642343041402e+00
4.334209642343011204e+00
4.231506141846365310e+00
4.231506141846348434e+00
4.123104232758429966e+00
4.123104232758359800e+00
4.104532592333791641e+00
4.104532592333738350e+00
4.008453088633444850e+00
4.008453088633405770e+00
3.965714769996032452e+00
3.965714769995967171e+00
3.904670378768358763e+00
3.904670378768337891e+00
3.882147319701497956e+00
3.882147319701497068e+00
3.853591930858218273e+00
3.853591930858192516e+00
3.839374544531421574e+00
3.839374544531406475e+00
3.741655892021615859e+00
3.741655892021605645e+00
3.687433595065027436e+00
3.687433595065014558e+00
3.627075339650630781e+00
3.627075339650605912e+00
3.586058754339112031e+00
3.586058754338837584e+00
3.573305625963632881e+00
3.573305625963616006e+00
3.556217719579286562e+00
3.556217719579255476e+00
3.530491392824424590e+00
3.530491392824030239e+00
3.492676021687844745e+00
3.492676021687300292e+00
3.471510357275351399e+00
3.471510357275338521e+00
3.469986327182053021e+00
3.469986327182036145e+00
3.390108102135803936e+00
3.390108102135782175e+00
3.358708695241014563e+00
3.358708695239817299e+00
3.315732536204281544e+00
3.315732536204165193e+00
3.310075927292603915e+00
3.310075927292598585e+00
3.290037830762296611e+00
3.290037830761879167e+00
3.277925172342512905e+00
3.277925172342496030e+00
3.218446241255269680e+00
3.218446241255051188e+00
3.170288072283146796e+00
3.170288072283128145e+00
3.162276110591975442e+00
3.162276110591971445e+00
3.154322060885033974e+00
3.154322060885025536e+00
3.151887835344288735e+00
3.151887835344285627e+00
3.090216243514940953e+00
3.090216243514892991e+00
3.037659128757941307e+00
3.037659128757938642e+00
3.000461637972579254e+00
3.000461637972561935e+00
3.000000000000021760e+00
3.000000000000011546e+00
3.000000000000010214e+00
3.000000000000009770e+00
3.000000000000008438e+00
3.000000000000008438e+00
3.000000000000007550e+00
3.000000000000004885e+00
2.999999999999995559e+00
2.999999999999988454e+00
2.999999999999983569e+00
2.999999999999972911e+00
2.998363442491389641e+00
2.998363442491334574e+00
2.993663493576088186e+00
2.993663493576082857e+00
2.980922487476360683e+00
2.980922487476358906e+00
2.949557126244201299e+00
2.949557126244109373e+00
2.911028572665989245e+00
2.911028572665959935e+00
2.874144746752598234e+00
2.874144746752516077e+00
2.828427124746193400e+00
2.828427124746168531e+00
2.814961349002198965e+00
2.814961349002194080e+00
2.803187044155576846e+00
2.803187044155508900e+00
2.718708432120001905e+00
2.718708432119970375e+00
2.696285550838695588e+00
2.696285550838668499e+00
2.695052774531699225e+00
2.695052774531690343e+00
2.645749702843393614e+00
2.645749702843357642e+00
2.600887174958275594e+00
2.600887174958241399e+00
2.592142747140471659e+00
2.592142747140255388e+00
2.536778658415610455e+00
2.536778658415593579e+00
2.511208340197154332e+00
2.511208340197090827e+00
2.462150159739749267e+00
2.462150159739744382e+00
2.449489742783189872e+00
2.449489742783167223e+00
2.412643184817180320e+00
2.412643184817155007e+00
2.406511645734042304e+00
2.406511645734013438e+00
2.393147636203656781e+00
2.393147636203647011e+00
2.378886009851020056e+00
2.378886009850967209e+00
2.338477194597653686e+00
2.338477194596964459e+00
2.329024448583730145e+00
2.329024448583704832e+00
2.320395305624230353e+00
2.320395305624189497e+00
2.296471932770578039e+00
2.296471932770578039e+00
2.260373517952259714e+00
2.260373517952142475e+00
2.236067977499836434e+00
2.236067977499816450e+00
2.236067977499794690e+00
2.236067977499787141e+00
2.236067977499784032e+00
2.236067977499764936e+00
2.236065155542128924e+00
2.236065155542122707e+00
2.234452564221977244e+00
2.234452564221964366e+00
2.233708216888464992e+00
2.233708216888442788e+00
2.222613844039566189e+00
2.222613844039549313e+00
2.215821046961081286e+00
2.215821046961076846e+00
2.215525813654502851e+00
2.215525813654491305e+00
2.200950925598951446e+00
2.200950925598918584e+00
2.184567882180460607e+00
2.184567882180434850e+00
2.153355437433119413e+00
2.153355437433081221e+00
2.135784163429509164e+00
2.135784163429502946e+00
2.130115890989336069e+00
2.130115890989322303e+00
2.075030507374188371e+00
2.075030507374105770e+00
2.055781545991743897e+00
2.055781545991727466e+00
2.047360703954726802e+00
2.047360703954344885e+00
2.046575966329135188e+00
2.046575966329103213e+00
2.042770318556335507e+00
2.042770318556150766e+00
2.010283180978631901e+00
2.010283180978597706e+00
2.004541095069890311e+00
2.004541095069824586e+00
2.000000000000049294e+00
2.000000000000038636e+00
2.000000000000023537e+00
2.000000000000010214e+00
2.000000000000009770e+00
2.000000000000008882e+00
2.000000000000007550e+00
2.000000000000007105e+00
2.000000000000007105e+00
2.000000000000006217e+00
2.000000000000004441e+00
2.000000000000003553e+00
2.000000000000003553e+00
2.000000000000003553e+00
2.000000000000003109e+00
2.000000000000003109e+00
2.000000000000002665e+00
2.000000000000002220e+00
2.000000000000001776e+00
2.000000000000001776e+00
2.000000000000001332e+00
2.000000000000000888e+00
2.000000000000000888e+00
1.999999999999999112e+00
1.999999999999996891e+00
1.999999999999996447e+00
1.999999999999996447e+00
1.999999999999995115e+00
1.999999999999993561e+00
1.999999999999982236e+00
1.999999999999976685e+00
1.999999999999972244e+00
1.998822528905693785e+00
1.998822528905671136e+00
1.998683209747135869e+00
1.998683209747118106e+00
1.998587253942817776e+00
1.998587253942814446e+00
1.997439502006824519e+00
1.997439502006743917e+00
1.992387871544071931e+00
1.992387871544054390e+00
1.985157303153326946e+00
1.985157303153275654e+00
1.966607761334027149e+00
1.966607761333954763e+00
1.961012878337229592e+00
1.961012878336342746e+00
1.938639299141555972e+00
1.938639299141023065e+00
1.911842437930000527e+00
1.911842437929960115e+00
1.873504279583529053e+00
1.873504279583494636e+00
1.857866025025147527e+00
1.857866025025107781e+00
1.820176938722182225e+00
1.820176938722107840e+00
1.793595663750153335e+00
1.793595663750150448e+00
1.746693672515810647e+00
1.746693672515805096e+00
1.732050807378548551e+00
1.732050807378539004e+00
1.730446730379516129e+00
1.730446730379491704e+00
1.728519042958555740e+00
1.728519042958471585e+00
1.661783501055388523e+00
1.661783501053940348e+00
1.622084833540282656e+00
1.622084833540267335e+00
1.618033988749904450e+00
1.618033988749898233e+00
1.615860135455619240e+00
1.615860135453649038e+00
1.602764397941162322e+00
1.602764397921242256e+00
1.597689976107035337e+00
1.597689976097152798e+00
1.551059833371888796e+00
1.551059833365311613e+00
1.543138568955187306e+00
1.543138568955182643e+00
1.480682340634031036e+00
1.480682340634024596e+00
1.475850063058090855e+00
1.475850063056408423e+00
1.423464667974411624e+00
1.423464667974328357e+00
1.414213562373121791e+00
1.414213562373117572e+00
1.414213562373112909e+00
1.414213562373109800e+00
1.414213562373106248e+00
1.414213562373105360e+00
1.414213562373103805e+00
1.414213562373103361e+00
1.414213562373100253e+00
1.414213562373099142e+00
1.414213562373097810e+00
1.414213562373097588e+00
1.414213562373097366e+00
1.414213562373096700e+00
1.414213562373096700e+00
1.414213562373096034e+00
1.414213562373095590e+00
1.414213562373094923e+00
1.414213562373094479e+00
1.414213562373093813e+00
1.414213562373092703e+00
1.414213562373092481e+00
1.414213562373090260e+00
1.414213562373089594e+00
1.414213562373088928e+00
1.414213562373087818e+00
1.414213562373081601e+00
1.414213562373081379e+00
1.414213562373079380e+00
1.414213562373074051e+00
1.414213562373063393e+00
1.414213562373049404e+00
1.414206777134475956e+00
1.414206777125042391e+00
1.414172333823661809e+00
1.414172333823522365e+00
1.413270266674630182e+00
1.413270266617740134e+00
1.413063216356406082e+00
1.413063216295665558e+00
1.412736656802819901e+00
1.412736656802793256e+00
1.412531808608717521e+00
1.412531808608445072e+00
1.410690288120988400e+00
1.410690288120913127e+00
1.409827382728404244e+00
1.409827382728392253e+00
1.409119771535385146e+00
1.409119771535376930e+00
1.408782424268830713e+00
1.408782424268681499e+00
1.407069056049637501e+00
1.407069056049607747e+00
1.404382933513249831e+00
1.404382933513230514e+00
1.403500957926414383e+00
1.403500957926349768e+00
1.401938492114518819e+00
1.401938492114487511e+00
1.401685998196779748e+00
1.401685998196765759e+00
1.374454985642208138e+00
1.374454985639709470e+00
1.370903588926668748e+00
1.370903588923455541e+00
1.369351842978611344e+00
1.369351842978200784e+00
1.357841664289963335e+00
1.357841663388680731e+00
1.350329702268047827e+00
1.350329702249369213e+00
1.349117942060980679e+00
1.349117942041093920e+00
1.333528296372887167e+00
1.333528296372873179e+00
1.324204663039810992e+00
1.324204663039791896e+00
1.289267401603829244e+00
1.289267401603652718e+00
1.272742641621003035e+00
1.272742641620637993e+00
1.258498699528334042e+00
1.258498699528143527e+00
1.245953257312862883e+00
1.245953257312472751e+00
1.225957841751901922e+00
1.225957841751878830e+00
1.176741490755522701e+00
1.176741490755421671e+00
1.160092342126700649e+00
1.160092342126650689e+00
1.122532010829696114e+00
1.122532010829669691e+00
1.117946893502516303e+00
1.117946893502414829e+00
1.048152021305520876e+00
1.048152021305496007e+00
1.045469873988958298e+00
1.045469873988374765e+00
1.040302136217420292e+00
1.040302136216986639e+00
1.018851127067555762e+00
1.018851127067532447e+00
1.000000000000043077e+00
1.000000000000039746e+00
1.000000000000035749e+00
1.000000000000034861e+00
1.000000000000034195e+00
1.000000000000029976e+00
1.000000000000028866e+00
1.000000000000027756e+00
1.000000000000025979e+00
1.000000000000024647e+00
1.000000000000022871e+00
1.000000000000021094e+00
1.000000000000018874e+00
1.000000000000018430e+00
1.000000000000018430e+00
1.000000000000016209e+00
1.000000000000014877e+00
1.000000000000014655e+00
1.000000000000012657e+00
1.000000000000012434e+00
1.000000000000009548e+00
1.000000000000007772e+00
1.000000000000007105e+00
1.000000000000005107e+00
1.000000000000005107e+00
1.000000000000004441e+00
1.000000000000003553e+00
1.000000000000003331e+00
1.000000000000002887e+00
1.000000000000002887e+00
1.000000000000002665e+00
1.000000000000002665e+00
1.000000000000002665e+00
1.000000000000002442e+00
1.000000000000002220e+00
1.000000000000002220e+00
1.000000000000002220e+00
1.000000000000002220e+00
1.000000000000002220e+00
1.000000000000002220e+00
1.000000000000001998e+00
1.000000000000001998e+00
1.000000000000001554e+00
1.000000000000001554e+00
1.000000000000001554e+00
1.000000000000001554e+00
1.000000000000001332e+00
1.000000000000001110e+00
1.000000000000001110e+00
1.000000000000001110e+00
1.000000000000001110e+00
1.000000000000001110e+00
1.000000000000001110e+00
1.000000000000000888e+00
1.000000000000000888e+00
1.000000000000000888e+00
1.000000000000000888e+00
1.000000000000000888e+00
1.000000000000000666e+00
1.000000000000000666e+00
1.000000000000000666e+00
1.000000000000000666e+00
1.000000000000000666e+00
1.000000000000000666e+00
1.000000000000000444e+00
1.000000000000000444e+00
1.000000000000000444e+00
1.000000000000000444e+00
1.000000000000000444e+00
1.000000000000000444e+00
1.000000000000000444e+00
1.000000000000000444e+00
1.000000000000000444e+00
1.000000000000000444e+00
1.000000000000000222e+00
1.000000000000000222e+00
1.000000000000000222e+00
1.000000000000000222e+00
1.000000000000000222e+00
1.000000000000000000e+00
1.000000000000000000e+00
1.000000000000000000e+00
1.000000000000000000e+00
1.000000000000000000e+00
1.000000000000000000e+00
1.000000000000000000e+00
1.000000000000000000e+00
1.000000000000000000e+00
1.000000000000000000e+00
9.999999999999998890e-01
9.999999999999998890e-01
9.999999999999998890e-01
9.999999999999996669e-01
9.999999999999995559e-01
9.999999999999995559e-01
9.999999999999995559e-01
9.999999999999995559e-01
9.999999999999995559e-01
9.999999999999993339e-01
9.999999999999993339e-01
9.999999999999992228e-01
9.999999999999992228e-01
9.999999999999990008e-01
9.999999999999990008e-01
9.999999999999988898e-01
9.999999999999988898e-01
9.999999999999988898e-01
9.999999999999988898e-01
9.999999999999988898e-01
9.999999999999987788e-01
9.999999999999987788e-01
9.999999999999987788e-01
9.999999999999985567e-01
9.999999999999985567e-01
9.999999999999985567e-01
9.999999999999985567e-01
9.999999999999984457e-01
9.999999999999981126e-01
9.999999999999981126e-01
9.999999999999978906e-01
9.999999999999978906e-01
9.999999999999977796e-01
9.999999999999975575e-01
9.999999999999970024e-01
9.999999999999966693e-01
9.999999999999963363e-01
9.999999999999957812e-01
9.999999999999934497e-01
9.999999999999934497e-01
9.999999999999917843e-01
9.999999999999907851e-01
9.999999999999903411e-01
9.999999999999896749e-01
9.999999999999885647e-01
9.999999999999861222e-01
9.999999999999851230e-01
9.999999999999846789e-01
9.999999999999825695e-01
9.999999999999804601e-01
9.999999999999803491e-01
9.999999999999786837e-01
9.999999999999769074e-01
9.999999999999759082e-01
9.999999999999741318e-01
9.999999999999725775e-01
9.999999999999715783e-01
9.999999999999699130e-01
9.999999999999676925e-01
9.999999999999660272e-01
9.999999999999610312e-01
9.999999999992328359e-01
9.999999999992182920e-01
9.999417325079630325e-01
9.999417325079423824e-01
9.999302702995970238e-01
9.999302702995656045e-01
9.997926185547088007e-01
9.997926185546957001e-01
9.997412932189284618e-01
9.997412932189244650e-01
9.996890883158968677e-01
9.996890883158913166e-01
9.995730630761445745e-01
9.995730630761395785e-01
9.994999763466761999e-01
9.994999763466663190e-01
9.992264761347474655e-01
9.992264761347374735e-01
9.990756702883384355e-01
9.990756702883369922e-01
9.988941809566632690e-01
9.988941809566468377e-01
9.988131032264173648e-01
9.988131032263996012e-01
9.986600026544905084e-01
9.986600026544868447e-01
9.979550114172027753e-01
9.979550114171907849e-01
9.976809753571966866e-01
9.976809753571855843e-01
9.974412359499470471e-01
9.974412359499198466e-01
9.970444337547301750e-01
9.970444337546993108e-01
9.960160563202059558e-01
9.960160563202009598e-01
9.952370914592916229e-01
9.952370914592677531e-01
9.938472065458138216e-01
9.938472065458069382e-01
9.912565901361032328e-01
9.912565901360788079e-01
9.901850017931789205e-01
9.901850017931612680e-01
9.868592416236525722e-01
9.868592416235784093e-01
9.861741249639617291e-01
9.861741249610577187e-01
9.817279002230657747e-01
9.817279002229998275e-01
9.754976856167938415e-01
9.754976856167869581e-01
9.737962685938101881e-01
9.737962685938087448e-01
9.651139362099011576e-01
9.651139362098969388e-01
9.638112824275070212e-01
9.638112824274863710e-01
9.486825280533328630e-01
9.486825280533296434e-01
9.290772251538707005e-01
9.290772251538617077e-01
9.287527537085266127e-01
9.287527537085215057e-01
8.971722162137852896e-01
8.971722162137725221e-01
8.932799318705424430e-01
8.932799318705343383e-01
8.880911798958763814e-01
8.880911798957904502e-01
8.806994887437107344e-01
8.806994887436889741e-01
8.689402838291424569e-01
8.689402838289957964e-01
8.471247268375310391e-01
8.471247268375249329e-01
8.464722379674359809e-01
8.464722379674022301e-01
8.373110363060960459e-01
8.373110363060687344e-01
8.367263151198511828e-01
8.367263151197533722e-01
8.269520981905379431e-01
8.269520981905206236e-01
8.135415830441771190e-01
8.135415830435466233e-01
8.038596682576524266e-01
8.038596682575258612e-01
7.872214548524336664e-01
7.872214548523858157e-01
7.698089479895475762e-01
7.698089479895289244e-01
7.503110555164358431e-01
7.503110555164271833e-01
7.323115893488835182e-01
7.323115893488644224e-01
7.199760073732615062e-01
7.199760073732540677e-01
6.869310336509133474e-01
6.869310336509053538e-01
6.822488589337241116e-01
6.822488589330917286e-01
6.780765878676207059e-01
6.780765878675937275e-01
6.580181628553780637e-01
6.580181628553669615e-01
6.501548012939674104e-01
6.501548012939534216e-01
6.278616523866330512e-01
6.278616523866296095e-01
6.180339887498967899e-01
6.180339887498962348e-01
6.176348495370580505e-01
6.176348495370512781e-01
6.107610691113098955e-01
6.107610691112712598e-01
6.036233931750140114e-01
6.036233931749932502e-01
5.127500782941011304e-01
5.127500782940446200e-01
5.124584482136417263e-01
5.124584482136018693e-01
5.000891906484679073e-01
5.000891906484644656e-01
4.366781748880156910e-01
4.366781748880051994e-01
4.136579594703039819e-01
4.136579594702772811e-01
4.056344914415396241e-01
4.056344914415356273e-01
4.011054587369954350e-01
4.011054587369797808e-01
3.685559931419943314e-01
3.685559931419732926e-01
2.974174147879963814e-01
2.974174147879919961e-01
2.723339986572002602e-01
2.723339986571981508e-01
2.317194192639339678e-01
2.317194192639215611e-01
1.628957463709933551e-01
1.628957463709632958e-01
1.402642691337702741e-12
8.826264443936672951e-13
8.055383704250884872e-13
7.279363589049060936e-13
6.857256182805683810e-13
6.070998146499404589e-13
5.917602857607474048e-13
5.500508156239585826e-13
5.100005162309006531e-13
4.457442290024543967e-13
4.254638563536956435e-13
3.545222690821846420e-13
2.715774978054738413e-13
2.380292097079551857e-13
1.577057267454215194e-13
1.530738089817769977e-13
1.397185601519044354e-13
1.370717435689521939e-13
1.281900815863450247e-13
1.213992922344031835e-13
1.197822961620562750e-13
1.090568739185985152e-13
1.035469235865123936e-13
1.005995154248137529e-13
