# Singular values
7.941189209056633445e+02
7.941189209056633445e+02
4.813823662186028400e+02
4.813823662186024421e+02
1.937405644951353452e+02
1.937405644951353167e+02
1.896591224153591781e+02
1.896591224153588371e+02
1.797973422314617267e+02
1.797973422314616982e+02
1.613764031534060734e+02
1.613764031534058176e+02
1.467652082698891718e+02
1.467652082698890581e+02
1.435140732078963026e+02
1.435140732078960468e+02
1.308701429442505457e+02
1.308701429442504036e+02
1.149823118371140396e+02
1.149823118371140254e+02
1.140087268643407583e+02
1.140087268643404599e+02
1.100773387167276951e+02
1.100773387167276525e+02
1.090742997103168364e+02
1.090742997103166232e+02
1.043694059295980736e+02
1.043694059295978604e+02
1.036469688128545812e+02
1.036469688128543822e+02
9.968918808301465617e+01
9.968918808301417300e+01
9.878368593455256530e+01
9.878368593455238056e+01
9.015606721403442236e+01
9.015606721403433710e+01
8.432980700075320613e+01
8.432980700075306402e+01
8.128304072799970470e+01
8.128304072799964786e+01
7.962893613801098525e+01
7.962893613801070103e+01
7.550471429302311321e+01
7.550471429302302795e+01
7.547991508231135072e+01
7.547991508231133650e+01
7.284319806775204142e+01
7.284319806775177142e+01
7.225279062824628795e+01
7.225279062824614584e+01
6.975112351996162374e+01
6.975112351996139637e+01
6.745871935886421511e+01
6.745871935886410142e+01
6.588343995085486426e+01
6.588343995085473637e+01
6.465007695308180757e+01
6.465007695308153757e+01
6.330151375631045596e+01
6.330151375631030675e+01
6.252381384744225556e+01
6.252381384744197135e+01
6.200021454189416659e+01
6.200021454189401737e+01
5.964729337006890120e+01
5.964729337006888699e+01
5.807478170117898486e+01
5.807478170117894933e+01
5.741833641376499742e+01
5.741833641376488373e+01
5.710687247479697248e+01
5.710687247479690143e+01
5.634724450584796074e+01
5.634724450584793942e+01
5.390123517579174006e+01
5.390123517579172585e+01
5.374015909076424435e+01
5.374015909076417330e+01
5.312491936217940491e+01
5.312491936217935518e+01
5.246343651437072708e+01
5.246343651437067734e+01
5.240657997364922238e+01
5.240657997364916554e+01
4.699782575693250664e+01
4.699782575693235032e+01
4.589983703477094679e+01
4.589983703477081889e+01
4.511066822618089844e+01
4.511066822618072081e+01
4.476937644302340402e+01
4.476937644302333297e+01
4.226117590826910941e+01
4.226117590826891757e+01
4.221363481679583884e+01
4.221363481679576779e+01
4.017575224752076934e+01
4.017575224752067697e+01
3.958239370092245224e+01
3.958239370092238119e+01
3.881480289861829647e+01
3.881480289861823962e+01
3.875900250166205296e+01
3.875900250166189664e+01
3.852985323084650560e+01
3.852985323084645586e+01
3.793441983084100855e+01
3.793441983084090197e+01
3.718070726954228178e+01
3.718070726954222494e+01
3.705252815972257707e+01
3.705252815972246339e+01
3.696381717786010057e+01
3.696381717786004373e+01
3.691159419010734410e+01
3.691159419010718779e+01
3.526246258720776439e+01
3.526246258720766491e+01
3.479526062660737296e+01
3.479526062660736585e+01
3.342197116510898525e+01
3.342197116510892130e+01
3.242991881281886890e+01
3.242991881281877653e+01
3.224513289644009006e+01
3.224513289644001901e+01
3.216154539229134457e+01
3.216154539229118114e+01
3.159806892624389718e+01
3.159806892624384744e+01
3.129608918963742781e+01
3.129608918963732478e+01
3.015682326885116993e+01
3.015682326885115927e+01
3.014350808990093711e+01
3.014350808990091579e+01
3.003077985341520062e+01
3.003077985341515443e+01
2.984209492938763120e+01
2.984209492938756370e+01
2.977470260947808356e+01
2.977470260947806935e+01
2.968732713699611736e+01
2.968732713699594328e+01
2.922690078722239448e+01
2.922690078722233409e+01
2.878681822343107655e+01
2.878681822343077101e+01
2.866803158262273499e+01
2.866803158262271012e+01
2.829495085140549193e+01
2.829495085140542443e+01
2.810201271370134890e+01
2.810201271370131337e+01
2.801896670147448631e+01
2.801896670147445434e+01
2.785419528395242494e+01
2.785419528395240718e+01
2.757343603368497043e+01
2.757343603368485674e+01
2.692134429100651971e+01
2.692134429100647353e+01
2.677138762815763684e+01
2.677138762815759065e+01
2.612851275782753646e+01
2.612851275782750093e+01
2.550443870066771623e+01
2.550443870066768071e+01
2.544725276494699173e+01
2.544725276494693489e+01
2.508171842792135564e+01
2.508171842792128459e+01
2.468704736750186512e+01
2.468704736750183315e+01
2.392829141421207240e+01
2.392829141421207240e+01
2.319482700948646681e+01
2.319482700948638154e+01
2.299922447283841365e+01
2.299922447283831062e+01
2.296499089523501169e+01
2.296499089523496195e+01
2.263123472715050966e+01
2.263123472715027518e+01
2.213129392680094654e+01
2.213129392680090390e+01
2.206024546196913860e+01
2.206024546196911729e+01
2.142651917022778463e+01
2.142651917022773134e+01
2.055019439880495113e+01
2.055019439880488008e+01
1.977114154514578104e+01
1.977114154514576683e+01
1.973481734710928492e+01
1.973481734710924584e+01
1.970823178935503961e+01
1.970823178935498277e+01
1.958595741729300954e+01
1.958595741729299888e+01
1.913666829178218975e+01
1.913666829178215067e+01
1.894439073379991711e+01
1.894439073379987448e+01
1.892711738680371880e+01
1.892711738680364775e+01
1.876205443687362617e+01
1.876205443687355867e+01
1.827134181522696821e+01
1.827134181522690781e+01
1.818223322248125484e+01
1.818223322248122287e+01
1.817424161560915152e+01
1.817424161560911955e+01
1.760267486380936219e+01
1.760267486380926627e+01
1.709023288284504360e+01
1.709023288284499742e+01
1.688200348280521723e+01
1.688200348280513197e+01
1.666251523979256532e+01
1.666251523979249782e+01
1.639108641951766643e+01
1.639108641951765932e+01
1.598297884856842543e+01
1.598297884856836149e+01
1.581047626392711258e+01
1.581047626392707350e+01
1.577859421451104716e+01
1.577859421451103117e+01
1.573359916566654704e+01
1.573359916566651862e+01
1.570636187931612859e+01
1.570636187931608951e+01
1.558802111211775632e+01
1.558802111211771368e+01
1.547546716836548164e+01
1.547546716836545322e+01
1.542279703493298015e+01
1.542279703493296061e+01
1.488086252356720784e+01
1.488086252356716344e+01
1.475536416351689972e+01
1.475536416351682156e+01
1.426441340798388602e+01
1.426441340798385760e+01
1.424944644151926276e+01
1.424944644151925210e+01
1.414798311047579027e+01
1.414798311047578139e+01
1.412045687008387063e+01
1.412045687008371608e+01
1.401979373475823643e+01
1.401979373475820267e+01
1.383863743233955290e+01
1.383863743233950494e+01
1.378913023181004860e+01
1.378913023181000241e+01
1.360045968605789923e+01
1.360045968605788325e+01
1.359221059694952949e+01
1.359221059694950107e+01
1.347050456997369672e+01
1.347050456997367895e+01
1.324426120149977493e+01
1.324426120149976249e+01
1.296212791095531003e+01
1.296212791095526917e+01
1.294684812022991238e+01
1.294684812022989462e+01
1.272641464614896378e+01
1.272641464614893181e+01
1.245562282349268024e+01
1.245562282349266781e+01
1.233609518335481070e+01
1.233609518335477873e+01
1.229921611684693694e+01
1.229921611684689964e+01
1.183859203603673294e+01
1.183859203603672405e+01
1.168570659849093651e+01
1.168570659849086013e+01
1.152687407588294910e+01
1.152687407588286206e+01
1.151049726364571058e+01
1.151049726364570525e+01
1.144794642612984070e+01
1.144794642612982294e+01
1.122842750208229390e+01
1.122842750208224949e+01
1.100365250173730480e+01
1.100365250173727460e+01
1.099984238016945071e+01
1.099984238016944538e+01
1.094278139959630458e+01
1.094278139959626017e+01
1.090733939191392921e+01
1.090733939191390078e+01
1.055456133004819819e+01
1.055456133004819463e+01
1.042397358991403244e+01
1.042397358991402889e+01
1.030770896413630311e+01
1.030770896413627291e+01
1.025570057347519359e+01
1.025570057347407626e+01
1.016779947283837338e+01
1.016779947283834495e+01
1.009099364798427700e+01
1.009099364798427523e+01
1.004986566983704321e+01
1.004986566983702012e+01
1.001766844259110201e+01
1.001766844259108602e+01
1.000000000000003730e+01
9.999999999999985789e+00
9.779450825817585624e+00
9.779450825817459503e+00
9.714976457519075126e+00
9.714976457519057362e+00
9.419878201805000018e+00
9.419878201804879225e+00
9.310662121509142963e+00
9.310662121509141187e+00
9.246015821350603403e+00
9.246015821350596298e+00
9.016143004189242305e+00
9.016143004189235199e+00
8.996885104132035238e+00
8.996885104132019251e+00
8.908342328650187270e+00
8.908342328650157071e+00
8.845064943245962041e+00
8.845064943245944278e+00
8.781293220220346640e+00
8.781293220220341311e+00
8.761782389506644009e+00
8.761782389506612034e+00
8.684118897010556282e+00
8.684118897010478122e+00
8.653541787220142112e+00
8.653541787219934278e+00
8.546068647905803672e+00
8.546068647905764593e+00
8.488645138413826174e+00
8.488645138413804858e+00
8.287746950470596730e+00
8.287746950470586071e+00
8.275068571941815776e+00
8.275068571941801565e+00
8.225101448586611852e+00
8.225101448586526587e+00
8.122152402257837522e+00
8.122152402257725612e+00
8.058348088288573408e+00
8.058348088288566302e+00
8.022991692721349821e+00
8.022991692721330281e+00
8.000000000000023093e+00
7.999999999999969802e+00
7.987723115927559014e+00
7.987723115927537698e+00
7.861297815800471156e+00
7.861297815800464051e+00
7.812217374430405314e+00
7.812217374430389327e+00
7.711914846976049454e+00
7.711914846976033466e+00
7.654634571203769333e+00
7.654634571203764892e+00
7.640425639060660856e+00
7.640425639060656415e+00
7.615773105863938852e+00
7.615773105863905101e+00
7.477629999322721766e+00
7.477629999322664034e+00
7.448221673249414643e+00
7.448221673249361352e+00
7.345303751958954130e+00
7.345303751958934591e+00
7.337454395305343269e+00
7.337454395305332611e+00
7.285942834750840369e+00
7.285942834750808395e+00
7.252407368986222735e+00
7.252407368986204972e+00
7.140752654261364185e+00
7.140752654261332211e+00
7.045121299287741223e+00
7.045121299287737671e+00
7.022301325232271019e+00
7.022301325232264801e+00
6.773993808259021421e+00
6.773993808258975236e+00
6.745239685207909730e+00
6.745239685207902625e+00
6.718868427088486861e+00
6.718868427088459327e+00
6.703777702310328657e+00
6.703777702310271813e+00
6.627683986873323718e+00
6.627683986873311284e+00
6.562173071261736546e+00
6.562173071261715229e+00
6.516001387959875046e+00
6.516001387959834190e+00
6.426006150676447426e+00
6.426006150676431439e+00
6.370347219345359413e+00
6.370347219345338097e+00
6.322426358245969880e+00
6.322426358245962774e+00
6.194553647802623075e+00
6.194553647802609753e+00
6.023430808438428485e+00
6.023430808438422268e+00
6.000000000000007994e+00
5.999999999999997335e+00
5.999491519095869307e+00
5.999491519095844438e+00
5.936704977817641726e+00
5.936704977817637285e+00
5.891882703061565252e+00
5.891882703061527948e+00
5.532359616156370841e+00
5.532359616156360183e+00
5.357877945900308525e+00
5.357877945900292538e+00
5.248182008455423819e+00
5.248182008455379410e+00
5.238610212092729590e+00
5.238610212092711826e+00
5.219232996470865693e+00
5.219232996470864805e+00
5.184529553818441272e+00
5.184529553818439496e+00
4.988952379693788686e+00
4.988952379693771810e+00
4.944648965102074634e+00
4.944648965102064864e+00
4.895552833234384948e+00
4.895552833234304124e+00
4.892860838025306691e+00
4.892860838025301362e+00
4.853447215942194859e+00
4.853447215942191306e+00
4.751886282645454429e+00
4.751886282645440218e+00
4.723043000093118060e+00
4.723043000093114507e+00
4.665333630920867947e+00
4.665333630920859953e+00
4.638730021508958856e+00
4.638730021508955303e+00
4.560172887123718155e+00
4.560172887123713714e+00
4.482601454493218895e+00
4.482601454492994186e+00
4.467151374145308829e+00
4.467151374145278631e+00
4.465370984799062803e+00
4.465370984799051257e+00
4.443891615742963097e+00
4.443891615742473711e+00
4.372946439897238413e+00
4.372946439897233972e+00
4.340083235780680226e+00
4.340083235780659798e+00
4.261189684391508692e+00
4.261189684391386123e+00
4.246575419157922582e+00
4.246575419157919917e+00
4.230794136201824429e+00
4.230794136201819988e+00
4.183473491627695218e+00
4.183473491627677454e+00
4.138954645404594679e+00
4.138954645404587573e+00
4.138590389361224808e+00
4.138590389361207933e+00
4.138120153479843744e+00
4.138120153479837526e+00
4.123105625617669467e+00
4.123105625617665027e+00
4.123105625617657921e+00
4.123105625617641046e+00
4.074197207996189896e+00
4.074197207996165915e+00
4.000000000000012434e+00
4.000000000000009770e+00
4.000000000000007105e+00
4.000000000000000888e+00
4.000000000000000888e+00
3.999999999999993783e+00
3.966030614780506447e+00
3.966030614780495789e+00
3.963051276026030134e+00
3.963051276026011038e+00
3.902294180247411592e+00
3.902294180247404487e+00
3.872697101563795208e+00
3.872697101563779665e+00
3.872211969955544397e+00
3.872211969955516420e+00
3.850941710834360876e+00
3.850941710834325349e+00
3.840395537450636887e+00
3.840395537450600916e+00
3.761751247319994995e+00
3.761751247319979452e+00
3.741657386773943994e+00
3.741657386773939553e+00
3.689710101342259740e+00
3.689710101342252191e+00
3.638400642365905657e+00
3.638400642365888338e+00
3.607220315699177338e+00
3.607220315699160018e+00
3.605400009372427661e+00
3.605400009372416115e+00
3.604815399738949822e+00
3.604815399738932946e+00
3.597362447600838120e+00
3.597362447600827018e+00
3.540378745374679337e+00
3.540378745374671343e+00
3.522489332866753031e+00
3.522489332866728606e+00
3.469329034796028832e+00
3.469329034796019506e+00
3.362230210076829984e+00
3.362230210076794901e+00
3.350809977649637172e+00
3.350809977649632732e+00
3.343727289375453271e+00
3.343727289375439504e+00
3.313776347945908363e+00
3.313776347945891043e+00
3.272769673537824442e+00
3.272769673537801349e+00
3.267624789366907478e+00
3.267624789366901261e+00
3.225401100551143596e+00
3.225401100551016587e+00
3.217619640160022776e+00
3.217619640160005012e+00
3.203199809105408580e+00
3.203199809105385043e+00
3.196460270518895364e+00
3.196460270518866942e+00
3.186517410566899411e+00
3.186517410566886976e+00
3.162277660168393734e+00
3.162277660168383076e+00
3.162277660168380855e+00
3.162277660168376414e+00
3.161562716132026996e+00
3.161562716132017670e+00
3.132221793772930862e+00
3.132221793772919316e+00
3.125551171440220433e+00
3.125551171440209330e+00
3.086114607118825237e+00
3.086114607118804809e+00
3.061682769650821090e+00
3.061682769650808655e+00
3.044942307471106613e+00
3.044942307471064424e+00
3.034476482639961947e+00
3.034476482639927308e+00
3.017792138303434069e+00
3.017792138303414085e+00
3.000000000000008438e+00
3.000000000000005329e+00
3.000000000000004885e+00
3.000000000000003997e+00
3.000000000000003553e+00
3.000000000000003553e+00
3.000000000000003553e+00
3.000000000000002665e+00
3.000000000000000888e+00
2.999999999999999556e+00
2.999999999999998668e+00
2.999999999999998668e+00
2.999999999999998668e+00
2.999999999999997780e+00
2.999999999999997780e+00
2.999999999999992895e+00
2.999999999999989786e+00
2.999999999999988454e+00
2.999946257555942797e+00
2.999946257555916151e+00
2.999650052482946805e+00
2.999650052482913942e+00
2.999547833587820733e+00
2.999547833587813184e+00
2.999534279611634879e+00
2.999534279611591803e+00
2.991505569303132273e+00
2.991505569303098966e+00
2.959210496003270130e+00
2.959210496003257251e+00
2.950251614561153701e+00
2.950251614561143487e+00
2.921812046274685937e+00
2.921812046274680608e+00
2.915586686724661813e+00
2.915586686724650267e+00
2.875350653688315994e+00
2.875350653688304448e+00
2.859794799114520281e+00
2.859794799114514507e+00
2.828427124746197396e+00
2.828427124746190735e+00
2.828427124746189403e+00
2.828427124746188071e+00
2.822387681182539243e+00
2.822387681182425556e+00
2.806062964672045634e+00
2.806062964672022098e+00
2.791681646264145389e+00
2.791681646264125849e+00
2.780523737682929042e+00
2.780523737682892182e+00
2.769986046370081390e+00
2.769986046370074284e+00
2.762334837379391672e+00
2.762334837379377017e+00
2.719500506466690837e+00
2.719500506466680623e+00
2.645291109229204629e+00
2.645291109229192639e+00
2.643415889226175430e+00
2.643415889226172322e+00
2.624813001378256239e+00
2.624813001378218935e+00
2.602033854815875458e+00
2.602033854815870129e+00
2.596385490664000706e+00
2.596385490663991824e+00
2.570381342999143115e+00
2.570381342999128460e+00
2.537877338880649258e+00
2.537877338880619948e+00
2.530289942743877418e+00
2.530289942743855214e+00
2.451905714114841039e+00
2.451905714114827273e+00
2.449489742783188095e+00
2.449489742783173440e+00
2.445534290213017048e+00
2.445534290213008610e+00
2.439305232685796909e+00
2.439305232685785363e+00
2.430913309213796225e+00
2.430913309213791340e+00
2.357413575118962434e+00
2.357413575118948224e+00
2.343539675679550793e+00
2.343539675679546352e+00
2.335738426313454852e+00
2.335738426313368254e+00
2.325966182244624036e+00
2.325966182244586289e+00
2.301532623175782888e+00
2.301532623175769121e+00
2.285410904939669141e+00
2.285410904939661147e+00
2.277507838556179109e+00
2.277507838556162234e+00
2.254306337167355956e+00
2.254306337167333307e+00
2.236067977499794246e+00
2.236067977499794246e+00
2.236067977499789361e+00
2.236067977499784476e+00
2.226443827967607536e+00
2.226443827967600875e+00
2.224322870658260509e+00
2.224322870658224094e+00
2.220380588577572922e+00
2.220380588577570258e+00
2.209762804370664302e+00
2.209762804370660305e+00
2.200684130679865458e+00
2.200684130679850803e+00
2.178255012815192515e+00
2.178255012815104141e+00
2.158534474551524696e+00
2.158534474551502491e+00
2.153186614923479958e+00
2.153186614923468412e+00
2.135779205069863185e+00
2.135779205069858744e+00
2.132404021429641805e+00
2.132404021429631591e+00
2.105219788909269418e+00
2.105219788909229894e+00
2.101588127094704106e+00
2.101588127094640601e+00
2.070694506504237697e+00
2.070694506504234589e+00
2.046359057559642647e+00
2.046359057559376193e+00
2.031235144201592124e+00
2.031235144201570808e+00
2.007655817623775540e+00
2.007655817623773764e+00
2.000510213826521166e+00
2.000510213826507844e+00
2.000000000000015543e+00
2.000000000000007994e+00
2.000000000000007550e+00
2.000000000000006217e+00
2.000000000000004441e+00
2.000000000000004441e+00
2.000000000000002665e+00
2.000000000000002220e+00
2.000000000000002220e+00
2.000000000000001776e+00
2.000000000000001776e+00
2.000000000000001776e+00
2.000000000000001332e+00
2.000000000000000444e+00
2.000000000000000000e+00
2.000000000000000000e+00
1.999999999999999556e+00
1.999999999999998446e+00
1.999999999999997558e+00
1.999999999999992450e+00
1.999918720414388229e+00
1.999918720414386897e+00
1.999388466894723937e+00
1.999388466894719274e+00
1.999316065038823531e+00
1.999316065038807100e+00
1.997697636930152010e+00
1.997697636930149123e+00
1.994571009093271341e+00
1.994571009093266234e+00
1.992153918448190231e+00
1.992153918448182237e+00
1.965606539296239852e+00
1.965606539296218536e+00
1.952083797249580144e+00
1.952083797249557273e+00
1.942572841779013793e+00
1.942572841779010906e+00
1.940870508950807816e+00
1.940870508950789608e+00
1.940451427026051556e+00
1.940451427026030240e+00
1.909989380398581016e+00
1.909989380398564141e+00
1.901666500835546003e+00
1.901666500835533569e+00
1.873850334709199927e+00
1.873850334709186605e+00
1.855163906989837574e+00
1.855163906989784284e+00
1.847442823662991396e+00
1.847442823662981182e+00
1.845757804676178004e+00
1.845757804676156022e+00
1.830555438552760483e+00
1.830555438552752934e+00
1.813861537564174231e+00
1.813861537564145143e+00
1.775553301483299373e+00
1.775553301483289159e+00
1.762307964009276029e+00
1.762307964009267813e+00
1.755595539316334719e+00
1.755595539316277875e+00
1.752048251754665165e+00
1.752048251754652730e+00
1.748490950469310246e+00
1.748490950469302696e+00
1.744388251987531113e+00
1.744388251987505578e+00
1.743054208736793509e+00
1.743054208736788624e+00
1.734905025700984149e+00
1.734905025700981485e+00
1.732110771005610950e+00
1.732110771005597849e+00
1.732050807568880080e+00
1.732050807568875417e+00
1.731193597237703719e+00
1.731193597237632664e+00
1.729798417997387316e+00
1.729798417997374882e+00
1.697748357099271299e+00
1.697748357099267968e+00
1.673450431022435181e+00
1.673450431022419860e+00
1.618033988749900676e+00
1.618033988749892904e+00
1.587239232075955409e+00
1.587239232075948747e+00
1.577376633915384962e+00
1.577376633915375637e+00
1.569579195132505767e+00
1.569579195132487559e+00
1.510390457753429505e+00
1.510390457753415960e+00
1.466625566505626477e+00
1.466625566505624922e+00
1.426184583714014797e+00
1.426184583713989484e+00
1.421926128492720265e+00
1.421926128492710495e+00
1.414593641780891753e+00
1.414593641780874211e+00
1.414213562373121347e+00
1.414213562373110245e+00
1.414213562373100475e+00
1.414213562373100253e+00
1.414213562373100030e+00
1.414213562373097810e+00
1.414213562373097810e+00
1.414213562373097588e+00
1.414213562373097588e+00
1.414213562373097144e+00
1.414213562373096922e+00
1.414213562373096922e+00
1.414213562373096922e+00
1.414213562373096478e+00
1.414213562373096478e+00
1.414213562373096478e+00
1.414213562373096256e+00
1.414213562373096256e+00
1.414213562373096256e+00
1.414213562373096256e+00
1.414213562373096034e+00
1.414213562373096034e+00
1.414213562373096034e+00
1.414213562373095590e+00
1.414213562373095368e+00
1.414213562373095368e+00
1.414213562373094923e+00
1.414213562373094923e+00
1.414213562373094923e+00
1.414213562373094701e+00
1.414213562373094701e+00
1.414213562373093813e+00
1.414213562373093147e+00
1.414213562373093147e+00
1.414213562373093147e+00
1.414213562373092925e+00
1.414213562373092481e+00
1.414213562373090705e+00
1.414213562373079380e+00
1.414213562373067834e+00
1.414114806595194063e+00
1.414114806595190510e+00
1.413867295781579658e+00
1.413867295781573885e+00
1.413263575810588257e+00
1.413263575810586925e+00
1.412010253290142847e+00
1.412010253290119977e+00
1.406263454299584881e+00
1.406263454299580884e+00
1.400341704766448370e+00
1.400341704766433715e+00
1.395144029788403239e+00
1.395144029788392137e+00
1.393880810573059348e+00
1.393880810573050244e+00
1.386305333627697589e+00
1.386305333627692704e+00
1.366031169162246872e+00
1.366031169162233994e+00
1.358233603425196945e+00
1.358233603425104352e+00
1.356740892830430534e+00
1.356740892829469303e+00
1.350871871510616717e+00
1.350871871510602951e+00
1.324297420232178446e+00
1.324297420232165789e+00
1.323308793384498472e+00
1.323308793384487370e+00
1.318060663680343580e+00
1.318060663680340472e+00
1.311903036122204824e+00
1.311903036122181065e+00
1.305254811512897684e+00
1.305254811512890356e+00
1.295788477728348820e+00
1.295788477728341048e+00
1.292064465339620716e+00
1.292064465339595847e+00
1.275429193407522144e+00
1.275429193407512596e+00
1.245024673673977400e+00
1.245024673673963189e+00
1.183900532544930995e+00
1.183900532544926998e+00
1.181817054849227944e+00
1.181817054849225501e+00
1.179868720184496178e+00
1.179868720184489295e+00
1.129912867426373868e+00
1.129912867426371426e+00
1.109671783949730317e+00
1.109671783949713442e+00
1.078834837555272763e+00
1.078834837555264992e+00
1.032334773234314662e+00
1.032334773234310887e+00
1.005321444656890106e+00
1.005321444656881669e+00
1.005026137709244871e+00
1.005026137709216449e+00
1.002185126581208507e+00
1.002185126581200736e+00
1.000184707938325257e+00
1.000184707938321482e+00
1.000000000000086153e+00
1.000000000000082157e+00
1.000000000000047740e+00
1.000000000000042633e+00
1.000000000000039302e+00
1.000000000000035527e+00
1.000000000000033307e+00
1.000000000000029754e+00
1.000000000000028422e+00
1.000000000000022649e+00
1.000000000000021316e+00
1.000000000000019984e+00
1.000000000000017764e+00
1.000000000000015543e+00
1.000000000000011768e+00
1.000000000000008216e+00
1.000000000000007994e+00
1.000000000000004219e+00
1.000000000000002665e+00
1.000000000000002442e+00
1.000000000000001998e+00
1.000000000000001776e+00
1.000000000000001776e+00
1.000000000000001776e+00
1.000000000000001554e+00
1.000000000000001554e+00
1.000000000000001554e+00
1.000000000000001332e+00
1.000000000000001332e+00
1.000000000000001110e+00
1.000000000000001110e+00
1.000000000000001110e+00
1.000000000000001110e+00
1.000000000000001110e+00
1.000000000000001110e+00
1.000000000000001110e+00
1.000000000000001110e+00
1.000000000000001110e+00
1.000000000000001110e+00
1.000000000000001110e+00
1.000000000000001110e+00
1.000000000000000888e+00
1.000000000000000888e+00
1.000000000000000888e+00
1.000000000000000888e+00
1.000000000000000888e+00
1.000000000000000888e+00
1.000000000000000888e+00
1.000000000000000666e+00
1.000000000000000666e+00
1.000000000000000666e+00
1.000000000000000666e+00
1.000000000000000666e+00
1.000000000000000666e+00
1.000000000000000666e+00
1.000000000000000666e+00
1.000000000000000666e+00
1.000000000000000666e+00
1.000000000000000666e+00
1.000000000000000666e+00
1.000000000000000666e+00
1.000000000000000666e+00
1.000000000000000444e+00
1.000000000000000444e+00
1.000000000000000444e+00
1.000000000000000444e+00
1.000000000000000222e+00
1.000000000000000222e+00
1.000000000000000222e+00
1.000000000000000222e+00
1.000000000000000222e+00
1.000000000000000222e+00
1.000000000000000222e+00
1.000000000000000222e+00
1.000000000000000222e+00
1.000000000000000222e+00
1.000000000000000222e+00
1.000000000000000222e+00
1.000000000000000222e+00
1.000000000000000222e+00
1.000000000000000222e+00
1.000000000000000222e+00
1.000000000000000222e+00
1.000000000000000222e+00
1.000000000000000222e+00
1.000000000000000222e+00
1.000000000000000222e+00
1.000000000000000222e+00
1.000000000000000222e+00
1.000000000000000000e+00
1.000000000000000000e+00
1.000000000000000000e+00
1.000000000000000000e+00
1.000000000000000000e+00
1.000000000000000000e+00
9.999999999999997780e-01
9.999999999999997780e-01
9.999999999999997780e-01
9.999999999999997780e-01
9.999999999999997780e-01
9.999999999999997780e-01
9.999999999999997780e-01
9.999999999999997780e-01
9.999999999999997780e-01
9.999999999999997780e-01
9.999999999999997780e-01
9.999999999999997780e-01
9.999999999999997780e-01
9.999999999999997780e-01
9.999999999999997780e-01
9.999999999999997780e-01
9.999999999999997780e-01
9.999999999999997780e-01
9.999999999999997780e-01
9.999999999999997780e-01
9.999999999999997780e-01
9.999999999999996669e-01
9.999999999999996669e-01
9.999999999999996669e-01
9.999999999999996669e-01
9.999999999999996669e-01
9.999999999999996669e-01
9.999999999999996669e-01
9.999999999999995559e-01
9.999999999999995559e-01
9.999999999999995559e-01
9.999999999999995559e-01
9.999999999999995559e-01
9.999999999999995559e-01
9.999999999999995559e-01
9.999999999999995559e-01
9.999999999999995559e-01
9.999999999999995559e-01
9.999999999999995559e-01
9.999999999999993339e-01
9.999999999999993339e-01
9.999999999999993339e-01
9.999999999999993339e-01
9.999999999999992228e-01
9.999999999999992228e-01
9.999999999999992228e-01
9.999999999999992228e-01
9.999999999999992228e-01
9.999999999999992228e-01
9.999999999999990008e-01
9.999999999999990008e-01
9.999999999999990008e-01
9.999999999999990008e-01
9.999999999999988898e-01
9.999999999999988898e-01
9.999999999999988898e-01
9.999999999999988898e-01
9.999999999999988898e-01
9.999999999999988898e-01
9.999999999999987788e-01
9.999999999999987788e-01
9.999999999999987788e-01
9.999999999999987788e-01
9.999999999999987788e-01
9.999999999999987788e-01
9.999999999999987788e-01
9.999999999999987788e-01
9.999999999999985567e-01
9.999999999999981126e-01
9.999999999999976685e-01
9.999999999999974465e-01
9.999999999999962252e-01
9.999999999999930056e-01
9.999999999999917843e-01
9.999999999999888978e-01
9.999999999999842348e-01
9.999999999999820144e-01
9.999999999999819034e-01
9.999999999999790168e-01
9.999999999999760192e-01
9.999999999999720224e-01
9.999999999999685807e-01
9.999999999999675815e-01
9.999999999999645839e-01
9.999999999999621414e-01
9.999999999999547029e-01
9.999999999999485967e-01
9.999999999999181766e-01
9.999999999999135136e-01
9.999984336013643116e-01
9.999984336013632014e-01
9.999577091185753996e-01
9.999577091185735123e-01
9.998539996126111218e-01
9.998539996126024620e-01
9.998221285191581931e-01
9.998221285191328800e-01
9.996254451907822247e-01
9.996254451907764516e-01
9.980909985546323471e-01
9.980909985546290164e-01
9.976553343032360521e-01
9.976553343032212862e-01
9.972009252364125720e-01
9.972009252364042453e-01
9.964894679588142123e-01
9.964894679588071069e-01
9.955243748991103869e-01
9.955243748990957320e-01
9.903795520874791869e-01
9.903795520874740799e-01
9.899384483363197207e-01
9.899384483363050657e-01
9.790333177464003445e-01
9.790333177463962366e-01
9.788871159854867221e-01
9.788871159854740656e-01
9.781720033241119161e-01
9.781720033241082524e-01
9.760909904458312525e-01
9.760909904458251463e-01
9.682484090704730484e-01
9.682484090704690516e-01
9.641687606184484727e-01
9.641687606184362602e-01
9.603954205328247840e-01
9.603954205328173455e-01
9.508777051388486168e-01
9.508777051387896639e-01
9.437090980464182266e-01
9.437090980464059031e-01
9.359281998978578043e-01
9.359281998978550288e-01
9.263572745107632178e-01
9.263572745107561124e-01
9.062931709324844043e-01
9.062931709324819618e-01
8.908833398124155201e-01
8.908833398123979785e-01
8.832352587808732780e-01
8.832352587808695032e-01
8.718650383803721038e-01
8.718650383803645543e-01
8.645217244764283882e-01
8.645217244764262787e-01
8.592139212453457908e-01
8.592139212453417940e-01
8.362956245305248615e-01
8.362956245305199765e-01
8.348688662648374725e-01
8.348688662648292569e-01
8.159315833376333815e-01
8.159315833376231675e-01
8.079595717067400429e-01
8.079595717067350469e-01
8.068309695625720535e-01
8.068309695625636158e-01
7.981401712297813145e-01
7.981401712297797602e-01
7.947038723247933367e-01
7.947038723247875636e-01
7.802996584192756213e-01
7.802996584192731788e-01
7.653652196424707288e-01
7.653652196424644005e-01
7.525131759164411793e-01
7.525131759164287448e-01
7.484345042865091502e-01
7.484345042865007125e-01
7.260975609424626942e-01
7.260975609424596966e-01
7.172657398988155908e-01
7.172657398987598576e-01
7.146581991316949267e-01
7.146581991316913740e-01
7.032455258222833905e-01
7.032455258222757299e-01
6.926989482105918583e-01
6.926989482105869733e-01
6.752863799615186347e-01
6.752863799615154150e-01
6.621534468619602043e-01
6.621534468619534319e-01
6.620593841505788557e-01
6.620593841504666122e-01
6.180339887498976781e-01
6.180339887498922380e-01
6.166944221491903466e-01
6.166944221491760247e-01
6.094027922064270131e-01
6.094027922064040315e-01
5.905099293404135752e-01
5.905099293403599514e-01
5.713871694115453259e-01
5.713871694115424393e-01
5.562917135344599417e-01
5.562917135344542796e-01
5.532122511017638633e-01
5.532122511017489863e-01
5.450264470554480045e-01
5.450264470554150309e-01
5.307685179507245499e-01
5.307685179507195539e-01
4.522406437676708135e-01
4.522406437676427249e-01
4.513411828556042615e-01
4.513411828556016525e-01
4.484248519436156988e-01
4.484248519435427016e-01
4.404227488171696958e-01
4.404227488171215676e-01
4.299168401113367954e-01
4.299168401113024340e-01
4.135946583957598732e-01
4.135946583957518796e-01
3.950579971143766689e-01
3.950579971143726721e-01
3.657229776397590837e-01
3.657229776397324383e-01
3.538921153976417600e-01
3.538921153976371525e-01
3.207922938696515791e-01
3.207922938695155213e-01
3.078300752651351724e-01
3.078300752651258465e-01
2.949775213321508271e-01
2.949775213320439127e-01
2.840966134485292116e-01
2.840966134485192196e-01
2.679511104360812190e-01
2.679511104360758900e-01
2.584659126390704276e-01
2.584659126390677630e-01
2.303176146779793432e-01
2.303176146779763733e-01
2.020401855715895367e-01
2.020401855715836525e-01
1.680864580742763570e-01
1.680864580742705006e-01
1.275854702345739222e-01
1.275854702345145808e-01
1.252830326895480739e-01
1.252830326895286728e-01
1.165547482696899367e-01
1.165547482696685094e-01
2.708872972332270271e-02
2.708872972332199494e-02
3.041646778083093919e-13
2.901831751364788402e-13
2.713806809893238954e-13
2.171849044032653566e-13
2.004655305707623346e-13
1.968816101861158303e-13
1.363071719236579857e-13
1.257377115209819089e-13
1.167141994963170988e-13
1.139327475481897592e-13
1.062628748783108718e-13
