# Singular values
1.167810792417533094e+03
1.167810792417523544e+03
3.511157964230185371e+02
3.511157964230183666e+02
1.455141354395398707e+02
1.455141354395398139e+02
1.095470693182621034e+02
1.095470693182620465e+02
1.011742969093125026e+02
1.011742969093125026e+02
9.880506016533740876e+01
9.880506016533739455e+01
7.234394903603480032e+01
7.234394903603477189e+01
6.859005852777862344e+01
6.859005852777855239e+01
6.397775502523217028e+01
6.397775502523187185e+01
5.903108793077618088e+01
5.903108793077618088e+01
5.307604065452374442e+01
5.307604065452364495e+01
4.504884862224923836e+01
4.504884862224916020e+01
4.204759208325721431e+01
4.204759208325717879e+01
4.120679555607310363e+01
4.120679555607237177e+01
3.976259456958417360e+01
3.976259456958208460e+01
3.736648933047782606e+01
3.736648933047781185e+01
3.510624658852624691e+01
3.510624658852615454e+01
3.386575444259870693e+01
3.386575444259855772e+01
3.101879372234382615e+01
3.101879372234365917e+01
3.064411063918614886e+01
3.064411063918614531e+01
2.996554570180855137e+01
2.996554570180851940e+01
2.979449127857418844e+01
2.979449127857416357e+01
2.965088007201032383e+01
2.965088007201029896e+01
2.891941624210478778e+01
2.891941624210474160e+01
2.800000000000082068e+01
2.799999999999992184e+01
2.778620779800531437e+01
2.778620779800527885e+01
2.730257704549790176e+01
2.730257704549774544e+01
2.694355040754865627e+01
2.694355040754845376e+01
2.650257283380604534e+01
2.650257283380602757e+01
2.595075731587443002e+01
2.595075731587439449e+01
2.572173552259631180e+01
2.572173552259623719e+01
2.521857422436691110e+01
2.521857422436684004e+01
2.396509041630459080e+01
2.396509041630450199e+01
2.341314556171590056e+01
2.341314556171580463e+01
2.304501631021814845e+01
2.304501631021814134e+01
2.297591504206963364e+01
2.297591504206952706e+01
2.225359654107349527e+01
2.225359654107336382e+01
2.152989986551890311e+01
2.152989986551889601e+01
2.115575006794587409e+01
2.115575006794584922e+01
2.101466547736291801e+01
2.101466547736284696e+01
2.067539568039433817e+01
2.067539568039412501e+01
2.047448127438455145e+01
2.047448127438449816e+01
2.020921572768938290e+01
2.020921572768932961e+01
1.954536609688136650e+01
1.954536609688129190e+01
1.913016819861349305e+01
1.913016819861347884e+01
1.894662078962842244e+01
1.894662078962833363e+01
1.879309681916046060e+01
1.879309681916041441e+01
1.856446659643638597e+01
1.856446659643630070e+01
1.821943075694528957e+01
1.821943075694527536e+01
1.782243960547573280e+01
1.782243960547571149e+01
1.718698421427853518e+01
1.718698421427848189e+01
1.650059653370189494e+01
1.650059653370176349e+01
1.628328072143658289e+01
1.628328072143655803e+01
1.539669809322816008e+01
1.539669809322814231e+01
1.470612608380374908e+01
1.470612608380367448e+01
1.456021977856106808e+01
1.456021977856045879e+01
1.453253650517232387e+01
1.453253650517231144e+01
1.438657166606243365e+01
1.438657166606237503e+01
1.411681708435612492e+01
1.411681708435607518e+01
1.403611482388214604e+01
1.403611482388207143e+01
1.399990257906996582e+01
1.399990257906994451e+01
1.395353283599793315e+01
1.395353283599789762e+01
1.370065478841889473e+01
1.370065478841885920e+01
1.339842392091419043e+01
1.339842392091416201e+01
1.303839959776183122e+01
1.303839959776182589e+01
1.288974923797794503e+01
1.288974923797782424e+01
1.280280397804049741e+01
1.280280397804043169e+01
1.271109070412244080e+01
1.271109070412240172e+01
1.258660606110486846e+01
1.258660606110485247e+01
1.233388414579518155e+01
1.233388414579513004e+01
1.201352003638305455e+01
1.201352003638289645e+01
1.200000000000002842e+01
1.200000000000001421e+01
1.193416851891313080e+01
1.193416851891303132e+01
1.184471719222739949e+01
1.184471719222737640e+01
1.175619647335661000e+01
1.175619647335657625e+01
1.150612707700737047e+01
1.150612707700731896e+01
1.117824285086123659e+01
1.117824285086076941e+01
1.100141590683048243e+01
1.100141590682935622e+01
1.095095469290244594e+01
1.095095469289966950e+01
1.048384575204125468e+01
1.048384575204118185e+01
1.035732312407831657e+01
1.035732312407827216e+01
9.957780042718534119e+00
9.957780042718470170e+00
9.835496575273564801e+00
9.835496575273531050e+00
9.712804545251433552e+00
9.712804545251419341e+00
9.609519025388147284e+00
9.609519025388124192e+00
9.493388723208829205e+00
9.493388723208740387e+00
9.281277730573805229e+00
9.281277730573767926e+00
9.137812327784876842e+00
9.137812327784830657e+00
9.020000723934778364e+00
9.020000723934758824e+00
9.000000000000060396e+00
9.000000000000024869e+00
8.858557245999119090e+00
8.858557245999056917e+00
8.786163651722977974e+00
8.786163651722606716e+00
8.596488583911439108e+00
8.596488583911403580e+00
8.454897905540136094e+00
8.454897905540091685e+00
8.400543512740307861e+00
8.400543512740249241e+00
8.389070453411193284e+00
8.389070453411171968e+00
8.326008166108637809e+00
8.326008166108589847e+00
8.275849914348661684e+00
8.275849914348635039e+00
8.248406199892116319e+00
8.248406199892064805e+00
8.110034195974398230e+00
8.110034195974357374e+00
8.063080302405362332e+00
8.063080302405300159e+00
8.031951934871786491e+00
8.031951934871770504e+00
7.969271168469484579e+00
7.969271168469464151e+00
7.927958288843773182e+00
7.927958288843767853e+00
7.824289075894053980e+00
7.824289075894045098e+00
7.817085830543893721e+00
7.817085830543888392e+00
7.693120796484116397e+00
7.693120796484105739e+00
7.672417225958979792e+00
7.672417225958964693e+00
7.618993402853398322e+00
7.618993402853354802e+00
7.554113332617731658e+00
7.554113332617728105e+00
7.530561637201947711e+00
7.530561637201883762e+00
7.501632202499863844e+00
7.501632202499544988e+00
7.452355661977942525e+00
7.452355661977893675e+00
7.275878422322491268e+00
7.275878422322437089e+00
7.180342103332500336e+00
7.180342103332485237e+00
7.073645203720561270e+00
7.073645203720515084e+00
7.029351867085780192e+00
7.029351867085734007e+00
6.953934392675455101e+00
6.953934392675438225e+00
6.869637669026443128e+00
6.869637669026400495e+00
6.737679808865872033e+00
6.737679808865841835e+00
6.721109897481808204e+00
6.721109897481773565e+00
6.657805079639163459e+00
6.657805079639144807e+00
6.450003933748893914e+00
6.450003933748885920e+00
6.430649650347856294e+00
6.430649650347810109e+00
6.370101707805193136e+00
6.370101707805173596e+00
6.322378608114060938e+00
6.322378608114033405e+00
6.259885757514555671e+00
6.259885757514501492e+00
6.241750055036757061e+00
6.241750055036720646e+00
6.166664931494263868e+00
6.166664931494177715e+00
6.105937379506046980e+00
6.105937379506031881e+00
6.092431572288846020e+00
6.092431572288813157e+00
6.040784500331942475e+00
6.040784500331879414e+00
6.020601225736498918e+00
6.020601225736462503e+00
6.004101956932111683e+00
6.004101956932095696e+00
6.000000000000017764e+00
6.000000000000007105e+00
5.991313442896363028e+00
5.991313442896352370e+00
5.985360790528099884e+00
5.985360790528073238e+00
5.959608342238361445e+00
5.959608342238348122e+00
5.948276856311331073e+00
5.948276856311316863e+00
5.912933704933341694e+00
5.912933704933272416e+00
5.832888095552978491e+00
5.832888095552973162e+00
5.747044473041427182e+00
5.747044473041412083e+00
5.738787207254115508e+00
5.738787207254095968e+00
5.689457116717855811e+00
5.689457116717811402e+00
5.625562984407176614e+00
5.625562984407146416e+00
5.510822624353976629e+00
5.510822624353894028e+00
5.457171836618896599e+00
5.457171836618888605e+00
5.449909457551896708e+00
5.449909457551876280e+00
5.411798813426127452e+00
5.411798813426097254e+00
5.367372970783393704e+00
5.367372970783362618e+00
5.301246002545101810e+00
5.301246002545060954e+00
5.261310582628376586e+00
5.261310582628365928e+00
5.236070002377756438e+00
5.236070002377753774e+00
5.196121295078437008e+00
5.196121295078413027e+00
5.169789191353244995e+00
5.169789191353240554e+00
5.164099758638220017e+00
5.164099758638198701e+00
5.143889136884536306e+00
5.143889136884522983e+00
5.109035561299964279e+00
5.109035561299920758e+00
5.099019513592820907e+00
5.099019513592793373e+00
5.050626582793512398e+00
5.050626582793506181e+00
5.029582198192183995e+00
5.029582198192178666e+00
5.000000000000008882e+00
5.000000000000008882e+00
5.000000000000003553e+00
5.000000000000000000e+00
4.999983579940438183e+00
4.999983579940436407e+00
4.989590990852646790e+00
4.989590990852635244e+00
4.925232666278046345e+00
4.925232666278032134e+00
4.874373930964810420e+00
4.874373930964805979e+00
4.859512942564648164e+00
4.859512942564644611e+00
4.760848848790161902e+00
4.760848848790153909e+00
4.727229087215460090e+00
4.727229087215393477e+00
4.691794275740291731e+00
4.691794275740266862e+00
4.658615686066808870e+00
4.658615686066780448e+00
4.631345446173726899e+00
4.631345446173718017e+00
4.582835472280769373e+00
4.582835472280765821e+00
4.575419356336624332e+00
4.575419356336621668e+00
4.507274535251573511e+00
4.507274535251569958e+00
4.480655836362014810e+00
4.480655836362009481e+00
4.473239376646818144e+00
4.473239376646795051e+00
4.467840074663331329e+00
4.467840074663315342e+00
4.395521338296505043e+00
4.395521338296492608e+00
4.337365820951189832e+00
4.337365820951170292e+00
4.289254250505819321e+00
4.289254250505786459e+00
4.243681262089051387e+00
4.243681262088925266e+00
4.179764907301241728e+00
4.179764907301230181e+00
4.150466765267719182e+00
4.150466765267702307e+00
4.128363742685354332e+00
4.128363742685336568e+00
4.115382131556117429e+00
4.115382131556106771e+00
4.085661225122791507e+00
4.085661225122767526e+00
4.069848031716637671e+00
4.069848031716623460e+00
4.043544821127115441e+00
4.043544821127103006e+00
4.003746083124210209e+00
4.003746083124188893e+00
4.000000000000015987e+00
4.000000000000011546e+00
4.000000000000010658e+00
4.000000000000003553e+00
3.999623454013275570e+00
3.999623454013250701e+00
3.999342868895368053e+00
3.999342868895365388e+00
3.989259137093686736e+00
3.989259137093676966e+00
3.981578449900839534e+00
3.981578449900833760e+00
3.976734963553685276e+00
3.976734963553670177e+00
3.966000350170810318e+00
3.966000350170788558e+00
3.964616179577156174e+00
3.964616179577133082e+00
3.939090345998251141e+00
3.939090345998246256e+00
3.897669655202780969e+00
3.897669655202770311e+00
3.868287703441916747e+00
3.868287703441914527e+00
3.777046619115857151e+00
3.777046619115848713e+00
3.736701306428768188e+00
3.736701306428763747e+00
3.731892009265358912e+00
3.731892009265336707e+00
3.711170103493930839e+00
3.711170103493917072e+00
3.691190562446762691e+00
3.691190562446702295e+00
3.664087603922029146e+00
3.664087603922005165e+00
3.635254916779740775e+00
3.635254916779670609e+00
3.605551275463993566e+00
3.605551275463989125e+00
3.604082545943256832e+00
3.604082545943241289e+00
3.603087524013290022e+00
3.603087524013288245e+00
3.595980343490611908e+00
3.595980343490603470e+00
3.582829647912330717e+00
3.582829647912317839e+00
3.552324984170223132e+00
3.552324984170207145e+00
3.543371023051976376e+00
3.543371023051971491e+00
3.539338914097914124e+00
3.539338914097908351e+00
3.468875071585276970e+00
3.468875071585274750e+00
3.463462221235954264e+00
3.463462221235905858e+00
3.377982478621839313e+00
3.377982478621794904e+00
3.369595056183601223e+00
3.369595056183587900e+00
3.359610410575395445e+00
3.359610410575388340e+00
3.349758904401823667e+00
3.349758904401809012e+00
3.330242480142755923e+00
3.330242480142736827e+00
3.321563685737561222e+00
3.321563685737538574e+00
3.307379571586750444e+00
3.307379571586743783e+00
3.306495177279651809e+00
3.306495177279636710e+00
3.304915762860661577e+00
3.304915762860648254e+00
3.294877368802319850e+00
3.294877368802314521e+00
3.260477883352717487e+00
3.260477883352714379e+00
3.210838459624443253e+00
3.210838459624440588e+00
3.165959133042079099e+00
3.165959133042060891e+00
3.162277660168381299e+00
3.162277660168380855e+00
3.159407622148089345e+00
3.159407622148085348e+00
3.153671281865183751e+00
3.153671281865173537e+00
3.150017281622512932e+00
3.150017281622489840e+00
3.135703030532316582e+00
3.135703030532312141e+00
3.133302793860600399e+00
3.133302793860595514e+00
3.129440534707905286e+00
3.129440534707902621e+00
3.099950713437247263e+00
3.099950713437231276e+00
3.084256704537237326e+00
3.084256704537211125e+00
3.070557501171294223e+00
3.070557501171285342e+00
3.049857556727380459e+00
3.049857556727373797e+00
3.031869384909346543e+00
3.031869384909309240e+00
3.019560539829610146e+00
3.019560539829574175e+00
3.004053653023274428e+00
3.004053653023260217e+00
3.000000000000015987e+00
3.000000000000012879e+00
3.000000000000010214e+00
3.000000000000008438e+00
3.000000000000007994e+00
3.000000000000004885e+00
3.000000000000003109e+00
2.999999999999998224e+00
2.999998363749011077e+00
2.999998363749010188e+00
2.999832683378586662e+00
2.999832683378582221e+00
2.998603110595071453e+00
2.998603110595066124e+00
2.997157334459110700e+00
2.997157334459098710e+00
2.995839933075267858e+00
2.995839933075261641e+00
2.977541251035869863e+00
2.977541251035852987e+00
2.969936344217625201e+00
2.969936344217625201e+00
2.951807192604634977e+00
2.951807192604630536e+00
2.936450287030224260e+00
2.936450287030220263e+00
2.929446991831599956e+00
2.929446991831583080e+00
2.920576461154673176e+00
2.920576461154669179e+00
2.903485905751781448e+00
2.903485905751770790e+00
2.875583550480353523e+00
2.875583550480339312e+00
2.837991053176379896e+00
2.837991053176375456e+00
2.828427124746202281e+00
2.828427124746193400e+00
2.828427124746187182e+00
2.828427124746182741e+00
2.817321999196856996e+00
2.817321999196856552e+00
2.813908637683861791e+00
2.813908637683840031e+00
2.802998111156307370e+00
2.802998111156301153e+00
2.800640799716436202e+00
2.800640799716420659e+00
2.786242129103477794e+00
2.786242129103472909e+00
2.765651900085103865e+00
2.765651900085086101e+00
2.755076076574674016e+00
2.755076076574663357e+00
2.730712000809171425e+00
2.730712000809149664e+00
2.714876997823849614e+00
2.714876997823839400e+00
2.692765291408946826e+00
2.692765291408933948e+00
2.661094482466637157e+00
2.661094482466627387e+00
2.646874925637514142e+00
2.646874925637495046e+00
2.642487696736809166e+00
2.642487696736804725e+00
2.618212301250871565e+00
2.618212301250859131e+00
2.610245988666221262e+00
2.610245988666216377e+00
2.608051928368204653e+00
2.608051928368192662e+00
2.557549831842083066e+00
2.557549831842076848e+00
2.534213793779891866e+00
2.534213793779882096e+00
2.527710539805323009e+00
2.527710539805313239e+00
2.504940798752660402e+00
2.504940798752652409e+00
2.497310052019483972e+00
2.497310052019463544e+00
2.471684571405676767e+00
2.471684571405671438e+00
2.449489742783201418e+00
2.449489742783184099e+00
2.445907458506427989e+00
2.445907458506427989e+00
2.444369156812276067e+00
2.444369156812265409e+00
2.436293364186038257e+00
2.436293364186035149e+00
2.434041657351243781e+00
2.434041657351227350e+00
2.428177359341469277e+00
2.428177359341452402e+00
2.363543774049938317e+00
2.363543774049929436e+00
2.352374292124296939e+00
2.352374292124284505e+00
2.345885638856748390e+00
2.345885638856738176e+00
2.321245948108327184e+00
2.321245948108323187e+00
2.283542853690280428e+00
2.283542853690274210e+00
2.266516635537661806e+00
2.266516635537653368e+00
2.256665317185268194e+00
2.256665317185224229e+00
2.251584011672740360e+00
2.251584011672723484e+00
2.247163641308997928e+00
2.247163641308993043e+00
2.236067977499793802e+00
2.236067977499793358e+00
2.236067977499792914e+00
2.236067977499790693e+00
2.236067977499790249e+00
2.236067977499790249e+00
2.236067977499789361e+00
2.236067977499788917e+00
2.236067977499788917e+00
2.236067977499783588e+00
2.236067977499783588e+00
2.236067977499781367e+00
2.234934289755963643e+00
2.234934289755959647e+00
2.234464144033442512e+00
2.234464144033431410e+00
2.233716929543894114e+00
2.233716929543883456e+00
2.233253070157525055e+00
2.233253070157516618e+00
2.231744218291152659e+00
2.231744218291139781e+00
2.226047592690422405e+00
2.226047592690413524e+00
2.223157594411993898e+00
2.223157594411976135e+00
2.216964631551848530e+00
2.216964631551836540e+00
2.206731381767366607e+00
2.206731381767361277e+00
2.202629925780167142e+00
2.202629925780150266e+00
2.196603417095253974e+00
2.196603417095220667e+00
2.188533320579972852e+00
2.188533320579969743e+00
2.172238965100311336e+00
2.172238965100265595e+00
2.169446823164552729e+00
2.169446823164540294e+00
2.146242128166182095e+00
2.146242128166163443e+00
2.132662456667882012e+00
2.132662456667869577e+00
2.113999628956960031e+00
2.113999628956947152e+00
2.096424970627452034e+00
2.096424970627388973e+00
2.078187073994508083e+00
2.078187073994470779e+00
2.053654598377860907e+00
2.053654598377831153e+00
2.045518739974762745e+00
2.045518739974759637e+00
2.040713362585923729e+00
2.040713362585911295e+00
2.032739499052242937e+00
2.032739499052238941e+00
2.027274472165326635e+00
2.027274472165317754e+00
2.019829242313963213e+00
2.019829242313950779e+00
2.017121778309966640e+00
2.017121778309955982e+00
2.000209367207285815e+00
2.000209367207281819e+00
2.000000000000016431e+00
2.000000000000009326e+00
2.000000000000007105e+00
2.000000000000006661e+00
2.000000000000005773e+00
2.000000000000005773e+00
2.000000000000004441e+00
2.000000000000004441e+00
2.000000000000003997e+00
2.000000000000003109e+00
2.000000000000002665e+00
2.000000000000002665e+00
2.000000000000001332e+00
2.000000000000001332e+00
2.000000000000000888e+00
2.000000000000000888e+00
2.000000000000000888e+00
2.000000000000000444e+00
2.000000000000000444e+00
2.000000000000000444e+00
2.000000000000000444e+00
1.999999999999999778e+00
1.999999999999999556e+00
1.999999999999999556e+00
1.999999999999999556e+00
1.999999999999999112e+00
1.999999999999999112e+00
1.999999999999998002e+00
1.999999999999997780e+00
1.999999999999997335e+00
1.999999999999996669e+00
1.999999999999996669e+00
1.999999999999994449e+00
1.999999999999994005e+00
1.999999999999993783e+00
1.999999999999971356e+00
1.999936330674886742e+00
1.999936330674875418e+00
1.999837391756119853e+00
1.999837391756112970e+00
1.999708005528116006e+00
1.999708005528106458e+00
1.999139960701277197e+00
1.999139960701271423e+00
1.998912545571604360e+00
1.998912545571597477e+00
1.998384641792221972e+00
1.998384641792217531e+00
1.997735124585587885e+00
1.997735124585585886e+00
1.997294465165787569e+00
1.997294465165757371e+00
1.996296269135215296e+00
1.996296269135210411e+00
1.994725546242611669e+00
1.994725546242609449e+00
1.990681570368527664e+00
1.990681570368520559e+00
1.985108477117948134e+00
1.985108477117925041e+00
1.983071800970441556e+00
1.983071800970430010e+00
1.980191759120631945e+00
1.980191759120625061e+00
1.976440726707557882e+00
1.976440726707554996e+00
1.970152576206752437e+00
1.970152576206746442e+00
1.966132980247382367e+00
1.966132980247370599e+00
1.958490066659423823e+00
1.958490066659422046e+00
1.953993252561001537e+00
1.953993252560997984e+00
1.943519721222847663e+00
1.943519721222843888e+00
1.920636332550777592e+00
1.920636332550777148e+00
1.905941916300776695e+00
1.905941916300769368e+00
1.894166502514183614e+00
1.894166502514179840e+00
1.884106281381641601e+00
1.884106281381640269e+00
1.876185651611878891e+00
1.876185651611868233e+00
1.866978490128132329e+00
1.866978490128114565e+00
1.853775518178155224e+00
1.853775518178133686e+00
1.839445169550610659e+00
1.839445169550606440e+00
1.824633910486183730e+00
1.824633910486173294e+00
1.822488530131197715e+00
1.822488530131190387e+00
1.798670393952615187e+00
1.798670393952603863e+00
1.760593203588653566e+00
1.760593203588646238e+00
1.752053972474031163e+00
1.752053972474027610e+00
1.735249863891244360e+00
1.735249863891216826e+00
1.729924567502288513e+00
1.729924567502286958e+00
1.728533357774168167e+00
1.728533357774160395e+00
1.725885180607453995e+00
1.725885180607453107e+00
1.725748140962429122e+00
1.725748140962427346e+00
1.720479659898716429e+00
1.720479659898708213e+00
1.717146772405767408e+00
1.717146772405761412e+00
1.707714455105519891e+00
1.707714455105516782e+00
1.706495833203479862e+00
1.706495833203476087e+00
1.687023142813586452e+00
1.687023142813579568e+00
1.680114317075468655e+00
1.680114317075464436e+00
1.656738331636424144e+00
1.656738331636415262e+00
1.631711143358727245e+00
1.631711143358718141e+00
1.625981907496021339e+00
1.625981907496014900e+00
1.619018866968246373e+00
1.619018866968238157e+00
1.618033988749918217e+00
1.618033988749897345e+00
1.618033988749887575e+00
1.618033988749877805e+00
1.617079829875655683e+00
1.617079829875639918e+00
1.603870125407707903e+00
1.603870125407706793e+00
1.595143379020177443e+00
1.595143379020172780e+00
1.593604803770088729e+00
1.593604803770084732e+00
1.577437105245103943e+00
1.577437105245095061e+00
1.573743045349624614e+00
1.573743045349622394e+00
1.572783170272897602e+00
1.572783170272895381e+00
1.568543285272300913e+00
1.568543285272292032e+00
1.551652230914292829e+00
1.551652230914275066e+00
1.539443542015042077e+00
1.539443542015031641e+00
1.495687831479362462e+00
1.495687831479331154e+00
1.485557758979626053e+00
1.485557758979606735e+00
1.470561011435615573e+00
1.470561011435596699e+00
1.443062318779726461e+00
1.443062318779721576e+00
1.440088620983474010e+00
1.440088620983367651e+00
1.423266614909325822e+00
1.423266614909303396e+00
1.414213562373107136e+00
1.414213562373101585e+00
1.414213562373101141e+00
1.414213562373098476e+00
1.414213562373097810e+00
1.414213562373097588e+00
1.414213562373097366e+00
1.414213562373097144e+00
1.414213562373096256e+00
1.414213562373096034e+00
1.414213562373095812e+00
1.414213562373095812e+00
1.414213562373095812e+00
1.414213562373095812e+00
1.414213562373095590e+00
1.414213562373095590e+00
1.414213562373095590e+00
1.414213562373095590e+00
1.414213562373095590e+00
1.414213562373095368e+00
1.414213562373095145e+00
1.414213562373095145e+00
1.414213562373095145e+00
1.414213562373095145e+00
1.414213562373095145e+00
1.414213562373094923e+00
1.414213562373094923e+00
1.414213562373094923e+00
1.414213562373094923e+00
1.414213562373094479e+00
1.414213562373094479e+00
1.414213562373094479e+00
1.414213562373094479e+00
1.414213562373094035e+00
1.414213562373094035e+00
1.414213562373093813e+00
1.414213562373093591e+00
1.414213562373093591e+00
1.414213562373093147e+00
1.414213562373092925e+00
1.414213562373092925e+00
1.414213562373092703e+00
1.414213562373092481e+00
1.414213562373092481e+00
1.414213562373092481e+00
1.414213562373091593e+00
1.414213562373090927e+00
1.414213562373089594e+00
1.414213562373088262e+00
1.414213562373083821e+00
1.414213543663325856e+00
1.414213543663318751e+00
1.414210396861566466e+00
1.414210396861558028e+00
1.414210268865677689e+00
1.414210268865671916e+00
1.414182466288381734e+00
1.414182466288375961e+00
1.414124634328461694e+00
1.414124634328452368e+00
1.414112096581319200e+00
1.414112096581310984e+00
1.413956138446071487e+00
1.413956138446065935e+00
1.413777343279571941e+00
1.413777343279563281e+00
1.413653487169408196e+00
1.413653487169403311e+00
1.413327654529200172e+00
1.413327654529196398e+00
1.412862736244397732e+00
1.412862736244391293e+00
1.412563002896736641e+00
1.412563002896729536e+00
1.412195053245188570e+00
1.412195053245182352e+00
1.412082290408133156e+00
1.412082290408131158e+00
1.410686570601380030e+00
1.410686570601376921e+00
1.409408357982747884e+00
1.409408357982742555e+00
1.408238321049481545e+00
1.408238321049478214e+00
1.407271317144510370e+00
1.407271317144507039e+00
1.406668502403340071e+00
1.406668502403325194e+00
1.405067980954212814e+00
1.405067980954206153e+00
1.404661844422101957e+00
1.404661844422088413e+00
1.404419473467236612e+00
1.404419473467232837e+00
1.404365914809975635e+00
1.404365914809973637e+00
1.402786289478034076e+00
1.402786289478030968e+00
1.400375730910675243e+00
1.400375730910669025e+00
1.398542445095016795e+00
1.398542445095014797e+00
1.396830558712981452e+00
1.396830558712973680e+00
1.394096259315046105e+00
1.394096259315039443e+00
1.391696739644211700e+00
1.391696739644209257e+00
1.389510184645291968e+00
1.389510184645284641e+00
1.386221518199853175e+00
1.386221518199850733e+00
1.384593281234222983e+00
1.384593281234218320e+00
1.384257342894226195e+00
1.384257342894223530e+00
1.380616039631592518e+00
1.380616039631591851e+00
1.380450656035901336e+00
1.380450656035900003e+00
1.377160863774786970e+00
1.377160863774769650e+00
1.373516423561660593e+00
1.373516423561652156e+00
1.367474813700665592e+00
1.367474813700657155e+00
1.364403657161063377e+00
1.364403657161062267e+00
1.362402843090372295e+00
1.362402843090369187e+00
1.348653112337226512e+00
1.348653112337223403e+00
1.346843467000736982e+00
1.346843467000736538e+00
1.336229977892073650e+00
1.336229977892063436e+00
1.330850387938075752e+00
1.330850387938071089e+00
1.325370445376928608e+00
1.325370445376923056e+00
1.317586404584751847e+00
1.317586404584746296e+00
1.312740342253967407e+00
1.312740342253966297e+00
1.309334764472098289e+00
1.309334764472095181e+00
1.303810808187167547e+00
1.303810808187164438e+00
1.289528589286126126e+00
1.289528589286120575e+00
1.275238970444571018e+00
1.275238970444567244e+00
1.247156792400922365e+00
1.247156792400919034e+00
1.207903249136383916e+00
1.207903249136375923e+00
1.206052340639370390e+00
1.206052340639367504e+00
1.197592189392641560e+00
1.197592189392629791e+00
1.194529656681222907e+00
1.194529656681220020e+00
1.188087332944631314e+00
1.188087332944628649e+00
1.152074863072526156e+00
1.152074863072524380e+00
1.140349379659968410e+00
1.140349379659965301e+00
1.129472063202151988e+00
1.129472063202149767e+00
1.109140628754825553e+00
1.109140628754733182e+00
1.092263630378821349e+00
1.092263630378804251e+00
1.052868113467532174e+00
1.052868113467530398e+00
1.046632696272826735e+00
1.046632696272824736e+00
1.018709844916619645e+00
1.018709844916611207e+00
1.005127672445209397e+00
1.005127672445190301e+00
1.004791698178777448e+00
1.004791698178749471e+00
1.000000000000395461e+00
1.000000000000063061e+00
1.000000000000045297e+00
1.000000000000024869e+00
1.000000000000020206e+00
1.000000000000015765e+00
1.000000000000014655e+00
1.000000000000014211e+00
1.000000000000013767e+00
1.000000000000012434e+00
1.000000000000010658e+00
1.000000000000010658e+00
1.000000000000008660e+00
1.000000000000008216e+00
1.000000000000007105e+00
1.000000000000006883e+00
1.000000000000004441e+00
1.000000000000003331e+00
1.000000000000001998e+00
1.000000000000001998e+00
1.000000000000001776e+00
1.000000000000001554e+00
1.000000000000001554e+00
1.000000000000001554e+00
1.000000000000001554e+00
1.000000000000001554e+00
1.000000000000001332e+00
1.000000000000001332e+00
1.000000000000001332e+00
1.000000000000001332e+00
1.000000000000001332e+00
1.000000000000001332e+00
1.000000000000001332e+00
1.000000000000001332e+00
1.000000000000001110e+00
1.000000000000001110e+00
1.000000000000001110e+00
1.000000000000001110e+00
1.000000000000001110e+00
1.000000000000001110e+00
1.000000000000001110e+00
1.000000000000001110e+00
1.000000000000001110e+00
1.000000000000000888e+00
1.000000000000000888e+00
1.000000000000000888e+00
1.000000000000000888e+00
1.000000000000000888e+00
1.000000000000000888e+00
1.000000000000000888e+00
1.000000000000000888e+00
1.000000000000000888e+00
1.000000000000000888e+00
1.000000000000000888e+00
1.000000000000000888e+00
1.000000000000000888e+00
1.000000000000000888e+00
1.000000000000000888e+00
1.000000000000000888e+00
1.000000000000000888e+00
1.000000000000000888e+00
1.000000000000000888e+00
1.000000000000000666e+00
1.000000000000000666e+00
1.000000000000000666e+00
1.000000000000000666e+00
1.000000000000000666e+00
1.000000000000000666e+00
1.000000000000000666e+00
1.000000000000000666e+00
1.000000000000000666e+00
1.000000000000000666e+00
1.000000000000000666e+00
1.000000000000000666e+00
1.000000000000000666e+00
1.000000000000000666e+00
1.000000000000000666e+00
1.000000000000000666e+00
1.000000000000000666e+00
1.000000000000000444e+00
1.000000000000000444e+00
1.000000000000000444e+00
1.000000000000000444e+00
1.000000000000000444e+00
1.000000000000000444e+00
1.000000000000000444e+00
1.000000000000000444e+00
1.000000000000000444e+00
1.000000000000000444e+00
1.000000000000000444e+00
1.000000000000000444e+00
1.000000000000000444e+00
1.000000000000000444e+00
1.000000000000000444e+00
1.000000000000000444e+00
1.000000000000000444e+00
1.000000000000000444e+00
1.000000000000000444e+00
1.000000000000000444e+00
1.000000000000000444e+00
1.000000000000000444e+00
1.000000000000000444e+00
1.000000000000000444e+00
1.000000000000000444e+00
1.000000000000000444e+00
1.000000000000000444e+00
1.000000000000000222e+00
1.000000000000000222e+00
1.000000000000000222e+00
1.000000000000000222e+00
1.000000000000000222e+00
1.000000000000000222e+00
1.000000000000000222e+00
1.000000000000000222e+00
1.000000000000000222e+00
1.000000000000000222e+00
1.000000000000000222e+00
1.000000000000000222e+00
1.000000000000000222e+00
1.000000000000000222e+00
1.000000000000000222e+00
1.000000000000000222e+00
1.000000000000000222e+00
1.000000000000000222e+00
1.000000000000000222e+00
1.000000000000000222e+00
1.000000000000000222e+00
1.000000000000000222e+00
1.000000000000000222e+00
1.000000000000000222e+00
1.000000000000000222e+00
1.000000000000000222e+00
1.000000000000000222e+00
1.000000000000000222e+00
1.000000000000000222e+00
1.000000000000000222e+00
1.000000000000000000e+00
1.000000000000000000e+00
1.000000000000000000e+00
1.000000000000000000e+00
1.000000000000000000e+00
1.000000000000000000e+00
1.000000000000000000e+00
1.000000000000000000e+00
1.000000000000000000e+00
1.000000000000000000e+00
1.000000000000000000e+00
1.000000000000000000e+00
1.000000000000000000e+00
1.000000000000000000e+00
1.000000000000000000e+00
1.000000000000000000e+00
1.000000000000000000e+00
1.000000000000000000e+00
1.000000000000000000e+00
1.000000000000000000e+00
1.000000000000000000e+00
9.999999999999998890e-01
9.999999999999998890e-01
9.999999999999998890e-01
9.999999999999998890e-01
9.999999999999998890e-01
9.999999999999998890e-01
9.999999999999998890e-01
9.999999999999998890e-01
9.999999999999998890e-01
9.999999999999998890e-01
9.999999999999998890e-01
9.999999999999998890e-01
9.999999999999998890e-01
9.999999999999998890e-01
9.999999999999998890e-01
9.999999999999998890e-01
9.999999999999997780e-01
9.999999999999997780e-01
9.999999999999997780e-01
9.999999999999997780e-01
9.999999999999997780e-01
9.999999999999997780e-01
9.999999999999997780e-01
9.999999999999997780e-01
9.999999999999997780e-01
9.999999999999997780e-01
9.999999999999997780e-01
9.999999999999997780e-01
9.999999999999997780e-01
9.999999999999997780e-01
9.999999999999997780e-01
9.999999999999996669e-01
9.999999999999996669e-01
9.999999999999996669e-01
9.999999999999996669e-01
9.999999999999996669e-01
9.999999999999996669e-01
9.999999999999995559e-01
9.999999999999995559e-01
9.999999999999995559e-01
9.999999999999995559e-01
9.999999999999995559e-01
9.999999999999995559e-01
9.999999999999995559e-01
9.999999999999995559e-01
9.999999999999995559e-01
9.999999999999995559e-01
9.999999999999995559e-01
9.999999999999995559e-01
9.999999999999994449e-01
9.999999999999994449e-01
9.999999999999994449e-01
9.999999999999994449e-01
9.999999999999994449e-01
9.999999999999994449e-01
9.999999999999994449e-01
9.999999999999994449e-01
9.999999999999993339e-01
9.999999999999993339e-01
9.999999999999993339e-01
9.999999999999993339e-01
9.999999999999993339e-01
9.999999999999993339e-01
9.999999999999993339e-01
9.999999999999993339e-01
9.999999999999993339e-01
9.999999999999993339e-01
9.999999999999992228e-01
9.999999999999992228e-01
9.999999999999992228e-01
9.999999999999992228e-01
9.999999999999990008e-01
9.999999999999990008e-01
9.999999999999990008e-01
9.999999999999988898e-01
9.999999999999988898e-01
9.999999999999988898e-01
9.999999999999988898e-01
9.999999999999988898e-01
9.999999999999987788e-01
9.999999999999987788e-01
9.999999999999987788e-01
9.999999999999987788e-01
9.999999999999987788e-01
9.999999999999987788e-01
9.999999999999986677e-01
9.999999999999986677e-01
9.999999999999986677e-01
9.999999999999985567e-01
9.999999999999984457e-01
9.999999999999983347e-01
9.999999999999982236e-01
9.999999999999982236e-01
9.999999999999981126e-01
9.999999999999981126e-01
9.999999999999975575e-01
9.999999999999972244e-01
9.999999999999971134e-01
9.999999999999968914e-01
9.999999999999965583e-01
9.999999999999950040e-01
9.999999999999940048e-01
9.999999999999916733e-01
9.999999999999905631e-01
9.999999999999894529e-01
9.999999999999893419e-01
9.999999999999875655e-01
9.999999999999867883e-01
9.999999999999865663e-01
9.999999999999852340e-01
9.999999999999839018e-01
9.999999999999835687e-01
9.999999999999790168e-01
9.999999999999749090e-01
9.999999999999739098e-01
9.999999999999723554e-01
9.999999999999545919e-01
9.999999999999352740e-01
9.999999999996076472e-01
9.999817881219045246e-01
9.999817881219006388e-01
9.999740680752488009e-01
9.999740680752419175e-01
9.999192941060667250e-01
9.999192941060662809e-01
9.997279134686112290e-01
9.997279134686074542e-01
9.995868338096915995e-01
9.995868338096887129e-01
9.993872422338362371e-01
9.993872422338306860e-01
9.990104111275814880e-01
9.990104111275791565e-01
9.987599052717361925e-01
9.987599052717299752e-01
9.984839304671361271e-01
9.984839304671325744e-01
9.983850121354076457e-01
9.983850121354059803e-01
9.982208638884939589e-01
9.982208638884836338e-01
9.978668769726617427e-01
9.978668769726609655e-01
9.976653437415660131e-01
9.976653437415649028e-01
9.974322925960361630e-01
9.974322925960356079e-01
9.970815867149442902e-01
9.970815867149430689e-01
9.968467127529996308e-01
9.968467127529972993e-01
9.964042359145546257e-01
9.964042359145534045e-01
9.956894608793050994e-01
9.956894608793043222e-01
9.954478381176183888e-01
9.954478381176172785e-01
9.948677514374437703e-01
9.948677514374389963e-01
9.948213877710008202e-01
9.948213877709957131e-01
9.941415613165227594e-01
9.941415613165184295e-01
9.935638541327957984e-01
9.935638541327932449e-01
9.932172518605276723e-01
9.932172518605262290e-01
9.919040164848199614e-01
9.919040164848166308e-01
9.912264908216650294e-01
9.912264908216618098e-01
9.911334108669813681e-01
9.911334108669753729e-01
9.896673416914476551e-01
9.896673416914458787e-01
9.891175122169785228e-01
9.891175122169779677e-01
9.887023379813362212e-01
9.887023379813338897e-01
9.886038401663799213e-01
9.886038401663763686e-01
9.873805129347853482e-01
9.873805129347829057e-01
9.862042315891261790e-01
9.862042315891254018e-01
9.858012568159636446e-01
9.858012568159605360e-01
9.849262468232899970e-01
9.849262468232882206e-01
9.836431142677817263e-01
9.836431142677783956e-01
9.821219392065435594e-01
9.821219392065423381e-01
9.815173691097652808e-01
9.815173691097625053e-01
9.812731049537691819e-01
9.812731049537671835e-01
9.805234250115149042e-01
9.805234250115135719e-01
9.791096087036754714e-01
9.791096087036694762e-01
9.777535180522403113e-01
9.777535180522360925e-01
9.772548579923890921e-01
9.772548579923875378e-01
9.765033433808372187e-01
9.765033433808346652e-01
9.734011826478509155e-01
9.734011826478479179e-01
9.693726564865677853e-01
9.693726564865654538e-01
9.679884772822011652e-01
9.679884772821982786e-01
9.662114506714165607e-01
9.662114506714027939e-01
9.654353799818622406e-01
9.654353799818563564e-01
9.647617780180947067e-01
9.647617780180919311e-01
9.646369714786183769e-01
9.646369714786157123e-01
9.628595233466149539e-01
9.628595233466122894e-01
9.602362050883513911e-01
9.602362050883385125e-01
9.582528647842419867e-01
9.582528647842367686e-01
9.566964198236884709e-01
9.566964198236853623e-01
9.560329954812734066e-01
9.560329954812709641e-01
9.556464834481435133e-01
9.556464834481425141e-01
9.510947724445866225e-01
9.510947724445827367e-01
9.469647715656177578e-01
9.469647715656128728e-01
9.445082216411565534e-01
9.445082216411500031e-01
9.405200932947931358e-01
9.405200932947862524e-01
9.391284380828949230e-01
9.391284380828818223e-01
9.377099269948324656e-01
9.377099269948276916e-01
9.367638175119360477e-01
9.367638175119311628e-01
9.333288460933599762e-01
9.333288460933549802e-01
9.304073215380511686e-01
9.304073215380485040e-01
9.280037103644275254e-01
9.280037103644216412e-01
9.256564675406154796e-01
9.256564675406115938e-01
9.205594174072554425e-01
9.205594174072476710e-01
9.148403026021879603e-01
9.148403026021874052e-01
9.123637390021347437e-01
9.123637390021268612e-01
9.087694096993964576e-01
9.087694096993917947e-01
9.027820769963488257e-01
9.027820769963454950e-01
9.019897609229770019e-01
9.019897609229741153e-01
8.897188080721426529e-01
8.897188080721378789e-01
8.815437897949807144e-01
8.815437897949586210e-01
8.728966478761179815e-01
8.728966478761058800e-01
8.703498919351506657e-01
8.703498919351430052e-01
8.670512123878219013e-01
8.670512123878150179e-01
8.603589909961704141e-01
8.603589909961089077e-01
8.570481801707182656e-01
8.570481801706971714e-01
8.506717686645876020e-01
8.506717686645831611e-01
8.480102742049921982e-01
8.480102742049562270e-01
8.323824631187465295e-01
8.323824631187413114e-01
8.319872520535783744e-01
8.319872520535674942e-01
8.283668646461439522e-01
8.283668646461392893e-01
8.212439209529430739e-01
8.212439209529395212e-01
8.193620308412863373e-01
8.193620308412828956e-01
8.159782164433888596e-01
8.159782164433795337e-01
8.147410085637281085e-01
8.147410085637180055e-01
8.132789872512073970e-01
8.132789872512029561e-01
8.066775802771275483e-01
8.066775802771232184e-01
8.023115010002829228e-01
8.023115010002755954e-01
7.999809886904183376e-01
7.999809886904167833e-01
7.952421751395147842e-01
7.952421751395077898e-01
7.798069568533149143e-01
7.798069568533115836e-01
7.732362323038610707e-01
7.732362323038570739e-01
7.666329553554842580e-01
7.666329553554837029e-01
7.619209412590651764e-01
7.619209412590643993e-01
7.587062834969726666e-01
7.587062834969662273e-01
7.504101678273776832e-01
7.504101678273736864e-01
7.355815638763956166e-01
7.355815638763872899e-01
7.210586448567680717e-01
7.210586448567650741e-01
6.933371247675879090e-01
6.933371247675833571e-01
6.838716368494720532e-01
6.838716368494698328e-01
6.610103949671360946e-01
6.610103949671292112e-01
6.421847433417307016e-01
6.421847433417293693e-01
6.297726959164222649e-01
6.297726959164101634e-01
6.180339887499132212e-01
6.180339887498966789e-01
6.180339887498945695e-01
6.180339887498799145e-01
6.179016906252385866e-01
6.179016906252211561e-01
6.172072693664345522e-01
6.172072693664226728e-01
6.157854328993423998e-01
6.157854328993368487e-01
6.119864008076849604e-01
6.119864008076767448e-01
6.108040263428367034e-01
6.108040263428360372e-01
6.022469920828102952e-01
6.022469920827960843e-01
5.976537853454612081e-01
5.976537853454534366e-01
5.858299187080642234e-01
5.858299187080603376e-01
5.841163046175492646e-01
5.841163046175484874e-01
5.695783063180821504e-01
5.695783063180746009e-01
5.598087597111797153e-01
5.598087597111685021e-01
5.550392818671814332e-01
5.550392818671713302e-01
5.515398697357932756e-01
5.515398697357895008e-01
5.364408800454359971e-01
5.364408800454143478e-01
5.312401083411623093e-01
5.312401083411594227e-01
4.909036322696672672e-01
4.909036322696655463e-01
4.796827488925352045e-01
4.796827488925280991e-01
4.165033822000124286e-01
4.165033822000113184e-01
4.085809915801608128e-01
4.085809915801466019e-01
3.733326796249932800e-01
3.733326796248530588e-01
3.544293286508768404e-01
3.544293286508682916e-01
3.484536475048404802e-01
3.484536475048296000e-01
2.361676971641844813e-01
2.361676971641808453e-01
1.447340228944079266e-01
1.447340228944023754e-01
2.889634930627342920e-13
2.251447430374720779e-13
2.145323930405417331e-13
1.968244851545409134e-13
1.897912338750340924e-13
1.509835874695276586e-13
1.372623792313130963e-13
1.330795112689449149e-13
1.194502394527651636e-13
1.112583691463064041e-13
1.005854620690249002e-13
