# Singular values
6.320102236769618287e+01
6.320102236769615445e+01
4.223742416388583365e+01
4.223742416388578391e+01
2.029951628563789967e+01
2.029951628563785349e+01
1.564334458583162935e+01
1.564334458583162224e+01
1.377249431321439310e+01
1.377249431321437179e+01
1.364281119323701930e+01
1.364281119323700509e+01
1.330186557559274796e+01
1.330186557559274618e+01
9.533232794050089609e+00
9.533232794050087833e+00
9.306584374527018255e+00
9.306584374527016479e+00
7.568919047545802137e+00
7.568919047545801249e+00
6.859411047969729225e+00
6.859411047969718567e+00
6.817358526654657247e+00
6.817358526654648365e+00
5.838409161199181518e+00
5.838409161199180630e+00
5.778398557247295564e+00
5.778398557247289347e+00
5.456419929454336959e+00
5.456419929454314754e+00
5.190849495856335594e+00
5.190849495856325824e+00
5.141776229475116367e+00
5.141776229475112814e+00
5.000000000000000888e+00
4.999999999999991118e+00
4.559675462474416463e+00
4.559675462474406693e+00
4.482778910594451105e+00
4.482778910594450217e+00
4.282490133473836558e+00
4.282490133473822347e+00
4.246283266290896918e+00
4.246283266290888925e+00
4.130648586880576012e+00
4.130648586880576012e+00
4.123105625617663250e+00
4.123105625617658809e+00
4.123105625617656145e+00
4.123105625617653480e+00
3.999999999999998668e+00
3.999999999999990674e+00
3.989751089343169355e+00
3.989751089343165358e+00
3.741657386773939109e+00
3.741657386773937333e+00
3.642859354292426577e+00
3.642859354292422580e+00
3.315847389163786740e+00
3.315847389163785852e+00
3.311318410275525537e+00
3.311318410275524204e+00
3.000000000000002665e+00
3.000000000000001776e+00
3.000000000000000888e+00
2.999999999999999556e+00
2.999999999999999556e+00
2.999999999999999112e+00
2.991104841080820087e+00
2.991104841080819199e+00
2.870009885337466482e+00
2.870009885337466038e+00
2.828427124746192955e+00
2.828427124746190735e+00
2.789658114826616409e+00
2.789658114826604862e+00
2.673180767919828948e+00
2.673180767919826284e+00
2.641829283651086602e+00
2.641829283651083493e+00
2.617944252348202827e+00
2.617944252348196610e+00
2.603122422322232676e+00
2.603122422322219798e+00
2.449489742783178325e+00
2.449489742783175217e+00
2.411890726113312233e+00
2.411890726113304684e+00
2.270154143019661674e+00
2.270154143019657678e+00
2.236067977499794246e+00
2.236067977499789805e+00
2.236067977499789805e+00
2.236067977499782700e+00
2.234164137165525865e+00
2.234164137165522757e+00
2.226398275039561447e+00
2.226398275039557006e+00
2.184470412085252722e+00
2.184470412085250057e+00
2.135779205069858300e+00
2.135779205069857856e+00
2.100000183566087308e+00
2.100000183566084644e+00
2.000000000000003553e+00
2.000000000000001332e+00
2.000000000000000888e+00
2.000000000000000888e+00
2.000000000000000444e+00
1.999999999999996891e+00
1.999999999999996447e+00
1.999999999999993561e+00
1.923566439006107354e+00
1.923566439006101136e+00
1.732050807568876971e+00
1.732050807568876971e+00
1.730728122192560559e+00
1.730728122192557894e+00
1.667968580777589915e+00
1.667968580777562382e+00
1.618033988749894014e+00
1.618033988749893348e+00
1.474348468588583927e+00
1.474348468588571714e+00
1.414366514486806947e+00
1.414366514486803617e+00
1.414213562373128230e+00
1.414213562373106470e+00
1.414213562373096478e+00
1.414213562373096034e+00
1.414213562373096034e+00
1.414213562373095812e+00
1.414213562373095590e+00
1.414213562373095590e+00
1.414213562373095590e+00
1.414213562373095590e+00
1.414213562373095368e+00
1.414213562373095368e+00
1.414213562373095145e+00
1.414213562373095145e+00
1.414213562373095145e+00
1.414213562373095145e+00
1.414213562373095145e+00
1.414213562373095145e+00
1.414213562373094701e+00
1.414213562373094701e+00
1.414213562373094701e+00
1.414213562373094701e+00
1.414213562373094701e+00
1.414213562373094479e+00
1.414213562373094257e+00
1.414213562373094257e+00
1.414213562373094257e+00
1.414213562373094257e+00
1.414213562373094257e+00
1.414213562373094257e+00
1.414213562373094035e+00
1.414213562373093813e+00
1.414213562373093591e+00
1.414213562373093369e+00
1.414213562373084487e+00
1.414213562373061173e+00
1.413695187786463636e+00
1.413695187786462970e+00
1.405937862056827248e+00
1.405937862056823695e+00
1.383420535787343031e+00
1.383420535787342365e+00
1.335013215462272695e+00
1.335013215462269809e+00
1.323359383566824699e+00
1.323359383566813374e+00
1.302844845544097963e+00
1.302844845544095742e+00
1.275461774601980958e+00
1.275461774601976517e+00
1.237951241699705163e+00
1.237951241699702942e+00
1.174350083288893343e+00
1.174350083288891566e+00
1.158863840857526029e+00
1.158863840857486283e+00
1.000000000000023537e+00
1.000000000000006883e+00
1.000000000000005995e+00
1.000000000000005107e+00
1.000000000000004219e+00
1.000000000000003775e+00
1.000000000000003553e+00
1.000000000000003109e+00
1.000000000000002665e+00
1.000000000000001776e+00
1.000000000000001776e+00
1.000000000000001110e+00
1.000000000000000888e+00
1.000000000000000888e+00
1.000000000000000888e+00
1.000000000000000888e+00
1.000000000000000666e+00
1.000000000000000444e+00
1.000000000000000444e+00
1.000000000000000444e+00
1.000000000000000444e+00
1.000000000000000444e+00
1.000000000000000444e+00
1.000000000000000444e+00
1.000000000000000444e+00
1.000000000000000444e+00
1.000000000000000444e+00
1.000000000000000444e+00
1.000000000000000444e+00
1.000000000000000444e+00
1.000000000000000444e+00
1.000000000000000444e+00
1.000000000000000222e+00
1.000000000000000222e+00
1.000000000000000222e+00
1.000000000000000222e+00
1.000000000000000222e+00
1.000000000000000222e+00
1.000000000000000222e+00
1.000000000000000222e+00
1.000000000000000222e+00
1.000000000000000222e+00
1.000000000000000222e+00
1.000000000000000222e+00
1.000000000000000222e+00
1.000000000000000222e+00
1.000000000000000222e+00
1.000000000000000222e+00
1.000000000000000222e+00
9.999999999999998890e-01
9.999999999999998890e-01
9.999999999999998890e-01
9.999999999999998890e-01
9.999999999999998890e-01
9.999999999999998890e-01
9.999999999999998890e-01
9.999999999999998890e-01
9.999999999999998890e-01
9.999999999999998890e-01
9.999999999999998890e-01
9.999999999999998890e-01
9.999999999999996669e-01
9.999999999999996669e-01
9.999999999999996669e-01
9.999999999999996669e-01
9.999999999999996669e-01
9.999999999999996669e-01
9.999999999999996669e-01
9.999999999999996669e-01
9.999999999999996669e-01
9.999999999999996669e-01
9.999999999999996669e-01
9.999999999999996669e-01
9.999999999999996669e-01
9.999999999999996669e-01
9.999999999999996669e-01
9.999999999999996669e-01
9.999999999999996669e-01
9.999999999999996669e-01
9.999999999999995559e-01
9.999999999999995559e-01
9.999999999999995559e-01
9.999999999999995559e-01
9.999999999999995559e-01
9.999999999999995559e-01
9.999999999999995559e-01
9.999999999999995559e-01
9.999999999999995559e-01
9.999999999999995559e-01
9.999999999999995559e-01
9.999999999999995559e-01
9.999999999999993339e-01
9.999999999999993339e-01
9.999999999999993339e-01
9.999999999999993339e-01
9.999999999999993339e-01
9.999999999999993339e-01
9.999999999999993339e-01
9.999999999999993339e-01
9.999999999999991118e-01
9.999999999999991118e-01
9.999999999999991118e-01
9.999999999999991118e-01
9.999999999999988898e-01
9.999999999999986677e-01
9.999999999999986677e-01
9.999999999999984457e-01
9.999999999999984457e-01
9.999999999999978906e-01
9.999999999999976685e-01
9.999999999999972244e-01
9.999999999999965583e-01
9.999999999999962252e-01
9.999999999999960032e-01
9.999999999999955591e-01
9.999999999999951150e-01
9.999999999999945599e-01
9.999999999999938938e-01
9.999999999999910072e-01
9.999999999999791278e-01
9.973219181168764269e-01
9.973219181168755387e-01
9.914618224659648149e-01
9.914618224659620394e-01
9.683709267122030395e-01
9.683709267122022624e-01
9.655885992373259841e-01
9.655885992373097748e-01
9.596405130415303075e-01
9.596405130415248674e-01
9.463254924643815791e-01
9.463254924643799137e-01
9.147331050737993463e-01
9.147331050737981251e-01
6.621534468619567626e-01
6.621534468619559854e-01
6.180339887498963458e-01
6.180339887498920159e-01
5.783822775184436216e-01
5.783822775184388476e-01
5.305292975731841221e-01
5.305292975731776828e-01
3.096278231715515195e-01
3.096278231715189344e-01
