# Singular values
4.220189569201840385e+01
4.220189569201839674e+01
6.863703393167086553e+00
6.863703393167083000e+00
3.439615079459516611e+00
3.439615079459516167e+00
3.316624790355399810e+00
3.316624790355397590e+00
3.255290390716643056e+00
3.255290390716642612e+00
2.828427124746190735e+00
2.828427124746189847e+00
2.236067977499791581e+00
2.236067977499790249e+00
1.999999999999999112e+00
1.999999999999996891e+00
1.837463037417596201e+00
1.837463037417595313e+00
1.732050807568877859e+00
1.732050807568877415e+00
1.706695760971313147e+00
1.706695760971311371e+00
1.414213562373100030e+00
1.414213562373097588e+00
1.414213562373096256e+00
1.414213562373095812e+00
1.414213562373095812e+00
1.414213562373095368e+00
1.414213562373095145e+00
1.414213562373095145e+00
1.414213562373094923e+00
1.414213562373094923e+00
1.414213562373094923e+00
1.414213562373094479e+00
1.414213562373094479e+00
1.414213562373094479e+00
1.414213562373094257e+00
1.414213562373094035e+00
1.414213562373092259e+00
1.414213562373090260e+00
1.220767812317489653e+00
1.220767812317488987e+00
1.000000000000003553e+00
1.000000000000001998e+00
1.000000000000001776e+00
1.000000000000001332e+00
1.000000000000001110e+00
1.000000000000000444e+00
1.000000000000000444e+00
1.000000000000000444e+00
1.000000000000000444e+00
1.000000000000000222e+00
1.000000000000000222e+00
1.000000000000000222e+00
1.000000000000000000e+00
1.000000000000000000e+00
1.000000000000000000e+00
1.000000000000000000e+00
1.000000000000000000e+00
1.000000000000000000e+00
1.000000000000000000e+00
1.000000000000000000e+00
9.999999999999997780e-01
9.999999999999997780e-01
9.999999999999997780e-01
9.999999999999996669e-01
9.999999999999996669e-01
9.999999999999996669e-01
9.999999999999996669e-01
9.999999999999995559e-01
9.999999999999995559e-01
9.999999999999995559e-01
9.999999999999995559e-01
9.999999999999988898e-01
9.999999999999986677e-01
9.999999999999982236e-01
9.999999999999974465e-01
9.999999999999963363e-01
9.669983375069203246e-01
9.669983375069198805e-01
7.604074776128790791e-01
7.604074776128787461e-01
4.111546000651090105e-01
4.111546000651085664e-01
