# Singular values
1.348887362172081907e+02
1.348887362172081623e+02
9.867263664948374924e+01
9.867263664948372082e+01
4.563634925971941669e+01
4.563634925971937406e+01
3.881552222068476254e+01
3.881552222068471991e+01
2.619160170741754001e+01
2.619160170741753646e+01
2.428105484058472996e+01
2.428105484058469443e+01
2.046638055601389539e+01
2.046638055601385275e+01
1.846476028200461883e+01
1.846476028200461172e+01
1.578289390836603623e+01
1.578289390836602557e+01
1.544833299665869220e+01
1.544833299665841508e+01
1.419962985973905667e+01
1.419962985973905312e+01
1.264297446976863526e+01
1.264297446976862282e+01
1.141017758948458294e+01
1.141017758948457406e+01
1.042754715286721989e+01
1.042754715286719502e+01
9.368893999646806137e+00
9.368893999646791926e+00
8.831760866327851289e+00
8.831760866327849513e+00
8.037635541706265485e+00
8.037635541706261932e+00
7.929210440828420303e+00
7.929210440828406092e+00
7.597022738936562547e+00
7.597022738936557218e+00
6.888867954299503715e+00
6.888867954299499274e+00
6.797899345236581681e+00
6.797899345236576352e+00
6.548895559488656204e+00
6.548895559488655316e+00
6.000000000000000888e+00
5.999999999999992895e+00
5.925012572216820317e+00
5.925012572216815876e+00
5.891912576914087651e+00
5.891912576914076105e+00
5.834371726789973067e+00
5.834371726789966850e+00
5.635728676886557764e+00
5.635728676886555100e+00
5.310054063248978551e+00
5.310054063248971445e+00
5.196917507009999326e+00
5.196917507009993109e+00
5.099019513592806696e+00
5.099019513592772057e+00
4.985119959834301007e+00
4.985119959834300118e+00
4.562720261707209346e+00
4.562720261707196912e+00
4.559260767445929119e+00
4.559260767445929119e+00
4.344801176782329577e+00
4.344801176782325136e+00
4.245518667277283775e+00
4.245518667277282887e+00
4.213288042310686876e+00
4.213288042310682435e+00
4.123105625617662362e+00
4.123105625617661474e+00
4.123105625617661474e+00
4.123105625617655257e+00
4.008288035459880660e+00
4.008288035459878884e+00
3.872217887079625331e+00
3.872217887079623111e+00
3.647483328620821919e+00
3.647483328620820142e+00
3.269194688199350107e+00
3.269194688199344334e+00
3.246166218802049919e+00
3.246166218802043701e+00
3.162277660168378191e+00
3.162277660168377746e+00
3.028910555856346498e+00
3.028910555856342945e+00
3.000000000000004885e+00
3.000000000000000888e+00
3.000000000000000444e+00
3.000000000000000000e+00
2.904060409468609105e+00
2.904060409468602888e+00
2.899279378943388163e+00
2.899279378943383723e+00
2.828427124746205834e+00
2.828427124746195620e+00
2.828427124746194288e+00
2.828427124746179633e+00
2.673073205158553289e+00
2.673073205158536858e+00
2.641600015270714419e+00
2.641600015270713975e+00
2.628589671295163299e+00
2.628589671295148200e+00
2.604330874041848709e+00
2.604330874041845156e+00
2.598624243423991675e+00
2.598624243423989899e+00
2.564851622068541559e+00
2.564851622068535342e+00
2.449489742783180990e+00
2.449489742783178325e+00
2.381022863358736252e+00
2.381022863358722486e+00
2.371901559464208997e+00
2.371901559464205000e+00
2.281032613430796552e+00
2.281032613430788558e+00
2.236067977499792914e+00
2.236067977499788917e+00
2.226332540877778765e+00
2.226332540877775656e+00
2.195116884252910516e+00
2.195116884252898082e+00
2.160562737424142732e+00
2.160562737424137403e+00
2.063869153813871815e+00
2.063869153813858937e+00
2.000000000000001332e+00
2.000000000000001332e+00
1.999999999999999778e+00
1.999999999999999334e+00
1.999999999999998890e+00
1.999999999999998668e+00
1.957001674103058919e+00
1.957001674103054478e+00
1.908076402394334625e+00
1.908076402394330184e+00
1.823074877498497948e+00
1.823074877498497282e+00
1.730675533129279353e+00
1.730675533129268473e+00
1.709847198269671020e+00
1.709847198269667246e+00
1.618033988749895125e+00
1.618033988749895125e+00
1.574047484786138096e+00
1.574047484786130546e+00
1.555573955442310474e+00
1.555573955442294265e+00
1.414213562373115352e+00
1.414213562373104915e+00
1.414213562373100253e+00
1.414213562373096922e+00
1.414213562373096922e+00
1.414213562373096700e+00
1.414213562373095590e+00
1.414213562373095590e+00
1.414213562373095590e+00
1.414213562373095590e+00
1.414213562373095368e+00
1.414213562373095368e+00
1.414213562373095368e+00
1.414213562373095368e+00
1.414213562373095368e+00
1.414213562373095368e+00
1.414213562373095368e+00
1.414213562373095368e+00
1.414213562373095145e+00
1.414213562373095145e+00
1.414213562373095145e+00
1.414213562373095145e+00
1.414213562373094701e+00
1.414213562373094701e+00
1.414213562373094701e+00
1.414213562373094701e+00
1.414213562373094479e+00
1.414213562373094257e+00
1.414213562373092703e+00
1.414213562373091149e+00
1.414213562373075384e+00
1.414213562373073607e+00
1.412679722909568891e+00
1.412679722909558677e+00
1.404291691331730929e+00
1.404291691331730485e+00
1.394138524856726846e+00
1.394138524856723516e+00
1.383875455743153626e+00
1.383875455743152072e+00
1.380067243236938079e+00
1.380067243236937857e+00
1.363521868053487296e+00
1.363521868053485298e+00
1.339322674994284812e+00
1.339322674994283924e+00
1.323249785560525194e+00
1.323249785560522973e+00
1.241977368449809882e+00
1.241977368449809216e+00
1.241309932143038530e+00
1.241309932143037642e+00
1.029870690919093335e+00
1.029870690919086895e+00
1.000000000000007105e+00
1.000000000000005995e+00
1.000000000000003775e+00
1.000000000000003331e+00
1.000000000000003109e+00
1.000000000000002665e+00
1.000000000000002220e+00
1.000000000000001998e+00
1.000000000000001776e+00
1.000000000000001332e+00
1.000000000000000888e+00
1.000000000000000666e+00
1.000000000000000666e+00
1.000000000000000666e+00
1.000000000000000666e+00
1.000000000000000666e+00
1.000000000000000666e+00
1.000000000000000666e+00
1.000000000000000666e+00
1.000000000000000666e+00
1.000000000000000666e+00
1.000000000000000444e+00
1.000000000000000444e+00
1.000000000000000444e+00
1.000000000000000444e+00
1.000000000000000444e+00
1.000000000000000444e+00
1.000000000000000444e+00
1.000000000000000222e+00
1.000000000000000222e+00
1.000000000000000222e+00
1.000000000000000222e+00
1.000000000000000222e+00
1.000000000000000222e+00
1.000000000000000222e+00
1.000000000000000222e+00
1.000000000000000222e+00
1.000000000000000222e+00
1.000000000000000222e+00
1.000000000000000222e+00
1.000000000000000222e+00
1.000000000000000222e+00
1.000000000000000222e+00
1.000000000000000000e+00
1.000000000000000000e+00
1.000000000000000000e+00
1.000000000000000000e+00
1.000000000000000000e+00
1.000000000000000000e+00
1.000000000000000000e+00
1.000000000000000000e+00
1.000000000000000000e+00
1.000000000000000000e+00
1.000000000000000000e+00
1.000000000000000000e+00
1.000000000000000000e+00
1.000000000000000000e+00
1.000000000000000000e+00
9.999999999999998890e-01
9.999999999999998890e-01
9.999999999999998890e-01
9.999999999999998890e-01
9.999999999999998890e-01
9.999999999999998890e-01
9.999999999999998890e-01
9.999999999999998890e-01
9.999999999999998890e-01
9.999999999999998890e-01
9.999999999999998890e-01
9.999999999999996669e-01
9.999999999999996669e-01
9.999999999999996669e-01
9.999999999999996669e-01
9.999999999999996669e-01
9.999999999999994449e-01
9.999999999999993339e-01
9.999999999999991118e-01
9.999999999999988898e-01
9.999999999999988898e-01
9.999999999999982236e-01
9.999999999999981126e-01
9.999999999999978906e-01
9.999999999999976685e-01
9.999999999999976685e-01
9.999999999999974465e-01
9.999999999999974465e-01
9.999999999999942268e-01
9.999999999999938938e-01
9.998639726767648561e-01
9.998639726767509783e-01
9.979394142406304846e-01
9.979394142406300405e-01
9.958464869124880048e-01
9.958464869124840080e-01
9.953445443753762278e-01
9.953445443753732302e-01
9.898735777494201971e-01
9.898735777494155341e-01
9.891021207468907450e-01
9.891021207468861931e-01
9.805569161441115567e-01
9.805569161441065607e-01
9.777877015940681371e-01
9.777877015940665828e-01
9.746159687704784025e-01
9.746159687704766261e-01
9.743316116330100751e-01
9.743316116330076326e-01
9.662437708928481861e-01
9.662437708928403035e-01
9.438976832569826447e-01
9.438976832569796471e-01
9.389377982777896703e-01
9.389377982777882270e-01
9.313070372597942459e-01
9.313070372597903601e-01
9.164141726108157027e-01
9.164141726108094854e-01
9.148669812530184631e-01
9.148669812530159096e-01
9.136831792404227492e-01
9.136831792404199737e-01
8.727057252524405007e-01
8.727057252524378361e-01
8.495625508701777351e-01
8.495625508701768469e-01
7.719768930452596267e-01
7.719768930452580724e-01
6.180339887498961238e-01
6.180339887498929041e-01
5.229260333104802649e-01
5.229260333104791547e-01
4.402396275562902028e-01
4.402396275562710515e-01
4.394319734935470678e-01
4.394319734934648558e-01
