# Singular values
1.919031121051326068e+02
1.919031121051325783e+02
1.740215530177848677e+02
1.740215530177848109e+02
1.283531760539875961e+02
1.283531760539873687e+02
1.170557857193341249e+02
1.170557857193340965e+02
1.144794520077078630e+02
1.144794520077077777e+02
9.501085815968581016e+01
9.501085815968525594e+01
7.114781462121403877e+01
7.114781462121401034e+01
5.577564869670033687e+01
5.577564869670026582e+01
5.068446121991772202e+01
5.068446121991760833e+01
4.222968404121881036e+01
4.222968404121874642e+01
3.596643911273838512e+01
3.596643911273834249e+01
3.339364789477691176e+01
3.339364789477684070e+01
2.738569278859459644e+01
2.738569278859457157e+01
2.601707589447745050e+01
2.601707589447741853e+01
2.585285854388141047e+01
2.585285854388139626e+01
2.290028491368687824e+01
2.290028491368686403e+01
2.016402310379307039e+01
2.016402310379304907e+01
1.981900025698185530e+01
1.981900025698182333e+01
1.891159816959076778e+01
1.891159816959073225e+01
1.845408153538078011e+01
1.845408153538067353e+01
1.802775637731993896e+01
1.802775637731991765e+01
1.785590087217930133e+01
1.785590087217926936e+01
1.768255007680175694e+01
1.768255007680173208e+01
1.738201089187626280e+01
1.738201089187624859e+01
1.704991780454252392e+01
1.704991780454247774e+01
1.670865992743820172e+01
1.670865992743816619e+01
1.627943052257691292e+01
1.627943052257683121e+01
1.570570875465690364e+01
1.570570875465688765e+01
1.468741976443337727e+01
1.468741976443332575e+01
1.432699297022871399e+01
1.432699297022870510e+01
1.342503498718768640e+01
1.342503498718767929e+01
1.199612951573568509e+01
1.199612951573566733e+01
1.168448118591917329e+01
1.168448118591912888e+01
1.104356685683697314e+01
1.104356685683679018e+01
1.102773861332215688e+01
1.102773861332211069e+01
1.069517097776093628e+01
1.069517097776090608e+01
1.028230998774809279e+01
1.028230998774808747e+01
1.006377157972849723e+01
1.006377157972848124e+01
9.732112427112840081e+00
9.732112427112827646e+00
9.592397104452249579e+00
9.592397104452237144e+00
8.357443557440340953e+00
8.357443557440287663e+00
8.319741463197798836e+00
8.319741463197786402e+00
8.107821526838318249e+00
8.107821526838302262e+00
8.069790119266633255e+00
8.069790119266604833e+00
8.053957650937666912e+00
8.053957650937633161e+00
7.821534908707439726e+00
7.821534908707429068e+00
7.626237399195691324e+00
7.626237399195662903e+00
7.536199347482463118e+00
7.536199347482441802e+00
7.484654851320750701e+00
7.484654851320729385e+00
7.386807838386678426e+00
7.386807838386648228e+00
7.277798478135256488e+00
7.277798478135213855e+00
7.210184786607372054e+00
7.210184786607360508e+00
7.073047541160406126e+00
7.073047541160383922e+00
6.969989010484024305e+00
6.969989010483786274e+00
6.722318840521751326e+00
6.722318840521751326e+00
6.522067642287037614e+00
6.522067642287016298e+00
6.452057151151620928e+00
6.452057151151612935e+00
6.398272425446355882e+00
6.398272425446331013e+00
6.387282041992545345e+00
6.387282041992516923e+00
6.178539731420760184e+00
6.178539731420746861e+00
6.141478175949085738e+00
6.141478175949067975e+00
5.999103329405703455e+00
5.999103329405690133e+00
5.748085801139024120e+00
5.748085801138969941e+00
5.704583824448385521e+00
5.704583824448358875e+00
5.450918341751604501e+00
5.450918341751577856e+00
5.406513012108370653e+00
5.406513012108358218e+00
5.302957376954313240e+00
5.302957376954301694e+00
5.156416905801050277e+00
5.156416905801050277e+00
5.085795587233976178e+00
5.085795587233959303e+00
5.000000000000016875e+00
4.999999999999993783e+00
4.930999100145347036e+00
4.930999100145335490e+00
4.681743284210465816e+00
4.681743284210399203e+00
4.590374714917681231e+00
4.590374714917679455e+00
4.556946693402553983e+00
4.556946693402553983e+00
4.396753846269776389e+00
4.396753846269771948e+00
4.292768002013906958e+00
4.292768002013887418e+00
4.241508297987448550e+00
4.241508297987413023e+00
4.216191034522001502e+00
4.216191034521987291e+00
4.123105625617675685e+00
4.123105625617661474e+00
4.121853018394103785e+00
4.121853018394058488e+00
4.083680184645311684e+00
4.083680184645304578e+00
4.057493979454839028e+00
4.057493979454818600e+00
3.999999999999999556e+00
3.999999999999998668e+00
3.981395797152253557e+00
3.981395797152196714e+00
3.875883665065417816e+00
3.875883665065415151e+00
3.828193329277440160e+00
3.828193329277429946e+00
3.812263286861143463e+00
3.812263286861101275e+00
3.767676582849064371e+00
3.767676582849053712e+00
3.750979952534473583e+00
3.750979952534440276e+00
3.681929971997333517e+00
3.681929971997314865e+00
3.606639838901968709e+00
3.606639838901953166e+00
3.605551275463990457e+00
3.605551275463984240e+00
3.515299149155362013e+00
3.515299149155354907e+00
3.437970600428294610e+00
3.437970600428282619e+00
3.302181385386389501e+00
3.302181385386371737e+00
3.270099029667985935e+00
3.270099029667983714e+00
3.264732000461446404e+00
3.264732000461422867e+00
3.221525678632002343e+00
3.221525678631998790e+00
3.162277660168384408e+00
3.162277660168381743e+00
3.162277660168381299e+00
3.162277660168377302e+00
3.142221441056190390e+00
3.142221441056184172e+00
3.080676968878043986e+00
3.080676968878035549e+00
3.065602997582553613e+00
3.065602997582550948e+00
3.027031089562806976e+00
3.027031089562787436e+00
3.000000000000010214e+00
3.000000000000000000e+00
2.999999999999996003e+00
2.999999999999989342e+00
2.999299706227278595e+00
2.999299706227272377e+00
2.994368684059107277e+00
2.994368684059091290e+00
2.986785269419986566e+00
2.986785269419966138e+00
2.913303565068954271e+00
2.913303565068840140e+00
2.877771844013730984e+00
2.877771844013645719e+00
2.827287146604774204e+00
2.827287146604744450e+00
2.799049652711950387e+00
2.799049652711927738e+00
2.781111078329614461e+00
2.781111078329592701e+00
2.755182576628000479e+00
2.755182576627996927e+00
2.500466879007796628e+00
2.500466879007794407e+00
2.449043402057561103e+00
2.449043402057559771e+00
2.447388187978862817e+00
2.447388187978848162e+00
2.443653985364941050e+00
2.443653985364919734e+00
2.416636459135520720e+00
2.416636459135495851e+00
2.321005743605293770e+00
2.321005743605202287e+00
2.316829696049405474e+00
2.316829696049353515e+00
2.273261634732046232e+00
2.273261634732034242e+00
2.237303636873910317e+00
2.237303636873807733e+00
2.236067977499794246e+00
2.236067977499792470e+00
2.236067977499791581e+00
2.236067977499791137e+00
2.236067977499790693e+00
2.236067977499789361e+00
2.235562624102752860e+00
2.235562624102750640e+00
2.228173013211028675e+00
2.228173013211022901e+00
2.226537513757730125e+00
2.226537513757726572e+00
2.217676665011470316e+00
2.217676665011446779e+00
2.205178094364418140e+00
2.205178094364407926e+00
2.173299077730727280e+00
2.173299077730720175e+00
2.139795155624886203e+00
2.139795155624882206e+00
2.002154424122288390e+00
2.002154424122267518e+00
2.000000000000008882e+00
2.000000000000001776e+00
2.000000000000001776e+00
2.000000000000001776e+00
2.000000000000000888e+00
2.000000000000000888e+00
2.000000000000000000e+00
2.000000000000000000e+00
1.999999999999999556e+00
1.999999999999998890e+00
1.999999999999995781e+00
1.999999999999989564e+00
1.999967392918104547e+00
1.999967392918103215e+00
1.999936126928214319e+00
1.999936126928207436e+00
1.989358711583388395e+00
1.989358711583385064e+00
1.921594174011437950e+00
1.921594174011419964e+00
1.913968814696671572e+00
1.913968814696662468e+00
1.774439993705114516e+00
1.774439993705092977e+00
1.732050807568875861e+00
1.732050807568875195e+00
1.732041063402392167e+00
1.732041063402383951e+00
1.708811435968206727e+00
1.708811435968202730e+00
1.638852479344782065e+00
1.638852479344780955e+00
1.618033988749896679e+00
1.618033988749890684e+00
1.612079710953403078e+00
1.612079710953401079e+00
1.603785163984079443e+00
1.603785163984076112e+00
1.599951122188123520e+00
1.599951122188117969e+00
1.556110038469581180e+00
1.556110038469579848e+00
1.503927923314414938e+00
1.503927923314383852e+00
1.414485650010789186e+00
1.414485650010783413e+00
1.414213562373117350e+00
1.414213562373101141e+00
1.414213562373100253e+00
1.414213562373098032e+00
1.414213562373097810e+00
1.414213562373096922e+00
1.414213562373095812e+00
1.414213562373095368e+00
1.414213562373095368e+00
1.414213562373095368e+00
1.414213562373095145e+00
1.414213562373095145e+00
1.414213562373095145e+00
1.414213562373095145e+00
1.414213562373094923e+00
1.414213562373094923e+00
1.414213562373094923e+00
1.414213562373094923e+00
1.414213562373094479e+00
1.414213562373094479e+00
1.414213562373094479e+00
1.414213562373094479e+00
1.414213562373094479e+00
1.414213562373094257e+00
1.414213562373094257e+00
1.414213562373094257e+00
1.414213562373094257e+00
1.414213562373094035e+00
1.414213562373093369e+00
1.414213562373093369e+00
1.414213562373093369e+00
1.414213562373090927e+00
1.414213562373090260e+00
1.414213562373089372e+00
1.414213562373086486e+00
1.414213562373074717e+00
1.414184189091713506e+00
1.414184189091705734e+00
1.413772326493684117e+00
1.413772326493681675e+00
1.411164804125456085e+00
1.411164804125353056e+00
1.408603970084371326e+00
1.408603970084252310e+00
1.406269503891105721e+00
1.406269503891038886e+00
1.401610836841524987e+00
1.401610836841519658e+00
1.395577684808061658e+00
1.395577684808003704e+00
1.372290955227050135e+00
1.372290955227044806e+00
1.372075699691427397e+00
1.372075699691422290e+00
1.333157347606632737e+00
1.333157347606623633e+00
1.317793773585911987e+00
1.317793773585894890e+00
1.290858701727259472e+00
1.290858701727256364e+00
1.280793626485557279e+00
1.280793626485551728e+00
1.279245208819799196e+00
1.279245208819792756e+00
1.265276503387818163e+00
1.265276503387814167e+00
1.240883567465651760e+00
1.240883567465631776e+00
1.210594236522831491e+00
1.210594236522827938e+00
1.176368709395558376e+00
1.176368709395546386e+00
1.130103823389245310e+00
1.130103823389226436e+00
1.063993586300674643e+00
1.063993586300631122e+00
1.000996541269600026e+00
1.000996541269594919e+00
1.000524328088599146e+00
1.000524328088588488e+00
1.000047373085729996e+00
1.000047373085717117e+00
1.000000000000017986e+00
1.000000000000016431e+00
1.000000000000014877e+00
1.000000000000014877e+00
1.000000000000012657e+00
1.000000000000010658e+00
1.000000000000010436e+00
1.000000000000009992e+00
1.000000000000008216e+00
1.000000000000007327e+00
1.000000000000006661e+00
1.000000000000004219e+00
1.000000000000003997e+00
1.000000000000003109e+00
1.000000000000002665e+00
1.000000000000001998e+00
1.000000000000001554e+00
1.000000000000001554e+00
1.000000000000001332e+00
1.000000000000001110e+00
1.000000000000001110e+00
1.000000000000001110e+00
1.000000000000000888e+00
1.000000000000000888e+00
1.000000000000000888e+00
1.000000000000000888e+00
1.000000000000000888e+00
1.000000000000000888e+00
1.000000000000000666e+00
1.000000000000000666e+00
1.000000000000000666e+00
1.000000000000000444e+00
1.000000000000000444e+00
1.000000000000000444e+00
1.000000000000000444e+00
1.000000000000000444e+00
1.000000000000000444e+00
1.000000000000000444e+00
1.000000000000000444e+00
1.000000000000000444e+00
1.000000000000000444e+00
1.000000000000000222e+00
1.000000000000000222e+00
1.000000000000000222e+00
1.000000000000000222e+00
1.000000000000000222e+00
1.000000000000000222e+00
1.000000000000000000e+00
1.000000000000000000e+00
1.000000000000000000e+00
1.000000000000000000e+00
1.000000000000000000e+00
1.000000000000000000e+00
1.000000000000000000e+00
1.000000000000000000e+00
1.000000000000000000e+00
1.000000000000000000e+00
1.000000000000000000e+00
9.999999999999998890e-01
9.999999999999998890e-01
9.999999999999998890e-01
9.999999999999997780e-01
9.999999999999997780e-01
9.999999999999997780e-01
9.999999999999997780e-01
9.999999999999997780e-01
9.999999999999997780e-01
9.999999999999996669e-01
9.999999999999996669e-01
9.999999999999996669e-01
9.999999999999996669e-01
9.999999999999996669e-01
9.999999999999994449e-01
9.999999999999994449e-01
9.999999999999994449e-01
9.999999999999994449e-01
9.999999999999994449e-01
9.999999999999994449e-01
9.999999999999994449e-01
9.999999999999994449e-01
9.999999999999994449e-01
9.999999999999994449e-01
9.999999999999994449e-01
9.999999999999994449e-01
9.999999999999994449e-01
9.999999999999994449e-01
9.999999999999993339e-01
9.999999999999993339e-01
9.999999999999993339e-01
9.999999999999992228e-01
9.999999999999992228e-01
9.999999999999992228e-01
9.999999999999990008e-01
9.999999999999990008e-01
9.999999999999988898e-01
9.999999999999988898e-01
9.999999999999988898e-01
9.999999999999988898e-01
9.999999999999988898e-01
9.999999999999987788e-01
9.999999999999984457e-01
9.999999999999978906e-01
9.999999999999975575e-01
9.999999999999970024e-01
9.999999999999944489e-01
9.999999999999944489e-01
9.999999999999942268e-01
9.999999999999923395e-01
9.999999999999917843e-01
9.999999999999900080e-01
9.999999999999892308e-01
9.999999999999866773e-01
9.999999999999857891e-01
9.999999999999827915e-01
9.999999999999827915e-01
9.999999999999803491e-01
9.999966939595470450e-01
9.999966939595374971e-01
9.997907340919697239e-01
9.997907340919683916e-01
9.974466368311650788e-01
9.974466368311597497e-01
9.904442734636564882e-01
9.904442734636518253e-01
9.886677004329283980e-01
9.886677004329247342e-01
9.817178116599025728e-01
9.817178116598732629e-01
9.782966949904824405e-01
9.782966949904720044e-01
9.757186100442676313e-01
9.757186100442318821e-01
9.751462335756044819e-01
9.751462335755931576e-01
9.735767346181255499e-01
9.735767346181167792e-01
9.610038787283977646e-01
9.610038787283959882e-01
9.539104224394082676e-01
9.539104224393962772e-01
9.518508048767537755e-01
9.518508048767454488e-01
9.486006821086282459e-01
9.486006821085526397e-01
9.457433796975831530e-01
9.457433796974782370e-01
9.362523973299908819e-01
9.362523973299835545e-01
9.200176394118891876e-01
9.200176394118884105e-01
8.753612159279301475e-01
8.753612159279280380e-01
8.444902410024434092e-01
8.444902410022965267e-01
8.365451257633067517e-01
8.365451257632883220e-01
7.619605557122516304e-01
7.619605557122438588e-01
7.397086328995214899e-01
7.397086328995086113e-01
7.311037046153943120e-01
7.311037046153904262e-01
7.105987525764059232e-01
7.105987525764048129e-01
6.180339887498982332e-01
6.180339887498940143e-01
6.146128858553189245e-01
6.146128858553039365e-01
5.865765784478288447e-01
5.865765784478217393e-01
5.797536408171163336e-01
5.797536408171106714e-01
5.675964163513579352e-01
5.675964163513369520e-01
4.915868601746610778e-01
4.915868601746546385e-01
4.229967169106561564e-01
4.229967169106534919e-01
4.061009171083962976e-01
4.061009171083929670e-01
3.511126384038810166e-01
3.511126384038428250e-01
2.407612968522628294e-01
2.407612968522520047e-01
1.899194213935296305e-01
1.899194213935226916e-01
1.168771688781266999e-01
1.168771688781206491e-01
1.151185447990771238e-13
