# Singular values
2.203163948220560542e+02
2.203163948220557984e+02
7.475712468427809654e+01
7.475712468427809654e+01
7.067066303953907891e+01
7.067066303953893680e+01
5.816270433697468434e+01
5.816270433697456355e+01
5.383272511408980421e+01
5.383272511408960526e+01
4.655936633424983029e+01
4.655936633424976634e+01
4.289007138000221175e+01
4.289007138000216912e+01
3.822302970723302451e+01
3.822302970723282556e+01
3.691855825376034517e+01
3.691855825376031675e+01
3.405148935055781578e+01
3.405148935055778736e+01
2.881362599710871919e+01
2.881362599710869077e+01
2.578010729546599578e+01
2.578010729546599578e+01
2.347092109145089012e+01
2.347092109145082262e+01
2.160899716462511932e+01
2.160899716462482800e+01
2.126535063140941162e+01
2.126535063140929083e+01
1.989251036302562881e+01
1.989251036302506392e+01
1.839563986927346662e+01
1.839563986927312200e+01
1.820647083535049759e+01
1.820647083535014588e+01
1.722928810925884946e+01
1.722928810925878906e+01
1.641401204082948695e+01
1.641401204082947984e+01
1.564689761821859015e+01
1.564689761821857772e+01
1.543277809947525903e+01
1.543277809947512758e+01
1.520109017201515655e+01
1.520109017201510149e+01
1.487910134972620035e+01
1.487910134972574205e+01
1.383339301104247987e+01
1.383339301104236085e+01
1.189731261441103527e+01
1.189731261441100862e+01
1.147037949921073796e+01
1.147037949921070066e+01
1.107113749070757969e+01
1.107113749070755837e+01
1.016145378063877125e+01
1.016145378063873395e+01
1.008083420136794928e+01
1.008083420136790131e+01
9.962962447803612065e+00
9.962962447803569432e+00
9.406308414644060534e+00
9.406308414644048099e+00
9.396383088665205108e+00
9.396383088665201555e+00
9.125101449256966646e+00
9.125101449256916908e+00
8.788852547063594756e+00
8.788852547063584097e+00
8.666956158603207783e+00
8.666956158603195348e+00
8.166078874562652246e+00
8.166078874562639811e+00
7.910982294656155211e+00
7.910982294656148106e+00
7.497974066847310937e+00
7.497974066847256758e+00
7.447270050070598835e+00
7.447270050070583736e+00
7.204567789151091972e+00
7.204567789151091084e+00
6.910890060637870036e+00
6.910890060637848720e+00
6.891258695106968979e+00
6.891258695106953880e+00
6.669910404979471963e+00
6.669910404979457752e+00
6.608382478173940200e+00
6.608382478173910002e+00
6.134774612623012047e+00
6.134774612623007606e+00
6.082762530298229997e+00
6.082762530298221115e+00
5.990059248438702078e+00
5.990059248438699413e+00
5.874538801264360011e+00
5.874538801264332477e+00
5.849959500046108651e+00
5.849959500046090888e+00
5.800654804464729253e+00
5.800654804464691061e+00
5.281610136877256778e+00
5.281610136877255890e+00
5.197589210656268222e+00
5.197589210656256675e+00
5.043574897776317734e+00
5.043574897776315957e+00
5.001105480930998048e+00
5.001105480930945646e+00
5.000000000000007105e+00
5.000000000000006217e+00
4.995816292526856550e+00
4.995816292526847668e+00
4.928353505955190172e+00
4.928353505955186620e+00
4.782922571407122625e+00
4.782922571407117296e+00
4.573319282698077082e+00
4.573319282698045107e+00
4.559380715681549567e+00
4.559380715681541574e+00
4.465712273828146728e+00
4.465712273828136070e+00
4.449128662226124575e+00
4.449128662226114805e+00
4.427643037145675642e+00
4.427643037145621463e+00
4.367785903242321410e+00
4.367785903242284107e+00
4.365939806258467115e+00
4.365939806258458233e+00
4.251078187745591208e+00
4.251078187745578774e+00
4.158046503907893765e+00
4.158046503907879554e+00
4.113111718346977419e+00
4.113111718346969425e+00
4.037996387196399972e+00
4.037996387196393755e+00
3.981641820722068736e+00
3.981641820722046532e+00
3.930235057709743796e+00
3.930235057709692725e+00
3.881718220507850869e+00
3.881718220507679895e+00
3.754349637850146415e+00
3.754349637850131760e+00
3.741657386773946214e+00
3.741657386773936445e+00
3.733623730638796268e+00
3.733623730638790050e+00
3.724049653211989330e+00
3.724049653211977784e+00
3.594508403381713624e+00
3.594508403381703410e+00
3.560761169414446758e+00
3.560761169414444094e+00
3.494360921104248341e+00
3.494360921104245676e+00
3.335392791827761716e+00
3.335392791827741288e+00
3.305901735290226462e+00
3.305901735290213583e+00
3.292185445720611447e+00
3.292185445720596348e+00
3.161832459019025876e+00
3.161832459018996566e+00
3.000000000000020872e+00
3.000000000000001776e+00
2.958737691621720511e+00
2.958737691621715626e+00
2.828427124746197840e+00
2.828427124746196508e+00
2.828427124746195176e+00
2.828427124746193400e+00
2.825682549861915138e+00
2.825682549861913362e+00
2.824686586011124323e+00
2.824686586011101674e+00
2.774362232118189109e+00
2.774362232118159799e+00
2.715524264764294760e+00
2.715524264764292983e+00
2.641497786866213726e+00
2.641497786866207953e+00
2.604036605755418510e+00
2.604036605755406963e+00
2.449489742783183654e+00
2.449489742783179658e+00
2.448741300438398216e+00
2.448741300438390223e+00
2.398581572646521387e+00
2.398581572646362403e+00
2.309705822176879586e+00
2.309705822176867152e+00
2.274285553764740175e+00
2.274285553764726853e+00
2.240827912389013576e+00
2.240827912389003362e+00
2.236067977499804904e+00
2.236067977499786696e+00
2.233103444145533079e+00
2.233103444145531302e+00
2.218479715779149153e+00
2.218479715779143380e+00
2.099898837663841444e+00
2.099898837663827234e+00
2.001232836851976948e+00
2.001232836851968067e+00
2.000000000000003553e+00
2.000000000000002665e+00
2.000000000000001332e+00
2.000000000000001332e+00
1.999999999999999778e+00
1.999999999999999556e+00
1.999999999999998446e+00
1.999999999999998446e+00
1.999984302701726113e+00
1.999984302701698802e+00
1.997984977700096865e+00
1.997984977700093534e+00
1.997873693734993017e+00
1.997873693734988576e+00
1.996953362893639117e+00
1.996953362893627348e+00
1.984001874834750101e+00
1.984001874834744550e+00
1.979446136259193301e+00
1.979446136259174871e+00
1.886724591805777340e+00
1.886724591805725604e+00
1.795523684450323287e+00
1.795523684450293311e+00
1.773303169195739493e+00
1.773303169195717954e+00
1.732050807568881856e+00
1.732050807568880968e+00
1.732050807568877415e+00
1.732050807568875861e+00
1.731940181345033025e+00
1.731940181345013263e+00
1.730889991814020812e+00
1.730889991814013928e+00
1.730625591708662148e+00
1.730625591708645050e+00
1.663837754101376021e+00
1.663837754101363142e+00
1.646993917788772466e+00
1.646993917788755590e+00
1.610852896529195277e+00
1.610852896529193945e+00
1.558898897528200322e+00
1.558898897528190108e+00
1.444546471785691288e+00
1.444546471785656871e+00
1.430106059304591559e+00
1.430106059304282695e+00
1.414241284800526355e+00
1.414241284800515919e+00
1.414213562373150657e+00
1.414213562373098920e+00
1.414213562373098254e+00
1.414213562373097588e+00
1.414213562373097588e+00
1.414213562373097588e+00
1.414213562373096922e+00
1.414213562373096922e+00
1.414213562373096700e+00
1.414213562373095812e+00
1.414213562373095368e+00
1.414213562373095368e+00
1.414213562373094923e+00
1.414213562373094701e+00
1.414213562373094479e+00
1.414213562373094479e+00
1.414213562373094479e+00
1.414213562373094479e+00
1.414213562373094257e+00
1.414213562373093369e+00
1.414213562373093147e+00
1.414213562373092481e+00
1.414213562373092037e+00
1.414213562373091371e+00
1.414213562373090927e+00
1.414213562373090483e+00
1.414213562373086264e+00
1.414213562373037858e+00
1.414060206592003377e+00
1.414060206591994495e+00
1.414006880645982900e+00
1.414006880645973130e+00
1.413833218625943466e+00
1.413833218625936583e+00
1.413343889338035453e+00
1.413343889337999926e+00
1.412282805841715394e+00
1.412282805841708067e+00
1.410063443820721574e+00
1.410063443820714246e+00
1.407202767717937508e+00
1.407202767717935288e+00
1.406590198537485126e+00
1.406590198537480685e+00
1.406318715367274041e+00
1.406318715367268934e+00
1.403187787377580209e+00
1.403187787377575768e+00
1.399834542339288612e+00
1.399834542339287058e+00
1.395509310036367134e+00
1.395509310036364026e+00
1.391992328203143225e+00
1.391992328203130347e+00
1.390803212622270912e+00
1.390803212622265139e+00
1.384449427959640655e+00
1.384449427959633550e+00
1.345230076007359221e+00
1.345230076007347453e+00
1.313686579976491187e+00
1.313686579976478974e+00
1.302580206310024691e+00
1.302580206310017141e+00
1.294560777229417647e+00
1.294560777229390336e+00
1.249679144343034398e+00
1.249679144343033510e+00
1.247606972314053930e+00
1.247606972314048379e+00
1.103879541759943850e+00
1.103879541759942962e+00
1.000000000000149880e+00
1.000000000000110356e+00
1.000000000000051070e+00
1.000000000000033529e+00
1.000000000000028200e+00
1.000000000000025091e+00
1.000000000000019984e+00
1.000000000000019762e+00
1.000000000000017542e+00
1.000000000000015543e+00
1.000000000000010880e+00
1.000000000000008660e+00
1.000000000000005773e+00
1.000000000000004441e+00
1.000000000000002665e+00
1.000000000000002442e+00
1.000000000000002442e+00
1.000000000000001998e+00
1.000000000000001554e+00
1.000000000000001554e+00
1.000000000000001554e+00
1.000000000000001332e+00
1.000000000000001332e+00
1.000000000000001332e+00
1.000000000000001332e+00
1.000000000000001332e+00
1.000000000000001332e+00
1.000000000000001332e+00
1.000000000000000888e+00
1.000000000000000888e+00
1.000000000000000888e+00
1.000000000000000888e+00
1.000000000000000888e+00
1.000000000000000888e+00
1.000000000000000888e+00
1.000000000000000666e+00
1.000000000000000666e+00
1.000000000000000666e+00
1.000000000000000666e+00
1.000000000000000666e+00
1.000000000000000666e+00
1.000000000000000444e+00
1.000000000000000444e+00
1.000000000000000444e+00
1.000000000000000444e+00
1.000000000000000444e+00
1.000000000000000444e+00
1.000000000000000444e+00
1.000000000000000444e+00
1.000000000000000444e+00
1.000000000000000444e+00
1.000000000000000222e+00
1.000000000000000222e+00
1.000000000000000222e+00
1.000000000000000222e+00
1.000000000000000222e+00
1.000000000000000222e+00
1.000000000000000222e+00
1.000000000000000000e+00
1.000000000000000000e+00
1.000000000000000000e+00
1.000000000000000000e+00
1.000000000000000000e+00
9.999999999999998890e-01
9.999999999999998890e-01
9.999999999999998890e-01
9.999999999999998890e-01
9.999999999999998890e-01
9.999999999999998890e-01
9.999999999999998890e-01
9.999999999999998890e-01
9.999999999999998890e-01
9.999999999999998890e-01
9.999999999999998890e-01
9.999999999999997780e-01
9.999999999999997780e-01
9.999999999999997780e-01
9.999999999999997780e-01
9.999999999999997780e-01
9.999999999999997780e-01
9.999999999999997780e-01
9.999999999999997780e-01
9.999999999999995559e-01
9.999999999999995559e-01
9.999999999999995559e-01
9.999999999999995559e-01
9.999999999999995559e-01
9.999999999999995559e-01
9.999999999999993339e-01
9.999999999999993339e-01
9.999999999999993339e-01
9.999999999999993339e-01
9.999999999999993339e-01
9.999999999999993339e-01
9.999999999999993339e-01
9.999999999999990008e-01
9.999999999999990008e-01
9.999999999999990008e-01
9.999999999999990008e-01
9.999999999999988898e-01
9.999999999999988898e-01
9.999999999999985567e-01
9.999999999999985567e-01
9.999999999999985567e-01
9.999999999999983347e-01
9.999999999999980016e-01
9.999999999999978906e-01
9.999999999999953371e-01
9.999999999999941158e-01
9.999999999999896749e-01
9.999999999999861222e-01
9.999999999999850120e-01
9.999999999999827915e-01
9.999999999999787947e-01
9.999999999999753530e-01
9.999999999999715783e-01
9.999999999999654721e-01
9.999999999999487077e-01
9.999999999998787636e-01
9.999999999998523403e-01
9.999710037057869538e-01
9.999710037057857326e-01
9.999498631426765316e-01
9.999498631426736450e-01
9.998716078501096449e-01
9.998716078501029836e-01
9.997215493675108977e-01
9.997215493675077891e-01
9.994486900897781023e-01
9.994486900897762149e-01
9.992890039071201658e-01
9.992890039071176123e-01
9.992405269334062590e-01
9.992405269334028173e-01
9.976740244699916493e-01
9.976740244699889848e-01
9.975617205522332442e-01
9.975617205522304687e-01
9.964261057704324465e-01
9.964261057704296709e-01
9.960338018876822019e-01
9.960338018876786492e-01
9.893537740024612726e-01
9.893537740024470617e-01
9.883221239902605371e-01
9.883221239902570954e-01
9.876287184008756270e-01
9.876287184008725184e-01
9.869620770475232563e-01
9.869620770475202587e-01
9.729252739435464425e-01
9.729252739435374497e-01
9.630550825559491823e-01
9.630550825559357486e-01
9.511143839703611880e-01
9.511143839703566361e-01
9.391109754487100281e-01
9.391109754487008132e-01
9.189096524935469468e-01
9.189096524935411736e-01
9.151558770927442632e-01
9.151558770926756514e-01
8.953182628765348205e-01
8.953182628765221640e-01
8.785936545073926851e-01
8.785936545073604886e-01
8.683771589561528614e-01
8.683771589561448678e-01
8.585039542824479675e-01
8.585039542824444148e-01
7.766537954094452356e-01
7.766537954094423490e-01
7.668045762352017070e-01
7.668045762351792805e-01
6.739141388524922949e-01
6.739141388524444443e-01
6.604378247235958010e-01
6.604378247235882515e-01
6.283708585998243334e-01
6.283708585998111218e-01
6.170003976689573122e-01
6.170003976689482084e-01
4.775212220147748154e-01
4.775212220144495756e-01
2.898932056407784175e-01
2.898932056407592106e-01
2.536413152163121687e-01
2.536413152159328610e-01
1.284883944971673395e-12
