# Singular values
4.323193264243460732e+01
4.323193264243456468e+01
1.007999621604692209e+01
1.007999621604691143e+01
7.074675064433693095e+00
7.074675064433690430e+00
7.001551889862896338e+00
7.001551889862895450e+00
6.760249877230322113e+00
6.760249877230313231e+00
3.069955570180034066e+00
3.069955570180033622e+00
2.828427124746192067e+00
2.828427124746191623e+00
2.236067977499792914e+00
2.236067977499789361e+00
2.148961141749635484e+00
2.148961141749635040e+00
2.000000000000002665e+00
2.000000000000001776e+00
2.000000000000000888e+00
2.000000000000000444e+00
2.000000000000000000e+00
1.999999999999998890e+00
1.999999999999998890e+00
1.999999999999998668e+00
1.732050807568878303e+00
1.732050807568877859e+00
1.732050807568877637e+00
1.732050807568876971e+00
1.725766824793351084e+00
1.725766824793348642e+00
1.618988471101834081e+00
1.618988471101833415e+00
1.618033988749896013e+00
1.618033988749894458e+00
1.543361918426817248e+00
1.543361918426817025e+00
1.496530520084141003e+00
1.496530520084140337e+00
1.414213562373096700e+00
1.414213562373096256e+00
1.414213562373096034e+00
1.414213562373095812e+00
1.414213562373095145e+00
1.414213562373095145e+00
1.414213562373095145e+00
1.414213562373095145e+00
1.414213562373094923e+00
1.414213562373094479e+00
1.414213562373094257e+00
1.414213562373094257e+00
1.414213562373094257e+00
1.414213562373093147e+00
1.000000000000023981e+00
1.000000000000007772e+00
1.000000000000002442e+00
1.000000000000001110e+00
1.000000000000000888e+00
1.000000000000000888e+00
1.000000000000000444e+00
1.000000000000000444e+00
1.000000000000000444e+00
1.000000000000000222e+00
1.000000000000000222e+00
1.000000000000000222e+00
1.000000000000000000e+00
9.999999999999998890e-01
9.999999999999998890e-01
9.999999999999998890e-01
9.999999999999997780e-01
9.999999999999997780e-01
9.999999999999996669e-01
9.999999999999996669e-01
9.999999999999996669e-01
9.999999999999996669e-01
9.999999999999994449e-01
9.999999999999994449e-01
9.999999999999988898e-01
9.999999999999980016e-01
9.999999999999966693e-01
9.999999999999737987e-01
9.818707625139300177e-01
9.818707625139295736e-01
8.928709712827495038e-01
8.928709712827491707e-01
6.274362792188706850e-01
6.274362792188695748e-01
6.180339887498951246e-01
6.180339887498950135e-01
4.487216224622470606e-01
4.487216224622468386e-01
