# Singular values
2.071817373275528098e+03
2.071817373275526734e+03
8.301176790718728853e+02
8.301176790718724305e+02
3.062659810879670772e+02
3.062659810879670204e+02
2.529294729135133650e+02
2.529294729135130240e+02
1.962196760516474683e+02
1.962196760516473546e+02
1.728405154098037713e+02
1.728405154098035439e+02
1.434976053566062149e+02
1.434976053566061864e+02
1.285975876057042342e+02
1.285975876057041205e+02
1.220502867349578651e+02
1.220502867349578366e+02
1.057734621139905187e+02
1.057734621139904050e+02
9.301305808450175050e+01
9.301305808450169366e+01
8.599552515898535887e+01
8.599552515898520255e+01
7.623759915736019366e+01
7.623759915736012260e+01
7.433488335327085395e+01
7.433488335327076868e+01
7.133949811359356374e+01
7.133949811359343585e+01
6.990248889100774932e+01
6.990248889100695351e+01
6.623397336431914084e+01
6.623397336431901294e+01
5.976154425558983974e+01
5.976154425558976158e+01
5.383199125491448456e+01
5.383199125491443482e+01
5.049752020911068939e+01
5.049752020911058992e+01
4.952327197189065799e+01
4.952327197189055141e+01
4.636830221353098125e+01
4.636830221353089598e+01
4.102445740347467051e+01
4.102445740347466341e+01
3.971226146500158194e+01
3.971226146500126220e+01
3.891795185106055044e+01
3.891795185106053623e+01
3.722902093797259937e+01
3.722902093797250700e+01
3.695883551677630408e+01
3.695883551677627565e+01
3.673219854474827173e+01
3.673219854474815094e+01
3.491222186205648370e+01
3.491222186205638423e+01
3.340816756369510898e+01
3.340816756369506635e+01
3.305563037220760236e+01
3.305563037220748157e+01
2.889211008889213517e+01
2.889211008889212451e+01
2.826764332673335645e+01
2.826764332673328184e+01
2.808051505146302063e+01
2.808051505146297444e+01
2.688402905406692511e+01
2.688402905406678656e+01
2.630693894197701255e+01
2.630693894197693794e+01
2.525729176361511108e+01
2.525729176361504713e+01
2.500591690317007121e+01
2.500591690317002502e+01
2.306061036126238051e+01
2.306061036126235919e+01
2.189560747046755651e+01
2.189560747046754940e+01
2.133590977846755976e+01
2.133590977846747094e+01
2.107978001201056628e+01
2.107978001201053786e+01
2.016645561742185677e+01
2.016645561742182480e+01
1.913358302109861953e+01
1.913358302109859466e+01
1.870176490484357501e+01
1.870176490484352172e+01
1.825571464278296929e+01
1.825571464278293021e+01
1.813613295780502455e+01
1.813613295780497836e+01
1.775138951026801948e+01
1.775138951026798750e+01
1.737776176517702709e+01
1.737776176517699156e+01
1.691491777064519653e+01
1.691491777064512902e+01
1.655373073500977199e+01
1.655373073500970804e+01
1.638154393507919337e+01
1.638154393507912232e+01
1.626915174654118346e+01
1.626915174654109819e+01
1.596995283502314678e+01
1.596995283502313079e+01
1.554930658309872094e+01
1.554930658309868008e+01
1.530089053704650759e+01
1.530089053704649515e+01
1.512445740911608105e+01
1.512445740911605085e+01
1.500547253887021526e+01
1.500547253887010868e+01
1.491775852077921805e+01
1.491775852077920916e+01
1.468519851453271485e+01
1.468519851453268110e+01
1.458525840077721369e+01
1.458525840077715330e+01
1.427749883354601934e+01
1.427749883354599980e+01
1.410962320760040178e+01
1.410962320760035560e+01
1.380164381477191959e+01
1.380164381477185209e+01
1.358404432827081010e+01
1.358404432827071773e+01
1.341255514706593388e+01
1.341255514706583263e+01
1.288706763241272668e+01
1.288706763241262898e+01
1.277109687217842904e+01
1.277109687217840950e+01
1.257000529794505184e+01
1.257000529794502341e+01
1.233765298581838898e+01
1.233765298581828596e+01
1.225098577172312275e+01
1.225098577172299485e+01
1.203684172954228515e+01
1.203684172954223186e+01
1.192312258312288442e+01
1.192312258312283113e+01
1.174010848726480383e+01
1.174010848726479672e+01
1.157568316336892700e+01
1.157568316336892345e+01
1.151945973045433114e+01
1.151945973045425653e+01
1.142404588599116977e+01
1.142404588599116089e+01
1.135052016141422015e+01
1.135052016141421483e+01
1.126608937495259255e+01
1.126608937495252860e+01
1.118706829405004655e+01
1.118706829405001102e+01
1.107819531733988327e+01
1.107819531733986196e+01
1.102706298690381459e+01
1.102706298690375597e+01
1.080360620212188039e+01
1.080360620212184486e+01
1.068165063744380916e+01
1.068165063744373455e+01
1.057544714226987459e+01
1.057544714226981064e+01
1.045680196665705530e+01
1.045680196665699846e+01
1.041274972168013946e+01
1.041274972167999913e+01
1.013996639859631621e+01
1.013996639859631621e+01
1.003596398083672447e+01
1.003596398083671559e+01
9.922311987750608964e+00
9.922311987750481066e+00
9.892634941415254346e+00
9.892634941415193950e+00
9.771685601315423852e+00
9.771685601315374115e+00
9.557724761979489614e+00
9.557724761979468298e+00
9.417192594200159306e+00
9.417192594200097133e+00
9.367882936024404472e+00
9.367882936024345852e+00
9.278727938901118577e+00
9.278727938900914296e+00
9.205000132931180801e+00
9.205000132931077772e+00
9.168995091252599039e+00
9.168995091252542196e+00
9.050527262400228423e+00
9.050527262400210660e+00
8.836546259155937832e+00
8.836546259155110050e+00
8.609301815034998029e+00
8.609301815034799077e+00
8.583808947092185448e+00
8.583808947092151698e+00
8.531011310681211768e+00
8.531011310681167359e+00
8.450025279339946849e+00
8.450025279339854478e+00
8.372387597910565304e+00
8.372387597910565304e+00
8.352528515382962482e+00
8.352528515382935836e+00
8.228374365541558433e+00
8.228374365540940261e+00
8.184484258957070324e+00
8.184484258957064995e+00
8.050869506397617670e+00
8.050869506397507536e+00
7.943326141858092271e+00
7.943326141857847134e+00
7.899900146314823068e+00
7.899900146314812410e+00
7.791330033562084978e+00
7.791330033562069879e+00
7.751101892574009611e+00
7.751101892573798224e+00
7.634064412924595366e+00
7.634064412924545628e+00
7.520435287393693713e+00
7.520435287393676838e+00
7.506633679913345958e+00
7.506633679913320201e+00
7.468689166088362974e+00
7.468689166088332776e+00
7.395605959940282581e+00
7.395605959940168894e+00
7.385845487168736234e+00
7.385845487168657186e+00
7.324291121656322012e+00
7.324291121656238523e+00
7.258804888751229534e+00
7.258804888751203777e+00
7.196289905371060946e+00
7.196289905371017426e+00
7.071395728237419576e+00
7.071395728237356515e+00
7.000000000000020428e+00
6.999999999999990230e+00
6.977198307755489104e+00
6.977198307755433149e+00
6.845268422815736109e+00
6.845268422815714793e+00
6.710428644990567904e+00
6.710428644990543923e+00
6.677165648327885172e+00
6.677165648327854086e+00
6.560558231698754739e+00
6.560558231698730758e+00
6.516671273408436882e+00
6.516671273408422671e+00
6.462554377876196909e+00
6.462554377876187139e+00
6.456989545604126413e+00
6.456989545604112202e+00
6.408810002040756792e+00
6.408810002040747023e+00
6.401167672022463506e+00
6.401167672022458177e+00
6.341052312624054998e+00
6.341052312624043452e+00
6.259649257134330291e+00
6.259649257134324074e+00
6.215331636716240560e+00
6.215331636716211250e+00
6.184754519622278401e+00
6.184754519622245539e+00
6.166651132410382097e+00
6.166651132410364333e+00
6.135088400492699989e+00
6.135088400492682226e+00
6.109164889351974104e+00
6.109164889351947458e+00
6.079116603724485479e+00
6.079116603724448176e+00
6.075968554592904525e+00
6.075968554592886761e+00
6.065298227090326399e+00
6.065298227090299754e+00
6.001619672874620726e+00
6.001619672874610956e+00
5.982742142077119851e+00
5.982742142077098535e+00
5.973062673628286134e+00
5.973062673628267483e+00
5.925021536796582389e+00
5.925021536796576171e+00
5.912393937048145531e+00
5.912393937048134873e+00
5.894492995041547445e+00
5.894492995041536787e+00
5.882426619650106936e+00
5.882426619650095390e+00
5.864573090877456707e+00
5.864573090877445161e+00
5.843477319494795097e+00
5.843477319494772004e+00
5.826455107749278994e+00
5.826455107749258566e+00
5.803886045012802697e+00
5.803886045012793815e+00
5.770513464160065276e+00
5.770513464160048400e+00
5.725116238880616493e+00
5.725116238880604946e+00
5.704771436974525045e+00
5.704771436974519716e+00
5.685886843566473559e+00
5.685886843566447801e+00
5.598865592734991736e+00
5.598865592734931340e+00
5.550940350848684091e+00
5.550940350848677873e+00
5.497064146200296264e+00
5.497064146200255408e+00
5.449934325774240307e+00
5.449934325774234978e+00
5.403458670369969852e+00
5.403458670369944983e+00
5.369074405156447405e+00
5.369074405156408325e+00
5.338209808601811268e+00
5.338209808601806827e+00
5.291105491830120577e+00
5.291105491830093932e+00
5.238124925489169748e+00
5.238124925489162642e+00
5.220713703778643300e+00
5.220713703778631753e+00
5.206862660269775844e+00
5.206862660269746534e+00
5.162748653257677844e+00
5.162748653257646758e+00
5.122313840209974600e+00
5.122313840209966607e+00
5.044368871031664092e+00
5.044368871031648993e+00
5.022474735261134526e+00
5.022474735261088341e+00
4.996953277510337799e+00
4.996953277510327140e+00
4.988031052993666670e+00
4.988031052993648906e+00
4.970502630322005899e+00
4.970502630321994353e+00
4.924251430416044961e+00
4.924251430416036968e+00
4.880501658394749143e+00
4.880501658394741149e+00
4.862003207456022658e+00
4.862003207456015552e+00
4.835000259868737160e+00
4.835000259868733608e+00
4.783711956257102216e+00
4.783711956257089781e+00
4.761586048776061730e+00
4.761586048776046631e+00
4.752331062195356282e+00
4.752331062195349176e+00
4.727548896908560394e+00
4.727548896908547071e+00
4.726228413813552187e+00
4.726228413813546858e+00
4.661545806153198690e+00
4.661545806153192473e+00
4.642997807169823687e+00
4.642997807169805036e+00
4.604039929906535100e+00
4.604039929906528883e+00
4.575531507174313894e+00
4.575531507174303236e+00
4.562158752672095474e+00
4.562158752672082151e+00
4.561544695767570268e+00
4.561544695767567603e+00
4.560875790001253094e+00
4.560875790001237995e+00
4.548278709571414780e+00
4.548278709571405898e+00
4.515698542474348542e+00
4.515698542474321009e+00
4.501568782660120505e+00
4.501568782660108070e+00
4.467625776530665505e+00
4.467625776530661952e+00
4.438870112551600577e+00
4.438870112551571268e+00
4.391605485940606179e+00
4.391605485940601739e+00
4.361056971247864844e+00
4.361056971247855074e+00
4.349752471403938614e+00
4.349752471403920850e+00
4.325664868750713765e+00
4.325664868750681791e+00
4.302598327687694457e+00
4.302598327687683799e+00
4.261597037613723771e+00
4.261597037613719330e+00
4.249543667773273192e+00
4.249543667773269640e+00
4.248958214462591698e+00
4.248958214462580152e+00
4.224632270815781965e+00
4.224632270815780188e+00
4.198651240620103309e+00
4.198651240620085545e+00
4.175302440447318020e+00
4.175302440447309138e+00
4.167426421828632321e+00
4.167426421828606564e+00
4.152978508892540610e+00
4.152978508892540610e+00
4.141417999898141744e+00
4.141417999898126645e+00
4.124504069299962161e+00
4.124504069299940845e+00
4.110176331777189773e+00
4.110176331777164904e+00
4.065358274525444848e+00
4.065358274525427973e+00
4.030580649627960810e+00
4.030580649627960810e+00
4.025575882251763105e+00
4.025575882251759552e+00
4.015209084996009814e+00
4.015209084995988498e+00
3.983845480873982492e+00
3.983845480873962508e+00
3.967821638926591898e+00
3.967821638926586569e+00
3.953991530570618362e+00
3.953991530570605928e+00
3.895463658336713486e+00
3.895463658336713486e+00
3.893451368409498681e+00
3.893451368409497348e+00
3.828749244586401090e+00
3.828749244586394429e+00
3.818979317694800812e+00
3.818979317694786157e+00
3.790138150094215508e+00
3.790138150094198188e+00
3.784015571329340411e+00
3.784015571329321759e+00
3.766815514231760087e+00
3.766815514231756978e+00
3.741761931339242508e+00
3.741761931339231850e+00
3.729518661154947790e+00
3.729518661154945569e+00
3.727185496258813124e+00
3.727185496258796249e+00
3.708089745639673751e+00
3.708089745639635559e+00
3.688679599057534286e+00
3.688679599057528069e+00
3.671129658568518472e+00
3.671129658568508702e+00
3.653641356756005987e+00
3.653641356755988223e+00
3.643639387707033883e+00
3.643639387707011235e+00
3.625479827130987154e+00
3.625479827130951627e+00
3.597460457078160090e+00
3.597460457078139662e+00
3.591481759338308599e+00
3.591481759338292612e+00
3.588209003771038574e+00
3.588209003771030137e+00
3.574447765167404700e+00
3.574447765167390934e+00
3.522084566930498983e+00
3.522084566930497651e+00
3.500354706629999590e+00
3.500354706629992929e+00
3.472159651215896758e+00
3.472159651215881659e+00
3.469494746832904930e+00
3.469494746832898713e+00
3.463696929124019608e+00
3.463696929124006729e+00
3.449948629351386575e+00
3.449948629351369256e+00
3.423855548432507501e+00
3.423855548432484852e+00
3.394182120274462200e+00
3.394182120274428449e+00
3.391582319270435963e+00
3.391582319270419088e+00
3.370050828367033624e+00
3.370050828367019413e+00
3.344437223100875212e+00
3.344437223100862333e+00
3.315884328908459189e+00
3.315884328908434320e+00
3.300511642251483302e+00
3.300511642251468647e+00
3.274711187925345435e+00
3.274711187925340106e+00
3.265233628311574154e+00
3.265233628311567049e+00
3.250207327805584079e+00
3.250207327805575197e+00
3.227155305375241312e+00
3.227155305375231542e+00
3.193552525232463246e+00
3.193552525232450368e+00
3.173873838623071375e+00
3.173873838623068711e+00
3.165406450105039404e+00
3.165406450105025193e+00
3.162277660168391069e+00
3.162277660168387960e+00
3.158477210497348420e+00
3.158477210497342647e+00
3.147253647326232695e+00
3.147253647326226034e+00
3.144529153725993620e+00
3.144529153725971860e+00
3.120895786096558044e+00
3.120895786096550051e+00
3.111985802058860440e+00
3.111985802058859107e+00
3.087617799052154943e+00
3.087617799052150502e+00
3.067801082825743375e+00
3.067801082825732273e+00
3.041363594599180598e+00
3.041363594599166387e+00
3.019310126371946623e+00
3.019310126371940406e+00
3.002478638942462030e+00
3.002478638942436717e+00
3.002093143626325400e+00
3.002093143626315630e+00
2.999984732452309011e+00
2.999984732452305014e+00
2.994335765025306628e+00
2.994335765025299967e+00
2.993065511586330718e+00
2.993065511586330274e+00
2.976665722722096064e+00
2.976665722722084073e+00
2.969789555863823427e+00
2.969789555863810548e+00
2.946433141629640762e+00
2.946433141629636765e+00
2.933198793074710764e+00
2.933198793074703215e+00
2.924776279807369317e+00
2.924776279807363988e+00
2.916102455557755491e+00
2.916102455557753714e+00
2.902917530425913384e+00
2.902917530425908055e+00
2.896111245376921772e+00
2.896111245376918664e+00
2.866364816350755351e+00
2.866364816350739808e+00
2.844990905785932611e+00
2.844990905785930391e+00
2.834653707750821816e+00
2.834653707750819596e+00
2.828427124746196508e+00
2.828427124746194288e+00
2.824880188601742947e+00
2.824880188601740727e+00
2.819771007956778153e+00
2.819771007956774156e+00
2.814268647232105902e+00
2.814268647232097464e+00
2.804553229216490084e+00
2.804553229216470989e+00
2.794042498739027103e+00
2.794042498739009339e+00
2.766174952748396088e+00
2.766174952748378324e+00
2.761327049175366977e+00
2.761327049175357651e+00
2.741384731214699499e+00
2.741384731214696835e+00
2.719874028747680139e+00
2.719874028747660155e+00
2.712777972097169865e+00
2.712777972097153434e+00
2.704588143787816978e+00
2.704588143787811205e+00
2.688897400735575705e+00
2.688897400735569487e+00
2.670081252919568104e+00
2.670081252919558779e+00
2.660339717981466734e+00
2.660339717981454744e+00
2.640930880225601740e+00
2.640930880225596411e+00
2.623790610274470136e+00
2.623790610274459922e+00
2.609618544660913475e+00
2.609618544660897932e+00
2.586161885495457113e+00
2.586161885495442458e+00
2.577628266876126339e+00
2.577628266876116125e+00
2.541893963885720531e+00
2.541893963885691665e+00
2.536582703924152415e+00
2.536582703924139537e+00
2.528023672088195006e+00
2.528023672088176355e+00
2.522373307870398929e+00
2.522373307870398040e+00
2.490598640062446911e+00
2.490598640062435809e+00
2.475090076300539454e+00
2.475090076300537234e+00
2.463193202970880513e+00
2.463193202970873852e+00
2.449489742783182766e+00
2.449489742783180546e+00
2.444260805655090518e+00
2.444260805655088298e+00
2.438204434583982394e+00
2.438204434583978397e+00
2.434502682804932316e+00
2.434502682804926543e+00
2.425444391574429037e+00
2.425444391574424596e+00
2.417172980106811586e+00
2.417172980106805369e+00
2.398439736493438446e+00
2.398439736493427343e+00
2.381297523976349861e+00
2.381297523976332098e+00
2.377939766992874571e+00
2.377939766992871018e+00
2.362504656312109486e+00
2.362504656312102380e+00
2.347498514596749519e+00
2.347498514596749075e+00
2.344297963260756124e+00
2.344297963260745465e+00
2.326541972816001724e+00
2.326541972815990178e+00
2.315115515358657561e+00
2.315115515358648235e+00
2.307612949333833097e+00
2.307612949333827768e+00
2.298075545860792879e+00
2.298075545860792435e+00
2.293534872042630290e+00
2.293534872042627626e+00
2.269341512436979347e+00
2.269341512436970021e+00
2.254197350054661264e+00
2.254197350054655491e+00
2.242500183155274662e+00
2.242500183155270665e+00
2.236067977499797355e+00
2.236067977499796022e+00
2.236046700150388311e+00
2.236046700150386535e+00
2.235745068222686704e+00
2.235745068222678711e+00
2.234405563267766848e+00
2.234405563267762407e+00
2.226914074268627530e+00
2.226914074268627530e+00
2.219919385849188576e+00
2.219919385849185023e+00
2.217554674750568111e+00
2.217554674750564558e+00
2.213010504178369864e+00
2.213010504178368087e+00
2.211912685796920908e+00
2.211912685796920908e+00
2.204705155245493930e+00
2.204705155245488601e+00
2.184313505485622642e+00
2.184313505485621310e+00
2.180039413977898910e+00
2.180039413977893137e+00
2.159448788446446166e+00
2.159448788446439060e+00
2.157185508821331865e+00
2.157185508821322983e+00
2.146083991206775732e+00
2.146083991206771735e+00
2.141237359398735052e+00
2.141237359398726614e+00
2.127203628643656863e+00
2.127203628643646649e+00
2.111655259936850548e+00
2.111655259936836337e+00
2.110101649123236278e+00
2.110101649123226952e+00
2.092497150570346243e+00
2.092497150570340914e+00
2.079135952311793378e+00
2.079135952311779612e+00
2.073301294098937042e+00
2.073301294098935266e+00
2.070970057585138857e+00
2.070970057585133084e+00
2.060479756231817117e+00
2.060479756231812232e+00
2.046573523212322332e+00
2.046573523212312118e+00
2.038117470739954751e+00
2.038117470739950754e+00
2.026835089434217085e+00
2.026835089434215753e+00
2.019266947282503111e+00
2.019266947282501334e+00
2.016443938727528362e+00
2.016443938727513263e+00
2.009299235650362281e+00
2.009299235650345405e+00
2.001393921503948903e+00
2.001393921503930695e+00
2.000286571447341899e+00
2.000286571447337458e+00
2.000000000000004885e+00
2.000000000000004441e+00
2.000000000000004441e+00
2.000000000000003553e+00
2.000000000000001776e+00
2.000000000000001332e+00
2.000000000000000888e+00
2.000000000000000444e+00
2.000000000000000000e+00
1.999999999999999778e+00
1.999999999999998890e+00
1.999999999999998668e+00
1.999999999999998224e+00
1.999999999999998224e+00
1.999999999999997780e+00
1.999999999999997780e+00
1.999999999999997558e+00
1.999999999999997558e+00
1.999999999999997113e+00
1.999999999999996669e+00
1.999999999999996225e+00
1.999999999999995559e+00
1.999999999999995559e+00
1.999999999999994893e+00
1.999996369884476266e+00
1.999996369884468272e+00
1.999953018786671199e+00
1.999953018786658321e+00
1.999406775776897405e+00
1.999406775776894074e+00
1.999297210482789744e+00
1.999297210482785525e+00
1.998720969823597482e+00
1.998720969823571947e+00
1.998461809097373143e+00
1.998461809097332065e+00
1.997845894528006205e+00
1.997845894527995991e+00
1.996123547608329440e+00
1.996123547608324555e+00
1.995015973936677733e+00
1.995015973936674625e+00
1.990853560170454450e+00
1.990853560170449121e+00
1.988620443416897920e+00
1.988620443416885486e+00
1.986166876084214383e+00
1.986166876084192845e+00
1.974938189977670788e+00
1.974938189977663461e+00
1.974141493134996095e+00
1.974141493134989656e+00
1.971563454183931974e+00
1.971563454183925534e+00
1.966366374595208022e+00
1.966366374595202027e+00
1.960341072447854049e+00
1.960341072447765232e+00
1.955679131456034892e+00
1.955679131456030007e+00
1.946891117479047084e+00
1.946891117479027322e+00
1.933859834139607159e+00
1.933859834139592060e+00
1.925386073351973870e+00
1.925386073351954108e+00
1.919888355932844570e+00
1.919888355932818813e+00
1.909738229061021419e+00
1.909738229061014092e+00
1.899586357362730515e+00
1.899586357362725630e+00
1.887473490442142854e+00
1.887473490442138635e+00
1.868910344920309052e+00
1.868910344920297062e+00
1.847954923799008720e+00
1.847954923799002946e+00
1.834240585757949349e+00
1.834240585757933584e+00
1.820454829333628011e+00
1.820454829333626234e+00
1.816910118269663643e+00
1.816910118269657870e+00
1.805207369415031904e+00
1.805207369415027463e+00
1.790181162875471133e+00
1.790181162875464693e+00
1.772887891578944997e+00
1.772887891578941222e+00
1.760651374059576391e+00
1.760651374059572616e+00
1.751019575056976141e+00
1.751019575056971700e+00
1.741802971946161183e+00
1.741802971946158518e+00
1.733505699943376444e+00
1.733505699943372891e+00
1.727448847060510495e+00
1.727448847060502946e+00
1.720950473662243407e+00
1.720950473662240965e+00
1.716465520641552223e+00
1.716465520641534015e+00
1.706100105111519216e+00
1.706100105111469256e+00
1.696186862834824227e+00
1.696186862834819786e+00
1.688077991662698008e+00
1.688077991662694455e+00
1.669838246755162237e+00
1.669838246755160682e+00
1.657814919941643872e+00
1.657814919941638321e+00
1.643806459987487090e+00
1.643806459987481539e+00
1.634117086252727225e+00
1.634117086252718343e+00
1.626908445373218770e+00
1.626908445373216550e+00
1.620574663480402133e+00
1.620574663480400801e+00
1.604828507112086911e+00
1.604828507112076919e+00
1.600286212208408054e+00
1.600286212208404502e+00
1.589138538506680298e+00
1.589138538506675191e+00
1.581035835978848336e+00
1.581035835978845672e+00
1.579226862973760026e+00
1.579226862973758028e+00
1.570822992588381428e+00
1.570822992588374989e+00
1.555130419981074485e+00
1.555130419981068712e+00
1.549691154601415155e+00
1.549691154601410936e+00
1.546375522139228131e+00
1.546375522139224135e+00
1.522733723972521602e+00
1.522733723972516051e+00
1.518183051461013511e+00
1.518183051461009736e+00
1.515664743713854845e+00
1.515664743713848406e+00
1.508141084469465154e+00
1.508141084469430071e+00
1.496736754628122057e+00
1.496736754628110511e+00
1.489822800468617592e+00
1.489822800468614261e+00
1.482251406035181907e+00
1.482251406035160368e+00
1.474780515261136626e+00
1.474780515261131519e+00
1.467953484883124604e+00
1.467953484883122384e+00
1.464329270793336857e+00
1.464329270793333304e+00
1.454052094366732106e+00
1.454052094366726555e+00
1.449890306356099945e+00
1.449890306356090841e+00
1.442771303021804785e+00
1.442771303021798790e+00
1.436768726853926648e+00
1.436768726853922873e+00
1.433009794749168009e+00
1.433009794749165122e+00
1.415547560953447803e+00
1.415547560953441808e+00
1.414489439159021922e+00
1.414489439159018813e+00
1.414213562373118904e+00
1.414213562373098698e+00
1.414213562373098476e+00
1.414213562373097588e+00
1.414213562373096700e+00
1.414213562373096700e+00
1.414213562373096478e+00
1.414213562373096256e+00
1.414213562373096034e+00
1.414213562373096034e+00
1.414213562373096034e+00
1.414213562373096034e+00
1.414213562373096034e+00
1.414213562373095590e+00
1.414213562373095590e+00
1.414213562373095590e+00
1.414213562373095590e+00
1.414213562373095590e+00
1.414213562373095368e+00
1.414213562373095368e+00
1.414213562373095368e+00
1.414213562373095368e+00
1.414213562373095145e+00
1.414213562373095145e+00
1.414213562373095145e+00
1.414213562373095145e+00
1.414213562373095145e+00
1.414213562373095145e+00
1.414213562373094923e+00
1.414213562373094923e+00
1.414213562373094923e+00
1.414213562373094479e+00
1.414213562373094479e+00
1.414213562373094479e+00
1.414213562373094479e+00
1.414213562373094257e+00
1.414213562373094257e+00
1.414213562373094035e+00
1.414213562373094035e+00
1.414213562373094035e+00
1.414213562373093813e+00
1.414213562373093813e+00
1.414213562373093591e+00
1.414213562373092703e+00
1.414213562373092037e+00
1.414213562373073829e+00
1.414212854748613468e+00
1.414212854748609915e+00
1.414137963860288227e+00
1.414137963860282232e+00
1.414000476747180546e+00
1.414000476747176993e+00
1.413822500761515499e+00
1.413822500761501066e+00
1.410790032527246662e+00
1.410790032527243776e+00
1.410264884146198661e+00
1.410264884146196884e+00
1.409098163952581251e+00
1.409098163952574589e+00
1.404373252766271118e+00
1.404373252766267122e+00
1.404186150282641377e+00
1.404186150282639822e+00
1.403264077681827704e+00
1.403264077681826594e+00
1.400392792024865107e+00
1.400392792024859778e+00
1.391349310146307916e+00
1.391349310146305696e+00
1.386781843473538167e+00
1.386781843473533282e+00
1.384213655133930132e+00
1.384213655133927023e+00
1.381820525170735392e+00
1.381820525170732505e+00
1.380972233405131533e+00
1.380972233405128202e+00
1.378617574463717688e+00
1.378617574463714801e+00
1.371354737809306723e+00
1.371354737809305391e+00
1.367406990875569717e+00
1.367406990875566608e+00
1.359811855297712313e+00
1.359811855297710759e+00
1.357758130730684076e+00
1.357758130730658097e+00
1.337882214221904009e+00
1.337882214221902233e+00
1.329825312475596988e+00
1.329825312475596544e+00
1.325714815552512249e+00
1.325714815552509362e+00
1.323465219095507184e+00
1.323465219095500967e+00
1.317742997948466055e+00
1.317742997948463834e+00
1.307922635676781908e+00
1.307922635676778800e+00
1.294775338649137852e+00
1.294775338649136298e+00
1.286603334336765769e+00
1.286603334336753557e+00
1.276117055099075692e+00
1.276117055099073472e+00
1.274369910617732193e+00
1.274369910617727308e+00
1.271020506563144137e+00
1.271020506563126151e+00
1.258632449730542335e+00
1.258632449730538339e+00
1.251225404758498527e+00
1.251225404758453008e+00
1.241740296458821780e+00
1.241740296458790027e+00
1.219406149460976252e+00
1.219406149460973143e+00
1.200392307682810022e+00
1.200392307682804693e+00
1.181565925030390485e+00
1.181565925030387598e+00
1.179291531807448168e+00
1.179291531807442173e+00
1.165258991944160050e+00
1.165258991944145395e+00
1.143640190714154237e+00
1.143640190714150906e+00
1.135361998541204454e+00
1.135361998541202233e+00
1.115741032754056228e+00
1.115741032754055562e+00
1.112541694509902923e+00
1.112541694509899592e+00
1.106630421961749988e+00
1.106630421961747324e+00
1.098426680499912989e+00
1.098426680499906549e+00
1.068683002040701213e+00
1.068683002040696106e+00
1.061192913778564728e+00
1.061192913778553626e+00
1.055932397114182297e+00
1.055932397114176302e+00
1.053101983126209396e+00
1.053101983126186525e+00
1.046324038436402759e+00
1.046324038436402093e+00
1.043864975705927733e+00
1.043864975705881548e+00
1.034983593837012439e+00
1.034983593836998672e+00
1.025255043457274473e+00
1.025255043457274473e+00
1.015895273595138315e+00
1.015895273595134984e+00
1.012894840546218589e+00
1.012894840546217701e+00
1.009881279455612901e+00
1.009881279455608682e+00
1.007016963039425450e+00
1.007016963039424340e+00
1.004533042328559889e+00
1.004533042328559000e+00
1.001307954512773435e+00
1.001307954512770548e+00
1.000208547444351614e+00
1.000208547444350060e+00
1.000000000000029088e+00
1.000000000000009326e+00
1.000000000000005773e+00
1.000000000000005329e+00
1.000000000000004219e+00
1.000000000000003775e+00
1.000000000000003109e+00
1.000000000000001776e+00
1.000000000000001554e+00
1.000000000000001332e+00
1.000000000000001110e+00
1.000000000000001110e+00
1.000000000000001110e+00
1.000000000000001110e+00
1.000000000000001110e+00
1.000000000000001110e+00
1.000000000000001110e+00
1.000000000000001110e+00
1.000000000000001110e+00
1.000000000000000888e+00
1.000000000000000888e+00
1.000000000000000888e+00
1.000000000000000888e+00
1.000000000000000888e+00
1.000000000000000888e+00
1.000000000000000888e+00
1.000000000000000888e+00
1.000000000000000888e+00
1.000000000000000888e+00
1.000000000000000888e+00
1.000000000000000888e+00
1.000000000000000888e+00
1.000000000000000666e+00
1.000000000000000666e+00
1.000000000000000666e+00
1.000000000000000666e+00
1.000000000000000666e+00
1.000000000000000666e+00
1.000000000000000666e+00
1.000000000000000666e+00
1.000000000000000666e+00
1.000000000000000666e+00
1.000000000000000666e+00
1.000000000000000666e+00
1.000000000000000444e+00
1.000000000000000444e+00
1.000000000000000444e+00
1.000000000000000444e+00
1.000000000000000444e+00
1.000000000000000444e+00
1.000000000000000444e+00
1.000000000000000444e+00
1.000000000000000444e+00
1.000000000000000444e+00
1.000000000000000222e+00
1.000000000000000222e+00
1.000000000000000222e+00
1.000000000000000222e+00
1.000000000000000222e+00
1.000000000000000222e+00
1.000000000000000222e+00
1.000000000000000222e+00
1.000000000000000222e+00
1.000000000000000222e+00
1.000000000000000222e+00
1.000000000000000222e+00
1.000000000000000222e+00
1.000000000000000222e+00
1.000000000000000222e+00
1.000000000000000222e+00
1.000000000000000222e+00
1.000000000000000222e+00
1.000000000000000222e+00
1.000000000000000222e+00
1.000000000000000222e+00
1.000000000000000222e+00
1.000000000000000222e+00
1.000000000000000222e+00
1.000000000000000222e+00
1.000000000000000222e+00
1.000000000000000000e+00
1.000000000000000000e+00
1.000000000000000000e+00
1.000000000000000000e+00
1.000000000000000000e+00
1.000000000000000000e+00
1.000000000000000000e+00
1.000000000000000000e+00
1.000000000000000000e+00
1.000000000000000000e+00
1.000000000000000000e+00
1.000000000000000000e+00
1.000000000000000000e+00
1.000000000000000000e+00
1.000000000000000000e+00
1.000000000000000000e+00
1.000000000000000000e+00
1.000000000000000000e+00
9.999999999999998890e-01
9.999999999999998890e-01
9.999999999999998890e-01
9.999999999999998890e-01
9.999999999999998890e-01
9.999999999999998890e-01
9.999999999999998890e-01
9.999999999999998890e-01
9.999999999999998890e-01
9.999999999999998890e-01
9.999999999999998890e-01
9.999999999999998890e-01
9.999999999999998890e-01
9.999999999999998890e-01
9.999999999999998890e-01
9.999999999999998890e-01
9.999999999999998890e-01
9.999999999999998890e-01
9.999999999999998890e-01
9.999999999999998890e-01
9.999999999999998890e-01
9.999999999999996669e-01
9.999999999999996669e-01
9.999999999999996669e-01
9.999999999999996669e-01
9.999999999999996669e-01
9.999999999999996669e-01
9.999999999999996669e-01
9.999999999999996669e-01
9.999999999999996669e-01
9.999999999999996669e-01
9.999999999999996669e-01
9.999999999999996669e-01
9.999999999999996669e-01
9.999999999999996669e-01
9.999999999999996669e-01
9.999999999999996669e-01
9.999999999999996669e-01
9.999999999999996669e-01
9.999999999999996669e-01
9.999999999999994449e-01
9.999999999999994449e-01
9.999999999999994449e-01
9.999999999999994449e-01
9.999999999999994449e-01
9.999999999999994449e-01
9.999999999999994449e-01
9.999999999999994449e-01
9.999999999999994449e-01
9.999999999999994449e-01
9.999999999999994449e-01
9.999999999999994449e-01
9.999999999999994449e-01
9.999999999999994449e-01
9.999999999999993339e-01
9.999999999999993339e-01
9.999999999999993339e-01
9.999999999999993339e-01
9.999999999999993339e-01
9.999999999999993339e-01
9.999999999999993339e-01
9.999999999999993339e-01
9.999999999999993339e-01
9.999999999999993339e-01
9.999999999999993339e-01
9.999999999999993339e-01
9.999999999999993339e-01
9.999999999999993339e-01
9.999999999999991118e-01
9.999999999999991118e-01
9.999999999999991118e-01
9.999999999999988898e-01
9.999999999999987788e-01
9.999999999999987788e-01
9.999999999999987788e-01
9.999999999999983347e-01
9.999999999999970024e-01
9.999999999999958922e-01
9.999999999999955591e-01
9.999999999999953371e-01
9.999999999999953371e-01
9.999999999999940048e-01
9.999999999999870104e-01
9.999999999999689138e-01
9.999985411189469264e-01
9.999985411189455942e-01
9.999916158914331499e-01
9.999916158914315956e-01
9.999667605341796550e-01
9.999667605341787668e-01
9.999379499069391830e-01
9.999379499069381838e-01
9.999037827920314037e-01
9.999037827920291832e-01
9.997403064026655350e-01
9.997403064026607611e-01
9.996308308290662303e-01
9.996308308290652311e-01
9.994518897635660259e-01
9.994518897635652488e-01
9.993387590423877809e-01
9.993387590423832290e-01
9.992930128599611939e-01
9.992930128599593065e-01
9.990779663517177500e-01
9.990779663517171949e-01
9.989912954723129124e-01
9.989912954723121352e-01
9.986500991423714613e-01
9.986500991423706841e-01
9.981833622845400766e-01
9.981833622845390774e-01
9.979428959870175753e-01
9.979428959870159099e-01
9.978702774261860586e-01
9.978702774261839492e-01
9.974182452462678761e-01
9.974182452462651005e-01
9.971458655672139626e-01
9.971458655672014171e-01
9.965314549148588386e-01
9.965314549148521772e-01
9.961878236927147467e-01
9.961878236927119712e-01
9.958595610310447821e-01
9.958595610310428947e-01
9.955080109710016112e-01
9.955080109709967262e-01
9.945185528613625925e-01
9.945185528613599280e-01
9.941912266253745134e-01
9.941912266253716268e-01
9.937552274656127338e-01
9.937552274656116236e-01
9.930751105139723478e-01
9.930751105139666857e-01
9.923849282365035940e-01
9.923849282364944902e-01
9.913564843681560435e-01
9.913564843681554883e-01
9.907635310046195576e-01
9.907635310046180033e-01
9.883265068128381792e-01
9.883265068128368469e-01
9.870772680492196915e-01
9.870772680492188034e-01
9.866910209255098652e-01
9.866910209255086439e-01
9.857102629843793595e-01
9.857102629843754737e-01
9.848573119526948805e-01
9.848573119526926600e-01
9.839583682002041032e-01
9.839583682002029930e-01
9.820083194426857398e-01
9.820083194426839635e-01
9.797778829428919201e-01
9.797778829428915870e-01
9.781388462141253903e-01
9.781388462141221707e-01
9.767425255153998620e-01
9.767425255153966424e-01
9.746320513521464779e-01
9.746320513521450346e-01
9.742735166481686360e-01
9.742735166481646392e-01
9.738903806710378364e-01
9.738903806710355049e-01
9.724574618727154229e-01
9.724574618727143127e-01
9.707246244118541423e-01
9.707246244118530321e-01
9.702466777516713936e-01
9.702466777516711716e-01
9.692296537202961249e-01
9.692296537202945705e-01
9.675759381534783099e-01
9.675759381534774217e-01
9.650142326603923237e-01
9.650142326603904364e-01
9.637388300744502700e-01
9.637388300744487157e-01
9.635935591147032353e-01
9.635935591147019030e-01
9.573014989632322447e-01
9.573014989632314675e-01
9.542031710475236128e-01
9.542031710475209483e-01
9.528376177898663091e-01
9.528376177898651989e-01
9.515129012458318769e-01
9.515129012458297675e-01
9.504947808556660771e-01
9.504947808556652999e-01
9.486055205011970637e-01
9.486055205011959535e-01
9.474164265872253576e-01
9.474164265872194735e-01
9.443243995069515728e-01
9.443243995069503516e-01
9.431848436153217330e-01
9.431848436153196236e-01
9.390633011490409077e-01
9.390633011490393534e-01
9.331353119054608403e-01
9.331353119054598411e-01
9.316908659541810467e-01
9.316908659541790483e-01
9.291833677638987599e-01
9.291833677638955402e-01
9.267144477795432600e-01
9.267144477795422608e-01
9.248793694813646216e-01
9.248793694813632893e-01
9.229352325009958502e-01
9.229352325009945179e-01
9.211036070365304917e-01
9.211036070365297146e-01
9.097999244289565191e-01
9.097999244289559639e-01
9.047567343702113130e-01
9.047567343702104248e-01
9.011937114565821139e-01
9.011937114565764517e-01
8.955203176328808690e-01
8.955203176328765391e-01
8.927032376589199014e-01
8.927032376589177920e-01
8.913209537249032755e-01
8.913209537249022762e-01
8.882323987059750348e-01
8.882323987059729253e-01
8.816199032307209249e-01
8.816199032307182604e-01
8.780408626034934549e-01
8.780408626034923447e-01
8.739531073145664353e-01
8.739531073145646589e-01
8.687002888434964820e-01
8.687002888434950387e-01
8.655478637732459957e-01
8.655478637732425540e-01
8.602644520971196584e-01
8.602644520971187703e-01
8.567702061443395189e-01
8.567702061443379646e-01
8.519221079367179650e-01
8.519221079367166327e-01
8.482673514166105821e-01
8.482673514166098050e-01
8.422709882185788199e-01
8.422709882185781538e-01
8.396849559767652904e-01
8.396849559767644022e-01
8.347256448770261628e-01
8.347256448770189463e-01
8.304522524799016203e-01
8.304522524799005101e-01
8.254568281668132057e-01
8.254568281668112073e-01
8.233362592991695372e-01
8.233362592991659845e-01
8.183311445290655239e-01
8.183311445290644137e-01
8.152847227157720145e-01
8.152847227157714594e-01
8.140949874999828806e-01
8.140949874999819924e-01
8.030353053605454594e-01
8.030353053605377989e-01
8.009897049716310224e-01
8.009897049716296902e-01
7.992974858370988089e-01
7.992974858370925917e-01
7.924470964077476864e-01
7.924470964077469093e-01
7.895375824979536938e-01
7.895375824979474766e-01
7.870479456722844214e-01
7.870479456722829781e-01
7.823471138334180397e-01
7.823471138334145980e-01
7.776041166842569963e-01
7.776041166842561081e-01
7.745834737596917208e-01
7.745834737596898334e-01
7.679272309134739238e-01
7.679272309134725916e-01
7.673769783937127720e-01
7.673769783937119948e-01
7.520577551932301485e-01
7.520577551932291493e-01
7.435517753963973853e-01
7.435517753963951648e-01
7.347861326556125450e-01
7.347861326556099915e-01
7.274892873296751050e-01
7.274892873296736617e-01
7.219675269142946661e-01
7.219675269142937779e-01
7.212290277815646133e-01
7.212290277815622819e-01
7.103805269000573741e-01
7.103805269000552647e-01
7.019111571928475790e-01
7.019111571928454696e-01
6.907316605787037211e-01
6.907316605787030550e-01
6.879407000455298737e-01
6.879407000455278753e-01
6.829340997231325705e-01
6.829340997231321264e-01
6.759102018561833347e-01
6.759102018561832237e-01
6.645155741615124123e-01
6.645155741615114131e-01
6.591335924117900369e-01
6.591335924117888156e-01
6.454727666940470732e-01
6.454727666940451858e-01
6.212201574660480841e-01
6.212201574660476400e-01
6.137580289549745549e-01
6.137580289549743329e-01
6.108184928089462895e-01
6.108184928089457344e-01
6.059058937453317695e-01
6.059058937453279947e-01
6.018526961665702224e-01
6.018526961665693342e-01
6.005900928471095135e-01
6.005900928471077371e-01
5.956655576089207038e-01
5.956655576089074922e-01
5.902469868072203196e-01
5.902469868072176551e-01
5.856569974377980881e-01
5.856569974377971999e-01
5.788864908647846086e-01
5.788864908647783913e-01
5.762298926943232313e-01
5.762298926943223432e-01
5.670925181092683065e-01
5.670925181092647538e-01
5.600545469443100055e-01
5.600545469443088953e-01
5.526886910592994084e-01
5.526886910592969659e-01
5.446342001088781970e-01
5.446342001088770868e-01
5.354693976721628390e-01
5.354693976721617288e-01
5.272700062058987003e-01
5.272700062058972570e-01
5.223609191423291831e-01
5.223609191423281839e-01
5.081690816912833863e-01
5.081690816912826092e-01
4.976565038304482935e-01
4.976565038304469613e-01
4.960022848494457515e-01
4.960022848494443082e-01
4.885234928044033809e-01
4.885234928043984959e-01
4.788894956323251906e-01
4.788894956323245244e-01
4.729283772759992344e-01
4.729283772759976245e-01
4.635555533586378507e-01
4.635555533586368515e-01
4.537364498842842431e-01
4.537364498842827998e-01
4.384182853515735667e-01
4.384182853515723455e-01
4.261202229867103175e-01
4.261202229867100955e-01
4.242404725842470192e-01
4.242404725842445767e-01
4.045128679679262929e-01
4.045128679679250161e-01
3.967539742205681286e-01
3.967539742205657971e-01
3.928793810592400293e-01
3.928793810592364211e-01
3.867162141618754045e-01
3.867162141618733506e-01
3.755144174125722989e-01
3.755144174125700229e-01
3.726964909347383337e-01
3.726964909347371124e-01
3.619820917742675448e-01
3.619820917742666566e-01
3.532731481839692655e-01
3.532731481839689325e-01
3.480550238633228766e-01
3.480550238633206006e-01
3.439360807940433640e-01
3.439360807940428644e-01
3.206024119314541676e-01
3.206024119314515586e-01
2.989046386167159008e-01
2.989046386167145686e-01
2.776652632904091922e-01
2.776652632904086926e-01
2.529301051760610153e-01
2.529301051760595165e-01
2.263836200583058678e-01
2.263836200583033698e-01
1.978912444971994700e-01
1.978912444971960560e-01
1.801609706242821574e-01
1.801609706241842357e-01
1.560234213097523304e-01
1.560234213097514422e-01
1.483445660162955593e-01
1.483445660162943935e-01
1.474361333385118822e-01
1.474361333385116324e-01
1.245473129751855507e-01
1.245473129751835800e-01
2.108022114670665509e-13
1.832137049243929627e-13
