# Singular values
3.384467335182048373e+02
3.384467335182044962e+02
1.912231145974836863e+02
1.912231145974834590e+02
1.651106455661559380e+02
1.651106455661557675e+02
1.334865524288259735e+02
1.334865524288259451e+02
8.412280810168155654e+01
8.412280810168130074e+01
7.363214709030552285e+01
7.363214709030530969e+01
6.991334331389354872e+01
6.991334331389352030e+01
6.835294996923974509e+01
6.835294996923967403e+01
5.700489171964355961e+01
5.700489171964350277e+01
5.424065783670523189e+01
5.424065783670509688e+01
4.773808532067813104e+01
4.773808532067809551e+01
4.624948826003160463e+01
4.624948826003154778e+01
4.204346140389525033e+01
4.204346140389459663e+01
4.122963851860893669e+01
4.122963851860836115e+01
3.997688330663798695e+01
3.997688330663779510e+01
3.921734310225550502e+01
3.921734310225519238e+01
3.454602184048082592e+01
3.454602184048074776e+01
3.355565636268866569e+01
3.355565636268848095e+01
3.338165043268819687e+01
3.338165043268800503e+01
3.079564618384853603e+01
3.079564618384708297e+01
2.533689061211912730e+01
2.533689061211902072e+01
2.423311045340215486e+01
2.423311045340199144e+01
2.261000324568109932e+01
2.261000324568101050e+01
2.244968624724371864e+01
2.244968624724365469e+01
2.169595198141417569e+01
2.169595198141411174e+01
2.073141375568906497e+01
2.073141375568851430e+01
1.912093578612375921e+01
1.912093578612364198e+01
1.760766587981283493e+01
1.760766587981256848e+01
1.738204851491412839e+01
1.738204851491405378e+01
1.595721133757549204e+01
1.595721133757364640e+01
1.577071627621511851e+01
1.577071627621510608e+01
1.548250123531570921e+01
1.548250123531563993e+01
1.539938888703493980e+01
1.539938888703490960e+01
1.414204570036901032e+01
1.414204570036895525e+01
1.380463473135332819e+01
1.380463473135326602e+01
1.342662837600304293e+01
1.342662837600288306e+01
1.251972703116061858e+01
1.251972703116060615e+01
1.206254157780220559e+01
1.206254157780207770e+01
1.164404876171838943e+01
1.164404876171838410e+01
1.125034256381024456e+01
1.125034256381023390e+01
1.124257087871323968e+01
1.124257087871319527e+01
1.105996913717292429e+01
1.105996913717287278e+01
1.090569201025130219e+01
1.090569201025126489e+01
1.066856929577913071e+01
1.066856929577907387e+01
1.010414791794672595e+01
1.010414791794658917e+01
1.003157590286507883e+01
1.003157590286506817e+01
9.607292051659237941e+00
9.607292051658815168e+00
9.523095914043384624e+00
9.523095914043356203e+00
9.459638224460864109e+00
9.459638224460766409e+00
9.304200829726710253e+00
9.304200829726683608e+00
9.284369307624791290e+00
9.284369307624784184e+00
8.828058131315499324e+00
8.828058131315430046e+00
8.569043260836043174e+00
8.569043260835984555e+00
8.149123193584594915e+00
8.149123193584591363e+00
7.722493635657775357e+00
7.722493635657666111e+00
6.948865598805733512e+00
6.948865598805611832e+00
6.890373855000234471e+00
6.890373855000228254e+00
6.840826777024127558e+00
6.840826777024076932e+00
6.747829644278610317e+00
6.747829644278527716e+00
6.187677631447854765e+00
6.187677631447729532e+00
6.160226940588127142e+00
6.160226940588112932e+00
6.082762530298241543e+00
6.082762530298219339e+00
5.994811759203218848e+00
5.994811759203125590e+00
5.907267425496354640e+00
5.907267425496331548e+00
5.820779624271697372e+00
5.820779624271581909e+00
5.402428632341950809e+00
5.402428632341902848e+00
5.386811214040098328e+00
5.386811214040077012e+00
5.237352780130525964e+00
5.237352780130522412e+00
5.176640426964463693e+00
5.176640426964445041e+00
5.070832775168630846e+00
5.070832775168612194e+00
5.000000000000002665e+00
4.999999999999976019e+00
4.794951485018054349e+00
4.794951485018051685e+00
4.661395101031685861e+00
4.661395101031665433e+00
4.571627858252578669e+00
4.571627858252517385e+00
4.557547880010416996e+00
4.557547880010392127e+00
4.250155787871484847e+00
4.250155787871469748e+00
4.223104985739087880e+00
4.223104985739065675e+00
4.208796554463543060e+00
4.208796554463508421e+00
4.123105625617701442e+00
4.123105625617661474e+00
4.057036696126481878e+00
4.057036696126256281e+00
4.029954672580077890e+00
4.029954672580026376e+00
3.997089767113811476e+00
3.997089767113787495e+00
3.957729006686713902e+00
3.957729006686639295e+00
3.897016621907722023e+00
3.897016621907667400e+00
3.882147319701495736e+00
3.882147319701468202e+00
3.857045906760232956e+00
3.857045906760215637e+00
3.834766973877863805e+00
3.834766973877848262e+00
3.774326376163976704e+00
3.774326376163945174e+00
3.600460958298421499e+00
3.600460958298420611e+00
3.564482563789683756e+00
3.564482563789673097e+00
3.529528280967928033e+00
3.529528280967911158e+00
3.428978853740954236e+00
3.428978853740936916e+00
3.406862142464981869e+00
3.406862142464969434e+00
3.325120026435852250e+00
3.325120026435848697e+00
3.161532942943715341e+00
3.161532942943707347e+00
3.013291259674726774e+00
3.013291259674719225e+00
3.000000000000003553e+00
2.999999999999998668e+00
2.999999999999995115e+00
2.999999999999992450e+00
2.996327383993887761e+00
2.996327383993859339e+00
2.995430598359715813e+00
2.995430598359697605e+00
2.989891898982905971e+00
2.989891898982889984e+00
2.828427124746222709e+00
2.828427124746197396e+00
2.828427124746190291e+00
2.828427124746140553e+00
2.816197233213527884e+00
2.816197233213419526e+00
2.804797760094495107e+00
2.804797760094488446e+00
2.787893575299254412e+00
2.787893575299247750e+00
2.642136430240361378e+00
2.642136430240345835e+00
2.624916400171937170e+00
2.624916400171857678e+00
2.604155465466713171e+00
2.604155465466662989e+00
2.598265315603579761e+00
2.598265315603526915e+00
2.572398405347807948e+00
2.572398405347696038e+00
2.530011813578318502e+00
2.530011813578239455e+00
2.499197352673863115e+00
2.499197352673855566e+00
2.449489742783187207e+00
2.449489742783184099e+00
2.439900930373308352e+00
2.439900930373236854e+00
2.433650045454589961e+00
2.433650045454572197e+00
2.239439197222646172e+00
2.239439197222615530e+00
2.236067977499799131e+00
2.236067977499793358e+00
2.236067977499793358e+00
2.236067977499787585e+00
2.235130414663998533e+00
2.235130414663997200e+00
2.234869594047090846e+00
2.234869594047089514e+00
2.230163800856946654e+00
2.230163800856925782e+00
2.226550879484354262e+00
2.226550879484347600e+00
2.217291311659269848e+00
2.217291311659245423e+00
2.207225575102677695e+00
2.207225575102656379e+00
2.145741497524480401e+00
2.145741497524438657e+00
2.073874646414169298e+00
2.073874646414165301e+00
2.056550386832833421e+00
2.056550386832824540e+00
2.047367417937890455e+00
2.047367417937868250e+00
2.001666035859707371e+00
2.001666035859696713e+00
2.000000000000007550e+00
2.000000000000007105e+00
2.000000000000000888e+00
2.000000000000000888e+00
2.000000000000000000e+00
1.999999999999999334e+00
1.999999999999998890e+00
1.999999999999996891e+00
1.999999999999996003e+00
1.999999999999995781e+00
1.999999999999993783e+00
1.999999999999984457e+00
1.999956993357951074e+00
1.999956993357916435e+00
1.999723902503371065e+00
1.999723902503362405e+00
1.999508299375383658e+00
1.999508299375374998e+00
1.997640666233579720e+00
1.997640666233555962e+00
1.981538554328955426e+00
1.981538554328937884e+00
1.949034718988191583e+00
1.949034718988179593e+00
1.918070589052670583e+00
1.918070589052619290e+00
1.886731077121115874e+00
1.886731077121102995e+00
1.840212735281884671e+00
1.840212735281867795e+00
1.824872594409062687e+00
1.824872594408932125e+00
1.797804607043926639e+00
1.797804607043884451e+00
1.784116113532806303e+00
1.784116113532770331e+00
1.732050807568879192e+00
1.732050807568875417e+00
1.731109345727334548e+00
1.731109345727333437e+00
1.724847398696451872e+00
1.724847398696427447e+00
1.709423469508490667e+00
1.709423469508443150e+00
1.644708096925260321e+00
1.644708096925118879e+00
1.641167870669094420e+00
1.641167870669067552e+00
1.618033988749900454e+00
1.618033988749897789e+00
1.618033988749893570e+00
1.618033988749888019e+00
1.595982384394552422e+00
1.595982384394527553e+00
1.570386096681682719e+00
1.570386096681636978e+00
1.549355673157639668e+00
1.549355673157600144e+00
1.471114529392818282e+00
1.471114529392790748e+00
1.414464534424804132e+00
1.414464534424765940e+00
1.414213562373141109e+00
1.414213562373117128e+00
1.414213562373116684e+00
1.414213562373102917e+00
1.414213562373097588e+00
1.414213562373097366e+00
1.414213562373097366e+00
1.414213562373097366e+00
1.414213562373096922e+00
1.414213562373096256e+00
1.414213562373096034e+00
1.414213562373096034e+00
1.414213562373096034e+00
1.414213562373095812e+00
1.414213562373095812e+00
1.414213562373095590e+00
1.414213562373095590e+00
1.414213562373095590e+00
1.414213562373095590e+00
1.414213562373095368e+00
1.414213562373094701e+00
1.414213562373093813e+00
1.414213562373093813e+00
1.414213562373093591e+00
1.414213562373092481e+00
1.414213562373091593e+00
1.414213562373091149e+00
1.414213562373089594e+00
1.414213562373086708e+00
1.414213562373084265e+00
1.414213562373082267e+00
1.414213562373076494e+00
1.414213562373071387e+00
1.414213562373051181e+00
1.414169248398636336e+00
1.414169248398619905e+00
1.414144837322791171e+00
1.414144837322776738e+00
1.414103551282493099e+00
1.414103551282489102e+00
1.413923773105949300e+00
1.413923773105926429e+00
1.413516870812888682e+00
1.413516870812883575e+00
1.413091178010241089e+00
1.413091178010229765e+00
1.412885000536319380e+00
1.412885000536305169e+00
1.412260294943065375e+00
1.412260294943059602e+00
1.411718863120865919e+00
1.411718863120860590e+00
1.410861169114354885e+00
1.410861169114349112e+00
1.409850449462917599e+00
1.409850449462895616e+00
1.405267491831918125e+00
1.405267491831888593e+00
1.405206130922250107e+00
1.405206130922242114e+00
1.384271009100170868e+00
1.384271009100169092e+00
1.372231861419810128e+00
1.372231861419786147e+00
1.337612668837468988e+00
1.337612668837464769e+00
1.300357127740393581e+00
1.300357127740323193e+00
1.246959909616479845e+00
1.246959909616476514e+00
1.232023056860868993e+00
1.232023056860854116e+00
1.195200432519113232e+00
1.195200432519098355e+00
1.190971143118662257e+00
1.190971143118554565e+00
1.185062752540027020e+00
1.185062752539925324e+00
1.130927916977910064e+00
1.130927916977785497e+00
1.127467520427939185e+00
1.127467520427923642e+00
1.046361214465022504e+00
1.046361214464847533e+00
1.000000000000084599e+00
1.000000000000079270e+00
1.000000000000075939e+00
1.000000000000061062e+00
1.000000000000046185e+00
1.000000000000039746e+00
1.000000000000031974e+00
1.000000000000028422e+00
1.000000000000025313e+00
1.000000000000020872e+00
1.000000000000020428e+00
1.000000000000018874e+00
1.000000000000017319e+00
1.000000000000014433e+00
1.000000000000011768e+00
1.000000000000008882e+00
1.000000000000005773e+00
1.000000000000005107e+00
1.000000000000004885e+00
1.000000000000003997e+00
1.000000000000003775e+00
1.000000000000003109e+00
1.000000000000002220e+00
1.000000000000002220e+00
1.000000000000002220e+00
1.000000000000001998e+00
1.000000000000001998e+00
1.000000000000001776e+00
1.000000000000001554e+00
1.000000000000001554e+00
1.000000000000001554e+00
1.000000000000001554e+00
1.000000000000001332e+00
1.000000000000001110e+00
1.000000000000001110e+00
1.000000000000000888e+00
1.000000000000000888e+00
1.000000000000000888e+00
1.000000000000000666e+00
1.000000000000000666e+00
1.000000000000000666e+00
1.000000000000000444e+00
1.000000000000000444e+00
1.000000000000000444e+00
1.000000000000000222e+00
1.000000000000000222e+00
1.000000000000000222e+00
1.000000000000000222e+00
1.000000000000000222e+00
1.000000000000000000e+00
1.000000000000000000e+00
1.000000000000000000e+00
1.000000000000000000e+00
9.999999999999998890e-01
9.999999999999996669e-01
9.999999999999996669e-01
9.999999999999996669e-01
9.999999999999996669e-01
9.999999999999996669e-01
9.999999999999996669e-01
9.999999999999996669e-01
9.999999999999995559e-01
9.999999999999995559e-01
9.999999999999995559e-01
9.999999999999994449e-01
9.999999999999994449e-01
9.999999999999993339e-01
9.999999999999993339e-01
9.999999999999993339e-01
9.999999999999992228e-01
9.999999999999992228e-01
9.999999999999992228e-01
9.999999999999992228e-01
9.999999999999990008e-01
9.999999999999990008e-01
9.999999999999990008e-01
9.999999999999988898e-01
9.999999999999988898e-01
9.999999999999987788e-01
9.999999999999987788e-01
9.999999999999987788e-01
9.999999999999987788e-01
9.999999999999987788e-01
9.999999999999986677e-01
9.999999999999986677e-01
9.999999999999986677e-01
9.999999999999984457e-01
9.999999999999984457e-01
9.999999999999984457e-01
9.999999999999984457e-01
9.999999999999984457e-01
9.999999999999984457e-01
9.999999999999982236e-01
9.999999999999982236e-01
9.999999999999982236e-01
9.999999999999982236e-01
9.999999999999981126e-01
9.999999999999981126e-01
9.999999999999980016e-01
9.999999999999980016e-01
9.999999999999978906e-01
9.999999999999977796e-01
9.999999999999976685e-01
9.999999999999976685e-01
9.999999999999974465e-01
9.999999999999972244e-01
9.999999999999971134e-01
9.999999999999968914e-01
9.999999999999966693e-01
9.999999999999965583e-01
9.999999999999964473e-01
9.999999999999963363e-01
9.999999999999954481e-01
9.999999999999944489e-01
9.999999999999944489e-01
9.999999999999913403e-01
9.999999999999911182e-01
9.999999999999884537e-01
9.999999999999846789e-01
9.999999999999814593e-01
9.999999999999785727e-01
9.999999999999767963e-01
9.999999999999759082e-01
9.999999999999732436e-01
9.999999999999710232e-01
9.999999999999670264e-01
9.999999999999564793e-01
9.999999999999545919e-01
9.999999999999421574e-01
9.999999999999248379e-01
9.999999999999169553e-01
9.999999999999084066e-01
9.999997341233337611e-01
9.999997341233306525e-01
9.999908223277635955e-01
9.999908223277584884e-01
9.999646835454739646e-01
9.999646835454641947e-01
9.999177699130410435e-01
9.999177699130303854e-01
9.998841034791474680e-01
9.998841034791449145e-01
9.998256950003021615e-01
9.998256950002981647e-01
9.997959915471039682e-01
9.997959915470978620e-01
9.997832169331140051e-01
9.997832169331132279e-01
9.997686923806310411e-01
9.997686923806263781e-01
9.996963743131533908e-01
9.996963743131522806e-01
9.996872377484963268e-01
9.996872377484792294e-01
9.994482045666581715e-01
9.994482045666536196e-01
9.993987719649494172e-01
9.993987719649373158e-01
9.993060635767555544e-01
9.993060635767458955e-01
9.991148591511402888e-01
9.991148591511177512e-01
9.983428977049102482e-01
9.983428977049003672e-01
9.982298720627773569e-01
9.982298720627708066e-01
9.980186486580110428e-01
9.980186486580040484e-01
9.978544212751836451e-01
9.978544212751739861e-01
9.971460479642876296e-01
9.971460479642735297e-01
9.955558428238585611e-01
9.955558428238503454e-01
9.951931965393385759e-01
9.951931965393314705e-01
9.950321772357555439e-01
9.950321772357429984e-01
9.943434566972324529e-01
9.943434566972185751e-01
9.930451874935594114e-01
9.930451874935523060e-01
9.926262143404600558e-01
9.926262143404430693e-01
9.913248718426048711e-01
9.913248718425943240e-01
9.911643307340362030e-01
9.911643307340305409e-01
9.850596691189688059e-01
9.850596691189628107e-01
9.716964758615254105e-01
9.716964758615176390e-01
9.681284315731534251e-01
9.681284315731435441e-01
9.641977176768129487e-01
9.641977176767998481e-01
9.638112824274931434e-01
9.638112824274898127e-01
9.635789129044509682e-01
9.635789129044339818e-01
9.535204417432888713e-01
9.535204417432655566e-01
9.517704024785931249e-01
9.517704024785841321e-01
9.451091734643251030e-01
9.451091734643213282e-01
9.368934695906414589e-01
9.368934695906279142e-01
9.357827047287803346e-01
9.357827047287753386e-01
8.930076337857599800e-01
8.930076337857493218e-01
8.071991537427266605e-01
8.071991537427111174e-01
7.622713204473466897e-01
7.622713204473390292e-01
7.553304391663021589e-01
7.553304391662882811e-01
7.097589560224504268e-01
7.097589560223876992e-01
6.180339887499014528e-01
6.180339887498959017e-01
6.180339887498945695e-01
6.180339887498921270e-01
6.077189807959444412e-01
6.077189807959367807e-01
5.875346613303811250e-01
5.875346613303779053e-01
5.027763485789468190e-01
5.027763485789372710e-01
4.574299586474641632e-01
4.574299586471166079e-01
1.509143352558583728e-01
1.509143352558403595e-01
5.301263790661424258e-13
3.749549152349904430e-13
1.747147857016739637e-13
1.556946763230660382e-13
1.231765539216740266e-13
1.058238083539043894e-13
