# Singular values
4.505687130547252650e+01
4.505687130547251940e+01
4.124318125460259665e+01
4.124318125460253981e+01
1.149210839727866684e+01
1.149210839727865441e+01
1.001630906825267253e+01
1.001630906825266898e+01
7.867757720524585885e+00
7.867757720524537923e+00
6.594103989921237918e+00
6.594103989921236142e+00
5.532489649764381845e+00
5.532489649764380957e+00
5.374209560172097611e+00
5.374209560172094058e+00
5.199993865764114709e+00
5.199993865764112044e+00
4.655514416675833544e+00
4.655514416675829992e+00
3.526514407301604148e+00
3.526514407301603704e+00
3.462095537127915623e+00
3.462095537127891642e+00
3.220509318334493720e+00
3.220509318334488391e+00
2.828427124746192511e+00
2.828427124746190735e+00
2.828427124746189403e+00
2.828427124746188959e+00
2.715952222612508571e+00
2.715952222612506795e+00
2.673164644114964794e+00
2.673164644114961686e+00
2.643861792148752610e+00
2.643861792148750833e+00
2.475516974788313451e+00
2.475516974788309010e+00
2.442077394426565462e+00
2.442077394426561021e+00
2.384572023778427585e+00
2.384572023778425809e+00
2.365707458924508177e+00
2.365707458924507733e+00
2.358294471182265983e+00
2.358294471182265095e+00
2.174097553879255074e+00
2.174097553879250189e+00
2.154380061299083771e+00
2.154380061299081994e+00
2.049615118355418542e+00
2.049615118355418542e+00
2.000000000000001776e+00
2.000000000000001776e+00
2.000000000000000888e+00
2.000000000000000000e+00
1.999999999999999778e+00
1.999999999999999556e+00
1.999999999999999112e+00
1.999999999999998446e+00
1.976096299742825302e+00
1.976096299742824858e+00
1.845666752852377579e+00
1.845666752852375359e+00
1.801553792720412606e+00
1.801553792720407943e+00
1.732050807568901618e+00
1.732050807568878970e+00
1.732050807568878303e+00
1.732050807568878303e+00
1.732050807568876083e+00
1.732050807568854101e+00
1.613187198462794125e+00
1.613187198462792571e+00
1.551410363068044473e+00
1.551410363068042253e+00
1.414213562373116684e+00
1.414213562373099586e+00
1.414213562373096256e+00
1.414213562373096034e+00
1.414213562373095590e+00
1.414213562373095590e+00
1.414213562373095590e+00
1.414213562373095590e+00
1.414213562373095368e+00
1.414213562373095368e+00
1.414213562373095368e+00
1.414213562373095368e+00
1.414213562373094923e+00
1.414213562373094923e+00
1.414213562373094923e+00
1.414213562373094923e+00
1.414213562373094701e+00
1.414213562373094701e+00
1.414213562373090483e+00
1.414213562373072941e+00
1.400022784105869222e+00
1.400022784105868778e+00
1.288790682798970133e+00
1.288790682798969245e+00
1.249504539400108749e+00
1.249504539400106085e+00
1.199352820145586085e+00
1.199352820145584753e+00
1.087952085639760424e+00
1.087952085639756428e+00
1.000000000000015321e+00
1.000000000000003553e+00
1.000000000000002442e+00
1.000000000000002220e+00
1.000000000000001332e+00
1.000000000000000888e+00
1.000000000000000666e+00
1.000000000000000666e+00
1.000000000000000666e+00
1.000000000000000666e+00
1.000000000000000666e+00
1.000000000000000444e+00
1.000000000000000444e+00
1.000000000000000444e+00
1.000000000000000444e+00
1.000000000000000222e+00
1.000000000000000222e+00
1.000000000000000222e+00
1.000000000000000222e+00
1.000000000000000222e+00
1.000000000000000222e+00
1.000000000000000222e+00
1.000000000000000222e+00
1.000000000000000222e+00
1.000000000000000222e+00
1.000000000000000000e+00
1.000000000000000000e+00
1.000000000000000000e+00
9.999999999999998890e-01
9.999999999999998890e-01
9.999999999999998890e-01
9.999999999999998890e-01
9.999999999999998890e-01
9.999999999999998890e-01
9.999999999999998890e-01
9.999999999999998890e-01
9.999999999999998890e-01
9.999999999999998890e-01
9.999999999999998890e-01
9.999999999999995559e-01
9.999999999999995559e-01
9.999999999999995559e-01
9.999999999999995559e-01
9.999999999999995559e-01
9.999999999999995559e-01
9.999999999999995559e-01
9.999999999999995559e-01
9.999999999999995559e-01
9.999999999999995559e-01
9.999999999999995559e-01
9.999999999999994449e-01
9.999999999999994449e-01
9.999999999999994449e-01
9.999999999999991118e-01
9.999999999999987788e-01
9.999999999999985567e-01
9.999999999999980016e-01
9.999999999999977796e-01
9.999999999999966693e-01
9.999999999999833467e-01
9.785748506276544800e-01
9.785748506276525926e-01
9.242671123250558729e-01
9.242671123250554288e-01
8.385333811210237132e-01
8.385333811210182731e-01
7.660567918781225893e-01
7.660567918781207020e-01
7.346820692959802335e-01
7.346820692959794563e-01
6.927240002772916405e-01
6.927240002772906413e-01
5.994434228864561343e-01
5.994434228864550240e-01
4.108413835231232714e-01
4.108413835231218281e-01
2.518104334454085436e-01
2.518104334454052684e-01
