# Singular values
8.831760866327854842e+00
8.831760866327847737e+00
8.602325267042626677e+00
8.602325267042624901e+00
5.521660863198937008e+00
5.521660863198934344e+00
5.180665657721176487e+00
5.180665657721171158e+00
5.099019513592785380e+00
5.099019513592785380e+00
3.080841607306304741e+00
3.080841607306304297e+00
2.828427124746191623e+00
2.828427124746189847e+00
2.203098962249090853e+00
2.203098962249087744e+00
2.101002989615460059e+00
2.101002989615459171e+00
1.854335922820728788e+00
1.854335922820728344e+00
1.700533888360589607e+00
1.700533888360588497e+00
1.477900259628924129e+00
1.477900259628922575e+00
1.414213562373095590e+00
1.414213562373095590e+00
1.414213562373095590e+00
1.414213562373095590e+00
1.414213562373095590e+00
1.414213562373095368e+00
1.414213562373095368e+00
1.414213562373095368e+00
1.414213562373095145e+00
1.414213562373095145e+00
1.414213562373095145e+00
1.414213562373095145e+00
1.414213562373094701e+00
1.414213562373094701e+00
1.414213562373094701e+00
1.414213562373094479e+00
1.259280126749765971e+00
1.259280126749765305e+00
1.054039070492158947e+00
1.054039070492158725e+00
1.000000000000001110e+00
1.000000000000000666e+00
1.000000000000000444e+00
1.000000000000000444e+00
1.000000000000000444e+00
1.000000000000000444e+00
1.000000000000000222e+00
1.000000000000000222e+00
1.000000000000000222e+00
1.000000000000000000e+00
1.000000000000000000e+00
1.000000000000000000e+00
1.000000000000000000e+00
9.999999999999998890e-01
9.999999999999996669e-01
9.999999999999990008e-01
6.277830380362976470e-01
6.277830380362973139e-01
5.541284196333847722e-01
5.541284196333847722e-01
