# Singular values
4.220189569201840385e+01
4.220189569201828306e+01
2.161364354497532858e+01
2.161364354497532148e+01
9.226932808847418954e+00
9.226932808847411849e+00
6.061589001337507554e+00
6.061589001337506666e+00
5.284331196129393504e+00
5.284331196129389951e+00
4.755054041428483202e+00
4.755054041428481426e+00
4.450704653546684320e+00
4.450704653546683431e+00
4.196801948878350785e+00
4.196801948878348121e+00
2.925501387241344009e+00
2.925501387241342233e+00
2.828427124746190291e+00
2.828427124746190291e+00
2.643292509353808661e+00
2.643292509353804220e+00
2.236067977499789805e+00
2.236067977499789805e+00
2.236067977499789805e+00
2.236067977499788029e+00
2.166914389249154915e+00
2.166914389249153139e+00
2.000000000000001776e+00
2.000000000000000000e+00
1.999999999999999556e+00
1.999999999999999556e+00
1.999999999999999334e+00
1.999999999999999334e+00
1.954654348757209892e+00
1.954654348757208782e+00
1.732050807568877859e+00
1.732050807568877415e+00
1.732050807568877193e+00
1.732050807568876527e+00
1.731291060136891158e+00
1.731291060136889159e+00
1.728604054038841431e+00
1.728604054038840543e+00
1.414213562373097810e+00
1.414213562373096922e+00
1.414213562373096478e+00
1.414213562373095590e+00
1.414213562373094923e+00
1.414213562373094701e+00
1.414213562373094701e+00
1.414213562373094701e+00
1.414213562373094257e+00
1.414213562373093813e+00
1.414213562373093813e+00
1.414213562373090927e+00
1.367044343201815559e+00
1.367044343201814449e+00
1.179371171032880694e+00
1.179371171032879362e+00
1.049478828269687414e+00
1.049478828269686970e+00
1.000000000000033307e+00
1.000000000000006217e+00
1.000000000000003553e+00
1.000000000000001776e+00
1.000000000000001332e+00
1.000000000000000888e+00
1.000000000000000888e+00
1.000000000000000888e+00
1.000000000000000666e+00
1.000000000000000666e+00
1.000000000000000444e+00
1.000000000000000000e+00
1.000000000000000000e+00
1.000000000000000000e+00
1.000000000000000000e+00
1.000000000000000000e+00
1.000000000000000000e+00
1.000000000000000000e+00
9.999999999999997780e-01
9.999999999999996669e-01
9.999999999999996669e-01
9.999999999999996669e-01
9.999999999999993339e-01
9.999999999999992228e-01
9.999999999999991118e-01
9.999999999999984457e-01
9.999999999999978906e-01
9.999999999999964473e-01
9.999999999999927836e-01
9.999999999999674705e-01
9.976861897184914341e-01
9.976861897184873262e-01
9.691072951717798478e-01
9.691072951717786266e-01
7.215613811829092450e-01
7.215613811829091340e-01
3.887581709897192650e-01
3.887581709896977822e-01
