# Singular values
5.388464721668654533e+00
5.388464721668654533e+00
4.670830100356035075e+00
4.670830100356032411e+00
3.457017615647856701e+00
3.457017615647855813e+00
3.184267111800007211e+00
3.184267111800004546e+00
2.828427124746189847e+00
2.828427124746188959e+00
2.638228702394676883e+00
2.638228702394674219e+00
2.449489742783178325e+00
2.449489742783178325e+00
1.847176443663650192e+00
1.847176443663649303e+00
1.457282208080904917e+00
1.457282208080903141e+00
1.414213562373095812e+00
1.414213562373095590e+00
1.414213562373095368e+00
1.414213562373095368e+00
1.414213562373095368e+00
1.414213562373095368e+00
1.414213562373094923e+00
1.414213562373094923e+00
1.414213562373094923e+00
1.414213562373094923e+00
1.414213562373094923e+00
1.414213562373094701e+00
1.414213562373094701e+00
1.414213562373094701e+00
1.414213562373094701e+00
1.414213562373094701e+00
1.414213562373094479e+00
1.414213562373094479e+00
1.177829585838179982e+00
1.177829585838179760e+00
1.000000000000001554e+00
1.000000000000000888e+00
1.000000000000000444e+00
1.000000000000000444e+00
1.000000000000000444e+00
1.000000000000000444e+00
1.000000000000000222e+00
1.000000000000000222e+00
1.000000000000000222e+00
1.000000000000000000e+00
1.000000000000000000e+00
9.999999999999998890e-01
9.999999999999998890e-01
9.999999999999998890e-01
9.999999999999998890e-01
9.999999999999997780e-01
9.999999999999996669e-01
9.999999999999996669e-01
9.999999999999996669e-01
9.999999999999996669e-01
9.999999999999996669e-01
9.999999999999996669e-01
9.999999999999996669e-01
9.999999999999996669e-01
9.999999999999996669e-01
9.999999999999994449e-01
9.999999999999992228e-01
9.999999999999992228e-01
9.352784603532509067e-01
9.352784603532505736e-01
4.281894132367498051e-01
4.281894132367495831e-01
3.404538783902921750e-01
3.404538783902917309e-01
