# Singular values
3.516694924158515505e+02
3.516694924158512094e+02
2.225155808745307979e+02
2.225155808745307695e+02
1.567060850951689872e+02
1.567060850951689304e+02
1.418114568901216046e+02
1.418114568901214056e+02
1.179859787631569787e+02
1.179859787631568935e+02
1.044366470213711722e+02
1.044366470213709306e+02
8.207113308210298896e+01
8.207113308210296054e+01
7.982392240775956793e+01
7.982392240775953951e+01
7.527939315288588773e+01
7.527939315288578825e+01
7.023463400743564478e+01
7.023463400743544582e+01
6.742978793983277797e+01
6.742978793983273533e+01
6.148358350619615464e+01
6.148358350619608359e+01
5.419006094878756130e+01
5.419006094878755420e+01
4.993589615354138544e+01
4.993589615354130018e+01
4.701854186031059868e+01
4.701854186031050631e+01
4.365661559361512190e+01
4.365661559361508637e+01
4.300707706552184817e+01
4.300707706552177001e+01
3.722902093797259226e+01
3.722902093797257805e+01
3.630246026498862477e+01
3.630246026498860346e+01
3.464319597207452972e+01
3.464319597207439472e+01
3.314791686595717835e+01
3.314791686595712861e+01
3.182779605405512768e+01
3.182779605405506729e+01
3.067247948014093595e+01
3.067247948014088621e+01
2.978753494746533548e+01
2.978753494746529995e+01
2.800788497282800193e+01
2.800788497282795575e+01
2.761324556523552332e+01
2.761324556523529239e+01
2.702306300432268671e+01
2.702306300432264408e+01
2.648163523635038885e+01
2.648163523635020056e+01
2.471500403644742505e+01
2.471500403644742150e+01
2.419677766122419982e+01
2.419677766122416429e+01
2.359265665798484690e+01
2.359265665798476164e+01
2.244477284573464360e+01
2.244477284573460452e+01
2.207606673087784444e+01
2.207606673087781601e+01
2.169333527611586376e+01
2.169333527611582113e+01
2.118617554584353613e+01
2.118617554584350771e+01
2.046281473788017280e+01
2.046281473788013017e+01
1.950687360962080419e+01
1.950687360962074735e+01
1.901321910084564948e+01
1.901321910084558908e+01
1.892700869955254461e+01
1.892700869955253751e+01
1.871837180337697149e+01
1.871837180337694306e+01
1.832587895806046063e+01
1.832587895806043932e+01
1.767102231539132617e+01
1.767102231539127644e+01
1.714628994673847018e+01
1.714628994673843820e+01
1.692563797682539217e+01
1.692563797682539217e+01
1.624956306756584468e+01
1.624956306756583402e+01
1.607332167156394931e+01
1.607332167156394220e+01
1.583820968128875784e+01
1.583820968128873830e+01
1.578982680965667384e+01
1.578982680965665963e+01
1.563194951431175284e+01
1.563194951431171020e+01
1.537553198145029576e+01
1.537553198145024780e+01
1.509921793783532351e+01
1.509921793783524535e+01
1.488763370336988245e+01
1.488763370336980962e+01
1.467354869193460054e+01
1.467354869193455258e+01
1.440234173081618962e+01
1.440234173081608127e+01
1.418844160308469782e+01
1.418844160308462854e+01
1.405052808024426803e+01
1.405052808024424493e+01
1.386439273265928840e+01
1.386439273265925110e+01
1.355397974910329673e+01
1.355397974910323811e+01
1.351588169411946261e+01
1.351588169411942886e+01
1.320684372326833689e+01
1.320684372326832268e+01
1.307780634876118953e+01
1.307780634876118064e+01
1.252526652891901549e+01
1.252526652891899772e+01
1.205956483703620918e+01
1.205956483703619675e+01
1.173061815693174736e+01
1.173061815693169585e+01
1.161626260313563996e+01
1.161626260313557601e+01
1.132671583274825444e+01
1.132671583274824378e+01
1.128843599637756157e+01
1.128843599637754025e+01
1.123340644640691011e+01
1.123340644640690478e+01
1.112104669058463990e+01
1.112104669058463102e+01
1.088024866561498882e+01
1.088024866561497639e+01
1.070770038218894094e+01
1.070770038218893205e+01
1.064459707710773806e+01
1.064459707710773095e+01
1.050533588044121380e+01
1.050533588044120492e+01
1.046461443627045362e+01
1.046461443627044297e+01
1.034383985425424690e+01
1.034383985425424513e+01
1.024526524569347430e+01
1.024526524569346542e+01
9.891144689867441997e+00
9.891144689867440221e+00
9.735266014618698449e+00
9.735266014618662922e+00
9.437672949910192344e+00
9.437672949910190567e+00
9.016216145758574996e+00
9.016216145758553679e+00
8.923643537105167667e+00
8.923643537105158785e+00
8.844822837945079286e+00
8.844822837945036653e+00
8.679028511965601211e+00
8.679028511965581671e+00
8.499474396308977830e+00
8.499474396308928092e+00
8.291026696955226427e+00
8.291026696955215769e+00
8.198226927443190704e+00
8.198226927443142742e+00
8.164036639202386425e+00
8.164036639202372214e+00
8.065538588747889648e+00
8.065538588747827475e+00
8.027291326906448532e+00
8.027291326906436097e+00
7.595817658781506942e+00
7.595817658781494508e+00
7.548902384838256374e+00
7.548902384838251933e+00
7.493349346165924629e+00
7.493349346165911307e+00
7.299806370896198437e+00
7.299806370896180674e+00
7.284685799783562565e+00
7.284685799783544802e+00
7.003585507523691689e+00
7.003585507523689913e+00
6.971004556162963439e+00
6.971004556162948340e+00
6.818399468687106335e+00
6.818399468687026399e+00
6.741789335631603208e+00
6.741789335631583668e+00
6.683373423379606493e+00
6.683373423379562084e+00
6.598962484894274283e+00
6.598962484894255631e+00
6.455634094115964672e+00
6.455634094115956678e+00
6.408586463636654074e+00
6.408586463636587460e+00
6.292021289871120970e+00
6.292021289871112089e+00
6.056813701661455163e+00
6.056813701661429405e+00
6.013441158632735650e+00
6.013441158632733874e+00
5.850169373991277233e+00
5.850169373991275457e+00
5.790035947433123553e+00
5.790035947433097796e+00
5.760992490303642022e+00
5.760992490303636693e+00
5.732734941909128246e+00
5.732734941909122028e+00
5.697445693970186298e+00
5.697445693970165870e+00
5.633685053665598907e+00
5.633685053665576703e+00
5.590718734284909175e+00
5.590718734284897629e+00
5.561841470740305660e+00
5.561841470740302107e+00
5.557823216055778559e+00
5.557823216055753690e+00
5.447746163619766158e+00
5.447746163619754611e+00
5.409969091694604160e+00
5.409969091694590837e+00
5.384278266170169580e+00
5.384278266170162475e+00
5.340047406202016234e+00
5.340047406202010905e+00
5.181520376342464651e+00
5.181520376342453105e+00
5.099019513592791597e+00
5.099019513592773833e+00
5.017451976230363542e+00
5.017451976230357324e+00
5.000000000000015987e+00
5.000000000000003553e+00
4.999999999999996447e+00
4.999999999999991118e+00
4.998374282937597890e+00
4.998374282937597002e+00
4.992852184967373930e+00
4.992852184967363272e+00
4.946506821744560689e+00
4.946506821744552695e+00
4.933471418658045948e+00
4.933471418658041507e+00
4.927903969378537141e+00
4.927903969378530924e+00
4.751228656540303241e+00
4.751228656540295248e+00
4.745929355912017478e+00
4.745929355912004155e+00
4.706111388610953128e+00
4.706111388610926483e+00
4.602277288842128833e+00
4.602277288842122616e+00
4.582275336294602930e+00
4.582275336294600265e+00
4.568669730117786543e+00
4.568669730117763450e+00
4.558444780065310731e+00
4.558444780065307178e+00
4.495996315207880123e+00
4.495996315207873906e+00
4.472135954999583163e+00
4.472135954999571616e+00
4.433160866584518800e+00
4.433160866584511695e+00
4.429027937324126363e+00
4.429027937324123698e+00
4.413405156970916288e+00
4.413405156970886090e+00
4.385460989155954614e+00
4.385460989155953726e+00
4.376425534047900356e+00
4.376425534047892363e+00
4.323368157301789694e+00
4.323368157301788806e+00
4.302046036633584869e+00
4.302046036633552895e+00
4.245716905202757019e+00
4.245716905202748137e+00
4.215550994439992039e+00
4.215550994439985821e+00
4.172524868810862486e+00
4.172524868810842058e+00
4.165729978350070972e+00
4.165729978350066531e+00
4.163089452344491015e+00
4.163089452344481245e+00
4.129740529907411251e+00
4.129740529907410362e+00
4.102802741419550259e+00
4.102802741419544930e+00
4.069131941083516502e+00
4.069131941083513837e+00
4.062747368753003130e+00
4.062747368752996913e+00
4.057409002138726350e+00
4.057409002138714804e+00
4.000000000000007994e+00
4.000000000000004441e+00
3.988111840477775782e+00
3.988111840477766901e+00
3.949836822872621500e+00
3.949836822872620168e+00
3.904247290544526017e+00
3.904247290544512694e+00
3.855134411322753252e+00
3.855134411322750143e+00
3.807677428402920672e+00
3.807677428402896691e+00
3.789858383757104043e+00
3.789858383757098270e+00
3.756236171002278024e+00
3.756236171002276691e+00
3.751862633277396331e+00
3.751862633277361248e+00
3.694726587317787914e+00
3.694726587317785693e+00
3.687309803357230020e+00
3.687309803357217586e+00
3.632932472243681765e+00
3.632932472243679545e+00
3.624424476227983583e+00
3.624424476227968928e+00
3.605370879553842389e+00
3.605370879553839725e+00
3.605095381726210579e+00
3.605095381726207027e+00
3.497891684978947868e+00
3.497891684978944316e+00
3.458709058050221330e+00
3.458709058050212892e+00
3.453166149417421948e+00
3.453166149417418396e+00
3.447809201322683759e+00
3.447809201322661554e+00
3.416181694933349888e+00
3.416181694933340562e+00
3.396315664806123902e+00
3.396315664806123014e+00
3.371812057687857411e+00
3.371812057687856079e+00
3.337462069233088968e+00
3.337462069233074757e+00
3.304229704866167516e+00
3.304229704866161299e+00
3.299068526386961686e+00
3.299068526386956801e+00
3.269898297577053636e+00
3.269898297577048751e+00
3.244316918649012838e+00
3.244316918649006620e+00
3.243101335685588449e+00
3.243101335685580455e+00
3.211450229316262117e+00
3.211450229316259897e+00
3.178653484453628941e+00
3.178653484453628497e+00
3.162019243030242954e+00
3.162019243030238957e+00
3.161492410391989250e+00
3.161492410391976371e+00
3.121273710769058241e+00
3.121273710769048471e+00
3.108787385172069762e+00
3.108787385172056439e+00
3.102610452542172492e+00
3.102610452542168495e+00
3.077888498912268123e+00
3.077888498912257464e+00
3.053681124297902283e+00
3.053681124297896954e+00
3.026344541173132896e+00
3.026344541173127567e+00
3.001481412982373698e+00
3.001481412982367036e+00
3.000000000000007550e+00
3.000000000000000888e+00
2.999999999999996891e+00
2.999999999999996003e+00
2.998731532227361107e+00
2.998731532227356666e+00
2.994114368360237144e+00
2.994114368360225598e+00
2.986437689398210082e+00
2.986437689398200312e+00
2.985101065550517241e+00
2.985101065550511912e+00
2.982354770598254934e+00
2.982354770598251825e+00
2.952434700418908431e+00
2.952434700418904434e+00
2.947090656832155986e+00
2.947090656832151545e+00
2.907628383422483420e+00
2.907628383422480756e+00
2.901933373495536816e+00
2.901933373495526602e+00
2.881043063090599432e+00
2.881043063090598544e+00
2.872269293810577384e+00
2.872269293810571167e+00
2.868439418057965540e+00
2.868439418057961987e+00
2.854865457922175054e+00
2.854865457922173722e+00
2.828427124746190735e+00
2.828427124746187182e+00
2.828427124746184962e+00
2.828427124746184518e+00
2.826039490084568229e+00
2.826039490084566008e+00
2.822879888066333720e+00
2.822879888066332832e+00
2.816716810863195697e+00
2.816716810863189480e+00
2.785538412950133491e+00
2.785538412950129494e+00
2.780035316309596105e+00
2.780035316309567683e+00
2.683359075370037150e+00
2.683359075370034486e+00
2.610067990239014257e+00
2.610067990239013813e+00
2.602033855680859542e+00
2.602033855680857766e+00
2.594515384907762012e+00
2.594515384907744693e+00
2.572265759925655537e+00
2.572265759925648432e+00
2.544346219311286905e+00
2.544346219311275359e+00
2.533518852491836171e+00
2.533518852491830398e+00
2.509494881699589452e+00
2.509494881699581903e+00
2.460047011067097777e+00
2.460047011067089784e+00
2.455007368551262115e+00
2.455007368551255453e+00
2.449489742783181434e+00
2.449489742783174329e+00
2.414937259779545986e+00
2.414937259779544654e+00
2.376780505277828581e+00
2.376780505277825917e+00
2.352504656480957745e+00
2.352504656480949752e+00
2.331544917974661235e+00
2.331544917974659459e+00
2.297923638069035768e+00
2.297923638069029106e+00
2.296198139814718431e+00
2.296198139814717543e+00
2.284575635523950599e+00
2.284575635523943493e+00
2.268724011076625580e+00
2.268724011076625136e+00
2.264900933100036262e+00
2.264900933100032265e+00
2.259647634245854242e+00
2.259647634245851577e+00
2.252596724305064413e+00
2.252596724305061304e+00
2.236067977499792914e+00
2.236067977499791581e+00
2.236067977499790693e+00
2.236067977499790249e+00
2.236067977499788473e+00
2.236067977499787141e+00
2.236039539753646110e+00
2.236039539753644778e+00
2.224769304908872147e+00
2.224769304908865930e+00
2.222479475345335853e+00
2.222479475345334965e+00
2.212431850579121395e+00
2.212431850579117842e+00
2.211811947580927917e+00
2.211811947580924809e+00
2.207035249818258382e+00
2.207035249818254385e+00
2.191036114029281112e+00
2.191036114029276227e+00
2.189603687165216694e+00
2.189603687165215362e+00
2.164224519126233925e+00
2.164224519126226820e+00
2.158565814450387421e+00
2.158565814450374098e+00
2.079344019190455306e+00
2.079344019190444648e+00
2.066470925827726290e+00
2.066470925827723626e+00
2.059980771716322323e+00
2.059980771716320103e+00
2.057847276710436990e+00
2.057847276710436102e+00
2.040202341482889814e+00
2.040202341482887149e+00
2.002391795089767612e+00
2.002391795089760951e+00
2.000000000000007994e+00
2.000000000000004885e+00
2.000000000000003997e+00
2.000000000000003109e+00
2.000000000000002665e+00
2.000000000000002665e+00
2.000000000000002220e+00
2.000000000000002220e+00
2.000000000000001332e+00
2.000000000000000888e+00
2.000000000000000888e+00
2.000000000000000444e+00
2.000000000000000444e+00
2.000000000000000444e+00
2.000000000000000000e+00
2.000000000000000000e+00
2.000000000000000000e+00
2.000000000000000000e+00
2.000000000000000000e+00
2.000000000000000000e+00
2.000000000000000000e+00
1.999999999999999778e+00
1.999999999999999778e+00
1.999999999999999556e+00
1.999999999999999556e+00
1.999999999999999112e+00
1.999999999999999112e+00
1.999999999999999112e+00
1.999999999999997113e+00
1.999999999999996891e+00
1.999999999999996891e+00
1.999999999999990674e+00
1.999206070038793692e+00
1.999206070038790584e+00
1.999088939618557159e+00
1.999088939618552052e+00
1.994624587120983783e+00
1.994624587120981118e+00
1.988907168775516876e+00
1.988907168775511325e+00
1.977284373617749225e+00
1.977284373617746560e+00
1.970460118477072475e+00
1.970460118477070699e+00
1.955012808202476027e+00
1.955012808202467589e+00
1.950681875836473234e+00
1.950681875836472789e+00
1.922670098399398952e+00
1.922670098399389182e+00
1.916789475422647993e+00
1.916789475422647770e+00
1.913209936504265629e+00
1.913209936504262743e+00
1.904211593885711595e+00
1.904211593885696052e+00
1.885347365644498563e+00
1.885347365644498119e+00
1.822037456879419315e+00
1.822037456879416650e+00
1.820739110676441674e+00
1.820739110676440120e+00
1.818316076457429986e+00
1.818316076457427766e+00
1.799722538597339661e+00
1.799722538597333443e+00
1.754268412464133231e+00
1.754268412464124793e+00
1.748435751192896292e+00
1.748435751192872978e+00
1.731033910723757119e+00
1.731033910723753788e+00
1.729539894296315161e+00
1.729539894296314273e+00
1.725413328777173572e+00
1.725413328777170685e+00
1.723050503562081559e+00
1.723050503562079561e+00
1.718182957252111676e+00
1.718182957252104348e+00
1.714754556255799312e+00
1.714754556255795981e+00
1.713721895790867755e+00
1.713721895790867311e+00
1.692526705218581728e+00
1.692526705218578620e+00
1.679435881080290960e+00
1.679435881080289850e+00
1.652348317892720742e+00
1.652348317892719187e+00
1.622289252211275290e+00
1.622289252211249089e+00
1.618033988749897789e+00
1.618033988749896901e+00
1.610654053542070585e+00
1.610654053542056818e+00
1.592838947288266471e+00
1.592838947288263585e+00
1.519426851680087953e+00
1.519426851680087731e+00
1.500520642029611329e+00
1.500520642029610885e+00
1.479373136492846852e+00
1.479373136492836638e+00
1.438770632309612107e+00
1.438770632309597675e+00
1.437153016529858718e+00
1.437153016529853833e+00
1.433373410174610729e+00
1.433373410174608509e+00
1.422926741887398983e+00
1.422926741887393876e+00
1.416814443895838549e+00
1.416814443895820341e+00
1.414213562373099586e+00
1.414213562373097366e+00
1.414213562373097366e+00
1.414213562373097144e+00
1.414213562373096700e+00
1.414213562373096478e+00
1.414213562373095590e+00
1.414213562373095590e+00
1.414213562373095368e+00
1.414213562373095368e+00
1.414213562373095368e+00
1.414213562373095145e+00
1.414213562373094923e+00
1.414213562373094923e+00
1.414213562373094701e+00
1.414213562373094701e+00
1.414213562373094701e+00
1.414213562373094479e+00
1.414213562373094257e+00
1.414213562373094257e+00
1.414213562373094257e+00
1.414213562373094035e+00
1.414213562373093813e+00
1.414213562373093591e+00
1.414213562373093369e+00
1.414213562373093369e+00
1.414213562373092037e+00
1.414213562373091815e+00
1.414173151521179062e+00
1.414173151521167515e+00
1.413902241747184707e+00
1.413902241747178490e+00
1.413711390229636766e+00
1.413711390229635212e+00
1.413129705156155547e+00
1.413129705156151994e+00
1.412653206521528260e+00
1.412653206521527594e+00
1.411525795272660755e+00
1.411525795272659645e+00
1.410008882160296073e+00
1.410008882160295185e+00
1.408979841773031483e+00
1.408979841773030595e+00
1.408343313300162380e+00
1.408343313300160382e+00
1.405653887148186509e+00
1.405653887148184955e+00
1.405448644522125923e+00
1.405448644522122814e+00
1.402403065770933654e+00
1.402403065770932988e+00
1.394453132295329079e+00
1.394453132295327302e+00
1.387966354717895312e+00
1.387966354717894424e+00
1.377845865727594266e+00
1.377845865727593155e+00
1.371331668465995746e+00
1.371331668465994857e+00
1.366697893138163700e+00
1.366697893138161701e+00
1.365205529090774528e+00
1.365205529090771419e+00
1.355508284452619838e+00
1.355508284452612511e+00
1.347830517751342327e+00
1.347830517751334334e+00
1.342865657961084702e+00
1.342865657961083148e+00
1.341041374846064116e+00
1.341041374846063672e+00
1.339101991244422196e+00
1.339101991244420642e+00
1.336598392295883730e+00
1.336598392295882842e+00
1.327110174704704937e+00
1.327110174704703383e+00
1.323302483056062018e+00
1.323302483056057577e+00
1.320560936128825968e+00
1.320560936128823304e+00
1.310566508668026486e+00
1.310566508668014718e+00
1.308179230373538449e+00
1.308179230373538005e+00
1.290958507965656032e+00
1.290958507965652258e+00
1.274676196059531419e+00
1.274676196059527422e+00
1.253354792090225933e+00
1.253354792090210612e+00
1.226611207125894554e+00
1.226611207125892111e+00
1.175251713790128605e+00
1.175251713790126828e+00
1.141792877317071131e+00
1.141792877317070687e+00
1.110878039689841890e+00
1.110878039689839447e+00
1.090665399667095192e+00
1.090665399667093638e+00
1.082777901983407620e+00
1.082777901983406288e+00
1.038957453093198646e+00
1.038957453093192429e+00
1.000000000000021094e+00
1.000000000000007772e+00
1.000000000000007105e+00
1.000000000000006439e+00
1.000000000000005329e+00
1.000000000000004663e+00
1.000000000000003109e+00
1.000000000000003109e+00
1.000000000000001554e+00
1.000000000000001554e+00
1.000000000000001332e+00
1.000000000000001110e+00
1.000000000000000888e+00
1.000000000000000888e+00
1.000000000000000888e+00
1.000000000000000888e+00
1.000000000000000888e+00
1.000000000000000666e+00
1.000000000000000666e+00
1.000000000000000666e+00
1.000000000000000666e+00
1.000000000000000666e+00
1.000000000000000666e+00
1.000000000000000666e+00
1.000000000000000666e+00
1.000000000000000666e+00
1.000000000000000666e+00
1.000000000000000666e+00
1.000000000000000666e+00
1.000000000000000444e+00
1.000000000000000444e+00
1.000000000000000444e+00
1.000000000000000444e+00
1.000000000000000444e+00
1.000000000000000444e+00
1.000000000000000444e+00
1.000000000000000444e+00
1.000000000000000444e+00
1.000000000000000444e+00
1.000000000000000444e+00
1.000000000000000444e+00
1.000000000000000444e+00
1.000000000000000444e+00
1.000000000000000444e+00
1.000000000000000444e+00
1.000000000000000444e+00
1.000000000000000444e+00
1.000000000000000444e+00
1.000000000000000444e+00
1.000000000000000444e+00
1.000000000000000444e+00
1.000000000000000444e+00
1.000000000000000444e+00
1.000000000000000444e+00
1.000000000000000444e+00
1.000000000000000444e+00
1.000000000000000444e+00
1.000000000000000444e+00
1.000000000000000444e+00
1.000000000000000444e+00
1.000000000000000444e+00
1.000000000000000222e+00
1.000000000000000222e+00
1.000000000000000222e+00
1.000000000000000222e+00
1.000000000000000222e+00
1.000000000000000222e+00
1.000000000000000222e+00
1.000000000000000222e+00
1.000000000000000222e+00
1.000000000000000222e+00
1.000000000000000222e+00
1.000000000000000222e+00
1.000000000000000222e+00
1.000000000000000222e+00
1.000000000000000222e+00
1.000000000000000222e+00
1.000000000000000222e+00
1.000000000000000222e+00
1.000000000000000222e+00
1.000000000000000222e+00
1.000000000000000222e+00
1.000000000000000222e+00
1.000000000000000222e+00
1.000000000000000000e+00
1.000000000000000000e+00
1.000000000000000000e+00
1.000000000000000000e+00
1.000000000000000000e+00
1.000000000000000000e+00
1.000000000000000000e+00
1.000000000000000000e+00
1.000000000000000000e+00
1.000000000000000000e+00
1.000000000000000000e+00
1.000000000000000000e+00
1.000000000000000000e+00
1.000000000000000000e+00
1.000000000000000000e+00
1.000000000000000000e+00
1.000000000000000000e+00
1.000000000000000000e+00
1.000000000000000000e+00
1.000000000000000000e+00
1.000000000000000000e+00
1.000000000000000000e+00
1.000000000000000000e+00
1.000000000000000000e+00
1.000000000000000000e+00
1.000000000000000000e+00
9.999999999999998890e-01
9.999999999999998890e-01
9.999999999999998890e-01
9.999999999999998890e-01
9.999999999999998890e-01
9.999999999999998890e-01
9.999999999999998890e-01
9.999999999999998890e-01
9.999999999999998890e-01
9.999999999999998890e-01
9.999999999999998890e-01
9.999999999999998890e-01
9.999999999999998890e-01
9.999999999999998890e-01
9.999999999999998890e-01
9.999999999999998890e-01
9.999999999999998890e-01
9.999999999999998890e-01
9.999999999999998890e-01
9.999999999999998890e-01
9.999999999999998890e-01
9.999999999999998890e-01
9.999999999999998890e-01
9.999999999999998890e-01
9.999999999999998890e-01
9.999999999999997780e-01
9.999999999999997780e-01
9.999999999999997780e-01
9.999999999999997780e-01
9.999999999999997780e-01
9.999999999999997780e-01
9.999999999999997780e-01
9.999999999999997780e-01
9.999999999999997780e-01
9.999999999999997780e-01
9.999999999999997780e-01
9.999999999999997780e-01
9.999999999999997780e-01
9.999999999999997780e-01
9.999999999999997780e-01
9.999999999999997780e-01
9.999999999999996669e-01
9.999999999999996669e-01
9.999999999999996669e-01
9.999999999999996669e-01
9.999999999999996669e-01
9.999999999999996669e-01
9.999999999999996669e-01
9.999999999999996669e-01
9.999999999999996669e-01
9.999999999999996669e-01
9.999999999999996669e-01
9.999999999999996669e-01
9.999999999999996669e-01
9.999999999999996669e-01
9.999999999999996669e-01
9.999999999999996669e-01
9.999999999999996669e-01
9.999999999999996669e-01
9.999999999999996669e-01
9.999999999999996669e-01
9.999999999999995559e-01
9.999999999999995559e-01
9.999999999999995559e-01
9.999999999999995559e-01
9.999999999999995559e-01
9.999999999999995559e-01
9.999999999999995559e-01
9.999999999999995559e-01
9.999999999999995559e-01
9.999999999999995559e-01
9.999999999999995559e-01
9.999999999999995559e-01
9.999999999999995559e-01
9.999999999999995559e-01
9.999999999999995559e-01
9.999999999999994449e-01
9.999999999999994449e-01
9.999999999999994449e-01
9.999999999999994449e-01
9.999999999999994449e-01
9.999999999999994449e-01
9.999999999999994449e-01
9.999999999999993339e-01
9.999999999999993339e-01
9.999999999999993339e-01
9.999999999999993339e-01
9.999999999999993339e-01
9.999999999999993339e-01
9.999999999999992228e-01
9.999999999999992228e-01
9.999999999999992228e-01
9.999999999999992228e-01
9.999999999999990008e-01
9.999999999999990008e-01
9.999999999999988898e-01
9.999999999999985567e-01
9.999999999999975575e-01
9.999999999999968914e-01
9.999999999999957812e-01
9.999999999999945599e-01
9.999999999999944489e-01
9.999999999999941158e-01
9.999999999999795719e-01
9.998983380618396977e-01
9.998983380618361450e-01
9.996068622509853840e-01
9.996068622509843848e-01
9.995425128094567180e-01
9.995425128094549416e-01
9.993992281317730653e-01
9.993992281317707338e-01
9.991829879260508696e-01
9.991829879260493152e-01
9.990170556447408590e-01
9.990170556447391936e-01
9.989850572652971827e-01
9.989850572652956284e-01
9.988197743473089529e-01
9.988197743473078427e-01
9.983597618174514521e-01
9.983597618174504529e-01
9.980337054942169939e-01
9.980337054942156616e-01
9.973860708693345067e-01
9.973860708693321753e-01
9.973217202921575986e-01
9.973217202921569324e-01
9.966644352465012791e-01
9.966644352465008350e-01
9.961192717172656641e-01
9.961192717172649980e-01
9.959495200769594714e-01
9.959495200769588052e-01
9.956588797638653565e-01
9.956588797638639132e-01
9.948564219278935861e-01
9.948564219278920318e-01
9.947934018684193580e-01
9.947934018684172486e-01
9.939104940067722271e-01
9.939104940067711169e-01
9.926692481073212670e-01
9.926692481073196017e-01
9.918402530631098557e-01
9.918402530631093006e-01
9.907883382228376279e-01
9.907883382228367397e-01
9.905844649720013662e-01
9.905844649719993678e-01
9.896380733477686542e-01
9.896380733477676550e-01
9.883891964939606201e-01
9.883891964939600649e-01
9.875732829090339004e-01
9.875732829090316800e-01
9.857686873816857709e-01
9.857686873816843276e-01
9.852960238281489591e-01
9.852960238281481820e-01
9.851639602810695617e-01
9.851639602810670082e-01
9.839129796041431453e-01
9.839129796041342635e-01
9.832396614175076266e-01
9.832396614175072935e-01
9.801451541248172861e-01
9.801451541248160648e-01
9.778280320754947352e-01
9.778280320754938471e-01
9.772402067696231986e-01
9.772402067696218664e-01
9.747041451316366123e-01
9.747041451316346139e-01
9.732141770933291358e-01
9.732141770933278035e-01
9.682048659536255375e-01
9.682048659536244273e-01
9.610030078085324279e-01
9.610030078085319838e-01
9.586777841719243964e-01
9.586777841719223980e-01
9.561559875994564139e-01
9.561559875994408708e-01
9.514192657341921100e-01
9.514192657341880022e-01
9.501943080617442083e-01
9.501943080617432091e-01
9.435816126525656822e-01
9.435816126525649050e-01
9.377186828866725943e-01
9.377186828866710400e-01
9.353814232802134532e-01
9.353814232802123430e-01
9.346495937052501368e-01
9.346495937052495817e-01
9.316057446880293691e-01
9.316057446880248172e-01
9.298528243119575931e-01
9.298528243119540404e-01
9.167389120684912296e-01
9.167389120684892312e-01
9.125185760247864764e-01
9.125185760247782607e-01
8.935938974264164836e-01
8.935938974264153734e-01
8.714836548234949909e-01
8.714836548234931035e-01
8.673604973414598129e-01
8.673604973414573704e-01
8.634967871504586334e-01
8.634967871504541925e-01
8.619328057024647771e-01
8.619328057024582268e-01
8.595300495012067055e-01
8.595300495012027087e-01
8.566858621591623146e-01
8.566858621591569856e-01
8.476958774864736812e-01
8.476958774864726820e-01
8.316082385038356950e-01
8.316082385038346958e-01
8.113847204505745259e-01
8.113847204505710842e-01
8.100608432192480945e-01
8.100608432192460961e-01
8.064088708984984422e-01
8.064088708984972209e-01
7.920441710637237120e-01
7.920441710637199373e-01
7.839024059307297954e-01
7.839024059307287962e-01
7.745210772573967173e-01
7.745210772573938307e-01
7.338066789303574478e-01
7.338066789303563375e-01
7.034151916832007689e-01
7.034151916831947737e-01
6.905814031981714063e-01
6.905814031981228895e-01
6.822915118891669239e-01
6.822915118891651476e-01
6.698267007177270971e-01
6.698267007177212129e-01
6.590600390365507488e-01
6.590600390365475292e-01
6.383392000557186474e-01
6.383392000557167600e-01
6.362785267774987430e-01
6.362785267774982989e-01
6.277812461225507068e-01
6.277812461225443785e-01
6.180339887498957907e-01
6.180339887498955687e-01
6.008129104747274019e-01
6.008129104747254035e-01
5.989195952635053555e-01
5.989195952635025799e-01
5.949364981526231722e-01
5.949364981526222840e-01
5.777183740387082933e-01
5.777183740387068500e-01
5.728187904138896114e-01
5.728187904138880571e-01
5.313172849868079695e-01
5.313172849868079695e-01
5.220477429341620068e-01
5.220477429341614517e-01
4.447194527139768927e-01
4.447194527139752829e-01
3.285635972652738435e-01
3.285635972652733439e-01
3.176310078843584406e-01
3.176310078843568308e-01
2.913496199061352265e-01
2.913496199061321179e-01
2.333646593692656201e-01
2.333646593692624005e-01
1.438497050101147368e-01
1.438497050101142372e-01
1.090614640109265898e-01
1.090614640109216077e-01
