# Singular values
1.192642794511027660e+03
1.192642794511026750e+03
2.374150944633433369e+02
2.374150944633432516e+02
1.648548288868612985e+02
1.648548288868611564e+02
1.170256669999459547e+02
1.170256669999458836e+02
1.081334539069283096e+02
1.081334539069282954e+02
8.758769769490758961e+01
8.758769769490751855e+01
8.630170106709988431e+01
8.630170106709977063e+01
6.745259532170361183e+01
6.745259532170359762e+01
6.025519236159464498e+01
6.025519236159443892e+01
5.516570686595277095e+01
5.516570686595274964e+01
5.012313302035153129e+01
5.012313302035148155e+01
4.994969674716740116e+01
4.994969674716733721e+01
4.458864839448420270e+01
4.458864839448411743e+01
3.830143600441114415e+01
3.830143600441098783e+01
3.789328525889441579e+01
3.789328525889427368e+01
3.589561019347956261e+01
3.589561019347951998e+01
3.487612811477430341e+01
3.487612811477421815e+01
3.337028026373270251e+01
3.337028026373261014e+01
2.965776148902117626e+01
2.965776148902112297e+01
2.815236698073057653e+01
2.815236698073055166e+01
2.691782190600819646e+01
2.691782190600819291e+01
2.589667718987200828e+01
2.589667718987195144e+01
2.495034051346526383e+01
2.495034051346520698e+01
2.336910893423959124e+01
2.336910893423958058e+01
2.215963023594677850e+01
2.215963023594673587e+01
2.115933137716798029e+01
2.115933137716798029e+01
2.078106449727269833e+01
2.078106449727266281e+01
2.049383269181263145e+01
2.049383269181256750e+01
1.990521158069597618e+01
1.990521158069591934e+01
1.936004464751389165e+01
1.936004464751382059e+01
1.835882245295475101e+01
1.835882245295462667e+01
1.813254870683009301e+01
1.813254870683000064e+01
1.711724276862372207e+01
1.711724276862369010e+01
1.587797128094553756e+01
1.587797128094551979e+01
1.565864094712994792e+01
1.565864094712991417e+01
1.522490863667256811e+01
1.522490863667251304e+01
1.499281659034424408e+01
1.499281659034420144e+01
1.419641674986311131e+01
1.419641674986308644e+01
1.398260509208298785e+01
1.398260509208292923e+01
1.365175683100324555e+01
1.365175683100322424e+01
1.354595574012433978e+01
1.354595574012425274e+01
1.305046957679016728e+01
1.305046957679014241e+01
1.302717567669364485e+01
1.302717567669363774e+01
1.267190296476037581e+01
1.267190296476031008e+01
1.244198055548899973e+01
1.244198055548874748e+01
1.209205224000740131e+01
1.209205224000735335e+01
1.138680865005696319e+01
1.138680865005691878e+01
1.136536719800220574e+01
1.136536719800218620e+01
1.105958040359015726e+01
1.105958040359013594e+01
1.075654070656919536e+01
1.075654070656919359e+01
1.048469908337151502e+01
1.048469908337141909e+01
1.021239088242336912e+01
1.021239088242325899e+01
1.016361157903681089e+01
1.016361157903676293e+01
1.000000000000000000e+01
9.999999999999989342e+00
9.844044465374073738e+00
9.844044465374036434e+00
9.420674200276229371e+00
9.420674200276229371e+00
9.208197490491853543e+00
9.208197490491818016e+00
8.918425239830039430e+00
8.918425239830019891e+00
8.851573926110997803e+00
8.851573926110978263e+00
8.376549174252403418e+00
8.376549174252351904e+00
8.358966109441304582e+00
8.358966109441270831e+00
8.020666189816077818e+00
8.020666189816056502e+00
7.922696531565338596e+00
7.922696531565308398e+00
7.894710385116953333e+00
7.894710385116943563e+00
7.825643570890353118e+00
7.825643570890311373e+00
7.755753116742395648e+00
7.755753116742317488e+00
7.654186234870429040e+00
7.654186234870418382e+00
7.260927115566216727e+00
7.260927115566095047e+00
7.192763218321526431e+00
7.192763218321450047e+00
6.931747488248048761e+00
6.931747488247988365e+00
6.855654600401047460e+00
6.855654600401037690e+00
6.825326674430858276e+00
6.825326674430825413e+00
6.726753213018358935e+00
6.726753213018310085e+00
6.495887989232151050e+00
6.495887989232123516e+00
6.337638543121410173e+00
6.337638543121355994e+00
6.324555320336782138e+00
6.324555320336778585e+00
6.164414002968984008e+00
6.164414002968948481e+00
6.098190909541641780e+00
6.098190909541640004e+00
6.000953392560384181e+00
6.000953392560352206e+00
5.968152704894778005e+00
5.968152704894734484e+00
5.948102828150720001e+00
5.948102828150684473e+00
5.934008687437869689e+00
5.934008687437856366e+00
5.809898487108503318e+00
5.809898487108418941e+00
5.560147376796816587e+00
5.560147376796796159e+00
5.389638646871268257e+00
5.389638646871256711e+00
5.355666567096165842e+00
5.355666567092840502e+00
5.205406134466116441e+00
5.205406134466110224e+00
5.103727970604760245e+00
5.103727970604694519e+00
4.994752092497359186e+00
4.994752092497338758e+00
4.981805460167310073e+00
4.981805460167286093e+00
4.799999070602222417e+00
4.799999070602164686e+00
4.765596269165764731e+00
4.765596269165714105e+00
4.718070392271566327e+00
4.718070392271514812e+00
4.572575446464376192e+00
4.572575446464357540e+00
4.504508489900018731e+00
4.504508489900001855e+00
4.488155801798451527e+00
4.488155801798440869e+00
4.471799077454755356e+00
4.471799077454700289e+00
4.428624638453416473e+00
4.428624638453408480e+00
4.345940577435533747e+00
4.345940577435484897e+00
4.276995356425971728e+00
4.276995356425929984e+00
4.249431627588061922e+00
4.249431627588045934e+00
4.183977675588833378e+00
4.183977675588719691e+00
4.123105625617676573e+00
4.123105625617659697e+00
4.065513810501875547e+00
4.065513810501812486e+00
4.000000000000004441e+00
3.999999999999996003e+00
3.999999999999995559e+00
3.999999999999968026e+00
3.999637830002565231e+00
3.999637830002550132e+00
3.933011332244327196e+00
3.933011332244306324e+00
3.863599474432931835e+00
3.863599474432897196e+00
3.838995949688486231e+00
3.838995949688363218e+00
3.722572759374652485e+00
3.722572759374578322e+00
3.625112480861227837e+00
3.625112480861149677e+00
3.586055029868060906e+00
3.586055029868056465e+00
3.531899034573088070e+00
3.531899034573080076e+00
3.464121229962669801e+00
3.464121229962632942e+00
3.330544060520625127e+00
3.330544060520513661e+00
3.315871561579078808e+00
3.315871561579072591e+00
3.297981044686441710e+00
3.297981044686426610e+00
3.199829607196384096e+00
3.199829607196372550e+00
3.184234739522926461e+00
3.184234739522900703e+00
3.180137667945809543e+00
3.180137667945793112e+00
3.160019109201498644e+00
3.160019109201495535e+00
3.097064037303311146e+00
3.097064037303302264e+00
3.003574970954313361e+00
3.003574970954292489e+00
3.002653672445944277e+00
3.002653672445918076e+00
3.000000000000007105e+00
3.000000000000006217e+00
3.000000000000004441e+00
2.999999999999997335e+00
2.999999999999996447e+00
2.999999999999994671e+00
2.999362394133559651e+00
2.999362394133556986e+00
2.991882685401804576e+00
2.991882685401804132e+00
2.940845092321050736e+00
2.940845092321039633e+00
2.877811944099964769e+00
2.877811944099901709e+00
2.852228943966435004e+00
2.852228943966422126e+00
2.828427124746195620e+00
2.828427124746188515e+00
2.814908370194343146e+00
2.814908370194330711e+00
2.786105478057476770e+00
2.786105478057455453e+00
2.751070056419883780e+00
2.751070056419855803e+00
2.672984241900829616e+00
2.672984241900822955e+00
2.665978211263646092e+00
2.665978211263622555e+00
2.656860465549176542e+00
2.656860465549169437e+00
2.623251072532950090e+00
2.623251072532945205e+00
2.608956524741871341e+00
2.608956524741830929e+00
2.601271090256334961e+00
2.601271090256205287e+00
2.546780458487994281e+00
2.546780458487991616e+00
2.502460202483077989e+00
2.502460202483054896e+00
2.451685505876019633e+00
2.451685505875895732e+00
2.449270346548233057e+00
2.449270346548216626e+00
2.447930142907099427e+00
2.447930142907079443e+00
2.445903519532879766e+00
2.445903519532862003e+00
2.424313536262136637e+00
2.424313536262092228e+00
2.413830702778701820e+00
2.413830702778693382e+00
2.405936214227013981e+00
2.405936214227010428e+00
2.385724836663241089e+00
2.385724836663219772e+00
2.292485865086982599e+00
2.292485865086963504e+00
2.246318511336475865e+00
2.246318511336460766e+00
2.236067449531225382e+00
2.236067449531216056e+00
2.197876352187571936e+00
2.197876352187514648e+00
2.114178508699212422e+00
2.114178508699181336e+00
2.109840799500354080e+00
2.109840799500339426e+00
2.061452480773057427e+00
2.061452480773055651e+00
2.000000000000009326e+00
2.000000000000003109e+00
2.000000000000002665e+00
2.000000000000000444e+00
1.999999999999999778e+00
1.999999999999998446e+00
1.999999999999998224e+00
1.999999999999996669e+00
1.999985418280507465e+00
1.999985418280492588e+00
1.999414620198772585e+00
1.999414620198759263e+00
1.998979480470304715e+00
1.998979480470302272e+00
1.990185908239176182e+00
1.990185908239169299e+00
1.974414170991909190e+00
1.974414170991908746e+00
1.967758260643052814e+00
1.967758260643045265e+00
1.961371686389665525e+00
1.961371686389637548e+00
1.952392063509722053e+00
1.952392063509716058e+00
1.942341418730036517e+00
1.942341418729996327e+00
1.914942856202814347e+00
1.914942856202736188e+00
1.898845011155026796e+00
1.898845011154999707e+00
1.868020250417281369e+00
1.868020250417248507e+00
1.833981217198408009e+00
1.833981217198390690e+00
1.810839001879044341e+00
1.810839001879033017e+00
1.774163299986228459e+00
1.774163299986205811e+00
1.759002795849835099e+00
1.759002795849825995e+00
1.732050807568880746e+00
1.732050807568877193e+00
1.732028422149016089e+00
1.732028422149003877e+00
1.704687793629553028e+00
1.704687793629541259e+00
1.692235808910416806e+00
1.692235808910403039e+00
1.691077476794417223e+00
1.691077476794413892e+00
1.680862500055264164e+00
1.680862500055248177e+00
1.648539884246678300e+00
1.648539884246650544e+00
1.580784527388563010e+00
1.580784527388536365e+00
1.574480821225692662e+00
1.574480821225686222e+00
1.562642735135274519e+00
1.562642735135265637e+00
1.512590282430730682e+00
1.512590282430712030e+00
1.471027061355940191e+00
1.471027061355924648e+00
1.424841169837449684e+00
1.424841169837286925e+00
1.422327720267598350e+00
1.422327720267591245e+00
1.414881226033476658e+00
1.414881226033462447e+00
1.414213562373106914e+00
1.414213562373098920e+00
1.414213562373098032e+00
1.414213562373097810e+00
1.414213562373096700e+00
1.414213562373096256e+00
1.414213562373096256e+00
1.414213562373096256e+00
1.414213562373096034e+00
1.414213562373095812e+00
1.414213562373095590e+00
1.414213562373095145e+00
1.414213562373095145e+00
1.414213562373095145e+00
1.414213562373095145e+00
1.414213562373095145e+00
1.414213562373095145e+00
1.414213562373094701e+00
1.414213562373094701e+00
1.414213562373094701e+00
1.414213562373094701e+00
1.414213562373094479e+00
1.414213562373094479e+00
1.414213562373094035e+00
1.414213562373093813e+00
1.414213562373093591e+00
1.414213562373093591e+00
1.414213562373086930e+00
1.414179774920912847e+00
1.414179774920904853e+00
1.414036368088659401e+00
1.414036368088655626e+00
1.413717578830732569e+00
1.413717578830723687e+00
1.413627431989887162e+00
1.413627431989677996e+00
1.413026056867855651e+00
1.413026056867680458e+00
1.412535365302914903e+00
1.412535365302871826e+00
1.411310036847193805e+00
1.411310036847190030e+00
1.409064294248554949e+00
1.409064294248544291e+00
1.405987894759024970e+00
1.405987894759022305e+00
1.403160600495539256e+00
1.403160600495506838e+00
1.399762267032998331e+00
1.399762267032996332e+00
1.395415241368603843e+00
1.395415241368598513e+00
1.392492110899480329e+00
1.392492110899476554e+00
1.383171480900621475e+00
1.383171480900610373e+00
1.381114896726098440e+00
1.381114896726095997e+00
1.377225010499374847e+00
1.377225010499365743e+00
1.367905976891504061e+00
1.367905976891461872e+00
1.356975232284757471e+00
1.356975232284685973e+00
1.350532543903775862e+00
1.350532543903773863e+00
1.342736568064941460e+00
1.342736568064929248e+00
1.337354117481406757e+00
1.337354117481401650e+00
1.323966109692725324e+00
1.323966109692597648e+00
1.319101301858541575e+00
1.319101301858539355e+00
1.301538069210929738e+00
1.301538069210883997e+00
1.293322905696292269e+00
1.293322905696287384e+00
1.272901106709902308e+00
1.272901106709859231e+00
1.270817487439077187e+00
1.270817487439056981e+00
1.219517890181338160e+00
1.219517890181323949e+00
1.183595334999156368e+00
1.183595334999152815e+00
1.178463171679336119e+00
1.178463171679277055e+00
1.072817442031083868e+00
1.072817442031046564e+00
1.071956637305063742e+00
1.071956637305044646e+00
1.022396865072832783e+00
1.022396865072822791e+00
1.018796467069647438e+00
1.018796467069638556e+00
1.000000000000023981e+00
1.000000000000017097e+00
1.000000000000012212e+00
1.000000000000011546e+00
1.000000000000009992e+00
1.000000000000008882e+00
1.000000000000008216e+00
1.000000000000006883e+00
1.000000000000005107e+00
1.000000000000003775e+00
1.000000000000001998e+00
1.000000000000001776e+00
1.000000000000001776e+00
1.000000000000001554e+00
1.000000000000001332e+00
1.000000000000001332e+00
1.000000000000001110e+00
1.000000000000001110e+00
1.000000000000000888e+00
1.000000000000000888e+00
1.000000000000000888e+00
1.000000000000000888e+00
1.000000000000000888e+00
1.000000000000000888e+00
1.000000000000000888e+00
1.000000000000000888e+00
1.000000000000000666e+00
1.000000000000000666e+00
1.000000000000000666e+00
1.000000000000000666e+00
1.000000000000000444e+00
1.000000000000000444e+00
1.000000000000000444e+00
1.000000000000000444e+00
1.000000000000000444e+00
1.000000000000000444e+00
1.000000000000000444e+00
1.000000000000000444e+00
1.000000000000000444e+00
1.000000000000000444e+00
1.000000000000000444e+00
1.000000000000000444e+00
1.000000000000000222e+00
1.000000000000000222e+00
1.000000000000000222e+00
1.000000000000000222e+00
1.000000000000000222e+00
1.000000000000000222e+00
1.000000000000000222e+00
1.000000000000000222e+00
1.000000000000000000e+00
1.000000000000000000e+00
9.999999999999998890e-01
9.999999999999998890e-01
9.999999999999998890e-01
9.999999999999998890e-01
9.999999999999998890e-01
9.999999999999998890e-01
9.999999999999998890e-01
9.999999999999997780e-01
9.999999999999997780e-01
9.999999999999997780e-01
9.999999999999997780e-01
9.999999999999997780e-01
9.999999999999996669e-01
9.999999999999996669e-01
9.999999999999996669e-01
9.999999999999995559e-01
9.999999999999995559e-01
9.999999999999993339e-01
9.999999999999993339e-01
9.999999999999992228e-01
9.999999999999992228e-01
9.999999999999991118e-01
9.999999999999991118e-01
9.999999999999991118e-01
9.999999999999991118e-01
9.999999999999991118e-01
9.999999999999988898e-01
9.999999999999988898e-01
9.999999999999986677e-01
9.999999999999986677e-01
9.999999999999986677e-01
9.999999999999986677e-01
9.999999999999983347e-01
9.999999999999980016e-01
9.999999999999960032e-01
9.999999999999957812e-01
9.999999999999943379e-01
9.999999999999928946e-01
9.999999999999914513e-01
9.999999999999912292e-01
9.999999999999905631e-01
9.999999999999891198e-01
9.999999999999874545e-01
9.999999999999845679e-01
9.999507971729296729e-01
9.999507971729126865e-01
9.998491831885416570e-01
9.998491831885357728e-01
9.996339635928229717e-01
9.996339635928150891e-01
9.992303085730275258e-01
9.992303085730129819e-01
9.991756590872513666e-01
9.991756590872494792e-01
9.989935583835387600e-01
9.989935583835328758e-01
9.987982358310409925e-01
9.987982358310384390e-01
9.980515024783780387e-01
9.980515024783728206e-01
9.968429338895228309e-01
9.968429338895193892e-01
9.967700812315848369e-01
9.967700812315779535e-01
9.957770157805642119e-01
9.957770157805625466e-01
9.957356308956977209e-01
9.957356308956959445e-01
9.934952974228251632e-01
9.934952974228205003e-01
9.913488651568399534e-01
9.913488651568224119e-01
9.891326807998963577e-01
9.891326807998920279e-01
9.881746538969866656e-01
9.881746538969818916e-01
9.847210181554154618e-01
9.847210181554097996e-01
9.842879963632574780e-01
9.842879963632514828e-01
9.825754493173379789e-01
9.825754493173298743e-01
9.781945261567068783e-01
9.781945261567034366e-01
9.728777192414642672e-01
9.728777192414613806e-01
9.702451532950471247e-01
9.702451532950371327e-01
9.700570146112598158e-01
9.700570146112550418e-01
9.635401698507014556e-01
9.635401698506953494e-01
9.629308408478385317e-01
9.629308408478324255e-01
9.605925209283887600e-01
9.605925209283847632e-01
9.525549577403064072e-01
9.525549577402536716e-01
9.432455759401288109e-01
9.432455759401277007e-01
9.316261846078300879e-01
9.316261846078265352e-01
9.298582832011461630e-01
9.298582832011433874e-01
9.210377754597257605e-01
9.210377754597197653e-01
9.180549143300958947e-01
9.180549143300913428e-01
9.149229987706612999e-01
9.149229987706595235e-01
9.060749491271437028e-01
9.060749491271370415e-01
8.892885873574658540e-01
8.892885873574584155e-01
8.810103228261740860e-01
8.810103228261702002e-01
8.708410526631458204e-01
8.708410526631413795e-01
8.271754997599786163e-01
8.271754997599694015e-01
8.188153247753032771e-01
8.188153247752920638e-01
8.176317555640324475e-01
8.176317555640281176e-01
8.062042921136718387e-01
8.062042921136670648e-01
8.060354555363602458e-01
8.060354555363596907e-01
8.036107627892373761e-01
8.036107627892336014e-01
7.883999189999686408e-01
7.883999189999619794e-01
7.835878338565427370e-01
7.835878338565411827e-01
7.761714657281547636e-01
7.761714657281522101e-01
7.423594026695905512e-01
7.423594026695862214e-01
7.288377106375515391e-01
7.288377106375443226e-01
6.908877936287537436e-01
6.908877936287475263e-01
6.459416945878965199e-01
6.459416945878885263e-01
6.203370713316151974e-01
6.203370713316146423e-01
5.907716713094702810e-01
5.907716713094612881e-01
5.739703845080572631e-01
5.739703845080523781e-01
5.683271615987003367e-01
5.683271615986882352e-01
5.582166406561351879e-01
5.582166406561243077e-01
5.456509596183504174e-01
5.456509596183450883e-01
4.823907898124344396e-01
4.823907898124309979e-01
4.325253582971860800e-01
4.325253582971765876e-01
3.298422650160075520e-01
3.298422650160037772e-01
3.141632179182979878e-01
3.141632179182814455e-01
3.098439739482313771e-01
3.098439739482283239e-01
3.064988380035185145e-01
3.064988380035136295e-01
2.994314420275528410e-01
2.994314420275518418e-01
2.768723372242476999e-01
2.768723372242415937e-01
2.507732312634648464e-01
2.507732312634616822e-01
8.916029674485209666e-02
8.916029674481842915e-02
1.089794842483960529e-13
