# Singular values
1.312326579069360264e+02
8.907403164394045803e+01
6.312138961941211335e+01
4.992492056594322491e+01
4.671635733302997551e+01
4.648825259280432931e+01
4.516888567054706272e+01
3.808842820296568021e+01
3.533505357681413273e+01
3.023876341561171088e+01
3.003914045319821113e+01
2.631502531139067713e+01
2.626258430824517376e+01
2.456274111892257039e+01
2.414849980368289906e+01
2.397886952729328058e+01
2.353875817007315874e+01
2.337248423111359941e+01
2.276192827317563072e+01
2.268816062816414458e+01
2.187079974444944597e+01
2.099663343667715054e+01
2.092882238286959407e+01
2.006107947868256147e+01
1.986149946738920136e+01
1.923557650097240668e+01
1.911109378091784095e+01
1.871228181176171290e+01
1.826071777609304192e+01
1.797391211015656509e+01
1.728567396931035205e+01
1.713260707013010986e+01
1.689358679178541323e+01
1.664117511682808015e+01
1.656577857544949950e+01
1.655709945568640507e+01
1.598976289754324220e+01
1.584593342501217350e+01
1.563885035264328494e+01
1.540885595202946057e+01
1.540454585297642431e+01
1.507003602871377801e+01
1.503125156500485815e+01
1.467802480386594866e+01
1.467479858860182773e+01
1.457335213815210295e+01
1.449760024986164808e+01
1.410247777513975898e+01
1.404532264137541731e+01
1.398286963012479589e+01
1.392212130539521731e+01
1.387278101373495254e+01
1.358982685680052604e+01
1.352740796946321389e+01
1.344217506375292537e+01
1.342301719804296489e+01
1.335745541776986833e+01
1.320441987906125902e+01
1.309845081648221310e+01
1.290650385569103342e+01
1.289820028253977569e+01
1.279876537415027116e+01
1.268562847899488233e+01
1.263493566957613723e+01
1.251228815001877948e+01
1.243899718472952642e+01
1.237717788489865001e+01
1.224564877772550808e+01
1.218789106601550998e+01
1.218256916728336137e+01
1.209792715315007250e+01
1.201793739995355459e+01
1.200366782851127745e+01
1.198607147590169220e+01
1.194565162781727174e+01
1.181439780920821647e+01
1.173836792790541494e+01
1.170758859455501266e+01
1.169691228663870852e+01
1.167543348760534805e+01
1.159012322250680427e+01
1.150750037665425829e+01
1.146742458600223991e+01
1.140811511175101600e+01
1.135999881226058861e+01
1.128384862554089629e+01
1.121376469301226564e+01
1.118222633563858537e+01
1.114532754530292458e+01
1.108941082755514351e+01
1.107337247604670161e+01
1.101119277937918817e+01
1.097676464573325283e+01
1.090468173196894774e+01
1.089792896411327838e+01
1.078439189884032068e+01
1.076596855113082007e+01
1.072277299040695908e+01
1.068335681691132422e+01
1.063890277967328402e+01
1.059685476346151844e+01
1.059116352349891343e+01
1.045301415831441894e+01
1.042256073882408351e+01
1.039755938921796385e+01
1.036529259065168240e+01
1.033011957445804541e+01
1.031397841016808137e+01
1.023545754379421524e+01
1.021983651905376078e+01
1.016091241614784835e+01
1.006222194884534638e+01
1.004838603355358373e+01
1.001490358823781968e+01
9.957655360957115676e+00
9.950938898141824751e+00
9.917020392208709012e+00
9.847895391938653376e+00
9.819871350850799985e+00
9.788430655255579538e+00
9.738942163838066435e+00
9.721207911163805448e+00
9.669452851861976228e+00
9.657358505094975953e+00
9.601671556540399166e+00
9.552905635275878993e+00
9.543013894161003208e+00
9.519738501186603585e+00
9.470893761838722114e+00
9.435047856415804901e+00
9.411840604368309826e+00
9.353400217211969903e+00
9.336881824594788881e+00
9.284536061507862925e+00
9.276656138775949856e+00
9.259242405963519218e+00
9.222591298822994332e+00
9.193239384722090790e+00
9.185872259849125143e+00
9.157904130533548681e+00
9.114816195028566881e+00
9.033267342162922375e+00
9.012855201068871835e+00
9.010789965865722451e+00
8.966831180415244518e+00
8.915016806694911367e+00
8.894811073638432930e+00
8.885475622293670384e+00
8.861481637092024854e+00
8.799243449667587313e+00
8.768636096758955389e+00
8.765919014327110403e+00
8.719394713487329085e+00
8.692406242669544980e+00
8.630497209458836139e+00
8.593154490663515332e+00
8.576556845654218719e+00
8.555567729877955330e+00
8.541250391286890675e+00
8.507925480013470931e+00
8.479705921486900166e+00
8.452075586683990949e+00
8.400387072713840553e+00
8.372334666778865397e+00
8.370479591829376176e+00
8.325606477120336635e+00
8.282737943000652692e+00
8.240377249830029172e+00
8.223354314541756693e+00
8.203987169364236109e+00
8.155014956623242384e+00
8.150573493666261271e+00
8.124061859727719437e+00
8.095859429029504284e+00
8.094632779080500384e+00
8.068437529656991458e+00
8.050490325161593574e+00
8.008793178422919823e+00
7.990808365482497067e+00
7.925760969331054007e+00
7.922523311965788295e+00
7.885220671756946409e+00
7.857985978103129376e+00
7.844254187181217475e+00
7.834328169415674559e+00
7.815371633658863004e+00
7.787869172624158232e+00
7.743592123108306247e+00
7.727450890426567298e+00
7.706796159137067725e+00
7.639669476175351193e+00
7.624098472365784751e+00
7.614782574011045746e+00
7.605515331887474417e+00
7.572204167420214738e+00
7.559946267189961766e+00
7.546015883495183374e+00
7.529040265023913214e+00
7.495227021761854402e+00
7.492615717227367078e+00
7.472367188287345030e+00
7.442763885318640860e+00
7.417581668182873678e+00
7.399543886008009608e+00
7.388689019003649605e+00
7.340374791883243155e+00
7.337303192705581623e+00
7.301782899341539235e+00
7.285252477845439500e+00
7.244582716211334983e+00
7.236323859169588424e+00
7.230371178839821944e+00
7.201382140753549876e+00
7.187094071866052758e+00
7.147833756965766838e+00
7.142983303799456785e+00
7.128741000738175515e+00
7.110552316482136703e+00
7.068306584218889910e+00
7.054241135924829820e+00
7.028980351655904180e+00
7.027791100368157906e+00
7.016642880247217384e+00
6.991746566852840239e+00
6.954270568243647865e+00
6.951847162651811907e+00
6.924967549235963915e+00
6.924797244568718924e+00
6.912068914682543586e+00
6.901301342715737697e+00
6.840928204553677894e+00
6.821109019174340204e+00
6.797656086051201640e+00
6.782738777976618394e+00
6.731590790721670992e+00
6.724925053414380294e+00
6.707857142239212145e+00
6.698113931606799021e+00
6.664543468723983288e+00
6.664008749493747885e+00
6.658669504763265579e+00
6.638093642980986253e+00
6.631821596463802315e+00
6.629349801481110305e+00
6.599710387742073081e+00
6.582850162984699161e+00
6.578695864513126601e+00
6.541939472536957290e+00
6.519740673276412934e+00
6.504331186818106403e+00
6.501123690708484837e+00
6.464530020209198646e+00
6.450941378436318985e+00
6.439793296354366703e+00
6.423839077429446043e+00
6.397239458065397955e+00
6.380490268407911003e+00
6.375326534961175184e+00
6.346109575017602644e+00
6.328312255018627930e+00
6.313088550427507606e+00
6.294346236251723958e+00
6.279901760740498773e+00
6.248511064909780366e+00
6.241502389717327404e+00
6.231248360463631286e+00
6.229375156611264508e+00
6.215546871203325274e+00
6.174128450597725859e+00
6.164817319855968591e+00
6.151350376364800532e+00
6.135470800533681768e+00
6.096849797677106331e+00
6.096118371455769847e+00
6.082291934156392799e+00
6.071733900439864939e+00
6.068126418541512024e+00
6.065344107020719022e+00
6.016795193165529021e+00
6.007804345774024668e+00
5.997917173180644212e+00
5.986235311351713051e+00
5.978971596197705018e+00
5.945973766907512115e+00
5.926759926965225134e+00
5.919886128360174027e+00
5.901732921357647932e+00
5.901135664450892548e+00
5.865376841289178245e+00
5.862993763799746461e+00
5.854145628222727993e+00
5.852544278097925101e+00
5.811965873336308874e+00
5.795839493673633491e+00
5.786748966870401745e+00
5.783859793696104035e+00
5.744304143771333138e+00
5.741858891444233670e+00
5.734420922073336868e+00
5.718319427256732368e+00
5.702204421128567624e+00
5.682148149545866112e+00
5.673962687471302502e+00
5.661660512465418904e+00
5.647322785495490827e+00
5.624755568934885375e+00
5.615037173061127262e+00
5.572153117140948630e+00
5.563179139061104728e+00
5.523017482489382957e+00
5.517031641759824190e+00
5.501446969147516519e+00
5.494490686086420439e+00
5.486138100933680484e+00
5.481342047091251501e+00
5.468098604570664989e+00
5.446739195325820404e+00
5.427686795713968948e+00
5.422365011973703020e+00
5.421850423500484517e+00
5.407488465733494287e+00
5.385310892290895879e+00
5.380181588081200061e+00
5.367619384718731901e+00
5.365676245433192548e+00
5.352562815521713979e+00
5.320483916718115935e+00
5.308222762215660140e+00
5.292478869361246119e+00
5.292477274718514479e+00
5.276958972185187946e+00
5.248307202459991494e+00
5.217144933124453487e+00
5.200650540724154780e+00
5.196484165276203271e+00
5.192918414139811034e+00
5.184983771548909104e+00
5.184377037849574599e+00
5.178954306903588822e+00
5.149128747219764435e+00
5.133299240654118911e+00
5.123031555348367405e+00
5.107586274456362041e+00
5.086341671478425752e+00
5.086146462117023148e+00
5.070565466166566893e+00
5.068265108207357095e+00
5.064822369860394247e+00
5.038188691835243205e+00
5.031972857790163900e+00
5.012390785326230613e+00
5.002247804986718727e+00
4.993275586479445138e+00
4.991353808967528671e+00
4.971670475560934221e+00
4.954828596791839956e+00
4.928456487014181597e+00
4.918020977264244031e+00
4.909112612157728428e+00
4.906170166808920818e+00
4.896699970086139331e+00
4.872722368884504718e+00
4.869784034904390602e+00
4.851820507486855227e+00
4.842840849307894935e+00
4.831728111314630425e+00
4.826570149968687495e+00
4.814067109929709432e+00
4.798246784209295512e+00
4.781872444671863676e+00
4.753507821452738646e+00
4.730169751105873566e+00
4.721782867091074642e+00
4.707678073064745838e+00
4.704719451516949924e+00
4.697177354986632913e+00
4.672947851105699435e+00
4.671083093282020648e+00
4.645957275462532010e+00
4.643599839232124715e+00
4.641776234005012824e+00
4.635744880790527489e+00
4.609336307959378765e+00
4.605334572504387047e+00
4.594029959439747124e+00
4.572510604879185259e+00
4.562068665320279770e+00
4.550090209761173732e+00
4.542606686104285529e+00
4.528453599835267518e+00
4.522148733097692386e+00
4.512896920950320911e+00
4.490445511732397144e+00
4.480357154598631375e+00
4.476906059128189952e+00
4.466713268692600103e+00
4.457131509261137658e+00
4.441074142235920341e+00
4.440671634825952729e+00
4.433355714083455190e+00
4.404165577865727599e+00
4.394350364239162587e+00
4.386027084439017898e+00
4.380489696718056436e+00
4.371704514886599391e+00
4.348273443587824971e+00
4.343871405903073857e+00
4.332386408006882128e+00
4.328321044754638081e+00
4.305308007618126709e+00
4.281838254321905346e+00
4.276407814253816220e+00
4.273842720901507519e+00
4.266526025854854076e+00
4.244295422650337102e+00
4.243667851618715403e+00
4.238040642029599070e+00
4.238004026648297007e+00
4.224614448955522406e+00
4.217318654231847042e+00
4.202391065756462041e+00
4.201651993717399058e+00
4.177385248701947162e+00
4.177308970478362582e+00
4.156478394489125705e+00
4.141096425994453156e+00
4.125718835612751434e+00
4.122258101231135896e+00
4.120262892893666873e+00
4.109109899010578104e+00
4.099354316861526293e+00
4.090249493266725267e+00
4.075796629287440354e+00
4.059383866193583934e+00
4.055075365423463474e+00
4.053674208192840744e+00
4.034594430556762035e+00
4.032988128626042723e+00
4.011312985892369731e+00
3.998171727011003540e+00
3.997281553578015068e+00
3.986815644598456831e+00
3.974139388579740473e+00
3.962323796567668754e+00
3.958300483527858571e+00
3.950681659607508056e+00
3.933855620155978006e+00
3.933408389315414588e+00
3.925663686201679159e+00
3.920217097647274773e+00
3.917614158368530664e+00
3.898004574163827396e+00
3.890175084817633078e+00
3.880953836506080279e+00
3.872118306726226589e+00
3.843486067597201128e+00
3.838264159980350421e+00
3.832644899880754963e+00
3.828208114075924762e+00
3.827286427613383779e+00
3.813902668546623076e+00
3.793039134357192754e+00
3.790254473452071782e+00
3.783336205901850935e+00
3.774476067915192523e+00
3.774428546858114242e+00
3.764004191188397908e+00
3.757668810723747477e+00
3.750438159374360758e+00
3.730289709927863573e+00
3.726275689695376148e+00
3.717272693614781076e+00
3.706170112781046022e+00
3.696752891337999891e+00
3.685608398573056110e+00
3.677573785455304556e+00
3.650941663277361915e+00
3.646838095168682514e+00
3.645146163383077731e+00
3.639278825838528242e+00
3.630752841440873624e+00
3.617581520450126042e+00
3.612991537365325190e+00
3.604263100049141411e+00
3.597434605293484911e+00
3.583105364962750006e+00
3.575112535338922815e+00
3.572251915184743165e+00
3.563055545646654387e+00
3.553511024646012650e+00
3.532985503440604802e+00
3.532331092980288911e+00
3.496306634102650968e+00
3.494036968754042682e+00
3.492096563230450368e+00
3.485620778831106215e+00
3.484494964668988892e+00
3.472012599292093604e+00
3.466841817925177427e+00
3.454362783213847710e+00
3.451691454735909215e+00
3.450165677143932630e+00
3.443301583276327182e+00
3.431688040092967906e+00
3.413161519261187049e+00
3.400629858460872956e+00
3.399955858771285921e+00
3.388775852058764748e+00
3.386487902481353451e+00
3.371936232680563528e+00
3.365818120720922124e+00
3.365135914502561665e+00
3.359552490611749320e+00
3.352203517331220350e+00
3.341671061360131034e+00
3.339538230350607595e+00
3.336225447768115249e+00
3.325465428450435024e+00
3.323400251285062446e+00
3.307619953190821693e+00
3.304491004998536319e+00
3.298447059968142803e+00
3.275235200965770144e+00
3.274130233715662808e+00
3.270778444225756587e+00
3.264585539838004813e+00
3.253623327267412435e+00
3.239795431265779513e+00
3.226024805525277817e+00
3.221058971354805234e+00
3.214746987467481887e+00
3.206491200771913075e+00
3.197075125899246029e+00
3.193406260925974127e+00
3.177153182017567357e+00
3.171452822787404369e+00
3.171044274253187467e+00
3.166094783640688526e+00
3.156815429452501931e+00
3.147810371562606235e+00
3.144532941924085723e+00
3.135457616656801783e+00
3.124660079669423496e+00
3.111089718829949113e+00
3.106032462567245744e+00
3.088544314853144179e+00
3.087918756102887574e+00
3.084163467441143336e+00
3.080086260658489561e+00
3.074587375300646297e+00
3.063893526999580619e+00
3.058593106723942689e+00
3.055403748408222153e+00
3.050742450637843550e+00
3.028289599511808650e+00
3.025879558933698643e+00
3.019789461001230801e+00
3.009472761063268109e+00
3.007860124758070519e+00
3.000736559781126633e+00
2.984884355506745468e+00
2.984714678434593260e+00
2.974627425516572110e+00
2.966142342196139037e+00
2.958221523001867137e+00
2.954808894311828471e+00
2.948510721639395094e+00
2.938141909958901010e+00
2.935488362397341344e+00
2.932321379583487708e+00
2.920029712050014936e+00
2.917018681826056170e+00
2.912546979327141017e+00
2.908144968619119197e+00
2.883482283668409973e+00
2.878605861956008205e+00
2.875551584048204212e+00
2.870605946971423794e+00
2.860871882237085551e+00
2.856669635060963053e+00
2.849064669540139594e+00
2.840804065400853506e+00
2.828494958778727142e+00
2.821373785112874177e+00
2.817484855692640178e+00
2.809736161788001674e+00
2.805627705896554414e+00
2.789309102011132691e+00
2.787694154788656231e+00
2.779471008061069615e+00
2.775216253136507216e+00
2.765769667949617983e+00
2.758567472819286603e+00
2.757090063337446662e+00
2.742751544876021796e+00
2.731154508750187393e+00
2.728637159042953009e+00
2.726549684002025575e+00
2.714686762766209682e+00
2.712272971195138105e+00
2.702046070755262264e+00
2.690070262531186973e+00
2.683608965352944686e+00
2.673628261753246083e+00
2.673388185901806491e+00
2.665616116562711024e+00
2.655781858797617634e+00
2.647958626661634174e+00
2.646446343743003915e+00
2.633955703667597348e+00
2.629339845042226287e+00
2.622297053932813427e+00
2.621558804003638610e+00
2.620660250791187362e+00
2.607965102167676630e+00
2.603760732640569397e+00
2.596194336770209166e+00
2.587870720553307802e+00
2.580074176979413991e+00
2.572327680236696335e+00
2.567076639571973296e+00
2.559349831989447210e+00
2.556118218661356245e+00
2.553452719973073659e+00
2.543160443868745624e+00
2.537347776098933583e+00
2.533891929411105082e+00
2.527843367622378157e+00
2.527749521069673211e+00
2.523022817347675417e+00
2.508845616299189452e+00
2.506447098275887964e+00
2.501370037155671078e+00
2.486460999926051407e+00
2.481789501096602901e+00
2.469124855105282457e+00
2.459702729952990552e+00
2.457312394717483084e+00
2.455531219617099303e+00
2.446935711780685807e+00
2.443068335584784645e+00
2.429197000851126553e+00
2.425362645247314930e+00
2.412266036622147780e+00
2.408791594129020552e+00
2.404518385566840166e+00
2.402578786496541774e+00
2.395236685186450387e+00
2.392535958840163346e+00
2.384663077083615246e+00
2.373720059758006151e+00
2.369887022989100700e+00
2.362579290188826953e+00
2.352073326357047911e+00
2.343128595738095843e+00
2.337296027037675916e+00
2.331509236846036170e+00
2.324972609380131949e+00
2.322789646559668686e+00
2.320892320685692845e+00
2.318130219766211919e+00
2.298211917712193131e+00
2.290510638216595840e+00
2.288789725645909989e+00
2.287723052146751535e+00
2.278093412089950753e+00
2.274531472924897102e+00
2.273215386795095494e+00
2.271865387381811097e+00
2.253824684230089748e+00
2.248240478106451778e+00
2.239032481190873280e+00
2.236967956516546341e+00
2.235084412002203091e+00
2.233043288751697997e+00
2.230240004326092151e+00
2.219623301012501049e+00
2.217844120984450385e+00
2.206496639556648542e+00
2.203596312139177282e+00
2.196138599685983017e+00
2.194916322070925574e+00
2.189273439070459570e+00
2.178225527816239016e+00
2.171065913188072738e+00
2.169824300247465310e+00
2.166734403929794439e+00
2.161407794268320970e+00
2.148217740954204036e+00
2.142724269027733719e+00
2.136911041092237618e+00
2.128397639389985052e+00
2.119002063289937787e+00
2.111570626054277255e+00
2.109414558591277800e+00
2.107221711171849865e+00
2.098481788323347974e+00
2.095192310832654226e+00
2.092261679405521768e+00
2.090725454643908243e+00
2.079463707098001102e+00
2.073616273216280614e+00
2.070930941646475620e+00
2.061425926420987764e+00
2.056388129455500646e+00
2.056145557972329563e+00
2.052631322469722353e+00
2.046352448473530039e+00
2.039371750752926538e+00
2.034874835546599314e+00
2.028542885896916115e+00
2.020421775298948397e+00
2.009471449151522648e+00
2.009098868405495342e+00
2.005983093126800121e+00
2.002549018201686959e+00
2.001279207277580685e+00
1.991337646070930445e+00
1.990684637898935128e+00
1.988793740607836869e+00
1.984846563333925840e+00
1.972819681231490652e+00
1.967481425388103000e+00
1.965299124795037544e+00
1.963875102625606939e+00
1.949548366048566406e+00
1.944350237432538098e+00
1.942884879857913027e+00
1.931511545051488588e+00
1.929217417439254234e+00
1.924442686388318391e+00
1.917452107501808944e+00
1.904912359771796293e+00
1.904016146387521813e+00
1.899087200593637226e+00
1.896422422737768843e+00
1.892414555267309062e+00
1.885513078145077959e+00
1.881146940762295827e+00
1.879179608530706647e+00
1.873646149774388370e+00
1.863854778369551823e+00
1.862039699913966340e+00
1.860004235201209610e+00
1.846761497076604419e+00
1.846025011093901380e+00
1.842436970058999979e+00
1.836507574239112817e+00
1.823646421878951873e+00
1.815337591551026142e+00
1.812717862305687433e+00
1.812052278658000226e+00
1.807472397409380260e+00
1.803992613602765971e+00
1.797190022909566753e+00
1.786023657098199324e+00
1.783494930535114875e+00
1.774925850284339246e+00
1.771118628988560317e+00
1.770520579911766035e+00
1.765825288861013753e+00
1.751396528512076056e+00
1.747755724163582380e+00
1.739181126537554078e+00
1.737139133513123657e+00
1.734513931037145351e+00
1.724789582405859223e+00
1.723683086501842210e+00
1.719277528130830124e+00
1.714955203117475291e+00
1.708921075209550944e+00
1.704248513500188134e+00
1.703032642483536252e+00
1.699770550999659902e+00
1.692302422502545367e+00
1.684114574126433395e+00
1.682198603130077519e+00
1.679267232739565685e+00
1.671710403589055538e+00
1.669164886731646646e+00
1.668047920124081873e+00
1.662776199493078533e+00
1.658959604346711192e+00
1.651182171493859263e+00
1.648358409604785413e+00
1.646916851840121598e+00
1.637655154305703631e+00
1.637107559517056998e+00
1.632449520125117459e+00
1.625995811056720086e+00
1.610330074466163719e+00
1.609009149584836207e+00
1.600432412192329457e+00
1.598061487153243254e+00
1.597780532519850638e+00
1.592252586620928279e+00
1.590395199973411611e+00
1.585140561344200227e+00
1.583517111104525421e+00
1.574072673745546824e+00
1.566393393276854118e+00
1.564150971313205352e+00
1.560193439933868387e+00
1.559430049844703126e+00
1.555254372434134114e+00
1.549445019251042943e+00
1.540511595614737272e+00
1.537307536438365485e+00
1.533688265739577838e+00
1.532601900728604027e+00
1.525684761596750816e+00
1.516758909293416391e+00
1.512986883696992191e+00
1.504241339377746955e+00
1.498842741697936409e+00
1.494750648788202518e+00
1.494448630092257480e+00
1.489432780220830921e+00
1.483730432550329326e+00
1.478543751826483010e+00
1.473281444064623802e+00
1.472464006786222024e+00
1.467881483899433848e+00
1.460090261182371618e+00
1.458286080181300903e+00
1.452904210164367216e+00
1.451395032021694620e+00
1.446025747776902737e+00
1.440604960113292199e+00
1.437997453687867022e+00
1.435724199663608092e+00
1.428267312010258028e+00
1.421794300403025124e+00
1.414475145817013502e+00
1.413296468933068484e+00
1.411376509593627038e+00
1.404326020570123124e+00
1.402102757236323827e+00
1.398535236613122734e+00
1.396389398178017327e+00
1.393371820081439783e+00
1.386951574210466998e+00
1.382969799800910948e+00
1.377116255395028688e+00
1.374682920022894494e+00
1.369119704305577612e+00
1.365936358817843255e+00
1.360885859157564326e+00
1.356417726279570468e+00
1.352136205274589775e+00
1.350714290732403011e+00
1.350043295484003369e+00
1.341258462083076752e+00
1.339020768822080543e+00
1.332515475106068159e+00
1.329575076689423430e+00
1.324291027922153363e+00
1.322006992229525668e+00
1.320381737513893095e+00
1.311412625604207127e+00
1.310261359669219416e+00
1.300925473363885088e+00
1.299829528058016104e+00
1.288454820851582028e+00
1.288298240755469504e+00
1.281918257309915932e+00
1.281819534199754695e+00
1.279113039887266323e+00
1.271692455336628669e+00
1.270551883539418725e+00
1.260542754639370822e+00
1.255229688935634469e+00
1.255129529923359799e+00
1.248734861925711259e+00
1.247563995909092727e+00
1.247299770990980994e+00
1.240647848263743969e+00
1.236431437256696908e+00
1.228421990917669238e+00
1.225912394809145711e+00
1.224113190963196596e+00
1.218881010542106402e+00
1.217392488192331923e+00
1.209697473482055363e+00
1.208546130363539861e+00
1.207011221019585134e+00
1.196980091165054549e+00
1.194725750991439295e+00
1.194337968072893164e+00
1.190010869726770837e+00
1.187066539742392512e+00
1.185197479654919617e+00
1.177431049532857710e+00
1.172472357315676783e+00
1.171624885102045877e+00
1.166719267004533656e+00
1.160242043341929818e+00
1.158595069019334733e+00
1.154360136021789440e+00
1.153755090373255632e+00
1.144676092272718826e+00
1.134439072870834231e+00
1.133289388709193268e+00
1.128475540496234775e+00
1.126469342567201659e+00
1.121757084458132825e+00
1.118393629566479808e+00
1.114130657087227361e+00
1.112296178913642741e+00
1.112269350457771866e+00
1.104227461997895565e+00
1.101481764826272913e+00
1.099919388871967829e+00
1.095809910878835947e+00
1.087743925038927362e+00
1.087578130666779774e+00
1.082469712366016523e+00
1.081988510247149371e+00
1.073771129180776107e+00
1.070445880703313923e+00
1.068350581355086870e+00
1.062593338014817146e+00
1.059255363206490053e+00
1.055753456967459369e+00
1.050759964729999885e+00
1.049823443951657165e+00
1.047599280227176521e+00
1.045325292640900683e+00
1.042346232797639605e+00
1.040180194030195793e+00
1.031249764982386186e+00
1.029150420037362901e+00
1.020789459717947878e+00
1.020749361726387638e+00
1.018180077529548200e+00
1.008955220407360409e+00
1.004579017426336041e+00
1.000872881890423560e+00
1.000000000000000666e+00
9.944853209233707192e-01
9.901291855227012384e-01
9.871304320956264533e-01
9.838061834783917714e-01
9.775142523571102027e-01
9.707643986934659797e-01
9.665540989854514153e-01
9.653304871258531206e-01
9.604780282652231049e-01
9.587643715672333755e-01
9.577995848024899450e-01
9.572204600504835570e-01
9.470518488036751004e-01
9.460680414194678756e-01
9.412350013090081680e-01
9.374052011144805574e-01
9.324586474160365679e-01
9.317818913482462939e-01
9.296640634688128069e-01
9.236779538564587888e-01
9.200293511921354694e-01
9.176152635184043893e-01
9.161688589226814061e-01
9.144113523732345650e-01
9.113094000213758372e-01
9.110400854490386946e-01
9.047703583125095150e-01
9.015002171551731447e-01
9.001513430691466811e-01
8.959565593731400046e-01
8.947241672403993817e-01
8.889231782180418984e-01
8.882563315759438582e-01
8.849133416851752143e-01
8.765413235108214796e-01
8.694019019110319491e-01
8.671625950527610538e-01
8.624298150912470540e-01
8.595668251159345186e-01
8.527311508574504373e-01
8.493485229843663609e-01
8.484118506323018449e-01
8.457586369459250131e-01
8.393907153352221373e-01
8.357896984171891974e-01
8.330156282701635106e-01
8.317153669728784005e-01
8.287700878749042488e-01
8.248811194009795233e-01
8.229448017028290208e-01
8.194860256018452471e-01
8.165618917712764713e-01
8.164970731963954176e-01
8.138035097365499126e-01
8.070269915678233152e-01
7.982034471862151648e-01
7.979773441110737942e-01
7.930960653136264193e-01
7.905717166912430427e-01
7.879783517650533753e-01
7.780886343156762086e-01
7.778446944420992493e-01
7.707035830840651691e-01
7.666301365719234706e-01
7.662347199890696681e-01
7.634054859907342117e-01
7.617209295581609529e-01
7.554889819254974048e-01
7.491448819763568689e-01
7.456788097777502511e-01
7.448517078538686720e-01
7.417475923686799311e-01
7.390137630650449596e-01
7.365927626867470046e-01
7.330754674535923110e-01
7.315806096983895612e-01
7.293511081902361859e-01
7.254424346750094621e-01
7.235071299252145982e-01
7.172949117789075846e-01
7.130795726293209791e-01
7.121811485233160433e-01
7.090197478219256721e-01
7.068962439689838728e-01
7.058343228626596799e-01
6.972948711794739740e-01
6.961472189226408647e-01
6.924049797979510146e-01
6.877353999751855129e-01
6.857166763676659782e-01
6.818013464466006202e-01
6.786861922819830140e-01
6.771439341648152199e-01
6.690663006593564610e-01
6.639270358858290200e-01
6.597955708787571760e-01
6.564921363250840747e-01
6.550572559071387024e-01
6.508092528743587568e-01
6.483892262133450490e-01
6.465074384418093567e-01
6.454806181152256128e-01
6.436080659100531509e-01
6.432774094792398367e-01
6.357893179690723429e-01
6.352247493416603996e-01
6.333451352087756669e-01
6.301803210337136862e-01
6.244020373022463044e-01
6.231265169394127890e-01
6.215057900033381655e-01
6.181177812242484304e-01
6.139519999402561767e-01
6.104949637303578314e-01
6.074370926378173108e-01
6.047147441659320721e-01
6.033612369379782736e-01
5.985138373532031819e-01
5.973382424034405780e-01
5.969814726875056765e-01
5.908621454966919151e-01
5.893915989934018773e-01
5.877762048543568874e-01
5.845105464103512727e-01
5.834106314262145210e-01
5.755997516324303787e-01
5.753604003972170311e-01
5.697520698522707816e-01
5.687039334591998951e-01
5.654703637357338941e-01
5.643947133169510133e-01
5.577474694093570440e-01
5.565843982576575977e-01
5.552431630876882851e-01
5.482962402821948134e-01
5.398937265046616085e-01
5.364040454166669747e-01
5.347303801521268163e-01
5.331098587213451978e-01
5.279088050930844656e-01
5.253455140534882828e-01
5.233777940327958289e-01
5.227287816714392132e-01
5.215550749493426119e-01
5.190955101729434196e-01
5.120790650316857651e-01
5.087317460845132144e-01
5.037365356929706106e-01
5.005431097512826888e-01
4.975216836675196985e-01
4.957311261658946533e-01
4.945919319201841358e-01
4.888430440471825400e-01
4.886654363685628555e-01
4.862609809300087460e-01
4.779931387549456456e-01
4.750984943862592846e-01
4.736683101833347176e-01
4.713379621354063520e-01
4.691228373532279061e-01
4.681671343255538464e-01
4.653401800741954197e-01
4.637772682494892829e-01
4.624000807155469461e-01
4.587437845602818642e-01
4.566029374504304017e-01
4.533655498962261277e-01
4.508239117948936725e-01
4.445227499022089135e-01
4.440260870989513053e-01
4.382855417119448926e-01
4.380662803190059629e-01
4.359867977856693444e-01
4.322029127708241214e-01
4.319656561117195537e-01
4.291590130951264404e-01
4.270734536935698045e-01
4.233217198004787241e-01
4.209986433439179554e-01
4.138425043114072333e-01
4.125912580289496367e-01
4.103881234596104544e-01
4.062844736406782120e-01
4.025238350675829913e-01
4.006898267834249627e-01
3.993464754986766341e-01
3.984057019925296705e-01
3.940288362162639446e-01
3.921326642572882104e-01
3.861061124737020789e-01
3.838057007589665837e-01
3.803501128611933568e-01
3.777035814467157859e-01
3.760040474264514376e-01
3.740449999510805923e-01
3.724669340262835582e-01
3.657232390922308118e-01
3.626775102197745682e-01
3.611125629175268026e-01
3.605647296637161658e-01
3.584167384467998319e-01
3.558785615880785680e-01
3.514465042706893527e-01
3.505302877628462266e-01
3.484151627922039696e-01
3.431748093486311491e-01
3.427268304224942441e-01
3.408991989175278459e-01
3.381524670980929903e-01
3.315864376115787993e-01
3.285471382996220657e-01
3.268594527423128726e-01
3.255780616154905216e-01
3.240488513212194666e-01
3.173848473356346567e-01
3.153117870658417865e-01
3.146288520167249136e-01
3.088344937520057232e-01
3.056779494047845991e-01
3.042125682021110111e-01
3.014449062800787504e-01
3.008968765493185149e-01
2.981106191230457059e-01
2.969730898570230870e-01
2.955776345069369704e-01
2.920318648817314955e-01
2.903354390161866916e-01
2.868179068491698569e-01
2.852230039071885770e-01
2.809233097284421499e-01
2.804080407467590685e-01
2.764702929230596351e-01
2.723718280283307647e-01
2.690079579426268852e-01
2.680833157460611460e-01
2.656263881491131573e-01
2.641665821729243802e-01
2.636433266119992957e-01
2.551641130583385819e-01
2.542430551322938381e-01
2.524244390874345600e-01
2.506064706265436204e-01
2.489003589841348729e-01
2.445497734630784903e-01
2.441747694392145118e-01
2.436461655691831152e-01
2.418710831543248174e-01
2.415218068530977924e-01
2.364590260660480170e-01
2.341932204973074527e-01
2.332603281717683108e-01
2.298765721390146621e-01
2.295529912025211783e-01
2.251010434571956431e-01
2.228155318540093743e-01
2.219840937646525569e-01
2.181377996698576072e-01
2.166194387646812880e-01
2.156337347803824189e-01
2.144133417421498766e-01
2.105024044455501009e-01
2.062925716852312408e-01
2.047569210723013955e-01
2.037576973032052541e-01
2.005711125569545339e-01
1.991883946312206499e-01
1.972108172801651238e-01
1.950808477360690130e-01
1.924965476160145073e-01
1.922719402626616725e-01
1.908272150835813863e-01
1.870323465807096353e-01
1.859463964225927246e-01
1.830489095912097020e-01
1.815617982684012977e-01
1.809388334976055890e-01
1.756298992146554105e-01
1.738542676459948200e-01
1.709226709041100634e-01
1.687873079919050001e-01
1.676995152728442962e-01
1.658641026478604175e-01
1.646157956994573346e-01
1.638412862536546277e-01
1.602503589981663090e-01
1.585055216107309761e-01
1.550500003978023400e-01
1.546361178570938855e-01
1.536998512913097525e-01
1.512141085905810700e-01
1.505931268012898339e-01
1.476132980092854652e-01
1.442993213269668507e-01
1.423181631763130728e-01
1.417713467987637421e-01
1.394574365619744016e-01
1.378225732542245618e-01
1.373631555315228681e-01
1.347694134005038291e-01
1.334291747965622721e-01
1.299827015507419581e-01
1.298426213943193741e-01
1.286499649948549262e-01
1.267279117062300731e-01
1.251766241878130015e-01
1.234195093363989471e-01
1.208896123257576644e-01
1.183903006625644377e-01
1.165410854064953816e-01
1.145801908914658301e-01
1.142999362036806743e-01
1.106265530831124083e-01
1.075375150990294654e-01
1.063903341922381451e-01
1.051659120547629445e-01
1.038330744940400563e-01
1.031900787962165417e-01
1.014534032137819064e-01
1.012076201531271202e-01
9.838807660166971891e-02
9.818876566887310697e-02
9.773306785501281735e-02
9.170261556968593852e-02
9.111182620279664746e-02
9.062512274250691946e-02
8.990557447994164397e-02
8.624052685623245784e-02
8.380145444864384174e-02
8.372093195665678000e-02
8.053542896410763319e-02
7.882062599579153783e-02
7.825703802414912813e-02
7.692740029690801895e-02
7.506519344662569704e-02
7.322196098074817971e-02
7.242025860809107873e-02
7.162884596425740658e-02
7.060743019829861244e-02
6.977808262320141230e-02
6.826542642159674767e-02
6.540383540184521727e-02
6.524475596896103791e-02
6.376954031879455975e-02
6.364972446873123912e-02
6.037405734751263853e-02
6.015339150542838020e-02
5.881090588456304447e-02
5.546450360314865435e-02
5.510721567545776023e-02
5.283696328901701933e-02
5.254713898909217640e-02
4.996858083244902493e-02
4.880039722512632960e-02
4.729132334509694030e-02
4.527794684144332421e-02
4.366399534577596053e-02
4.303067672637127944e-02
4.187736325820518718e-02
4.163096966030534890e-02
4.134761472220839507e-02
3.876649163236418894e-02
3.819212348821720421e-02
3.665118916963829715e-02
3.563360534710686284e-02
3.498676810203031617e-02
3.451053111775437970e-02
3.207958077304181449e-02
3.042848188902473258e-02
2.960151242334662855e-02
2.936533562355178248e-02
2.823631478280439963e-02
2.772328385748165300e-02
2.677364936886290209e-02
2.555137147784983936e-02
2.482655335309360417e-02
2.312214266246914035e-02
2.306917650732726033e-02
2.154763372716658396e-02
2.047844080936969333e-02
2.023046004438880732e-02
1.996750176450091604e-02
1.864944303254491634e-02
1.759831175735789704e-02
1.689788022685101768e-02
1.651956667395620970e-02
1.590081533542658798e-02
1.484488891260921442e-02
1.388053739224212775e-02
1.364163152076649892e-02
1.268100228227706829e-02
1.250469400752768877e-02
1.124722001818570689e-02
1.034492937952891621e-02
9.984979943938479194e-03
9.377796150649054738e-03
8.610341496358824356e-03
8.345263406466314066e-03
7.519629223733837776e-03
6.582798076661767160e-03
5.973969049101382663e-03
5.464788242956403197e-03
4.744838734530634587e-03
4.321274103638432854e-03
4.305677605619720981e-03
3.874930538254363777e-03
3.177664950681545388e-03
2.688709711185255282e-03
2.593474985702948210e-03
2.275416821640947277e-03
1.826144692386896329e-03
1.297678786703430074e-03
7.029685112550861136e-04
8.704235299201869660e-05
