# Singular values
3.218600730852032825e+02
1.567377341364711754e+02
1.542041663183429989e+02
1.110582653709342082e+02
9.954295164675653496e+01
9.445526368566640940e+01
8.193661976131147640e+01
7.120491195187473465e+01
6.767660812446580110e+01
6.238496495909896566e+01
5.979448689140924955e+01
5.912049586290226699e+01
5.187989402512560844e+01
5.158576473003018492e+01
5.097115905798233371e+01
4.954516657612544606e+01
4.865136879107377865e+01
4.758939800062248793e+01
4.561229495820249724e+01
4.482264016638723092e+01
4.354988997593601141e+01
4.270232225550412153e+01
4.222478969420249229e+01
4.162000187829696074e+01
4.065348631874384466e+01
4.045501299749616919e+01
4.005389295048971121e+01
3.852397030952456447e+01
3.851863295833963718e+01
3.796432990582815137e+01
3.765219218521947653e+01
3.679452946655970180e+01
3.673865271016529732e+01
3.572907274546400203e+01
3.480890672742189906e+01
3.480406403863254639e+01
3.414224784374038535e+01
3.362673219383387391e+01
3.352260422317696964e+01
3.284180147394035032e+01
3.278458290518906182e+01
3.236220418029235901e+01
3.179294743572117454e+01
3.175262377534740921e+01
3.143778246197754811e+01
3.105133337637542112e+01
3.079180959412317264e+01
3.068622730349985517e+01
3.033350919546517588e+01
3.026383439984869383e+01
3.004360051303605061e+01
2.974576939198988512e+01
2.934243239021169458e+01
2.933994340584477101e+01
2.886451498875298682e+01
2.875384035600253796e+01
2.858666206618980965e+01
2.842671972956619442e+01
2.824840070772155087e+01
2.824217714450061578e+01
2.802128526810137643e+01
2.793352550367096043e+01
2.779520639919512703e+01
2.767303251194848812e+01
2.761445098993767644e+01
2.759406734465069988e+01
2.718000561531069437e+01
2.707486333407317503e+01
2.698799799105539421e+01
2.686601380873743850e+01
2.686525575237335062e+01
2.680220070330083004e+01
2.668910868064040898e+01
2.655591343259198922e+01
2.637863377093280093e+01
2.629187057934159810e+01
2.624441793374398557e+01
2.596092686253452797e+01
2.594870531358529675e+01
2.590195938537291909e+01
2.570557473694836403e+01
2.563558355577924530e+01
2.545719036637224164e+01
2.543732132862458784e+01
2.543472404928030883e+01
2.528563438888042825e+01
2.518190852734612761e+01
2.509736414864317666e+01
2.506051420904772442e+01
2.488030435088428405e+01
2.476098456499365241e+01
2.472198864556716558e+01
2.453799678544693919e+01
2.453026175403911324e+01
2.450060742501755584e+01
2.436495113926666178e+01
2.434684100317531374e+01
2.430407992805765716e+01
2.426166368065880974e+01
2.407089446549037604e+01
2.405490741009994693e+01
2.398965686710025125e+01
2.392920087054615763e+01
2.381761413212013423e+01
2.376059399145158224e+01
2.371178095343470105e+01
2.367421348429982331e+01
2.363578212068930640e+01
2.346015829289841648e+01
2.342887408002627936e+01
2.338008294475939408e+01
2.336419421716500722e+01
2.325777948779696658e+01
2.321103927798258937e+01
2.317520953592721966e+01
2.314591884204895678e+01
2.300059118355721921e+01
2.299140594311415597e+01
2.295004084231362285e+01
2.274107669034919965e+01
2.273625291348106714e+01
2.265774416966456783e+01
2.262277460140978036e+01
2.258313070193057115e+01
2.255461430517954469e+01
2.249819801613886128e+01
2.244005996549311988e+01
2.232079064483528086e+01
2.230343674710461599e+01
2.228826241251625717e+01
2.226694614510693171e+01
2.220988767556241683e+01
2.210673891360005783e+01
2.197408927954719360e+01
2.196822780909594997e+01
2.188377026809851600e+01
2.185188969939365222e+01
2.184197977167487892e+01
2.176021060089718873e+01
2.170939271448538577e+01
2.164666209840987676e+01
2.163585812672548059e+01
2.161744786161195719e+01
2.158672175771317114e+01
2.153763303166735810e+01
2.141898985182763226e+01
2.140370365322864998e+01
2.136775991250166484e+01
2.136153357320763746e+01
2.130596410579125077e+01
2.119297761959447612e+01
2.119289289978874180e+01
2.110760976383718557e+01
2.110303387168067246e+01
2.109769179011181350e+01
2.106565937524023013e+01
2.102494042664562812e+01
2.100862340264157524e+01
2.096466339892894126e+01
2.087925506723790647e+01
2.085480194227137929e+01
2.083718109577872113e+01
2.078245129159159532e+01
2.072116531196146383e+01
2.071106965658237797e+01
2.063313673835182271e+01
2.063039780096686471e+01
2.052480351536780034e+01
2.051848926365558157e+01
2.043668238918421665e+01
2.042637353418173518e+01
2.037636044298213989e+01
2.037358727027647376e+01
2.032064739300169975e+01
2.032061859958161776e+01
2.029722356554822582e+01
2.025005872396110718e+01
2.018618466202688921e+01
2.013480698917410194e+01
2.008319509602418762e+01
2.007401855179011108e+01
2.004802100998272607e+01
2.000648967074114637e+01
1.998998994318809252e+01
1.994282424595865066e+01
1.990116660249494629e+01
1.989169324819362927e+01
1.985216316926345570e+01
1.983004376228102572e+01
1.981360693857181943e+01
1.979668734538094554e+01
1.969452584780253090e+01
1.966942836420777141e+01
1.964643072754759601e+01
1.961400700764580307e+01
1.959850124591831744e+01
1.955995336665091244e+01
1.952974908749077798e+01
1.949312133106912626e+01
1.946326730701060015e+01
1.945497934014169417e+01
1.942018900419422778e+01
1.938141814799487861e+01
1.935651896555802054e+01
1.933261516481228881e+01
1.932482474837441444e+01
1.923602861667795594e+01
1.921353076254617065e+01
1.921230388156157787e+01
1.920889614352648067e+01
1.919837105583192027e+01
1.913079634756773473e+01
1.910999317345402915e+01
1.910322037387574312e+01
1.902079121447053822e+01
1.901596743533939105e+01
1.900387949625919859e+01
1.892857374998827424e+01
1.890675508331714383e+01
1.886933897760752288e+01
1.886688424244218254e+01
1.882562531448166965e+01
1.882104623611760985e+01
1.875143535098145620e+01
1.873752092357481303e+01
1.870940867640833005e+01
1.868563625008551554e+01
1.867309279490666185e+01
1.864301030052400421e+01
1.863378443302325493e+01
1.859707767103582299e+01
1.854441984287421263e+01
1.851792449485979830e+01
1.848000392391585933e+01
1.844023235073082745e+01
1.838792343283538600e+01
1.837910274506761965e+01
1.836946473939742930e+01
1.833201548325418528e+01
1.832810257881297034e+01
1.829992521268514949e+01
1.828207003540073572e+01
1.823554737172332807e+01
1.823195377478409540e+01
1.818232332097762338e+01
1.817215741761240722e+01
1.814211582247819265e+01
1.814159954041180711e+01
1.808751178754642197e+01
1.807290411677927366e+01
1.805031225058964850e+01
1.801902052508872032e+01
1.799122919523563624e+01
1.795081415924544643e+01
1.794370433242384166e+01
1.791130770362306635e+01
1.790997894014118685e+01
1.785084365877714419e+01
1.785073564047132422e+01
1.783239281175679736e+01
1.782180019399314475e+01
1.781634543704895179e+01
1.778087163745291832e+01
1.777349285373102106e+01
1.771757959237424984e+01
1.764112946955507155e+01
1.762669134267024162e+01
1.759423324967937674e+01
1.758150479667902744e+01
1.757441095807811848e+01
1.753881216944291310e+01
1.752071385534467396e+01
1.747961846397726404e+01
1.747835063717004900e+01
1.744617696480449709e+01
1.739565171164030843e+01
1.738627316179513116e+01
1.736018735731941121e+01
1.734629726458369703e+01
1.729575783995773008e+01
1.729388650576792941e+01
1.725445843497480425e+01
1.723079688053783087e+01
1.722055239770121560e+01
1.718195177485315739e+01
1.717514659908086117e+01
1.717162647108986206e+01
1.713675542952214315e+01
1.712455154568289117e+01
1.711433862805624173e+01
1.710379462677429885e+01
1.706246343086002426e+01
1.703529721474569314e+01
1.700655222301294245e+01
1.700422052964778530e+01
1.697834839361521730e+01
1.696182592405019918e+01
1.692154446889936992e+01
1.691755436258760170e+01
1.689067641749545601e+01
1.684166411902629434e+01
1.683795015540789208e+01
1.679266474434199452e+01
1.677954454421909958e+01
1.676103372849518180e+01
1.674491930747764812e+01
1.671846127315482988e+01
1.670246885890928112e+01
1.665958125355097152e+01
1.661634466179317826e+01
1.661582766746541395e+01
1.661410814268683112e+01
1.657873875059368274e+01
1.654862576467405688e+01
1.652392281851062705e+01
1.652293184739366438e+01
1.650319098898544823e+01
1.645692457045495871e+01
1.644996278305159976e+01
1.643927516294982638e+01
1.642257699280132854e+01
1.641084064907560602e+01
1.634834283296710566e+01
1.633611868680360857e+01
1.633408227775987243e+01
1.630430142528870618e+01
1.630241021631067611e+01
1.628207069701925747e+01
1.627191733758882819e+01
1.624807028436937983e+01
1.621923757596746540e+01
1.620755076074573253e+01
1.616231253714671823e+01
1.615775720108840119e+01
1.614191764630346526e+01
1.611661324444160570e+01
1.611201046600961106e+01
1.610551684036917308e+01
1.603316875242987294e+01
1.601543082199588142e+01
1.599111824725618547e+01
1.596687322531766995e+01
1.595164980969180313e+01
1.593050515721911253e+01
1.592580490145393490e+01
1.589459415478800253e+01
1.588040139590609456e+01
1.586007497857265314e+01
1.584509942900181478e+01
1.583757584836054910e+01
1.583181379481163553e+01
1.576842600190493116e+01
1.576615706650197168e+01
1.573434318551892552e+01
1.573251227028795185e+01
1.572583589037421348e+01
1.567506796233271515e+01
1.567381629908915031e+01
1.563397459336716011e+01
1.560786696815535812e+01
1.559125330428978273e+01
1.557929835734748814e+01
1.556139297834161894e+01
1.553601204943238656e+01
1.550590831443872730e+01
1.549513147340144492e+01
1.549135144805739550e+01
1.544769327448276286e+01
1.544397351349434189e+01
1.542137616700435565e+01
1.540183150881361662e+01
1.539903409348514707e+01
1.538529535262789416e+01
1.535803516718685202e+01
1.533216645579741488e+01
1.529730656258677790e+01
1.527628830133167703e+01
1.526352517279028120e+01
1.524257377374456901e+01
1.522651325143522705e+01
1.520912914533476190e+01
1.517631628110748743e+01
1.515704762881477663e+01
1.515413497507072016e+01
1.512680291563859392e+01
1.511171874138183924e+01
1.507536422309401658e+01
1.506836827116426036e+01
1.504462935706179572e+01
1.503612922942822827e+01
1.499247942673731337e+01
1.498615410428069517e+01
1.497595292215962814e+01
1.496121842257038281e+01
1.495137531349494786e+01
1.494268283117299490e+01
1.488908219823101220e+01
1.486674773057904630e+01
1.485655613711181822e+01
1.484027575191835879e+01
1.482932185878942555e+01
1.480291056510799308e+01
1.479398600150813969e+01
1.477483538766910698e+01
1.475066715533118611e+01
1.474049894631877322e+01
1.473822947690661778e+01
1.469353780629283968e+01
1.468317402656722059e+01
1.468303961490767229e+01
1.466717643193141996e+01
1.466161239934550586e+01
1.462001173497476714e+01
1.459712373486420667e+01
1.457365969047771159e+01
1.456203549793409024e+01
1.453168623053811359e+01
1.453041963885894994e+01
1.451812860247263792e+01
1.451053152306667116e+01
1.450863476031808830e+01
1.449620843811360515e+01
1.447614370875266587e+01
1.443934586991354685e+01
1.442833892332864920e+01
1.441245352044527017e+01
1.441173074784398089e+01
1.440449574023296897e+01
1.439053156871165307e+01
1.435952743169091939e+01
1.434889696137245352e+01
1.433157213995889379e+01
1.432277969212634972e+01
1.430660205101395199e+01
1.426085237237284353e+01
1.424673893137256186e+01
1.423488782990214929e+01
1.421591898367155160e+01
1.419957850957450418e+01
1.419052517935169178e+01
1.418367658193962377e+01
1.417015139639651444e+01
1.414772915494237893e+01
1.413666141213249716e+01
1.411856110287899568e+01
1.408427223395032435e+01
1.406194632613507167e+01
1.405700294022781094e+01
1.405445680168975997e+01
1.403106814763031629e+01
1.401680362787449496e+01
1.399719249271095300e+01
1.397148281740660813e+01
1.395837521813556847e+01
1.394955963519142195e+01
1.394129381757359099e+01
1.391239632223155454e+01
1.390420607764088601e+01
1.387536523856115700e+01
1.384419512479356662e+01
1.383969881628902776e+01
1.382018845532286733e+01
1.380261832924768406e+01
1.379055872191761090e+01
1.377943955032771228e+01
1.376340350798093404e+01
1.375813382250017192e+01
1.370753403859492359e+01
1.369769453009465465e+01
1.367224630114373873e+01
1.366498421450160272e+01
1.366349187935190734e+01
1.364633943611423561e+01
1.362529442621640996e+01
1.360971531962956327e+01
1.359457842553958962e+01
1.357125254682163096e+01
1.356159435689001036e+01
1.351875869372312167e+01
1.350361325723027939e+01
1.348896193597773951e+01
1.347716675095983163e+01
1.345291838597370493e+01
1.344098346076759398e+01
1.343350612541796352e+01
1.342799024455934997e+01
1.341363753297308214e+01
1.341167061495329271e+01
1.337929302707652823e+01
1.336288633280685545e+01
1.334351976805088213e+01
1.331436161614690228e+01
1.330334546155433983e+01
1.330198092197144533e+01
1.329129709337871823e+01
1.328237347906094179e+01
1.326314059725694783e+01
1.325381638581804289e+01
1.325011710390887210e+01
1.321648641690009818e+01
1.320242016904453841e+01
1.318309992403323605e+01
1.318298153010230145e+01
1.316711148345901528e+01
1.315008843915114589e+01
1.313003108204123137e+01
1.312536723937076211e+01
1.309452921413073412e+01
1.307180156659253356e+01
1.306382502218747810e+01
1.306279070982998824e+01
1.305010593600486324e+01
1.304971911176387067e+01
1.301740039526198700e+01
1.299862176118932844e+01
1.297887940744326940e+01
1.296574715001272438e+01
1.296140385949037466e+01
1.295272788381964801e+01
1.294206956440391920e+01
1.292133645810138098e+01
1.290757437984334111e+01
1.290350253085793497e+01
1.288570616774902611e+01
1.286631002961306791e+01
1.286575534781220753e+01
1.283634569011784876e+01
1.282876780088933799e+01
1.280805673594278993e+01
1.279324310225726258e+01
1.278505238015520007e+01
1.276964027301537996e+01
1.275728279931002973e+01
1.274070504265682935e+01
1.271684055342718622e+01
1.271255835421195712e+01
1.270273302831153117e+01
1.266625291968243339e+01
1.264736548639803004e+01
1.263917828467279314e+01
1.263134130483159367e+01
1.261740975358783423e+01
1.259551052542924232e+01
1.258996079372558619e+01
1.258167027293630369e+01
1.256389187894605897e+01
1.255970662640884505e+01
1.253746593464403958e+01
1.253174180954595940e+01
1.251069183031691523e+01
1.249323036576656420e+01
1.249182173462113532e+01
1.248233386506701059e+01
1.247467746656019294e+01
1.245582745558378690e+01
1.244219037635206959e+01
1.243417137178724907e+01
1.240996521724649426e+01
1.240077430768010558e+01
1.238641815494420229e+01
1.237892953011494690e+01
1.237504256833971894e+01
1.236445706165158498e+01
1.233929472098531654e+01
1.233509874840526876e+01
1.232222086322172849e+01
1.225806365951426358e+01
1.225551422731847495e+01
1.224434459486850102e+01
1.223987510378345078e+01
1.221954958881168096e+01
1.220213980110994001e+01
1.219235401933583063e+01
1.217853830757539768e+01
1.216625013734656591e+01
1.215422544150463402e+01
1.214990051018936335e+01
1.213321674543921169e+01
1.212636196878258943e+01
1.211585434993507349e+01
1.210950473219102008e+01
1.209416242900366179e+01
1.208476712159207800e+01
1.207014061868982147e+01
1.205767371805106514e+01
1.203005968785902446e+01
1.202483612704726390e+01
1.200679331626308688e+01
1.199033521875937502e+01
1.198678845148122996e+01
1.197170305956560021e+01
1.195889159678210412e+01
1.195272108864517868e+01
1.194780940920255397e+01
1.192269257931114801e+01
1.190092940226480422e+01
1.187400311676815434e+01
1.186228914584240890e+01
1.185705988489593921e+01
1.184741765560818116e+01
1.182644948721717526e+01
1.181798581322352248e+01
1.180084675383624848e+01
1.178256832463314296e+01
1.177233828825136364e+01
1.176696289093266756e+01
1.175342845549607951e+01
1.173691935418314181e+01
1.173080642446514332e+01
1.171296410488558060e+01
1.170016553312584584e+01
1.169665684623504909e+01
1.169037298246895418e+01
1.167709539116679451e+01
1.165760158694349791e+01
1.165656317057375801e+01
1.165067019113231872e+01
1.163669116573034579e+01
1.161442809630180939e+01
1.159601055401485681e+01
1.158778934101703584e+01
1.158766179869936863e+01
1.156643258951959474e+01
1.153993887991861200e+01
1.153507959139105310e+01
1.151528801264419322e+01
1.150909463867567872e+01
1.150173608354041122e+01
1.148764673332625463e+01
1.147080285948009859e+01
1.146523864991184816e+01
1.145818122521031590e+01
1.144167971207065726e+01
1.143293096727217062e+01
1.143021802299742440e+01
1.141366435913239030e+01
1.141046810563194214e+01
1.139228895458461999e+01
1.137811375268643133e+01
1.137455426065511332e+01
1.136201392828488999e+01
1.133909273246344718e+01
1.132926643160647195e+01
1.132175023344956166e+01
1.131223719651345938e+01
1.128954541058895700e+01
1.127787857952115225e+01
1.127669362223267768e+01
1.124789701383548390e+01
1.123742692816618138e+01
1.122655286409673536e+01
1.121008556645194965e+01
1.119311736758164955e+01
1.118950104437366910e+01
1.117250146723025139e+01
1.117128694336030748e+01
1.115773374775554672e+01
1.112241197901295386e+01
1.111405116978535190e+01
1.109590853784321318e+01
1.109348013075876338e+01
1.108159400822418483e+01
1.108129202901360166e+01
1.106838792513849867e+01
1.106729195035345370e+01
1.104735087177849273e+01
1.104229095983590980e+01
1.103531631977737071e+01
1.102669706819914452e+01
1.101270620537621880e+01
1.100838174907979017e+01
1.098917768579066312e+01
1.096410330033842584e+01
1.096082070070700176e+01
1.094505931824495981e+01
1.093845911407732352e+01
1.092125337796508511e+01
1.091679700997356939e+01
1.090405418834612661e+01
1.090056996254314292e+01
1.089326831969800047e+01
1.087585816902212699e+01
1.086727561422070210e+01
1.084946481558591103e+01
1.084318766765428776e+01
1.082512392115890698e+01
1.082321058390788160e+01
1.082091844787340129e+01
1.079983481797605194e+01
1.078523299709831207e+01
1.077037725073042829e+01
1.075894076209156225e+01
1.073908368490592302e+01
1.072295527835050954e+01
1.071144398305101220e+01
1.069839497976992782e+01
1.069039482960567078e+01
1.068529141943275107e+01
1.066982107411412528e+01
1.065903794910189539e+01
1.064402158053422731e+01
1.063127145793710504e+01
1.062958504353258071e+01
1.060470196643364460e+01
1.059525822794628880e+01
1.059129686209434240e+01
1.057837441162759795e+01
1.057679818983309694e+01
1.056437758991180509e+01
1.056048527287601146e+01
1.055039588477776746e+01
1.052120322829925669e+01
1.050889051431593124e+01
1.049136191092745918e+01
1.047883021204011733e+01
1.047849471076938777e+01
1.047092696345179874e+01
1.046413417838167881e+01
1.043645387389381796e+01
1.043564125664106434e+01
1.042195803476768035e+01
1.040915294094267907e+01
1.040361182837041554e+01
1.038362005361930329e+01
1.037322736379221944e+01
1.036061761862697495e+01
1.035382642911785389e+01
1.034828574072255059e+01
1.034482778832860639e+01
1.032683360180925902e+01
1.032314123571495124e+01
1.030335222069228429e+01
1.029476536208059834e+01
1.029306968382815413e+01
1.026730885764894374e+01
1.025879930028532527e+01
1.025260011537718796e+01
1.024757740139815176e+01
1.023481587120882175e+01
1.023188680952936025e+01
1.021166708133954693e+01
1.020307991419698190e+01
1.019483996284836991e+01
1.018975157900205275e+01
1.018902616665082661e+01
1.017999855932011322e+01
1.016551150350794508e+01
1.015395706224173544e+01
1.014307389873800247e+01
1.010902608714822115e+01
1.010391567382972511e+01
1.010208672549094722e+01
1.008265405635664891e+01
1.008149735589081963e+01
1.004942258063010918e+01
1.004222917454948671e+01
1.004112860785870076e+01
1.002511538163093974e+01
1.002463078170341149e+01
1.002310561934426936e+01
9.996329777059200339e+00
9.986168988574332772e+00
9.983114501066880919e+00
9.958587275280235573e+00
9.954178841550671564e+00
9.951723890344455370e+00
9.940657305541982680e+00
9.937527289413264242e+00
9.936339594842275247e+00
9.916604737081666343e+00
9.906919261405153776e+00
9.893788604158297417e+00
9.873321797547966128e+00
9.863258450073976391e+00
9.859576298260229521e+00
9.849662737637071785e+00
9.836711748431232749e+00
9.832320067707270184e+00
9.815259048290702282e+00
9.813750481503330292e+00
9.806536118999922280e+00
9.801941179380511571e+00
9.768437911450194022e+00
9.764074058308985116e+00
9.744460259545929759e+00
9.738741481157093816e+00
9.735976164690539392e+00
9.734091278818395310e+00
9.726562654858875945e+00
9.724484909709836700e+00
9.695713874421853617e+00
9.693364736413567329e+00
9.659403606461685499e+00
9.649725908227068771e+00
9.638616862337928026e+00
9.628282992055641643e+00
9.623213845024404023e+00
9.620562414964355824e+00
9.616412293648183507e+00
9.608705456447340865e+00
9.594487072655541127e+00
9.580493616479488495e+00
9.578181586565811756e+00
9.561224140149841233e+00
9.557755919481591533e+00
9.554093444357478759e+00
9.541666520526918660e+00
9.517696780592155292e+00
9.512874213665856615e+00
9.506801403726845123e+00
9.480928821224058112e+00
9.478797122350856696e+00
9.472577724140350597e+00
9.467055191118825874e+00
9.465657406641689420e+00
9.461864949505203626e+00
9.443993053043765684e+00
9.423309662291352140e+00
9.421200643039187028e+00
9.412803284298790985e+00
9.412646070172797863e+00
9.395011466655622812e+00
9.381055730790357927e+00
9.373210141095915660e+00
9.363229878964764552e+00
9.357215161301825290e+00
9.340203115451821247e+00
9.331165464216118366e+00
9.326443104788866734e+00
9.309445456443071976e+00
9.299912369958168057e+00
9.290349085857799949e+00
9.276954341350748479e+00
9.274144081678469931e+00
9.253427389659558244e+00
9.252154585017370536e+00
9.242418509274820337e+00
9.238425026822127961e+00
9.234860928372210509e+00
9.210517901251318307e+00
9.198054212888038705e+00
9.192643022474157988e+00
9.192031944276324751e+00
9.167703732002214778e+00
9.161565958718298930e+00
9.155018150960383849e+00
9.137280079842980740e+00
9.120362701642816816e+00
9.110955784241715705e+00
9.104760128916009165e+00
9.097472224110513039e+00
9.085046574673738107e+00
9.084399252272676861e+00
9.060853586131671022e+00
9.059289984287300257e+00
9.053663364559827897e+00
9.031481520717129285e+00
9.024941895482934129e+00
9.021382163248157227e+00
9.002116102952754773e+00
8.992790202990519788e+00
8.991259734553359806e+00
8.982971613835772473e+00
8.982072075699685243e+00
8.979478132958540471e+00
8.972477840325081999e+00
8.961738068335836971e+00
8.955000485210561578e+00
8.934841431985013571e+00
8.918801933732764198e+00
8.917142420974794703e+00
8.914057438576531212e+00
8.903430409473408247e+00
8.892612015535362957e+00
8.888333797268957781e+00
8.883360641097759469e+00
8.864546763133345664e+00
8.860940465767244589e+00
8.850827741694541118e+00
8.844966198145522540e+00
8.835070966497365674e+00
8.825901363863414062e+00
8.815799140511940024e+00
8.811237368423274319e+00
8.788281132812210572e+00
8.785865137883515530e+00
8.773972245392313241e+00
8.764120673734961287e+00
8.745322196362398159e+00
8.739908750730055687e+00
8.735498814379708321e+00
8.720839357723319196e+00
8.717647255758027569e+00
8.712603433775980122e+00
8.704797643541615670e+00
8.696283706353995058e+00
8.693536709077452684e+00
8.679051589541177947e+00
8.664233005629551343e+00
8.654515866343945873e+00
8.639490400128762460e+00
8.635648316312810380e+00
8.628958173820956645e+00
8.620624624202548603e+00
8.619586936167928926e+00
8.592921134868282351e+00
8.589828026641058045e+00
8.581624221419607679e+00
8.573197137733190587e+00
8.568288426866223162e+00
8.555724052623087772e+00
8.547682077802159384e+00
8.539999986143270050e+00
8.532708043168200973e+00
8.523995900837704198e+00
8.510559365825137945e+00
8.507271197800413631e+00
8.502489140963662706e+00
8.486134824967674462e+00
8.481499247699741062e+00
8.476877658801532434e+00
8.462586884400591813e+00
8.454150898158232508e+00
8.447716018626525880e+00
8.440335751898183858e+00
8.436879562688718082e+00
8.420938619520416779e+00
8.415549346613209636e+00
8.413123545242982004e+00
8.408221627615047211e+00
8.395768087301789251e+00
8.381454980133112187e+00
8.369732848176949958e+00
8.363718016467419858e+00
8.362202059704461732e+00
8.342717285541025873e+00
8.340341962114354857e+00
8.328739393251504808e+00
8.325725403324655716e+00
8.315760097107922633e+00
8.310903599165145650e+00
8.299953389475565046e+00
8.296583586464979732e+00
8.290431549918382714e+00
8.279534372492033611e+00
8.269883285768855785e+00
8.265595655059426505e+00
8.252798937252119771e+00
8.242212399856043703e+00
8.233819331037322442e+00
8.222573756087577124e+00
8.211152267021137874e+00
8.196547055033299500e+00
8.190898355953549981e+00
8.189179386938860716e+00
8.186589960747634009e+00
8.176810317634393144e+00
8.173893049028929880e+00
8.161613862373329198e+00
8.156399955432044990e+00
8.127588447524439985e+00
8.127026489840236678e+00
8.117994997513157784e+00
8.112113076713789894e+00
8.106366518535665477e+00
8.100343630697315334e+00
8.083763880875903141e+00
8.075349480391926349e+00
8.071578776391529431e+00
8.052551112416431067e+00
8.048417307207957450e+00
8.045316024576354863e+00
8.039211812773260135e+00
8.024468935755576737e+00
8.010851273986267174e+00
8.005001451654541356e+00
8.004583772828931743e+00
7.986188532527229711e+00
7.977940993753851906e+00
7.973582449625275181e+00
7.972644689849178512e+00
7.958386874561263369e+00
7.950771848321768864e+00
7.945954263711900722e+00
7.944659942147849208e+00
7.934457716067850441e+00
7.920249071930753004e+00
7.912246701329005205e+00
7.907308849987949806e+00
7.899817058826660521e+00
7.895194625649105902e+00
7.880791174626228468e+00
7.873280077073961714e+00
7.854279127312065789e+00
7.847921191487769121e+00
7.844623543245965891e+00
7.830747439353889838e+00
7.820107236361823588e+00
7.813854464662291832e+00
7.809691922538454456e+00
7.804124782932372995e+00
7.795174318811719516e+00
7.784730036441659173e+00
7.781250458559332728e+00
7.778681186710067585e+00
7.761940671414055082e+00
7.759032408497323452e+00
7.758182421027246534e+00
7.739011144314417834e+00
7.734873680648949978e+00
7.730242572346142538e+00
7.725321344512462218e+00
7.713117666556002838e+00
7.702245817574960185e+00
7.698309718299424453e+00
7.684315132159200701e+00
7.683868480528709632e+00
7.665840651200351630e+00
7.659955463106343565e+00
7.652901286609551157e+00
7.643849606858676538e+00
7.641257208845693150e+00
7.633582502666204306e+00
7.629276890101220232e+00
7.628113042697702184e+00
7.616843982314946970e+00
7.611222897634640105e+00
7.591111150463704327e+00
7.588600078039065444e+00
7.581589315592276890e+00
7.566694607840582343e+00
7.561871215829702564e+00
7.554695454165862856e+00
7.551314886086185396e+00
7.547528979396081361e+00
7.541209066026429042e+00
7.527860769493755377e+00
7.514403663510392128e+00
7.501758269706083837e+00
7.497047053066077993e+00
7.492089208485624319e+00
7.485964851226547090e+00
7.473548285240049438e+00
7.457894443177329968e+00
7.451456037169091218e+00
7.447444556144780847e+00
7.441248251736724661e+00
7.437704210524225701e+00
7.435343502756679435e+00
7.426576648284815896e+00
7.412461458870866160e+00
7.408617569988066975e+00
7.404012189638285335e+00
7.398458229704869105e+00
7.379871965089281005e+00
7.364753800384539417e+00
7.355646724318900986e+00
7.345125637403343788e+00
7.333281606810663433e+00
7.326592715598816419e+00
7.316943422134056796e+00
7.315704650416281929e+00
7.312927596922382811e+00
7.302372834059120521e+00
7.300524953969865116e+00
7.286626596533137601e+00
7.285776265951677821e+00
7.275823789258448748e+00
7.271205968424030885e+00
7.270515505426691227e+00
7.261087177783881685e+00
7.245751519058845069e+00
7.245673589792821723e+00
7.233919216503044147e+00
7.226581409007732049e+00
7.209736988770638177e+00
7.206827371586261854e+00
7.172671069316261416e+00
7.172345952888111498e+00
7.169025954193696037e+00
7.164799714641458372e+00
7.157296609728343917e+00
7.157255027963032035e+00
7.155572116638218461e+00
7.146909275445787912e+00
7.141786321021994510e+00
7.128227905510323481e+00
7.124565401989880087e+00
7.111499360662815405e+00
7.109999866950521330e+00
7.102868100572647059e+00
7.100198644024450445e+00
7.088149099390700592e+00
7.082390937920399310e+00
7.080693358232507784e+00
7.069308899015212866e+00
7.064515369518698407e+00
7.063250012216182760e+00
7.057881098705315992e+00
7.031352780569705807e+00
7.025422632922016852e+00
7.024928613206427919e+00
7.018609379112068503e+00
7.000907544728839582e+00
6.993524391487223824e+00
6.990585237542414454e+00
6.984329595341393748e+00
6.980816903554608821e+00
6.976945326530067604e+00
6.968617556992395379e+00
6.964718267401322827e+00
6.953464590870603423e+00
6.950412122364850731e+00
6.938684328615512875e+00
6.935079387606315038e+00
6.922633696607432441e+00
6.916030098502844226e+00
6.905899126458741932e+00
6.902955738458725676e+00
6.899432590067824833e+00
6.892141447883766148e+00
6.886882915708686603e+00
6.882053536344829858e+00
6.874491322677721783e+00
6.866083320020684333e+00
6.862016008714688198e+00
6.847082850077056193e+00
6.840035026653610295e+00
6.837686376602543525e+00
6.836487774149748731e+00
6.827604009331637691e+00
6.821890916382696624e+00
6.810087809794267422e+00
6.802877957028278466e+00
6.799943180247645991e+00
6.789816832188146911e+00
6.787139227532230201e+00
6.776855559631836279e+00
6.767884909203678134e+00
6.751466448021171018e+00
6.749543686628348915e+00
6.743260255410786996e+00
6.736689065430506496e+00
6.721891505454960836e+00
6.713535403781560440e+00
6.709457952870635289e+00
6.707454737805108813e+00
6.697115490266672744e+00
6.691104691867606036e+00
6.682140421040466904e+00
6.675669555978943848e+00
6.674775538663438645e+00
6.671666073236361072e+00
6.660642305112761896e+00
6.655647289683545687e+00
6.653486578142976171e+00
6.646210476242615073e+00
6.633153961734219450e+00
6.624775334721986653e+00
6.618817375852797724e+00
6.611392617144149497e+00
6.607580185024372277e+00
6.596738742532181732e+00
6.596736243921833776e+00
6.585380986375907852e+00
6.579846886499888470e+00
6.563710193702928741e+00
6.557746051087121941e+00
6.549960658509794698e+00
6.548396646779863772e+00
6.537468605558884427e+00
6.537101251412553715e+00
6.524474509280559609e+00
6.518779528824339309e+00
6.514796828639761728e+00
6.510140432576848823e+00
6.497585337879324463e+00
6.486372797665644008e+00
6.484395153307762172e+00
6.479527312611095269e+00
6.479138814117476386e+00
6.463250734183699997e+00
6.449440675390439637e+00
6.448489290339165514e+00
6.437113155638804152e+00
6.434627755371417734e+00
6.434506002936457136e+00
6.425610971548977979e+00
6.417588530806367153e+00
6.411938024969345840e+00
6.406223102318421958e+00
6.397316554248197562e+00
6.390794781943641922e+00
6.390237191708972198e+00
6.387779890310439690e+00
6.367268307194800414e+00
6.365471231267148866e+00
6.352189087014077806e+00
6.346778278650207383e+00
6.340658043604503469e+00
6.333780066389670615e+00
6.330527400512207414e+00
6.322658323751729981e+00
6.313022277985562702e+00
6.310983858781596290e+00
6.301891883222523916e+00
6.296706481377621678e+00
6.295764837185552132e+00
6.290890700216107412e+00
6.281053580030335759e+00
6.269274022709526051e+00
6.268754479330547191e+00
6.268289525966553200e+00
6.246859694446794009e+00
6.238452464184291557e+00
6.236077522288694830e+00
6.228805087236994886e+00
6.228143292402305242e+00
6.223325730483682428e+00
6.220562931944314755e+00
6.214551928929251901e+00
6.207784304333544334e+00
6.198573635276859228e+00
6.194902132816404894e+00
6.191295086018495653e+00
6.189263294658134740e+00
6.185679477879637567e+00
6.173579261230188742e+00
6.173157047638706096e+00
6.155700614882842814e+00
6.152698544427630978e+00
6.128499783681967905e+00
6.125036839673158262e+00
6.123952426426427564e+00
6.116062464776550023e+00
6.109482886679892033e+00
6.105071358977277818e+00
6.104396513057621654e+00
6.093567173115557623e+00
6.088002015573990455e+00
6.075657686559210902e+00
6.069930613287823462e+00
6.062045862250016626e+00
6.059289976458106075e+00
6.055191625820173229e+00
6.048762813573546282e+00
6.031090637955815126e+00
6.029654558501194472e+00
6.026841961428427652e+00
6.020422857076160206e+00
6.017954144821183071e+00
6.010589783043149836e+00
6.007430111967078545e+00
5.994235624145519914e+00
5.993713004548769874e+00
5.971955569944301878e+00
5.970197779785903158e+00
5.968336157756888305e+00
5.956803080711257081e+00
5.952196506794110498e+00
5.945486416566035714e+00
5.942831355347054867e+00
5.938745325317342783e+00
5.936520411427715693e+00
5.928408541368098028e+00
5.914124022810477221e+00
5.909542641004828845e+00
5.908676199586475164e+00
5.902347593678904047e+00
5.897991102294915855e+00
5.880050363394710544e+00
5.878424178376451259e+00
5.874919157486062637e+00
5.872466442475767323e+00
5.865820413220596663e+00
5.861899483263027122e+00
5.857984499299381476e+00
5.848802255975321884e+00
5.840196429517810373e+00
5.830738242981834851e+00
5.830605555442672561e+00
5.825551058344899502e+00
5.814964810049890964e+00
5.814583236282528489e+00
5.803557903759537062e+00
5.784307737781364089e+00
5.782402507253280532e+00
5.782203160324268509e+00
5.780144591145560007e+00
5.771855998890107919e+00
5.764752136416555928e+00
5.760776205592137877e+00
5.753318140708692852e+00
5.753281558897334946e+00
5.749645260856514284e+00
5.737175950015707571e+00
5.729706816854879925e+00
5.726696036287409974e+00
5.717283459159475001e+00
5.717230024680372225e+00
5.706537993060069702e+00
5.704500761811012843e+00
5.691058170213707967e+00
5.690325420702894377e+00
5.685946005247872748e+00
5.682246931413393654e+00
5.681091923599858262e+00
5.668772190568883929e+00
5.662430988722233494e+00
5.656737808222170649e+00
5.653849445305087151e+00
5.644449581765724311e+00
5.643172472741118106e+00
5.641551294781645964e+00
5.636251252434012926e+00
5.625686069619690421e+00
5.615314990971781661e+00
5.603004258565055906e+00
5.598051317551427708e+00
5.596960404912668885e+00
5.590140160262808244e+00
5.583723612082473586e+00
5.582660492161701349e+00
5.576747085876758270e+00
5.576123474721053519e+00
5.566845884347388917e+00
5.557682478352452549e+00
5.549126327164447758e+00
5.544633259207292220e+00
5.541065472751436793e+00
5.540880399378788290e+00
5.531284161156907686e+00
5.523783061373117143e+00
5.518035175580069840e+00
5.516597730477861283e+00
5.510835504983205624e+00
5.501256554466216642e+00
5.497054513943540499e+00
5.496426707879471074e+00
5.488108381369690925e+00
5.476385145220413087e+00
5.468180196381695168e+00
5.458309845884542710e+00
5.456651815051649201e+00
5.453314318662141780e+00
5.451308356573068004e+00
5.441571323831673190e+00
5.429863229684793069e+00
5.423251226114509826e+00
5.415615796305806029e+00
5.413648389392705873e+00
5.410137848811164218e+00
5.404145320423666909e+00
5.398621136012231148e+00
5.394571605831208316e+00
5.388597590373085389e+00
5.372702415911984275e+00
5.368475669846762166e+00
5.361220614911887949e+00
5.359880740594449300e+00
5.356868355531216430e+00
5.350538801784171739e+00
5.348002448738157888e+00
5.344871771601441779e+00
5.341072540217364661e+00
5.333666431078651904e+00
5.327569258245200778e+00
5.317168775204565989e+00
5.316439676549324034e+00
5.313904248842678868e+00
5.308004429712716465e+00
5.301174325162434364e+00
5.297105483332567033e+00
5.293212104596725531e+00
5.290341743268331953e+00
5.278603817025476097e+00
5.267826004658056505e+00
5.259187820909316358e+00
5.249540549232526665e+00
5.249198455183991641e+00
5.239429247769573195e+00
5.233842118655639197e+00
5.231881478482940828e+00
5.224478673803323758e+00
5.224345892161692539e+00
5.214277261331974778e+00
5.212905747070021079e+00
5.210796769986204779e+00
5.205075309265179584e+00
5.199285114297198085e+00
5.190489271661063775e+00
5.181459137108293866e+00
5.173435636248250091e+00
5.167593520442156141e+00
5.162823797417735783e+00
5.159436794421158545e+00
5.156705731101550505e+00
5.150829870930875742e+00
5.139288422574264104e+00
5.135362614831735506e+00
5.134639876927390212e+00
5.119743267924564911e+00
5.113456154614480553e+00
5.103040992235375661e+00
5.101816149655773458e+00
5.096361958079421051e+00
5.091787760302900701e+00
5.081981376675193118e+00
5.081630621863160613e+00
5.075185398448574858e+00
5.067275487346931229e+00
5.061714877504006616e+00
5.059033276468861473e+00
5.048005692656632348e+00
5.043873634513134085e+00
5.043843026445466116e+00
5.027924308384715602e+00
5.027166635796305627e+00
5.025670737244460007e+00
5.016521030622662636e+00
5.014504526836898179e+00
5.005264563835052805e+00
5.003638967735544618e+00
4.997836339975279429e+00
4.994768635899655251e+00
4.992246535858499534e+00
4.987398085950069948e+00
4.974533230992416399e+00
4.973656519307228407e+00
4.968871261531059069e+00
4.967457249481464387e+00
4.957165837118161278e+00
4.956487899142467235e+00
4.948585447309517882e+00
4.946538667884192719e+00
4.938684055806168871e+00
4.937151203499010599e+00
4.924882979243497161e+00
4.918233340517804919e+00
4.910118711287911886e+00
4.909000686480486486e+00
4.907475584349286102e+00
4.895664165177527671e+00
4.894184047533897797e+00
4.887306973771212704e+00
4.879848284860487162e+00
4.875520325791668164e+00
4.874776900417153058e+00
4.866177550128607088e+00
4.857471224808462829e+00
4.850412020844366623e+00
4.848749608879296069e+00
4.842588009794960513e+00
4.834682248461028564e+00
4.833948650001415714e+00
4.828000828903722841e+00
4.821379106176648222e+00
4.819863652251308750e+00
4.815391018788573341e+00
4.814912054364535621e+00
4.798784099598349506e+00
4.796825480655119378e+00
4.792975650109339014e+00
4.787803101621338264e+00
4.778998094550924947e+00
4.775316817999822661e+00
4.769720917917154246e+00
4.760852822834138465e+00
4.757210143988877427e+00
4.751232884457895267e+00
4.748657158348645879e+00
4.739604451781842087e+00
4.737135703973146761e+00
4.735680081453814694e+00
4.731458225761076442e+00
4.720683465880062712e+00
4.719040042919591116e+00
4.717018602757163670e+00
4.712980339688065179e+00
4.710068780114309739e+00
4.707195377762195321e+00
4.701421277926367104e+00
4.687954873923269261e+00
4.683251571267391000e+00
4.677347096580382058e+00
4.673225609931287217e+00
4.671597630365152298e+00
4.664913200841448671e+00
4.659333137649120715e+00
4.653199071622657002e+00
4.651880205567385573e+00
4.646229111969154779e+00
4.645174761502718574e+00
4.637292822032673456e+00
4.628556686215080873e+00
4.626726993030175095e+00
4.619507604750939578e+00
4.619125102279045159e+00
4.604164377704174527e+00
4.603345518436107398e+00
4.596508994416377725e+00
4.596119640767280856e+00
4.586840208823500298e+00
4.575363647065270989e+00
4.570762723444698139e+00
4.564913047074688812e+00
4.561878291253011142e+00
4.554732665812361248e+00
4.553673750920989249e+00
4.550602288197203471e+00
4.547271489758853313e+00
4.544754728350783424e+00
4.533324071344821071e+00
4.526385883729319382e+00
4.523251943575145262e+00
4.516607211376439501e+00
4.515681367764427634e+00
4.511196903660867896e+00
4.503688670800436888e+00
4.502223878562316095e+00
4.501628107933212775e+00
4.493087020030743339e+00
4.490029920219676285e+00
4.479554563969412762e+00
4.477328074112120859e+00
4.471441536388222282e+00
4.468823256919279174e+00
4.460973261930329059e+00
4.458807705841768332e+00
4.456934356132888020e+00
4.456922829962295829e+00
4.437973587770193795e+00
4.431768619374272689e+00
4.430782165686051322e+00
4.428506200973513884e+00
4.427922188510931889e+00
4.416711256496849813e+00
4.412261355066989132e+00
4.411880913084957889e+00
4.404186909862550792e+00
4.404063518059884608e+00
4.392546548416946806e+00
4.387332344397099071e+00
4.379206268903234722e+00
4.378848949845400185e+00
4.375522440885190711e+00
4.370093009227662861e+00
4.359924324559008468e+00
4.358680512775883642e+00
4.357580889035469696e+00
4.355023697244751801e+00
4.350289834763301222e+00
4.336343968046347364e+00
4.331003606087576507e+00
4.327234387057278475e+00
4.321955460983618380e+00
4.310745762547261606e+00
4.307795003747487250e+00
4.306011443838379193e+00
4.303971937543641602e+00
4.301736391714403140e+00
4.296032423593138638e+00
4.291875184367208718e+00
4.290418563128833185e+00
4.282835218985440839e+00
4.281958017762359958e+00
4.270443335132823037e+00
4.265042018079477693e+00
4.258884331615534258e+00
4.257271367280171859e+00
4.256020804660909818e+00
4.246155984493252156e+00
4.244235558593146607e+00
4.240686608441863292e+00
4.239303830310347188e+00
4.227041487616886251e+00
4.219693099787678037e+00
4.208909918537235839e+00
4.208335599184304776e+00
4.202911241513368701e+00
4.201932986824902905e+00
4.200941846605648067e+00
4.191628937483081074e+00
4.186727498430237837e+00
4.182697260571911713e+00
4.181877531150075100e+00
4.175574032493512888e+00
4.175056217726452523e+00
4.161922374643897804e+00
4.161091239708910372e+00
4.157141012909000288e+00
4.153179749972966128e+00
4.147642428196968822e+00
4.142719231716280426e+00
4.134730630607326596e+00
4.133441710521505996e+00
4.131308757056214809e+00
4.128678063475674342e+00
4.123245744896426146e+00
4.120854800095980153e+00
4.103311060772511176e+00
4.096377169618106606e+00
4.092500940089072614e+00
4.091286427055884189e+00
4.081175198517371427e+00
4.079912584526590891e+00
4.073846462796965717e+00
4.069628001948363050e+00
4.066198113969177186e+00
4.062612580232030979e+00
4.057641409254138409e+00
4.049533004225785326e+00
4.045417076762605646e+00
4.042491052393052620e+00
4.035905144362771146e+00
4.032932997283985799e+00
4.032134358398926643e+00
4.021960671842594870e+00
4.019300034978146918e+00
4.014763598807135736e+00
4.006197426182571242e+00
4.006024256894880509e+00
4.001336746705034919e+00
3.997250536793356179e+00
3.995209860394810075e+00
3.987389925172220906e+00
3.982730862324247223e+00
3.980036125836134087e+00
3.976838699619270834e+00
3.966071871082161859e+00
3.964550245194512268e+00
3.962690785705750063e+00
3.959779311116148115e+00
3.954075404764034740e+00
3.949871126388838860e+00
3.946922607268240402e+00
3.940960753695440300e+00
3.937497811345060494e+00
3.931671793034564377e+00
3.918550510363012940e+00
3.917616576511407711e+00
3.914945518371930611e+00
3.910215262332674691e+00
3.900384137123847239e+00
3.897612557611523254e+00
3.892462234471228744e+00
3.885447488220292289e+00
3.884737678266189320e+00
3.882002137083073290e+00
3.879524797700599326e+00
3.876481650153407177e+00
3.870116870118516239e+00
3.869042644610009241e+00
3.866017894949297151e+00
3.859790414633109901e+00
3.859544627408328488e+00
3.855439735849010230e+00
3.849966267512710427e+00
3.846024537266887755e+00
3.836905277936366598e+00
3.835550375715359284e+00
3.827936349468846977e+00
3.827510652062380725e+00
3.820015216470453279e+00
3.813374222934153845e+00
3.812925009581056290e+00
3.805479235032609431e+00
3.804803275484054836e+00
3.798190038643080690e+00
3.794793288904743989e+00
3.784850664619259675e+00
3.782147170231644040e+00
3.778671701934027016e+00
3.772982216906243025e+00
3.768330329208500196e+00
3.763718328032489957e+00
3.754813593415314621e+00
3.752065641177106947e+00
3.749707453708291283e+00
3.749535310593020032e+00
3.743614780557012800e+00
3.733740443442402857e+00
3.731653304573179231e+00
3.728771923494764717e+00
3.721723070450295268e+00
3.716539604106852579e+00
3.714071702099673189e+00
3.707391312076226075e+00
3.704426053595025969e+00
3.700437120019416604e+00
3.695242540699865241e+00
3.689327360076124940e+00
3.687916970323439791e+00
3.680262505024634923e+00
3.678098450905522121e+00
3.670660513001453129e+00
3.669573437628057100e+00
3.665990362833086547e+00
3.658457581421934446e+00
3.655274458433534601e+00
3.653203594724361736e+00
3.651051792807002982e+00
3.647167738528650283e+00
3.646211831471108944e+00
3.645542410640395747e+00
3.637922057969046552e+00
3.629664837363165475e+00
3.628293062298317384e+00
3.623504032050433032e+00
3.621748468383314101e+00
3.617539172916786505e+00
3.607633976744067716e+00
3.604047457179945901e+00
3.601978156656546304e+00
3.601905829598576414e+00
3.596620752625649953e+00
3.593792941173900690e+00
3.590941178424043034e+00
3.590852478295706085e+00
3.584034889946685176e+00
3.579373531390009244e+00
3.575184490207987675e+00
3.573573057834629196e+00
3.564663745347787405e+00
3.562960433495503842e+00
3.555117016290538334e+00
3.550843276914835922e+00
3.546633695228587957e+00
3.539801207194329891e+00
3.532260925842393373e+00
3.530135771779704168e+00
3.528531054414948187e+00
3.524787262473745297e+00
3.517440556996227929e+00
3.510313095399441696e+00
3.508269457627503751e+00
3.505096170737143968e+00
3.499728932734652798e+00
3.493731957710731528e+00
3.488990635343828917e+00
3.484431379811937735e+00
3.481901268923408121e+00
3.481248155939490996e+00
3.475003066387341466e+00
3.473604437815240420e+00
3.467976390127749386e+00
3.467027108729821006e+00
3.456587874976920993e+00
3.453374487144800220e+00
3.449250389071918388e+00
3.448114608874550235e+00
3.443425108843405358e+00
3.439169629843477072e+00
3.438906213956018476e+00
3.429536791484671721e+00
3.428118985775763239e+00
3.422803853347031300e+00
3.418428189850309717e+00
3.413979658045312782e+00
3.411510331547812136e+00
3.405840611701387743e+00
3.403079436122950607e+00
3.397504253412333419e+00
3.387897486189100249e+00
3.383665351656344189e+00
3.383390598792659354e+00
3.380183351901958400e+00
3.378997038384569773e+00
3.375696035588147126e+00
3.371627644308692773e+00
3.367503655083825542e+00
3.359883676619305426e+00
3.350297859241277987e+00
3.349994711145315218e+00
3.342681533359628698e+00
3.339204080977562050e+00
3.337014027070404953e+00
3.332210413621075507e+00
3.330523002402918209e+00
3.326385494951809019e+00
3.310677450605171046e+00
3.310372380906132062e+00
3.307838465375430470e+00
3.306231186697309532e+00
3.302499829847595159e+00
3.299223089300256984e+00
3.295724675428620021e+00
3.295171544371378936e+00
3.285989849816668862e+00
3.284255612970278460e+00
3.283651232344212190e+00
3.281671478411366305e+00
3.277734555881840706e+00
3.276703220195630983e+00
3.264299285616117707e+00
3.260850851097778946e+00
3.258462068625572972e+00
3.252634945730721761e+00
3.248515964665510847e+00
3.244151505007119241e+00
3.240568391061488196e+00
3.237042601936641617e+00
3.230505871804086215e+00
3.228957438818423675e+00
3.226884341765920983e+00
3.226582053453952437e+00
3.215966643174827944e+00
3.211224800311059724e+00
3.210857155344767122e+00
3.209467987218686424e+00
3.208025491843633947e+00
3.203291771821402456e+00
3.199350322244468359e+00
3.191176246976684450e+00
3.186598285367954642e+00
3.184405823407887137e+00
3.181936322806642181e+00
3.176800459088275463e+00
3.176748763025922351e+00
3.168649428461443485e+00
3.164892132764930199e+00
3.161627338405435861e+00
3.161018425905246509e+00
3.156086466066178264e+00
3.153690945717638527e+00
3.149429325731129214e+00
3.145336298502067862e+00
3.143394613479555844e+00
3.140018666956242654e+00
3.135155036819270435e+00
3.132896149520802975e+00
3.124041689496527940e+00
3.116629476307043678e+00
3.116166933977539077e+00
3.111438918675668130e+00
3.110435809778814953e+00
3.106871523090323883e+00
3.101359916154922125e+00
3.097831131396508564e+00
3.089995543262094913e+00
3.087298231991967512e+00
3.079561251287503687e+00
3.077851011820166960e+00
3.074084574115888202e+00
3.070543415403262699e+00
3.061464771790462169e+00
3.059040670637318104e+00
3.058544854088693921e+00
3.051507706643457496e+00
3.048890134781798711e+00
3.048128950038675011e+00
3.041418335527384720e+00
3.039911202571244697e+00
3.036602304533278840e+00
3.030609320121498751e+00
3.021525154032703941e+00
3.019247750589117096e+00
3.016041196111563849e+00
3.014440755783470482e+00
3.013554097386534014e+00
3.011614724717060376e+00
2.999693949273723348e+00
2.996670343403057046e+00
2.995316421893686964e+00
2.992836990971802003e+00
2.986988157663288401e+00
2.984752073974047182e+00
2.979469795216838968e+00
2.976773518116842432e+00
2.974428419571663262e+00
2.968853847955415404e+00
2.966643440337483284e+00
2.963348778495772606e+00
2.958973426952432373e+00
2.954407474056075955e+00
2.950399339759446793e+00
2.949061937863269200e+00
2.948051994305964651e+00
2.939872069760218753e+00
2.936204422712429984e+00
2.928947415688147426e+00
2.928799262195036501e+00
2.926146276669093993e+00
2.914676277083260381e+00
2.913982752748446092e+00
2.912168678134935629e+00
2.908267529275698315e+00
2.903441764413106974e+00
2.900019051061032194e+00
2.898524783923687398e+00
2.896008255839068291e+00
2.891297972998626786e+00
2.888118359899730425e+00
2.885366967336254085e+00
2.881938833035194047e+00
2.875991021323400787e+00
2.873356394616758180e+00
2.866655540317872397e+00
2.866405097976316707e+00
2.859327037823770290e+00
2.855175489741462069e+00
2.855024935983855094e+00
2.850246731317658710e+00
2.846959266149173384e+00
2.843875867827653003e+00
2.842217306716005698e+00
2.840201901392364281e+00
2.833120132107297628e+00
2.830071282916214681e+00
2.826596146873412874e+00
2.822211792795817686e+00
2.821473625922027217e+00
2.818560709589477131e+00
2.815001836497807997e+00
2.810774103185401440e+00
2.804571967115142339e+00
2.801679249855540732e+00
2.800599022030033858e+00
2.798218536109787546e+00
2.795813158323548819e+00
2.790011520647703414e+00
2.788276769701602209e+00
2.778138761629188824e+00
2.776352502077261253e+00
2.774693927055002618e+00
2.772723302838505877e+00
2.760880375342534609e+00
2.757392475160274969e+00
2.756009732051615035e+00
2.753634179778639002e+00
2.749282445161788768e+00
2.746656808029253938e+00
2.744453163486439085e+00
2.740382296517478000e+00
2.736476054912835743e+00
2.733963978143564066e+00
2.733723177530635429e+00
2.725663756163315465e+00
2.724139061714398569e+00
2.719264287194772312e+00
2.719118288845708165e+00
2.715574275398292325e+00
2.709621140477154633e+00
2.704449105510505103e+00
2.703356943037703353e+00
2.691544281191779131e+00
2.689464753437989852e+00
2.686451119294896106e+00
2.679896347399915779e+00
2.676564999821908319e+00
2.675579331338271860e+00
2.671244702570173768e+00
2.669034812195731909e+00
2.667967110595707236e+00
2.663195060314134555e+00
2.661553572091293063e+00
2.659863031074332085e+00
2.657363266924738898e+00
2.655555091134669254e+00
2.651347033163355515e+00
2.650502305955324989e+00
2.644966233377872289e+00
2.638440496534525170e+00
2.636883416555483084e+00
2.628805865167950895e+00
2.624309575901502711e+00
2.619760732348522136e+00
2.615470000161083330e+00
2.613289249876865394e+00
2.612010427443655303e+00
2.609403023617336448e+00
2.608756205446232546e+00
2.606387128696823652e+00
2.603538344332571697e+00
2.592944436536292585e+00
2.589381745162660398e+00
2.584596869338822156e+00
2.581690312367226792e+00
2.579042969523114071e+00
2.574210515224716556e+00
2.569450480124828573e+00
2.568689254712437364e+00
2.564542511085535104e+00
2.563500413156607038e+00
2.559126383728234533e+00
2.553841705953512786e+00
2.553207152136626412e+00
2.548488716370909568e+00
2.545735823152600830e+00
2.544903619383912741e+00
2.542337416442921327e+00
2.535968619761497234e+00
2.528119236968413563e+00
2.524634602369264957e+00
2.523072724742567274e+00
2.518162506904776610e+00
2.517507044633981117e+00
2.517195528858673370e+00
2.515045307586146084e+00
2.513849196016597176e+00
2.504286740649157128e+00
2.503703850217550819e+00
2.502196935586149085e+00
2.497761606993473382e+00
2.492201778458661643e+00
2.488299204757779659e+00
2.486836546843735007e+00
2.474717102361546406e+00
2.473604162111032956e+00
2.471823992397967906e+00
2.467320591035412569e+00
2.462057551366869212e+00
2.461573502444942552e+00
2.457106413371924702e+00
2.454416444546936749e+00
2.452027150514077380e+00
2.449982789837080066e+00
2.446870023342416989e+00
2.441915625978040794e+00
2.439947706466089716e+00
2.437587094621036066e+00
2.434697577048058115e+00
2.434256279697854186e+00
2.429654835107307953e+00
2.425168144578049301e+00
2.419319862238013208e+00
2.417515714446430319e+00
2.416060219596909420e+00
2.415090948626527734e+00
2.411210333490953150e+00
2.406576880449561529e+00
2.406088887933535148e+00
2.397677308162120990e+00
2.395320157558082030e+00
2.393513227395430043e+00
2.389857074000596437e+00
2.387888053932363697e+00
2.385159779139161440e+00
2.381115163013977742e+00
2.379682227571584097e+00
2.378142774100209689e+00
2.368952336690417049e+00
2.365733288725733630e+00
2.363003471898597940e+00
2.356875668323788808e+00
2.355627187467771222e+00
2.345493610576504739e+00
2.343723910404603483e+00
2.341336432332214557e+00
2.338881937176404247e+00
2.337005103486224034e+00
2.334367926450154673e+00
2.328906525457640431e+00
2.324641875999869711e+00
2.323184632942212335e+00
2.318369810704755896e+00
2.315572869760439634e+00
2.312573389336677554e+00
2.312472829214371917e+00
2.309591150934975801e+00
2.306059895168828699e+00
2.304680105711642391e+00
2.300469728247187540e+00
2.299205699687812299e+00
2.296793550666383688e+00
2.296202455286030286e+00
2.287773721248357539e+00
2.282576631467880368e+00
2.277960350875598561e+00
2.276949426891260675e+00
2.273895769428460945e+00
2.272060938842660249e+00
2.265487335827533588e+00
2.265283828320431070e+00
2.258277358364904064e+00
2.257857569480924198e+00
2.251624394164650766e+00
2.249743501406967550e+00
2.248409937594305852e+00
2.241598655905985726e+00
2.238721988554359221e+00
2.236710847624651777e+00
2.234974403686663447e+00
2.229837798718174113e+00
2.227353756786137229e+00
2.226129894977537660e+00
2.224769375421794315e+00
2.221848885939925022e+00
2.216072742226346648e+00
2.212777674091326308e+00
2.209640075613845678e+00
2.206042750769558136e+00
2.203370958437308680e+00
2.201293869237128220e+00
2.198544899172529821e+00
2.198341497874154449e+00
2.197878618748779100e+00
2.189085464661796543e+00
2.187344892251919415e+00
2.184787393447209514e+00
2.181409382378971085e+00
2.178973755354097985e+00
2.177802702296897319e+00
2.172722874066044252e+00
2.171577834274685426e+00
2.168287630962569601e+00
2.168108743589546528e+00
2.166000249558655888e+00
2.161320354670235755e+00
2.154749194074972785e+00
2.154152953182733032e+00
2.148242522674998156e+00
2.147735068219344345e+00
2.140799101406641203e+00
2.137683183658981356e+00
2.136513421630250598e+00
2.131164118356599246e+00
2.126023214555132324e+00
2.123390604122451286e+00
2.122433690398100037e+00
2.119728645567377168e+00
2.114747401015498074e+00
2.113324179132429759e+00
2.109740083222619855e+00
2.108847393984898844e+00
2.106360906821822088e+00
2.096034464430912347e+00
2.095831604146352944e+00
2.091449780155983262e+00
2.090174797953994190e+00
2.085393926874876236e+00
2.082087632852357650e+00
2.075587603125237379e+00
2.074850823828972235e+00
2.071795414358065912e+00
2.068039177799462447e+00
2.067818451243266242e+00
2.062881696052075942e+00
2.059870921007131095e+00
2.057477264021356778e+00
2.050405995026720163e+00
2.049059579543195841e+00
2.048887967913538777e+00
2.048081087887305696e+00
2.044513413878322083e+00
2.038422159068682404e+00
2.036241997167348661e+00
2.032661334870117020e+00
2.031030859047409542e+00
2.030489088932139197e+00
2.027207168395469772e+00
2.027092465759605666e+00
2.020088037002104375e+00
2.017315612040404549e+00
2.013203628318237293e+00
2.011627572292729926e+00
2.008106035554861002e+00
2.003562585637988391e+00
2.002233337323207962e+00
2.001681447791980428e+00
1.994240713910487406e+00
1.991622936159186619e+00
1.987415032807811066e+00
1.985723981032354368e+00
1.984464047532313868e+00
1.978756360254593449e+00
1.978561256227867160e+00
1.977514734631796278e+00
1.973520523978436580e+00
1.971499371191602235e+00
1.967619561463434419e+00
1.967111346464765598e+00
1.962271968930461297e+00
1.960890377260223971e+00
1.955517704487712782e+00
1.953139909467056956e+00
1.950787319994809588e+00
1.947483323192099824e+00
1.943385406921820380e+00
1.941434836509751127e+00
1.941385217014611975e+00
1.938901317614419417e+00
1.931813548325913787e+00
1.931051557735671942e+00
1.928128798873541827e+00
1.925431158313789970e+00
1.924424110373957664e+00
1.923058815332950644e+00
1.919404775713789757e+00
1.916849829247111670e+00
1.913660113919989803e+00
1.909140963521498868e+00
1.906159593549117126e+00
1.904481798648663737e+00
1.900752029141811184e+00
1.896720303552125397e+00
1.894446567245478885e+00
1.893401413149480739e+00
1.888418334724309533e+00
1.881393335118880739e+00
1.880795078091239025e+00
1.877975138879600436e+00
1.874895035321626491e+00
1.873290023458869857e+00
1.872478129715762218e+00
1.870218256804941692e+00
1.868155678692851041e+00
1.863929117362147947e+00
1.857889315983725309e+00
1.857162878387923044e+00
1.849257202626046537e+00
1.849008770464699580e+00
1.848096058180909163e+00
1.846662800555979089e+00
1.841767899591395974e+00
1.840909730860432303e+00
1.840152986659593148e+00
1.836619079475340532e+00
1.828809315208050457e+00
1.827756040949257255e+00
1.824738283481832868e+00
1.823155995101867877e+00
1.821742417244919920e+00
1.813272133843999434e+00
1.812414317243424833e+00
1.809713624817459898e+00
1.807156909642668063e+00
1.801233557036428179e+00
1.799594854654593457e+00
1.799163510938797783e+00
1.792088019370676522e+00
1.791305626318913546e+00
1.787134367214862962e+00
1.785656086662904540e+00
1.783244154241216961e+00
1.779707173784332186e+00
1.778290081923036503e+00
1.774177963913222911e+00
1.773289870984358085e+00
1.766530597041310324e+00
1.765973514577438008e+00
1.760065311670979682e+00
1.757435115947558524e+00
1.754833749940557297e+00
1.750763509625100633e+00
1.750400081737680802e+00
1.748424268619970245e+00
1.746814588150401804e+00
1.744143898308126994e+00
1.735334954811868391e+00
1.734651529298410821e+00
1.733130212403015680e+00
1.727098849023863902e+00
1.726598864935303901e+00
1.724516291040559146e+00
1.724255897211963706e+00
1.715275059257401091e+00
1.713365416474423197e+00
1.712420116780805968e+00
1.709237286466070982e+00
1.705578493460355727e+00
1.704743947353055455e+00
1.703917233422169275e+00
1.700028945544885817e+00
1.697205891412999268e+00
1.691921314327755388e+00
1.689433703523306018e+00
1.686284591017296552e+00
1.681870820048964710e+00
1.680305744313178362e+00
1.678786303394281587e+00
1.675198677125886437e+00
1.673543251016334388e+00
1.670942445796594900e+00
1.670381154874923890e+00
1.664786223617178207e+00
1.659667287351874965e+00
1.658635471344844792e+00
1.654850387393892452e+00
1.652732459036774015e+00
1.647541875847097881e+00
1.644965691276078390e+00
1.644840914144615640e+00
1.642876075815367098e+00
1.642665077252921213e+00
1.638746986143894135e+00
1.638656905532587471e+00
1.637391003047772076e+00
1.632358010427930939e+00
1.629483642939621779e+00
1.627794194010084849e+00
1.627266278541832811e+00
1.624614142671378936e+00
1.622141983301570667e+00
1.618594287469310444e+00
1.616466112932077648e+00
1.615158219325107503e+00
1.611944964259008906e+00
1.603929186691435360e+00
1.601469028221011337e+00
1.597673032272532545e+00
1.597097319372535518e+00
1.592212187506410581e+00
1.591284512889085123e+00
1.590152414182264273e+00
1.589426116241817954e+00
1.586240541628745060e+00
1.582214091902286679e+00
1.581078183315087315e+00
1.579775233099948162e+00
1.577448846612420796e+00
1.576295423527682482e+00
1.571186166779651394e+00
1.564971169558511122e+00
1.564406747561333244e+00
1.562037490091478631e+00
1.558932408371576983e+00
1.557491907483221416e+00
1.556904403916512303e+00
1.555838461298614694e+00
1.553141132248575307e+00
1.551115544448210093e+00
1.547674915613647340e+00
1.545416136292753428e+00
1.540985790653790488e+00
1.540220393529256437e+00
1.538012990146630621e+00
1.535380683038869210e+00
1.534028432661457941e+00
1.528892486388897298e+00
1.527922144873984367e+00
1.521639214353999403e+00
1.520534079291986140e+00
1.515534749583555163e+00
1.512494167310912241e+00
1.511505059121507566e+00
1.511318671521188373e+00
1.505964775119861487e+00
1.504200666635755912e+00
1.496875872144741493e+00
1.495944162566796409e+00
1.493021537899372309e+00
1.491950474615109545e+00
1.490371177868598407e+00
1.489667389066068548e+00
1.486103283934206543e+00
1.481219677785804434e+00
1.476987281533387542e+00
1.474196359882677276e+00
1.473213223725279963e+00
1.471812216857459887e+00
1.470220801738234773e+00
1.468751293659166901e+00
1.465313246498170630e+00
1.463867522558944367e+00
1.463811016494153794e+00
1.459937130571618003e+00
1.458155660874862924e+00
1.453449359143022646e+00
1.449040471576165112e+00
1.448190378295370007e+00
1.441388761794904605e+00
1.439808805844689399e+00
1.438984912897219637e+00
1.437632378226261443e+00
1.433665596676727105e+00
1.430903467292765407e+00
1.429141111270723963e+00
1.427821511255067843e+00
1.426387761682332167e+00
1.424196759388181022e+00
1.421488242499089116e+00
1.418107037495557776e+00
1.415477266763415898e+00
1.415057925750584200e+00
1.411832567103159741e+00
1.408313711833225845e+00
1.407555148568773173e+00
1.406049762393731806e+00
1.404699836129171819e+00
1.401210034955054917e+00
1.398296970328658073e+00
1.395019308281899351e+00
1.394361337255060507e+00
1.389942051623888952e+00
1.389078405188812759e+00
1.385521581847668271e+00
1.383352800103673008e+00
1.380451057584661578e+00
1.375201263976998156e+00
1.370921403408228878e+00
1.369573980560924831e+00
1.368214744063587673e+00
1.364352323951230517e+00
1.362000568725142857e+00
1.358974023137618614e+00
1.358926797866609748e+00
1.354135197524197309e+00
1.350322220938675599e+00
1.347953895322146156e+00
1.346527415476469702e+00
1.341689216576254173e+00
1.340348472059146756e+00
1.340219748580775416e+00
1.337316996154369830e+00
1.336159499409471652e+00
1.333190534716818476e+00
1.332093269405445257e+00
1.330571433060965925e+00
1.330469276028831471e+00
1.323298308574976545e+00
1.322738832271772580e+00
1.318343545156866581e+00
1.316412639569082055e+00
1.316005315378552920e+00
1.313421861325882123e+00
1.311954483539612193e+00
1.310968003558340644e+00
1.307885247150762709e+00
1.306687522001296120e+00
1.303650073649942120e+00
1.303059447930621229e+00
1.298388588508338826e+00
1.296006351422194225e+00
1.294200995580867319e+00
1.292137576412840660e+00
1.291634710457705282e+00
1.288761238913064933e+00
1.288296777237320390e+00
1.284803141579014873e+00
1.283303564909284766e+00
1.278610595736669353e+00
1.278254744582005387e+00
1.275427850941682317e+00
1.274343790527969089e+00
1.270832221942267193e+00
1.268930673499447215e+00
1.266657629758114467e+00
1.261861045534030445e+00
1.260437514975187856e+00
1.256640814903768888e+00
1.256164151166086151e+00
1.255871974877266206e+00
1.252365263547351448e+00
1.246789557385133307e+00
1.243202355146238114e+00
1.242755307172847656e+00
1.238799363677375531e+00
1.235574363898834793e+00
1.234264296283376972e+00
1.230006430042073440e+00
1.229762111006431624e+00
1.228836979856484879e+00
1.227369418840404514e+00
1.224419759344330672e+00
1.223510115401123866e+00
1.218586804254487843e+00
1.216823849382699496e+00
1.215269417525179918e+00
1.213287928111839831e+00
1.210826911561309949e+00
1.207947907633263984e+00
1.206059557094852019e+00
1.202439443888532855e+00
1.199446343019060279e+00
1.198747216369112856e+00
1.198343035414984215e+00
1.193079746868920266e+00
1.192832621027910323e+00
1.190261039994169989e+00
1.183471546810589192e+00
1.183250709765946151e+00
1.182630514487044815e+00
1.176448800002005912e+00
1.176384075533933427e+00
1.173032689653576321e+00
1.170674317093431727e+00
1.169946301129801691e+00
1.167005419055197946e+00
1.165414244449433756e+00
1.165192293586404748e+00
1.159184413435651262e+00
1.157348074820566231e+00
1.157327295121163058e+00
1.154466796670204465e+00
1.151764737531159932e+00
1.150896200818349868e+00
1.149295196229463301e+00
1.148398617952697265e+00
1.144538147797123040e+00
1.144227624807795829e+00
1.140243097881461498e+00
1.137198655440327277e+00
1.134149489295902979e+00
1.132342183762454324e+00
1.131797419459697585e+00
1.131538211069889499e+00
1.128456837845446481e+00
1.127773030055953418e+00
1.127690286043140588e+00
1.126593799239803850e+00
1.119846460310015779e+00
1.118885323335822468e+00
1.116689919131467201e+00
1.113926691512266531e+00
1.113643631516495702e+00
1.112134095349365692e+00
1.108610917292358833e+00
1.101945599382814667e+00
1.100933204457714254e+00
1.098680750169883424e+00
1.098234343248897904e+00
1.097238680197934357e+00
1.093186639369797319e+00
1.091107221479326039e+00
1.089988660853950631e+00
1.088849079933060127e+00
1.085036606578500207e+00
1.083422947969482353e+00
1.081424903784621527e+00
1.078970400992484757e+00
1.078013715182831955e+00
1.075514068670520018e+00
1.072883705273544486e+00
1.071900439126060478e+00
1.069534297107304299e+00
1.067312904336670476e+00
1.064896787061407002e+00
1.059300520409168778e+00
1.055926330314392425e+00
1.054934577975592758e+00
1.053624619649620842e+00
1.052589787660470177e+00
1.051535583841754384e+00
1.050247914273140903e+00
1.049289532403337333e+00
1.046087222826538099e+00
1.043517696193633659e+00
1.041895265575562668e+00
1.040037032769882464e+00
1.039126603602661403e+00
1.035345346201101968e+00
1.035126592169472337e+00
1.029089313239994086e+00
1.027425389975022973e+00
1.025926518050171321e+00
1.022318208335111667e+00
1.020922377376483281e+00
1.020822256384922966e+00
1.015396747201094074e+00
1.013929292472891541e+00
1.010351481302406151e+00
1.010212703012135504e+00
1.007926331776300533e+00
1.006454557175561204e+00
1.003149341720510179e+00
1.001394464794613803e+00
9.996410706614445862e-01
9.979777979034335500e-01
9.978489438458576499e-01
9.953310018186962704e-01
9.940398281942904868e-01
9.902351473518566927e-01
9.889602903818663915e-01
9.872106911182817468e-01
9.858612783436062621e-01
9.786437166602220961e-01
9.776486461575788489e-01
9.756037995419211128e-01
9.751574403719743822e-01
9.724938734636270343e-01
9.709656022757269245e-01
9.676516449701115796e-01
9.665883530693615278e-01
9.653908720960415746e-01
9.626969719074073284e-01
9.590391357677966466e-01
9.572865380203545715e-01
9.567869760341007890e-01
9.564581176262222373e-01
9.546528396153169949e-01
9.489628611028455563e-01
9.481556052274119351e-01
9.464705883957185151e-01
9.447588695245180412e-01
9.440534131989477551e-01
9.413795459976902480e-01
9.403789174078766022e-01
9.377101421346785148e-01
9.363558705754451150e-01
9.323741754706648122e-01
9.303022646835807929e-01
9.260263058990284568e-01
9.239709890281715410e-01
9.238676797563438736e-01
9.218034246876078974e-01
9.190505335093579475e-01
9.155379970768623421e-01
9.132740882982849362e-01
9.127945443336317188e-01
9.123119118546269002e-01
9.098349994664005624e-01
9.089096725618370787e-01
9.060924569213729685e-01
9.039718035666094442e-01
9.037412852610550162e-01
8.984878537371455698e-01
8.972888430734774490e-01
8.966333561961704612e-01
8.949606869603127235e-01
8.925585893196316123e-01
8.916016229571726015e-01
8.877621283001527752e-01
8.872666773579881427e-01
8.846620913935672181e-01
8.831359564574206011e-01
8.810668220954416263e-01
8.810407597895622001e-01
8.778297477949681404e-01
8.763385197640310986e-01
8.748843205070030438e-01
8.744409946110007770e-01
8.729474044500068475e-01
8.715767917445599311e-01
8.673597660638956430e-01
8.643519800087002825e-01
8.610186095117229321e-01
8.599465594420622194e-01
8.557098043412663113e-01
8.540790768156718560e-01
8.519764372759071058e-01
8.512990515409080139e-01
8.497266443443616257e-01
8.467774379361772130e-01
8.443363301875493887e-01
8.425446900643188686e-01
8.399464397829011775e-01
8.397869289024112449e-01
8.360220750122602240e-01
8.353067768627125966e-01
8.340007348641232943e-01
8.321598920400746779e-01
8.312772240463756068e-01
8.286841853230608734e-01
8.267070171651409449e-01
8.253970341252779841e-01
8.238394558194205297e-01
8.218056404972553519e-01
8.205567066691324962e-01
8.187509195627610259e-01
8.178105696015223192e-01
8.140511513305342950e-01
8.124766524619642105e-01
8.098606734198284807e-01
8.090705735452577985e-01
8.061713717873510987e-01
8.038317146032532001e-01
8.025773185074199789e-01
8.019211021136964934e-01
7.991336138535719558e-01
7.977947675092783575e-01
7.966946025814863885e-01
7.964493360685233059e-01
7.939355585741221244e-01
7.915315849551154415e-01
7.884592002136711075e-01
7.858813501791160894e-01
7.825894172500723611e-01
7.820747204915672324e-01
7.807781524768657722e-01
7.772750125367036134e-01
7.755632706302568735e-01
7.739060611971370074e-01
7.729401759498728541e-01
7.686269145651216661e-01
7.681002360132440643e-01
7.663032487068776044e-01
7.646844200863555097e-01
7.624256784034809664e-01
7.608204517736175676e-01
7.576946157131051462e-01
7.566091272174830795e-01
7.545701400688185068e-01
7.514599444259610905e-01
7.503286381798806026e-01
7.484714897929971578e-01
7.459719063523172489e-01
7.418898043246549001e-01
7.406356004099335921e-01
7.394631225425524201e-01
7.379182460343729488e-01
7.366789828852744471e-01
7.342164144546942106e-01
7.312299500467548397e-01
7.299457482611955150e-01
7.294780785130078327e-01
7.273416790933785459e-01
7.241393433371074995e-01
7.232120824215005905e-01
7.226998886544793166e-01
7.216762199405098999e-01
7.204277803618081011e-01
7.194443546919198074e-01
7.168106732011425564e-01
7.159563356334862627e-01
7.122098985497531398e-01
7.114309905860474181e-01
7.102315084386024990e-01
7.089012094454603119e-01
7.060825406110077251e-01
7.053678916333718796e-01
7.004461175693308395e-01
6.994465143918573435e-01
6.968382609517941306e-01
6.961318379944123613e-01
6.950275637599255818e-01
6.928035743860700979e-01
6.906132142627199322e-01
6.883445490274257006e-01
6.863679805682949553e-01
6.849697254362584475e-01
6.838187936291885149e-01
6.837069516790404977e-01
6.811088906250896136e-01
6.766884925023188835e-01
6.764552304653332904e-01
6.761565837835756820e-01
6.746098485351591512e-01
6.741434714622388524e-01
6.715353930000216298e-01
6.702172928948318953e-01
6.677083022706259419e-01
6.656850235736969656e-01
6.648575658605562211e-01
6.587891255546080016e-01
6.567565662012108119e-01
6.565745490914366433e-01
6.556165369620914340e-01
6.539715181812671974e-01
6.515632739691479269e-01
6.513678796915641778e-01
6.480344418899532943e-01
6.475684332825653033e-01
6.430973001646078657e-01
6.428072929661319268e-01
6.425956125337131120e-01
6.402759812358534974e-01
6.387704695502381957e-01
6.376404184120283425e-01
6.341357092989750033e-01
6.319455446574208102e-01
6.293787223751367010e-01
6.284118996531000700e-01
6.271474647350671061e-01
6.254121956288687390e-01
6.238696583624159242e-01
6.221628885384754559e-01
6.205793351796017321e-01
6.190795445175718559e-01
6.163768735484186356e-01
6.160103719201927008e-01
6.114548676760881429e-01
6.114436896127254384e-01
6.098559427920863252e-01
6.092532280775236897e-01
6.066605166157764684e-01
6.046279474902510609e-01
6.019564314279111095e-01
6.013218916178800777e-01
5.986700217077252084e-01
5.974530722706317132e-01
5.937221501897310683e-01
5.931566975870438130e-01
5.923240266829438161e-01
5.917159062192430818e-01
5.898954652575909563e-01
5.877520893467490515e-01
5.864131635767995121e-01
5.849394293892371532e-01
5.821053935827473769e-01
5.800115389145493738e-01
5.788223693167199313e-01
5.781076039714837522e-01
5.769543479652614604e-01
5.754300882697700459e-01
5.740328141663912920e-01
5.723704916847315305e-01
5.697263342363082517e-01
5.683293418483783555e-01
5.678582444273045926e-01
5.650474627014159257e-01
5.634954146662278784e-01
5.594850708646120774e-01
5.593034233020823809e-01
5.584389773851489158e-01
5.568541895609971926e-01
5.560952634013532903e-01
5.545920418498772042e-01
5.524656765966534655e-01
5.491062184744655017e-01
5.471418495805241422e-01
5.471387369386011557e-01
5.433696461828706470e-01
5.432727252536274642e-01
5.397177931180341393e-01
5.392576127403374553e-01
5.386538346630097562e-01
5.383616744371052532e-01
5.378534715769170971e-01
5.361917501921186213e-01
5.333052829512904269e-01
5.310642107301034587e-01
5.304361507510300111e-01
5.261339455259925746e-01
5.252015428204170888e-01
5.233029895442592450e-01
5.223902892977344559e-01
5.216904360460570267e-01
5.206879662557808430e-01
5.199907050190749613e-01
5.188570430639002362e-01
5.180139353526146406e-01
5.154169750923769389e-01
5.130156434566359724e-01
5.118776070627001351e-01
5.108036736501641029e-01
5.086560620052984483e-01
5.083208566268192508e-01
5.058084037603552963e-01
5.033901123916043607e-01
5.012532132391280815e-01
5.007660415737488213e-01
5.002879633970686024e-01
4.985437198883345133e-01
4.947325297935872279e-01
4.938497926750023970e-01
4.931897900711301741e-01
4.925833519482151757e-01
4.911727455648438601e-01
4.907774274281045401e-01
4.888830463366730106e-01
4.870207827178720250e-01
4.848508031154926123e-01
4.836803431028275368e-01
4.830124044737205136e-01
4.816022332357914326e-01
4.795105595403715282e-01
4.779317869354312576e-01
4.763957689715093147e-01
4.761193474805046622e-01
4.714694028553229610e-01
4.710838286944865061e-01
4.688004765302881127e-01
4.685909275073415481e-01
4.662368050604935310e-01
4.636548317008740705e-01
4.630541654483017466e-01
4.603805846445895855e-01
4.600450560428468449e-01
4.586024307608076445e-01
4.570186666731558267e-01
4.563037657211146958e-01
4.538193968963116776e-01
4.509141858965721728e-01
4.485596345103403659e-01
4.478009529716861503e-01
4.465764205296527400e-01
4.445939392550239400e-01
4.423550589041308490e-01
4.417536499093505653e-01
4.405051140213831484e-01
4.403438941549627228e-01
4.378881967127694064e-01
4.372208748206832252e-01
4.360825028830433436e-01
4.344005558497324171e-01
4.318961648407275145e-01
4.308440718130383540e-01
4.283318315770313633e-01
4.281757824884985242e-01
4.255742490635978648e-01
4.248290423652494319e-01
4.242334226614716264e-01
4.214839861793954201e-01
4.207087499788834117e-01
4.185315065173750293e-01
4.164542115977754033e-01
4.143893443033634383e-01
4.127047690055623552e-01
4.120321160927684079e-01
4.099813047555844747e-01
4.095057095763840471e-01
4.089332806102018991e-01
4.067590360442864816e-01
4.060582434332561386e-01
4.032468637218122876e-01
4.018191657013426288e-01
4.013434693320225288e-01
4.001741134161134195e-01
3.986237069651159537e-01
3.971312412506110001e-01
3.965385735811022272e-01
3.947354357233488487e-01
3.932537179560894880e-01
3.922125711241415957e-01
3.910424309952804656e-01
3.908237976407911707e-01
3.906917068232655388e-01
3.866452983232469554e-01
3.861386383869860328e-01
3.838615921063142089e-01
3.826347722861755951e-01
3.826123616181544840e-01
3.781785639976745217e-01
3.772718431592604338e-01
3.755261900607426151e-01
3.739611071323890590e-01
3.739193795648174112e-01
3.719983406037248308e-01
3.714603750723894371e-01
3.706804000852899073e-01
3.692814907726592044e-01
3.675538429541811980e-01
3.675093064028516210e-01
3.653389879465919199e-01
3.646077863486607007e-01
3.641608603047508663e-01
3.634629802857605174e-01
3.617505624189830127e-01
3.610957955990662938e-01
3.572901717301616431e-01
3.572037709029137753e-01
3.561928895512551096e-01
3.534199193858288401e-01
3.519177867273539095e-01
3.509953185931819486e-01
3.500767052533805823e-01
3.482014565306149056e-01
3.461943812291669031e-01
3.438589340376544956e-01
3.437442836513723843e-01
3.420912188562157397e-01
3.404876293454570102e-01
3.394755131751366894e-01
3.385686025274237676e-01
3.382982343038558048e-01
3.363548038256026773e-01
3.356618409740543263e-01
3.348192087178561982e-01
3.336058901219758344e-01
3.333137500311411650e-01
3.297642263904643212e-01
3.287874777022808948e-01
3.269020214626712217e-01
3.262464876517081613e-01
3.256466475563467022e-01
3.228458521950026139e-01
3.218070078707681581e-01
3.199916973621466654e-01
3.196100289816233841e-01
3.187682863622101070e-01
3.164824168147789551e-01
3.162054636744836555e-01
3.155946349428702669e-01
3.149904662026822288e-01
3.141243932403285366e-01
3.125124638182816827e-01
3.123247705014461917e-01
3.107693232494730395e-01
3.101240634715112798e-01
3.086842108302847443e-01
3.063682697386589937e-01
3.057579525282425048e-01
3.041324942218464056e-01
3.036577906619501444e-01
3.013815628261015678e-01
3.003292402796608473e-01
2.991839031339051935e-01
2.975638125413975210e-01
2.955051478849068380e-01
2.950927425544325744e-01
2.929686565693252476e-01
2.928141158210729733e-01
2.918333109179125917e-01
2.909165960792994832e-01
2.896161500070560391e-01
2.889884800693557354e-01
2.883720458586611080e-01
2.867482195159340441e-01
2.837273450485826021e-01
2.837038270302496001e-01
2.806766918371330077e-01
2.798725509124693756e-01
2.784326349676912171e-01
2.772394727732921393e-01
2.766439780650994940e-01
2.760371824781505112e-01
2.751721481496864352e-01
2.740794916602953823e-01
2.735478264386306813e-01
2.731820445783030848e-01
2.685464364172390206e-01
2.683252246194345325e-01
2.674239645925064468e-01
2.660753868796199573e-01
2.656312962449527415e-01
2.645900723062389326e-01
2.643576373817907998e-01
2.615046174851261007e-01
2.612398788744099698e-01
2.592712085830105595e-01
2.575295788346111392e-01
2.574073782707643199e-01
2.557158142174283944e-01
2.554078131468043300e-01
2.541351675832294044e-01
2.516194946052143222e-01
2.510369276433067620e-01
2.503700117628500643e-01
2.481655738959694102e-01
2.478838171233284371e-01
2.477240789875524984e-01
2.467333084715641889e-01
2.449875755854558634e-01
2.428360580289144199e-01
2.423683144639772746e-01
2.398714433295814630e-01
2.387616483574628301e-01
2.378557337981328235e-01
2.368746757161587224e-01
2.361740947904069909e-01
2.331242758792798353e-01
2.322206609459704640e-01
2.315166458004980776e-01
2.305794937760600183e-01
2.305013329767797436e-01
2.292265428979940456e-01
2.289283611787474859e-01
2.271167561875130914e-01
2.263686419413742379e-01
2.260132263954470477e-01
2.251156564002364524e-01
2.236661701035168315e-01
2.224502482732509390e-01
2.222586195448041091e-01
2.215387211297783487e-01
2.208951245532935759e-01
2.197110485236739019e-01
2.194169396657839333e-01
2.180171553238682836e-01
2.161168052116267668e-01
2.156728601734267670e-01
2.135364269602591514e-01
2.134948572552136103e-01
2.117158411599761314e-01
2.101541405138031005e-01
2.099968973300269381e-01
2.089694691211544386e-01
2.082130339172589550e-01
2.081434307875313916e-01
2.077871195712173435e-01
2.041950628753796126e-01
2.030244524642649262e-01
2.016994497762081284e-01
2.010659574627143842e-01
2.005394170345149440e-01
1.989289544891339190e-01
1.983292493901974984e-01
1.978713864826425473e-01
1.977192678420727212e-01
1.947855021273832699e-01
1.941776436149032503e-01
1.926022872920106765e-01
1.917413195686780703e-01
1.914424025257332185e-01
1.902107671510899212e-01
1.897599954394333377e-01
1.882309997675576108e-01
1.878690311535777813e-01
1.866746910763008305e-01
1.857150685020158010e-01
1.840738245529391637e-01
1.829039522457518996e-01
1.824927399680545959e-01
1.816856136342877848e-01
1.808119134209888457e-01
1.807801515684579197e-01
1.797761773228685744e-01
1.778510897613322372e-01
1.775931896004775135e-01
1.770432689757501232e-01
1.770242009127551697e-01
1.757091733378690901e-01
1.746106912476095840e-01
1.715491131615456966e-01
1.711732424798148300e-01
1.696843547133839725e-01
1.690557232621085759e-01
1.686587040981250563e-01
1.680311388296598096e-01
1.658773562882639996e-01
1.655004597895527452e-01
1.642466602008942900e-01
1.635739026402842078e-01
1.627596804806854258e-01
1.620982068057728875e-01
1.616337338589465822e-01
1.610598043788867839e-01
1.583651781096250821e-01
1.570837663471621182e-01
1.568687703211137929e-01
1.565099857128698091e-01
1.556034102339927394e-01
1.552195639399497618e-01
1.546205343220501960e-01
1.535631945790843778e-01
1.524591626550260703e-01
1.497651787011406999e-01
1.491156791489730848e-01
1.483764733693364035e-01
1.476792963496952604e-01
1.472316284058578784e-01
1.457429880869297589e-01
1.453360016845513525e-01
1.446519881746739233e-01
1.423426121961560153e-01
1.423184617039438549e-01
1.420829655381265766e-01
1.415697004968631545e-01
1.415088093351375420e-01
1.397120694370834193e-01
1.391295544203475509e-01
1.384736005870681741e-01
1.377115434931643900e-01
1.367990593486827222e-01
1.366521338967434662e-01
1.353033763733802186e-01
1.340697670012449549e-01
1.340105467940742590e-01
1.320708848625906651e-01
1.315290735270343569e-01
1.307148871467761764e-01
1.294460557265804945e-01
1.291284005066306861e-01
1.282142182178047374e-01
1.265026583629991763e-01
1.262965499887140630e-01
1.256856473314712508e-01
1.253341531307639589e-01
1.237984271792167967e-01
1.223487269079881895e-01
1.214316572110824416e-01
1.213276432996072546e-01
1.212029168013018382e-01
1.201980864073473876e-01
1.185028001966275807e-01
1.173296821150680153e-01
1.170036436754960246e-01
1.166633254394380675e-01
1.161348665481364423e-01
1.142989564851346757e-01
1.138539995297545848e-01
1.126881672599991946e-01
1.123812912929300217e-01
1.119755973933083959e-01
1.108992742223268574e-01
1.101823952822303387e-01
1.098084853357730595e-01
1.092752269515108732e-01
1.077900578266329790e-01
1.063522452419133207e-01
1.061784186642384942e-01
1.059596781487670281e-01
1.044972355133659686e-01
1.042260038499642771e-01
1.036141493693183840e-01
1.035115019138207609e-01
1.028924831504202386e-01
1.017276766466214261e-01
1.010427261439695718e-01
1.006973236227895474e-01
9.809331747359906206e-02
9.673597067500910862e-02
9.612905818765084265e-02
9.539554507166482511e-02
9.531252212085977726e-02
9.501244663305186133e-02
9.440243428487997412e-02
9.348174198082760677e-02
9.313978236596615057e-02
9.302744414299585207e-02
9.143945162371489022e-02
9.106042705240127710e-02
9.053421590740635960e-02
8.983205490625560674e-02
8.937535432279231085e-02
8.764344449808972315e-02
8.735231303488633081e-02
8.635663608554391968e-02
8.542961765726513057e-02
8.491797136762388454e-02
8.457277593761473866e-02
8.366311813029303490e-02
8.333918790152378131e-02
8.291348599623755977e-02
8.156366734288006404e-02
8.150433529347049511e-02
8.060463699797498771e-02
8.023436048356279160e-02
7.897582261852743868e-02
7.879115744187931147e-02
7.732600659473509719e-02
7.653663852914772969e-02
7.624956562017523587e-02
7.606956036835380019e-02
7.563868473953454241e-02
7.460792199999359553e-02
7.403688366918777242e-02
7.392631591846363093e-02
7.294886472429752688e-02
7.275919412355622007e-02
7.149077213289040111e-02
7.110969452624114895e-02
6.991322544542162565e-02
6.919946361184756145e-02
6.860455274900199851e-02
6.841969760245293630e-02
6.691871360456684570e-02
6.663238989900845122e-02
6.562049531330800545e-02
6.544333708342743583e-02
6.449396337023097225e-02
6.401316130133394289e-02
6.291883507521729701e-02
6.277250405642977038e-02
6.243951864832020249e-02
6.207049377015104452e-02
6.141030047075229231e-02
6.115472700467758371e-02
6.061249308318140266e-02
6.045324666439866323e-02
5.920734149469969454e-02
5.895389501475181010e-02
5.825412669297470175e-02
5.727548073390883315e-02
5.677656536821835270e-02
5.648423630193411676e-02
5.579172182900451332e-02
5.547492317122944966e-02
5.525468468359291674e-02
5.412127124395013644e-02
5.390335566172641674e-02
5.322591261482173541e-02
5.236195510128950625e-02
5.204593251367637535e-02
5.189282721354039618e-02
5.168336657309094417e-02
5.138562661379732222e-02
5.085603887932900469e-02
4.936942541218043712e-02
4.928565965176657376e-02
4.876169154106851228e-02
4.825702066299081966e-02
4.773501047577429629e-02
4.736573247327269948e-02
4.705509057273304235e-02
4.623782103575764524e-02
4.596755123054279552e-02
4.534204425721755083e-02
4.490914356415205005e-02
4.456177468854051471e-02
4.432519103677210609e-02
4.401200402236317422e-02
4.343708238248927128e-02
4.292065082587929320e-02
4.219776444636775398e-02
4.210009273527204332e-02
4.112261448163373467e-02
4.068742490636734210e-02
4.010810772239371130e-02
4.002866025705473924e-02
3.961358717517674682e-02
3.899084328022350138e-02
3.832254609001838758e-02
3.775334407399098119e-02
3.767950920053218800e-02
3.745208741759177562e-02
3.648361336864734683e-02
3.597622505368892193e-02
3.534912227828124198e-02
3.531298332237051835e-02
3.433384612828558474e-02
3.417698678432305737e-02
3.405432962974943439e-02
3.388869568760599638e-02
3.302292406132131125e-02
3.242353191476364527e-02
3.242125001448355887e-02
3.175716477037084096e-02
3.141298238008792543e-02
3.086903934260314813e-02
3.085215710415439502e-02
2.995851825658412890e-02
2.963846978033961993e-02
2.921282248976023524e-02
2.881071464117450701e-02
2.843942479856490305e-02
2.796825453128542333e-02
2.793135089958930992e-02
2.711682603573432188e-02
2.669761631827871629e-02
2.624377163971088056e-02
2.569597229135550664e-02
2.552661390633868821e-02
2.542575464427213050e-02
2.494706745001904272e-02
2.468119617943870248e-02
2.455090740909821392e-02
2.422615720477197879e-02
2.348019796193431818e-02
2.338744750224460225e-02
2.309438577896778463e-02
2.286605207992599767e-02
2.277774160883806742e-02
2.215214895046314567e-02
2.176171938151364935e-02
2.169656764134437338e-02
2.076122326935663301e-02
2.072302803382139458e-02
2.016589587397610295e-02
1.952449175799368317e-02
1.935373903750675292e-02
1.927606609787717307e-02
1.897330650566396437e-02
1.813111119795290244e-02
1.806121217030381629e-02
1.743720076308349909e-02
1.692987987212139431e-02
1.692357568407698576e-02
1.616863205923613905e-02
1.568804680561931147e-02
1.557345195996791103e-02
1.468076684660840972e-02
1.455337046168328659e-02
1.455236897191084823e-02
1.445504244251796452e-02
1.380986283435423415e-02
1.333854188575222220e-02
1.322652292181693279e-02
1.317988733572804903e-02
1.283390557648509886e-02
1.202688848296604857e-02
1.197562661867621232e-02
1.166979029298469486e-02
1.145767375692939051e-02
1.141594398074986805e-02
1.068880042370726723e-02
1.054736230953843591e-02
1.038227540912079090e-02
1.022232952056378874e-02
1.008485602355986728e-02
9.817853848005816259e-03
9.364684329310120695e-03
9.255131050694892503e-03
8.514115409524463871e-03
8.428764142153112246e-03
8.267644701202361140e-03
8.137473812186164779e-03
7.507119831143831308e-03
7.197211455196370414e-03
6.922431955449035584e-03
6.643373630322203446e-03
6.416561938568805454e-03
6.247550515753447914e-03
6.221976561522519177e-03
6.143316786394406419e-03
5.765569964084418970e-03
5.639298221293555582e-03
5.452248752992137210e-03
5.291259986410790268e-03
5.080149699987579134e-03
4.585596874139384951e-03
4.417250584186959393e-03
4.292377843390378367e-03
4.205078247851453017e-03
3.975983020406472293e-03
3.818620491694201414e-03
3.500572865943209037e-03
3.444800990935739746e-03
3.129116957012583258e-03
2.951587665719946057e-03
2.877003933496006995e-03
2.721388436299471743e-03
2.349127084316043196e-03
2.055474950101043689e-03
1.937534491988459825e-03
1.771055767187797994e-03
1.629432132170883498e-03
1.363287038048177592e-03
1.199036750108181844e-03
1.146439489227985562e-03
1.023402201368419197e-03
7.946595296169841347e-04
6.902218473328316974e-04
5.188332287450178387e-04
4.919097368513939295e-04
3.337419848105059594e-04
3.211400238537669757e-04
1.556247450413924443e-04
