# Singular values
9.825315858106543487e+01
7.970450668558734719e+01
6.221014823059956456e+01
5.970364709211402499e+01
4.882817771474190494e+01
4.181565912218461989e+01
3.763788342965935385e+01
3.672152351291507699e+01
3.059249719762185293e+01
2.701515540922448011e+01
2.623389825233187622e+01
2.409525535921476802e+01
1.996577991328731372e+01
1.921186780293965413e+01
1.910760348197126035e+01
1.867685197838178013e+01
1.864704499487466549e+01
1.820603091206234936e+01
1.809021023119574778e+01
1.766390539565234974e+01
1.727908296269148281e+01
1.702412319881351976e+01
1.642972174982645583e+01
1.626627422331200634e+01
1.622197689233384921e+01
1.605489484107309650e+01
1.579174767769596244e+01
1.545069615020405784e+01
1.493902829815228372e+01
1.478635296517254716e+01
1.416879110152338939e+01
1.389102272230207546e+01
1.372669231889240393e+01
1.363743033840096075e+01
1.353213969171117803e+01
1.333388938292395487e+01
1.321411320685796120e+01
1.320888681622695771e+01
1.297455211344315096e+01
1.297004730612122714e+01
1.266380237492179184e+01
1.248031102688147165e+01
1.236876357532908166e+01
1.229800227594202156e+01
1.217912513644546557e+01
1.206995060414396015e+01
1.188410940940845606e+01
1.173536411457690321e+01
1.172897842102223720e+01
1.155645851894064613e+01
1.153386666481386946e+01
1.150864221943662713e+01
1.135085967566262966e+01
1.124528141449261831e+01
1.120391372499832450e+01
1.112094012038176771e+01
1.099056754329424379e+01
1.094920760248356117e+01
1.085761518616634191e+01
1.077098084845729531e+01
1.070056935672008436e+01
1.060011085679647813e+01
1.058010915549013475e+01
1.050482068233261046e+01
1.043203636548943614e+01
1.036738725159504781e+01
1.031507018900030737e+01
1.022166770712476236e+01
1.019897097446526146e+01
1.016254467846779264e+01
1.004733957423343860e+01
1.003013361344940435e+01
9.963440888932998618e+00
9.939100467997471711e+00
9.900694017944500658e+00
9.812255608513451577e+00
9.709556000136352338e+00
9.680235153065005704e+00
9.598715645123904849e+00
9.575956354051836428e+00
9.551807956275386147e+00
9.482377129784351766e+00
9.391751286920259290e+00
9.369541992570999511e+00
9.365615767168741002e+00
9.338114328603351666e+00
9.241808869948529903e+00
9.217748934482038692e+00
9.175207243802883994e+00
9.162947056740776475e+00
9.162656043411073981e+00
9.124643493358265189e+00
9.095108531847577282e+00
8.976049892584436307e+00
8.973545496477179029e+00
8.967238618284678608e+00
8.909051841673059968e+00
8.884882348352013182e+00
8.871456339767876287e+00
8.754381576044414359e+00
8.735260288786941274e+00
8.734694359190021018e+00
8.700439822358838171e+00
8.594086150095641585e+00
8.586491201548973606e+00
8.572070100154169481e+00
8.515873767702180075e+00
8.509654248891251882e+00
8.453321222073949315e+00
8.444776169723825276e+00
8.418419885539059067e+00
8.382775455301038292e+00
8.305203014695859309e+00
8.288923525831149774e+00
8.260726379617475246e+00
8.257970516742913603e+00
8.150199748810459610e+00
8.111088227502399661e+00
8.107289788051438961e+00
8.054037818173808816e+00
8.024632119148732201e+00
8.022338390782003614e+00
7.962869191922330003e+00
7.938789544726780889e+00
7.933290475540328401e+00
7.888814862273257233e+00
7.887158918820139419e+00
7.831026835146448484e+00
7.788471628755531562e+00
7.758417306951866266e+00
7.722262974027632509e+00
7.682136860623660191e+00
7.650636766178262604e+00
7.642307373255953884e+00
7.620086767539294037e+00
7.592832321028895493e+00
7.550080592179331695e+00
7.534833397366947239e+00
7.530656084661775829e+00
7.518155313316814414e+00
7.448738219590442355e+00
7.436740328093272012e+00
7.393588758685917917e+00
7.391120067695267082e+00
7.342344705162084040e+00
7.310097318533384403e+00
7.266629161904583079e+00
7.256825801919440266e+00
7.210067809798233363e+00
7.193926120527650347e+00
7.171331450221682502e+00
7.136193423958675730e+00
7.127505057758043883e+00
7.096104522306418083e+00
7.079622245089782773e+00
7.056843329998922165e+00
7.051864874837352026e+00
6.999270303286898809e+00
6.979292435941525596e+00
6.977909676558827989e+00
6.950554825175051299e+00
6.920529411448256951e+00
6.887963238740179683e+00
6.857700015035936403e+00
6.840866826390715083e+00
6.791327658342350304e+00
6.783763589899563407e+00
6.782041986336815320e+00
6.768910070572215609e+00
6.716051389954945883e+00
6.680605705483083412e+00
6.674294922747859182e+00
6.643700662260592971e+00
6.621195840614878314e+00
6.616797646552504908e+00
6.559604366366907691e+00
6.547968666692121964e+00
6.547487212587675742e+00
6.509518754269014273e+00
6.509009665478748374e+00
6.477779267536042163e+00
6.455986479424732138e+00
6.448725671241609447e+00
6.413040829328077841e+00
6.405752828979379920e+00
6.347303930693636076e+00
6.334333113909723423e+00
6.327203393145044430e+00
6.324150806112444734e+00
6.311335851634594540e+00
6.255411695964120611e+00
6.213939449192879216e+00
6.203637178841943545e+00
6.196858496379605619e+00
6.179671589328404657e+00
6.168265431741807525e+00
6.164113328972860906e+00
6.122489149017694920e+00
6.069470649202076906e+00
6.061186167903391819e+00
6.034341251956712782e+00
6.028916000023668786e+00
6.015440899929892282e+00
6.013746081853204473e+00
5.973970502968398932e+00
5.971954271056597818e+00
5.929747029769112387e+00
5.923367640032342507e+00
5.904110600871445236e+00
5.882857242376928752e+00
5.874954278362985782e+00
5.834307524591550553e+00
5.810731411992253292e+00
5.802535516690647377e+00
5.781912806742748323e+00
5.753738607477364653e+00
5.750863358919891866e+00
5.712918671664533932e+00
5.702141716511898828e+00
5.690466716112807966e+00
5.666400534864510341e+00
5.649345796137763998e+00
5.641466874218645344e+00
5.633015865584262372e+00
5.604255259685094970e+00
5.603222739634976080e+00
5.556579881919217812e+00
5.548968603752000739e+00
5.526870083613911966e+00
5.511959797971853980e+00
5.500276140133449232e+00
5.478978408162676672e+00
5.445634736224477024e+00
5.425052028313134933e+00
5.418282875447097524e+00
5.401809279665644503e+00
5.375385602056904411e+00
5.356114378804267773e+00
5.339215619700599547e+00
5.308345390511920669e+00
5.298945039629931131e+00
5.296199869338481747e+00
5.279819427235460161e+00
5.268990213679682455e+00
5.236678371976710267e+00
5.232029070636762036e+00
5.212885126867472962e+00
5.194408982320688928e+00
5.142181509183978427e+00
5.135295648445397099e+00
5.134205940417539082e+00
5.105759972998990648e+00
5.090256053633799738e+00
5.085576016166052149e+00
5.070927389530228702e+00
5.048270482513452784e+00
5.040679724110679771e+00
5.014626535422733511e+00
5.004844919646242118e+00
4.981062444930160815e+00
4.952330462047638271e+00
4.914216358092809322e+00
4.909933971572865374e+00
4.904446958370891174e+00
4.897893357754318444e+00
4.873560896825270383e+00
4.861973671665374752e+00
4.840153652879308765e+00
4.834062261844524144e+00
4.824380095703485694e+00
4.804189970277837674e+00
4.767044165449693338e+00
4.760719186843157757e+00
4.755685267856670784e+00
4.746667256156172243e+00
4.705327880718441769e+00
4.699447403647575072e+00
4.695054138489834550e+00
4.664102178407766530e+00
4.660077283760604594e+00
4.636421665244982115e+00
4.627307127404244547e+00
4.600764649539017093e+00
4.587952793962659648e+00
4.582548319676335247e+00
4.562960827591270530e+00
4.549644628617732778e+00
4.548061102332229488e+00
4.528037074211147761e+00
4.522600722171172372e+00
4.492146745365335647e+00
4.481744850358369447e+00
4.453119128314364517e+00
4.447251554568389054e+00
4.425221662777506282e+00
4.415153698448837538e+00
4.407277919954420753e+00
4.395434011450380041e+00
4.390637761143048046e+00
4.338800021674688701e+00
4.324425908507495642e+00
4.313755662394261670e+00
4.306537327332547349e+00
4.302433024057874533e+00
4.296213520319243528e+00
4.280201408338557556e+00
4.272612212017524058e+00
4.254351407526751672e+00
4.248217577827220204e+00
4.223202188764267007e+00
4.222416366596208448e+00
4.202166576640190776e+00
4.176247557846068936e+00
4.149463312504166446e+00
4.127182311442735951e+00
4.120218328175384137e+00
4.110297569113214422e+00
4.096137066427828266e+00
4.057213391864669561e+00
4.056812182228448194e+00
4.044834230237996486e+00
4.044452430129140019e+00
4.034608668938789222e+00
4.032157625437942983e+00
4.019582860722723971e+00
4.014329323082997725e+00
3.984975724922558360e+00
3.978089225379238592e+00
3.944480755166597685e+00
3.942792485268309388e+00
3.939437660288035215e+00
3.921603625267277682e+00
3.917865299001803248e+00
3.907379839866016447e+00
3.891290457370918610e+00
3.876062409530276476e+00
3.866824064076824552e+00
3.855452434493015001e+00
3.841622145038727343e+00
3.824004977635209634e+00
3.823600256940352438e+00
3.820260879939809229e+00
3.812847981879230019e+00
3.796936746880247959e+00
3.762085330417137552e+00
3.746374283435782715e+00
3.745373776916298691e+00
3.735143602592869705e+00
3.724008664572225680e+00
3.718490336134187668e+00
3.692038218496997093e+00
3.686302448990303127e+00
3.668560774440480454e+00
3.655756456723750603e+00
3.648254368440693618e+00
3.643581922615406921e+00
3.625876913771194587e+00
3.621562129006548947e+00
3.621210193417474521e+00
3.602489779065037645e+00
3.594592915352208262e+00
3.587131416744502310e+00
3.570612682175779984e+00
3.560558344139137965e+00
3.548407860187200669e+00
3.522346526192506211e+00
3.518983728832125735e+00
3.516374480689599569e+00
3.512923967144394588e+00
3.466632372568146714e+00
3.453371900662731253e+00
3.445318151076254054e+00
3.439335985237485183e+00
3.430268042256644279e+00
3.424077698975389161e+00
3.403967879860480217e+00
3.402539445818427044e+00
3.396200731109960014e+00
3.392879859765141060e+00
3.379680674276000829e+00
3.362770574388586731e+00
3.350483738704459480e+00
3.350134968395801494e+00
3.330658279278033262e+00
3.322926213290259945e+00
3.315230909918211122e+00
3.308616564967195028e+00
3.284232964361162743e+00
3.282265740735462956e+00
3.276656212893762188e+00
3.249181507525741086e+00
3.239062027515143161e+00
3.236774528750248070e+00
3.223437665290977527e+00
3.221030429459463829e+00
3.208370841167782039e+00
3.204138252743368387e+00
3.183059052469364048e+00
3.179083812105564899e+00
3.170612020316123214e+00
3.149775677535580964e+00
3.143563895223114191e+00
3.130347641371333367e+00
3.128633957324911563e+00
3.124262231097067133e+00
3.114536236212862796e+00
3.110297605411635136e+00
3.107818101856362425e+00
3.087417294018759417e+00
3.069497878767799559e+00
3.054686262061894642e+00
3.043616226431662408e+00
3.041080587079882491e+00
3.032289587158640387e+00
3.021999994616675789e+00
3.020897318066238846e+00
3.016776488498288167e+00
3.006729150136917106e+00
2.993067898512676628e+00
2.973598153886370721e+00
2.962110728149212502e+00
2.961508143512914693e+00
2.953518227955116870e+00
2.940954436607639888e+00
2.916554474672595543e+00
2.914277187367956046e+00
2.894318711270223332e+00
2.892922499608822307e+00
2.891931165138727167e+00
2.880960341595184104e+00
2.848640206628799909e+00
2.846497973785534263e+00
2.829715770877562431e+00
2.829528358021496270e+00
2.804782897089637572e+00
2.801544465780170690e+00
2.795046124952259348e+00
2.786809631045461089e+00
2.775157156240177336e+00
2.772874058329147129e+00
2.768873117389734517e+00
2.762962530992705723e+00
2.741084921200132918e+00
2.733846316142451993e+00
2.710152524618576919e+00
2.706556757936803059e+00
2.695721318205874795e+00
2.692476706594401747e+00
2.675984116638182808e+00
2.675800744295238509e+00
2.665870463217502540e+00
2.650450545816489534e+00
2.643243677027724559e+00
2.633819958968506736e+00
2.625164035846151211e+00
2.622039110530166806e+00
2.612207990066853558e+00
2.606027179981461828e+00
2.595533533463213249e+00
2.591468343263040985e+00
2.581495116706715276e+00
2.566547168787673971e+00
2.556579537532094992e+00
2.551972779882985431e+00
2.544677363574831208e+00
2.542278996610038089e+00
2.531520108405389546e+00
2.513185308546856511e+00
2.510307297334673393e+00
2.494825178965383028e+00
2.494334489821228740e+00
2.489398321701693284e+00
2.484721363864839550e+00
2.475829561898464704e+00
2.468815065866031500e+00
2.465910251563834255e+00
2.464580794539225739e+00
2.446321940963415376e+00
2.441098418495525113e+00
2.429352706428096642e+00
2.414572379414052339e+00
2.414461525938651931e+00
2.391142354393888780e+00
2.390294122813194644e+00
2.380807947071813757e+00
2.378261893537523264e+00
2.373529225975814949e+00
2.353301907374191426e+00
2.346518198435071589e+00
2.339198948581528104e+00
2.337106536351017283e+00
2.327374490935223861e+00
2.321079981887607779e+00
2.320756706571694306e+00
2.310664836471752359e+00
2.301989717127576718e+00
2.293593222678794952e+00
2.287089507832784196e+00
2.281511476853359532e+00
2.276954431875005014e+00
2.263588461805525753e+00
2.256347461633846585e+00
2.252418778730923776e+00
2.243253783666017132e+00
2.237332410797892912e+00
2.230396235565402119e+00
2.227212855585699813e+00
2.208955183925844779e+00
2.201202087999493351e+00
2.195858060502744458e+00
2.193488692577425514e+00
2.189106086304048127e+00
2.179368281872136937e+00
2.176833991160026294e+00
2.168174060807381398e+00
2.164357987541926320e+00
2.157080806668483675e+00
2.155559289881642471e+00
2.143151846883631251e+00
2.140534867686808340e+00
2.139727252772222421e+00
2.139486965592931611e+00
2.122446259654797274e+00
2.114546400565552098e+00
2.109837083097345634e+00
2.107771531567211643e+00
2.099382617068603629e+00
2.089379532386559823e+00
2.084246896817368189e+00
2.072311227228140762e+00
2.070608634100349565e+00
2.069368322143640970e+00
2.058884264074765991e+00
2.056649934248306000e+00
2.052101710800114276e+00
2.049157484659023698e+00
2.036217571646015134e+00
2.034198503906553768e+00
2.017643600402333259e+00
2.014807282682475886e+00
2.010916260806424383e+00
2.003560173922363408e+00
1.997970981949759306e+00
1.990235277353539667e+00
1.978774134937807183e+00
1.976169005833953163e+00
1.972286752856637237e+00
1.967898016995943467e+00
1.954853805322372740e+00
1.954356373979957651e+00
1.945470093800101274e+00
1.936952450222627409e+00
1.936918916940370661e+00
1.928783517609913511e+00
1.927461097671591572e+00
1.919100762410768546e+00
1.909578169413524984e+00
1.904947423396007977e+00
1.904308993467588529e+00
1.895067396375249791e+00
1.892497132122717973e+00
1.884396801580949576e+00
1.876607845558281529e+00
1.871117924562440527e+00
1.866345341521706391e+00
1.856381126889960820e+00
1.853506275692370364e+00
1.839612494727699277e+00
1.837903681628845431e+00
1.827918267026563237e+00
1.827286156968007003e+00
1.820523200309135392e+00
1.816017754051328259e+00
1.808309866740631211e+00
1.807099761893282253e+00
1.797526027420085937e+00
1.793715484470639998e+00
1.791052360301151447e+00
1.788033385066721825e+00
1.781108972007771962e+00
1.780874345104486167e+00
1.773551139663938958e+00
1.771886746485682229e+00
1.763059204346286268e+00
1.742877229267077777e+00
1.742268743364640438e+00
1.736889800438965681e+00
1.736405464972647472e+00
1.723525787757819394e+00
1.722945924040323318e+00
1.721895155066232919e+00
1.715374242715173025e+00
1.712803939207711457e+00
1.703403677839110397e+00
1.693646934875811860e+00
1.690613773711330259e+00
1.684758733826453581e+00
1.684656233505452905e+00
1.680984775326934466e+00
1.676875355687648783e+00
1.669114675452830543e+00
1.667902147462044571e+00
1.663754505291202390e+00
1.655916876047384134e+00
1.649870640425185941e+00
1.644449808813847946e+00
1.639500450983900404e+00
1.637349860141497748e+00
1.630845434618119372e+00
1.623843061754065564e+00
1.618528876153300544e+00
1.611646694277995673e+00
1.602574159690466349e+00
1.596389706333825709e+00
1.592833128845959623e+00
1.589406122022758217e+00
1.589193715999139389e+00
1.579356356877176237e+00
1.572862999034271736e+00
1.570224731033451615e+00
1.558880171927651270e+00
1.557888636287133144e+00
1.554351519068873255e+00
1.549726376547816642e+00
1.541094129350355280e+00
1.533884882361250979e+00
1.528290966217274782e+00
1.526034045887674662e+00
1.520389328102979887e+00
1.509524009991701776e+00
1.506478315047649952e+00
1.505469300402229260e+00
1.501047092177886677e+00
1.489997669787217482e+00
1.483515319043500869e+00
1.481963488740403623e+00
1.474290954904493800e+00
1.467748940872927399e+00
1.461757297877652961e+00
1.454355529914128420e+00
1.448099139921302569e+00
1.443671005106856198e+00
1.442286499622589035e+00
1.439216240814551906e+00
1.435034276626343530e+00
1.432454280039432870e+00
1.424203241996196079e+00
1.423766495851479519e+00
1.411798172598919487e+00
1.409349419229274814e+00
1.407594787953819981e+00
1.407465769473444928e+00
1.404187081697453765e+00
1.397802157783824439e+00
1.389309899556545824e+00
1.389052899777588168e+00
1.385299757165695755e+00
1.376816482009667553e+00
1.376794351489471602e+00
1.374398560841089134e+00
1.372863704961415854e+00
1.362967562126012222e+00
1.357859607743236108e+00
1.357283264645342324e+00
1.348416445085983462e+00
1.345045267428749636e+00
1.342287076488199560e+00
1.334790045578752471e+00
1.331504917494072737e+00
1.323771493376926234e+00
1.320610012091758989e+00
1.316401847701637040e+00
1.313869659611964558e+00
1.311115109814074087e+00
1.309612129370156364e+00
1.307458662249207926e+00
1.299882915782935466e+00
1.299817882701798766e+00
1.295783095912672378e+00
1.288946082699637508e+00
1.277820779754359704e+00
1.276706537787934748e+00
1.268489522673562186e+00
1.264326740342923694e+00
1.264318417935590855e+00
1.258242299322472668e+00
1.255061911968550659e+00
1.253232472972173772e+00
1.243120275676677489e+00
1.238929116044046541e+00
1.233312144564704393e+00
1.230353684105245815e+00
1.227135841498387725e+00
1.221467884346947752e+00
1.217534267003196558e+00
1.214112434081232816e+00
1.205056811741210820e+00
1.202899972132531747e+00
1.202743859972732032e+00
1.202578104068164011e+00
1.198900962640533807e+00
1.190361408057424075e+00
1.186998550787736528e+00
1.182759366621600527e+00
1.174561649267920949e+00
1.170901945585566262e+00
1.165357535612187023e+00
1.164848161682433103e+00
1.161006173828242449e+00
1.158112893823094680e+00
1.149609381826103505e+00
1.145697802688383282e+00
1.140980110195598085e+00
1.135240657587577973e+00
1.127758550836774898e+00
1.120761873277617227e+00
1.115760904814784293e+00
1.111774079891861611e+00
1.110187258248393594e+00
1.104953033211923730e+00
1.098503472045850859e+00
1.096550378598956765e+00
1.095620183261994729e+00
1.090104415879361355e+00
1.087924868370502063e+00
1.084321594407014588e+00
1.077062063386508228e+00
1.074208166040125256e+00
1.071273745427019364e+00
1.064725929511562308e+00
1.064245059530400495e+00
1.058467583377843857e+00
1.056920705102202040e+00
1.053864604513832459e+00
1.047488389760250271e+00
1.044734085474075869e+00
1.038741043642546158e+00
1.036098416928392885e+00
1.032263332537044054e+00
1.032085918992238005e+00
1.025463208831663975e+00
1.023376266808968538e+00
1.022644794969119530e+00
1.020069858890878534e+00
1.013112651773340867e+00
1.011881722098509906e+00
1.009683586538013378e+00
1.008532439000283887e+00
1.005316078367747501e+00
1.003059840018205806e+00
1.000432272736951900e+00
1.000000000000002220e+00
1.000000000000001776e+00
1.000000000000001554e+00
1.000000000000001554e+00
1.000000000000001332e+00
1.000000000000000666e+00
1.000000000000000444e+00
1.000000000000000444e+00
1.000000000000000444e+00
1.000000000000000444e+00
1.000000000000000222e+00
1.000000000000000222e+00
1.000000000000000222e+00
1.000000000000000222e+00
9.999999999999997780e-01
9.999999999999997780e-01
9.999999999999994449e-01
9.999999999999990008e-01
9.993776382922835433e-01
9.986499294925540449e-01
9.982116623432055746e-01
9.970656555361154805e-01
9.967932511058128497e-01
9.958052582845789980e-01
9.953418208888987762e-01
9.939395508593736883e-01
9.930889982150679085e-01
9.914816111121237396e-01
9.911595702248382489e-01
9.895621631760596060e-01
9.893121791152543754e-01
9.875166217600696017e-01
9.874981630161190349e-01
9.853353507576287917e-01
9.833291765013658647e-01
9.822253555642808109e-01
9.816949514681467814e-01
9.800192859399234901e-01
9.798352080109304918e-01
9.778746937469594558e-01
9.762241957450011887e-01
9.717450848058780677e-01
9.712816853770511738e-01
9.659743924900969780e-01
9.656967111783760771e-01
9.638424157972759199e-01
9.625794957080562320e-01
9.623187142320644982e-01
9.606327988342718838e-01
9.571584744922252419e-01
9.526658270359411596e-01
9.524533528116366776e-01
9.510447050121759727e-01
9.480166822188157427e-01
9.459771128845451127e-01
9.433932138795380062e-01
9.422208111841501310e-01
9.405211256298379174e-01
9.400999651806184465e-01
9.389581484232690789e-01
9.375439631344281155e-01
9.350707185640628749e-01
9.339264642059139643e-01
9.309010986192822745e-01
9.246015038659632923e-01
9.213700077010005263e-01
9.208964031568246389e-01
9.197167496079615701e-01
9.195126879258758157e-01
9.163838199748687297e-01
9.104108344165944278e-01
9.082143016760555465e-01
9.063255467094002427e-01
9.016401954148657305e-01
8.995460116718000387e-01
8.971283918664758605e-01
8.969853093767615748e-01
8.914169864208175698e-01
8.875532094587936793e-01
8.874712677316556331e-01
8.853221142676078736e-01
8.794978031891622638e-01
8.774245126340981527e-01
8.752344945129375553e-01
8.715236719029717527e-01
8.699650916973517001e-01
8.682038173653467972e-01
8.648784285031373420e-01
8.611007753497994521e-01
8.600490769652332501e-01
8.542384773251583407e-01
8.511111635957999688e-01
8.496737425341587269e-01
8.447552116819261325e-01
8.429217273908538033e-01
8.422141768985269561e-01
8.333347020952557305e-01
8.300568504601985031e-01
8.288205619241520994e-01
8.259969986089253924e-01
8.207839777869306852e-01
8.197059974439876440e-01
8.137153167563554446e-01
8.106883170244275627e-01
8.093015606446660737e-01
8.072402345269101831e-01
7.995098611950165468e-01
7.993499127069636501e-01
7.949182976755629904e-01
7.944558763086064790e-01
7.913143989938105083e-01
7.857143254285609002e-01
7.817221312430594482e-01
7.784315896988062145e-01
7.746512083201450016e-01
7.671665749944246437e-01
7.660749632492014349e-01
7.653350498087365672e-01
7.623736248648835812e-01
7.579045052898044643e-01
7.572927292643137909e-01
7.510344907470686282e-01
7.429441287041476105e-01
7.412737046778202776e-01
7.334880098302715146e-01
7.305563891368598295e-01
7.299701418229523897e-01
7.270433877806039558e-01
7.251805061077643000e-01
7.223299329263129787e-01
7.193754446390161483e-01
7.164719773309310424e-01
7.160005801014573956e-01
7.130046155838692945e-01
7.091565219320540292e-01
7.016634487593692571e-01
7.010024835173501723e-01
6.931585399312248930e-01
6.911372920512406370e-01
6.888658739458275448e-01
6.881465101530569450e-01
6.871329739317366680e-01
6.825040068871011112e-01
6.818377955223597908e-01
6.736652521002617355e-01
6.731689925591531898e-01
6.696489772628906323e-01
6.686196320278277039e-01
6.660514244600791445e-01
6.635910109326910167e-01
6.604157405455448604e-01
6.556587751271777398e-01
6.549354623381666851e-01
6.516968702677773395e-01
6.473081960772492094e-01
6.422604446370071551e-01
6.406235528953123648e-01
6.364748551534537002e-01
6.296549360096667103e-01
6.286614946787368874e-01
6.262376357092611645e-01
6.244529007843462320e-01
6.232080811205753523e-01
6.205173605464028297e-01
6.145738936504243632e-01
6.143761493883749258e-01
6.080562603237645858e-01
6.042070040483439319e-01
5.978586670273295933e-01
5.975071453330914606e-01
5.942097471006854148e-01
5.880358353769751245e-01
5.840660610641941197e-01
5.795592850417030650e-01
5.762538205202625274e-01
5.751008975863219908e-01
5.730746429962133570e-01
5.715397790886472817e-01
5.624433825001099452e-01
5.602612395002234402e-01
5.590181154509764605e-01
5.566168429837162757e-01
5.531881098087515491e-01
5.446396902855895616e-01
5.422476498202863926e-01
5.411711299385698615e-01
5.395267932775871245e-01
5.329059917839382710e-01
5.316390399505742659e-01
5.275614642749194561e-01
5.231260307471444770e-01
5.196163567499169078e-01
5.187834002491823471e-01
5.183951249107892068e-01
5.160634707999322002e-01
5.140430634463682980e-01
5.051692570903808521e-01
5.046164924222179549e-01
5.022772468251589517e-01
4.970413051008378824e-01
4.932608978907693786e-01
4.927635111763902787e-01
4.863848994016550797e-01
4.859518299418283949e-01
4.830698726206074101e-01
4.783649470927461289e-01
4.744854618483317354e-01
4.724431615833731279e-01
4.644542237911126192e-01
4.635555526145816452e-01
4.630249201015587679e-01
4.604653833078977687e-01
4.598001396104763328e-01
4.550807398920707625e-01
4.494139666009117628e-01
4.441889083702584284e-01
4.433172391948755342e-01
4.393593190432872886e-01
4.320081205743900865e-01
4.293602908101697979e-01
4.278459139664677058e-01
4.269312300309693886e-01
4.218324771009585028e-01
4.213963343476384016e-01
4.170566294807264152e-01
4.152291151375454570e-01
4.151738244283134094e-01
4.086411324474439888e-01
4.047834973825749638e-01
4.034384708812956410e-01
4.029925679624469237e-01
3.913649355469545066e-01
3.883876661581313061e-01
3.874857282472938813e-01
3.802269695468626365e-01
3.788363275691988274e-01
3.752474252487218442e-01
3.729054753062698291e-01
3.674992774844643706e-01
3.659672887923078877e-01
3.635477159183452822e-01
3.606943727191998517e-01
3.514628448510286329e-01
3.511563079496758388e-01
3.455952007038132212e-01
3.406038901402143604e-01
3.391014385135349141e-01
3.320340175566313667e-01
3.290530754097230615e-01
3.287447294552398591e-01
3.237357573683002365e-01
3.196919695268843342e-01
3.189233881818370753e-01
3.162888620661701289e-01
3.155834467823910860e-01
3.101944833606571361e-01
3.077771916485159132e-01
3.054950398683896617e-01
3.037249213517228541e-01
2.926548861401420676e-01
2.913637950434211921e-01
2.909440598235131792e-01
2.891769701160399886e-01
2.851507988570978758e-01
2.834182122146476912e-01
2.803091540356525413e-01
2.799399990416754913e-01
2.779390047212884629e-01
2.751943725323404699e-01
2.683073890065035272e-01
2.669952245156115289e-01
2.646538074944425056e-01
2.604500811178798725e-01
2.598620948781009132e-01
2.577716053769804616e-01
2.518898360562928929e-01
2.486576672634606133e-01
2.485609056461916822e-01
2.454443083872244191e-01
2.445236429978183135e-01
2.371925321627593730e-01
2.354255743706690496e-01
2.347412094912316727e-01
2.293156747696066255e-01
2.246849545547461302e-01
2.228472603900808480e-01
2.227785999417438711e-01
2.206765293455768551e-01
2.182999089641995960e-01
2.150066482204151808e-01
2.140506151209722874e-01
2.128782129889684738e-01
2.067294463938021132e-01
2.049771907893380152e-01
2.044716921450463742e-01
2.021589838380547233e-01
1.948326918771967065e-01
1.930509190182413404e-01
1.911368203227454821e-01
1.896743677782016246e-01
1.888793939142714429e-01
1.868230778417449556e-01
1.832509542010628822e-01
1.829928456939608761e-01
1.773252422951591689e-01
1.768919692348022710e-01
1.734647497362770130e-01
1.681068472823001869e-01
1.641208791210351792e-01
1.624318506442509469e-01
1.620804061320828826e-01
1.561639796817610448e-01
1.560228321107496041e-01
1.544538917857700699e-01
1.507158894359796331e-01
1.494116864682347168e-01
1.458557551807268537e-01
1.431102927908806666e-01
1.407457519121894929e-01
1.384238066379894772e-01
1.359263652882274354e-01
1.331059885713546109e-01
1.310457749070878808e-01
1.310038277708302779e-01
1.291740272067712081e-01
1.245089942867158295e-01
1.199377727624659079e-01
1.199147564701559809e-01
1.149819271150742395e-01
1.141431996668766102e-01
1.125577534128515134e-01
1.109145335998799886e-01
1.073844591987644786e-01
1.068900378244284632e-01
1.051369161401354141e-01
1.019558663115064101e-01
1.014301552884105395e-01
9.980361407144168473e-02
9.719622523627638455e-02
9.291572105248385727e-02
9.106655557123627398e-02
9.007591813123411173e-02
8.747711978585102910e-02
8.693831108974221789e-02
8.585287219022356975e-02
8.344276810768037900e-02
8.319292474273136395e-02
8.269689098743412958e-02
7.860270453722932593e-02
7.852625469155240234e-02
7.699113074628484432e-02
7.319096832158085431e-02
7.048016283657544678e-02
6.817146480992843094e-02
6.807459912501090393e-02
6.282394642404000307e-02
6.135505033467155561e-02
5.959101284112392621e-02
5.745525543927256645e-02
5.623443174719079674e-02
5.513367825904726821e-02
5.157756831006189008e-02
5.109262755361453079e-02
4.829802008536249885e-02
4.751940625048921979e-02
4.747686902274637216e-02
4.528235949018558082e-02
4.256068286464493450e-02
4.091502568585841243e-02
3.998889149404345061e-02
3.886845210801929268e-02
3.585568899295889927e-02
3.507696276123743739e-02
3.437879591611774782e-02
3.345668966110521003e-02
3.326178845454830918e-02
3.236496220987186007e-02
2.962205441624115101e-02
2.865949136127977220e-02
2.810469967940968858e-02
2.671426452927242595e-02
2.647799213431563728e-02
2.335941445553430321e-02
2.238960742213685559e-02
2.073893482149727352e-02
1.967751560123957855e-02
1.765906122059969496e-02
1.745578768721840757e-02
1.683643881446991730e-02
1.643148776650764711e-02
1.431599466326289628e-02
1.404096063466817208e-02
1.377341502967307889e-02
1.299699268717707107e-02
1.277806984806465623e-02
1.156402634885184133e-02
1.046997001745441670e-02
9.394610766204921845e-03
9.085563918759319985e-03
7.777909679479939713e-03
7.727323721810848423e-03
7.447177322536305093e-03
6.580487662851759907e-03
5.794487832387231266e-03
3.872455822494262710e-03
3.551349299185880149e-03
3.449697338575540267e-03
2.573625348410314879e-03
2.520590822063262584e-03
1.287666281268514150e-03
1.005599112966333803e-03
6.831716286270214178e-05
