# Singular values
9.454828388941692197e+00
5.417641380054944555e+00
5.304588753038344429e+00
4.099016160005087173e+00
3.372911599292790275e+00
3.354371212270983005e+00
3.300173533827682082e+00
3.000000000000001776e+00
2.944983307893443758e+00
2.626296131380740917e+00
2.492017340659813396e+00
2.464220786578557920e+00
2.301706018389394703e+00
2.199499328017253230e+00
2.124250847540271270e+00
2.080021597668062050e+00
1.954400568986456754e+00
1.834173627097347437e+00
1.787761197513204170e+00
1.582755703361698352e+00
1.511339589965971619e+00
1.433552574383498035e+00
1.429281941987998072e+00
1.332045150497370711e+00
1.229968594639670121e+00
1.118958450023727735e+00
1.083223651076412608e+00
1.051806387198400028e+00
1.027198201026135349e+00
1.000000000000000222e+00
1.000000000000000000e+00
1.000000000000000000e+00
1.000000000000000000e+00
9.999999999999997780e-01
9.999999999999997780e-01
9.999999999999994449e-01
9.999999999999991118e-01
8.855562432070744894e-01
7.928933223935330510e-01
7.809937116918295175e-01
7.088928261616490589e-01
6.876877158576099047e-01
5.869908975805110396e-01
4.029688884253852521e-01
3.408560073672165514e-01
2.710708010957431080e-01
2.477088678112067954e-01
1.944856674071381852e-01
1.684969927213775531e-01
5.812545879056232184e-02
2.826406555540993820e-02
