# Singular values
1.442328359230295298e+01
8.271880799464987888e+00
5.215931629233569566e+00
3.374584325802284290e+00
3.205223548236624254e+00
3.168850776534147151e+00
3.105879285710937410e+00
2.801633280053250630e+00
2.546757494800156785e+00
2.441547351509852692e+00
2.298819037451139913e+00
2.032952721815916242e+00
2.003783856123729112e+00
1.927751016250155658e+00
1.832790009113354879e+00
1.802569918517628267e+00
1.750337983207202797e+00
1.509172057144527290e+00
1.413669444011522947e+00
1.339866757542419018e+00
1.245139481404425208e+00
1.128958526607622526e+00
1.088486748176646035e+00
1.052694748917515355e+00
9.999999999999997780e-01
9.990117451185436259e-01
8.751976999035152582e-01
8.720418191754137904e-01
6.232581216920272116e-01
5.467787120537312973e-01
5.160810716733611470e-01
3.287628469465664893e-01
2.810851075252533415e-01
1.079878786180175770e-01
7.887874867520569544e-02
