# Singular values
3.044282304352870838e+01
1.167137100323401988e+01
1.099436392780853566e+01
9.522395573354172527e+00
7.524308397312550412e+00
6.632480642720542718e+00
6.416673735390632238e+00
5.699235872708016792e+00
5.515640336342578109e+00
5.335512891589379691e+00
5.103879932115508389e+00
4.934204959449195016e+00
4.807766278351329525e+00
4.655187721700086989e+00
4.653140967140925177e+00
4.629456352216682724e+00
4.256630774685593366e+00
4.204096242253265281e+00
4.159681360335329536e+00
4.109666882407800870e+00
3.992253871462765780e+00
3.949355056976330047e+00
3.768404683737932359e+00
3.707206032745856028e+00
3.634453496706243403e+00
3.499389281344641667e+00
3.423626045451219735e+00
3.415371949159408782e+00
3.314853328800593246e+00
3.286225384355998536e+00
3.271739235946563795e+00
3.140315824697370140e+00
3.070056588519217033e+00
2.989390769911985490e+00
2.929642277377110471e+00
2.833679787314803189e+00
2.806418436724001708e+00
2.738129746020778299e+00
2.565402242132797550e+00
2.531271795017259851e+00
2.456021754549979619e+00
2.454487179166869204e+00
2.448946492885150317e+00
2.379829522725106283e+00
2.330912961230844793e+00
2.303610155497216372e+00
2.157725927244725561e+00
2.097842752609988093e+00
2.035199627836716818e+00
2.014676352717208463e+00
1.993281460649914738e+00
1.963139578680136887e+00
1.952496896273001603e+00
1.822924948106369181e+00
1.806463653956471571e+00
1.725697863331381088e+00
1.691298417580321178e+00
1.618108574440550562e+00
1.568462779994667544e+00
1.540737428450071889e+00
1.453803777461358804e+00
1.444570690952139191e+00
1.417366414880887548e+00
1.390678328172406886e+00
1.302504876748510787e+00
1.297285570476385708e+00
1.246758562673347948e+00
1.215064703992328798e+00
1.210276906813720021e+00
1.179623290225441767e+00
1.154073124733454581e+00
1.115849710538986184e+00
1.100984332924122677e+00
1.076530644524707148e+00
1.042883661060203027e+00
1.000000000000000222e+00
1.000000000000000000e+00
9.999999999999998890e-01
9.999999999999998890e-01
9.927016450401572323e-01
9.675414269663573652e-01
9.520760414559096274e-01
9.067407176522510603e-01
8.881311287725041081e-01
8.637410593499358358e-01
8.018743384201225677e-01
7.873863397776557083e-01
7.214054719234747060e-01
6.920836124550685531e-01
6.765445775705793974e-01
6.448195133852118177e-01
6.184257678661037039e-01
5.863573800643333556e-01
5.691551367221876490e-01
5.687077783670216879e-01
5.012433206102659966e-01
4.643552791761741960e-01
4.342141390948266455e-01
3.945100402523284977e-01
3.860851715505600468e-01
3.817202562524674714e-01
3.770134177349285243e-01
3.045586626943230790e-01
2.744503189453531555e-01
2.531484820987107143e-01
2.139840239090435858e-01
2.067376538429154254e-01
1.702052151937303581e-01
1.449636846824308434e-01
1.336739000429409407e-01
1.217163395312495650e-01
1.085144973254453249e-01
7.905878502767667293e-02
6.857307177789390140e-02
6.315945400414270383e-02
3.170017732978452907e-02
1.431699694998529379e-02
