# Singular values
1.119526525389213134e+02
4.011326056592750433e+01
3.696079704297096669e+01
2.085445034827680288e+01
2.078741128402895555e+01
1.876082821365623232e+01
1.873485372648738689e+01
1.710708564576043855e+01
1.651538870438077566e+01
1.565575813207890832e+01
1.532981261462839484e+01
1.494976091925521189e+01
1.486683125374691983e+01
1.432805954793885483e+01
1.385652538822749413e+01
1.356912915169921696e+01
1.331092178090866440e+01
1.307166056110709995e+01
1.294709788649967663e+01
1.270201049291459405e+01
1.257055814840118302e+01
1.243253423398527779e+01
1.225831277958382870e+01
1.196319818285723180e+01
1.191786488286633983e+01
1.167011092830747820e+01
1.162928094764923515e+01
1.159372009578038565e+01
1.137940195792847220e+01
1.126594552857810783e+01
1.126550457003524386e+01
1.113216391476352207e+01
1.113186649263200323e+01
1.101288312550707893e+01
1.093577831579237092e+01
1.089950144210584959e+01
1.082887155528748835e+01
1.076330977832748736e+01
1.064844872862428460e+01
1.061597035213022089e+01
1.060744419740393596e+01
1.050685349434754912e+01
1.039624700203264673e+01
1.034274493704579889e+01
1.019334435845830811e+01
1.014758887306397561e+01
1.007838758860427220e+01
1.001948658251211199e+01
9.959555704784193608e+00
9.835032514468919018e+00
9.801050205025417128e+00
9.794543719429020356e+00
9.645315240370997856e+00
9.503317312918770909e+00
9.502396040210498995e+00
9.439328332504617336e+00
9.361912664029457432e+00
9.320854785781179430e+00
9.309445507183051305e+00
9.235022962898835175e+00
9.128986468895170958e+00
9.100008227150258477e+00
9.020480305119237485e+00
8.980248401960434279e+00
8.954545027345245600e+00
8.917231237058700799e+00
8.895053535263151900e+00
8.869729079394064186e+00
8.796627131294233237e+00
8.721089137880724707e+00
8.674620489012417224e+00
8.672686365836073108e+00
8.635283980021926098e+00
8.568011515532838018e+00
8.483004509827791750e+00
8.465131744339865705e+00
8.380549386682291768e+00
8.329835819038860834e+00
8.267037599451251495e+00
8.200277325888977842e+00
8.197887350728040090e+00
8.165742496173313825e+00
8.131283817434509231e+00
8.107137788966772618e+00
8.089367663285180754e+00
8.014621130200678678e+00
8.002971678724360771e+00
7.894820994101318767e+00
7.881682572830779776e+00
7.869677816628814604e+00
7.850656369658385536e+00
7.785542340559296726e+00
7.689325726035510122e+00
7.675809735835004588e+00
7.659824010538669015e+00
7.605842610911118129e+00
7.597054889936323718e+00
7.539732740553296786e+00
7.536141727146846492e+00
7.454358583317953979e+00
7.402529147872740189e+00
7.390267663843633095e+00
7.384270630631772470e+00
7.257410928972102937e+00
7.251258689853064432e+00
7.212792564044849364e+00
7.189841262726953452e+00
7.133865552570378021e+00
7.050701176804427206e+00
7.040215043487410895e+00
7.005880774874651884e+00
6.989868736896641011e+00
6.963093583818634080e+00
6.915842478881713440e+00
6.880697064190730572e+00
6.842874894216861570e+00
6.842591211788519701e+00
6.806751930193002842e+00
6.779615229891994055e+00
6.690379857094305827e+00
6.685905919710528167e+00
6.598797437669394306e+00
6.563213419974139207e+00
6.527739518880794733e+00
6.491707892067585028e+00
6.464880841623918073e+00
6.426397487643225048e+00
6.406876860138946306e+00
6.365118599158519075e+00
6.293956458801734932e+00
6.283915414115801568e+00
6.269290102942706611e+00
6.256434473138242858e+00
6.228563410167966552e+00
6.228369381990775722e+00
6.130356022202283484e+00
6.122395091971069014e+00
6.080446503304827388e+00
6.049507536655798212e+00
6.014467203724857214e+00
5.977176509994512443e+00
5.965090347467600473e+00
5.938833122347788596e+00
5.841636880314895031e+00
5.837499002515956548e+00
5.802934341637601356e+00
5.794543357189957611e+00
5.779961825477430537e+00
5.683262094933358100e+00
5.676707198857881664e+00
5.656537694175165498e+00
5.640346227074036989e+00
5.631143083151060935e+00
5.583196604007518715e+00
5.532607535503315965e+00
5.514463510786868916e+00
5.506315813500468614e+00
5.498029286924864145e+00
5.430866500988917878e+00
5.415673982250294394e+00
5.366943432103328249e+00
5.351569562308775119e+00
5.348714404446893056e+00
5.295929921163391896e+00
5.275349299504861200e+00
5.206303507155779720e+00
5.202720581274307143e+00
5.153429743421312992e+00
5.106192558137474968e+00
5.086943993715667744e+00
5.079270294423867682e+00
5.031886571227522253e+00
5.003771857834567349e+00
4.981580542631657060e+00
4.963622256847062708e+00
4.913186793651759920e+00
4.906404010730702758e+00
4.892941947795364399e+00
4.843669913433992669e+00
4.833588583330386435e+00
4.828385042572937991e+00
4.753722459606319006e+00
4.728862189476373601e+00
4.714933015022219287e+00
4.687546491972202745e+00
4.641119831818386388e+00
4.605928678598091075e+00
4.593073385888827964e+00
4.541629892805443269e+00
4.534793417708077534e+00
4.533199159105200771e+00
4.479974438752904575e+00
4.472667330429813681e+00
4.425269551645858890e+00
4.419424684340673259e+00
4.389912993183009426e+00
4.347121578576571110e+00
4.346613362567501859e+00
4.327206529631548726e+00
4.294946181598021440e+00
4.284710448781851255e+00
4.267295070176600369e+00
4.244195056637630969e+00
4.173477352981266542e+00
4.097656508316043222e+00
4.079532962852963962e+00
4.078551977505396664e+00
4.047961956447084120e+00
4.021273707540495401e+00
4.017988085932195474e+00
3.978215298132895317e+00
3.971414545473736180e+00
3.931377337679495820e+00
3.927276830238656036e+00
3.899962628144900023e+00
3.899177692246693638e+00
3.868371786134276125e+00
3.868046016515704011e+00
3.785246617886178111e+00
3.762285886195853024e+00
3.737284793284958884e+00
3.720641744746140400e+00
3.706374967061929482e+00
3.647387971062605150e+00
3.639344732647058045e+00
3.629440644083176348e+00
3.610263966295169435e+00
3.608645717896869609e+00
3.563455904272334163e+00
3.527621659411282806e+00
3.518381128622587450e+00
3.507932742590383679e+00
3.488351154975829260e+00
3.465468563527884793e+00
3.445040195232313973e+00
3.400475124099166635e+00
3.372463160779830105e+00
3.357378711621815448e+00
3.343057390674841756e+00
3.341718737322453947e+00
3.266473942937333952e+00
3.260622651274112549e+00
3.252758454248420694e+00
3.249154367050715031e+00
3.210313231749573504e+00
3.180086890868425442e+00
3.161916765042869670e+00
3.126225697351410648e+00
3.125419313586140113e+00
3.115757798565488734e+00
3.082961985288128925e+00
3.054808994235193698e+00
3.024668579534657731e+00
3.020427765712919932e+00
3.005845782998608939e+00
2.980348674566662748e+00
2.965723892491704650e+00
2.942946239605753522e+00
2.911308893269061393e+00
2.897139640502077729e+00
2.867036236295027685e+00
2.850849906225037866e+00
2.845838649917805885e+00
2.830776787887463897e+00
2.805665499944338670e+00
2.796667759320825564e+00
2.771022736187216839e+00
2.736938743022227616e+00
2.714286847792492630e+00
2.710970116792656537e+00
2.683434582779710809e+00
2.669377070204006941e+00
2.662671844271045085e+00
2.650943175488051029e+00
2.637203885326757646e+00
2.603091775793119567e+00
2.572683275275683190e+00
2.557469265549668247e+00
2.535476205551613571e+00
2.529961118930002417e+00
2.516356720632121569e+00
2.510321854833602373e+00
2.480900535316538313e+00
2.458429028790036330e+00
2.435760220077953786e+00
2.423981711111923953e+00
2.414775078062816327e+00
2.410679263539427186e+00
2.365427645579902816e+00
2.359447869382916618e+00
2.332572019426939924e+00
2.326175946774695191e+00
2.324158187079274018e+00
2.312794701907997741e+00
2.288795064580715799e+00
2.275648878451455914e+00
2.253776205209641947e+00
2.248462865303916036e+00
2.238852903728973942e+00
2.236996411571394283e+00
2.196468696469196846e+00
2.191915397551164268e+00
2.159567655667260055e+00
2.148880758282476489e+00
2.135612765487382880e+00
2.112727381981102770e+00
2.104421302717281339e+00
2.082770340076632642e+00
2.055518604022690266e+00
2.052140043985916318e+00
2.027118033794761853e+00
2.002499213687188195e+00
1.988417067268430261e+00
1.970488293505071153e+00
1.966667859569081411e+00
1.963917914505837858e+00
1.926529486870400598e+00
1.893366915601571554e+00
1.890658317120744281e+00
1.865349596000220211e+00
1.861412470724057577e+00
1.835303267332183630e+00
1.832988603162589714e+00
1.830204378197900272e+00
1.795169978125097598e+00
1.773141017931188834e+00
1.760576147647329170e+00
1.756723330444037723e+00
1.742820840446492880e+00
1.733381772644463581e+00
1.721989658178314953e+00
1.717649414695826771e+00
1.698015628513732445e+00
1.685166901536175654e+00
1.674532988125124300e+00
1.658109934987414880e+00
1.640997339789959097e+00
1.601177890832780060e+00
1.593862173348428612e+00
1.591576037645962005e+00
1.578076734096853118e+00
1.560177048366695018e+00
1.546767357252245345e+00
1.545719531759774279e+00
1.525396690586388049e+00
1.510151913959949965e+00
1.500457673192666208e+00
1.489918534025582497e+00
1.482808716710160457e+00
1.465661111629584790e+00
1.440918287325722025e+00
1.440030451282158896e+00
1.423312319141668558e+00
1.407161195476811733e+00
1.402723924941445155e+00
1.397413991385608290e+00
1.381009161367630078e+00
1.364081543054901147e+00
1.335269359870448813e+00
1.334911518766683125e+00
1.314187746479085428e+00
1.309958811800358669e+00
1.293440598488303062e+00
1.278794550868339375e+00
1.276025158166112172e+00
1.275319453422225413e+00
1.260321427657461690e+00
1.251120145155635299e+00
1.245056210066083358e+00
1.230921258530025986e+00
1.221761153181637694e+00
1.214960559094444115e+00
1.189992165120333123e+00
1.173455936229913732e+00
1.166809450303637474e+00
1.162694668783969654e+00
1.157752430924766651e+00
1.140810034031407572e+00
1.126024596564269675e+00
1.102204445231486307e+00
1.095792459809607156e+00
1.094850398739790620e+00
1.078238394034851000e+00
1.064456226182562304e+00
1.030124321904535734e+00
1.027765717097905318e+00
1.014006966364113360e+00
1.008183306655871858e+00
9.952553000597381683e-01
9.902837181619844609e-01
9.722117217200985095e-01
9.671411262547776611e-01
9.616189466966769128e-01
9.559700334910928854e-01
9.443732612519784020e-01
9.415652622122392401e-01
9.390032503511348549e-01
9.286497053285737158e-01
9.105827483620240193e-01
9.018190174303472029e-01
8.925733684028986925e-01
8.892792563101565850e-01
8.704071563232865794e-01
8.624236444163885240e-01
8.496549267899513591e-01
8.495515742982170382e-01
8.422095182705042760e-01
8.206143769056765125e-01
8.101776618083078585e-01
8.060315411125289486e-01
7.953263126691051399e-01
7.843121380138549092e-01
7.772933415808365165e-01
7.762600481851349432e-01
7.633756574367240866e-01
7.605209436257447386e-01
7.506864023277798337e-01
7.466548882698912371e-01
7.450748244955731625e-01
7.151682926059996781e-01
7.089084957766793593e-01
6.975410768690225582e-01
6.827189117834614462e-01
6.809274090471719720e-01
6.728262423971225203e-01
6.594136477298189192e-01
6.496927582042840710e-01
6.489444165398632336e-01
6.368207878837385261e-01
6.265006521166492925e-01
6.070267787392465975e-01
6.011371551801983903e-01
5.906573859635426693e-01
5.868431139144392183e-01
5.763906883386202828e-01
5.615099749297389753e-01
5.535891522920984853e-01
5.448543313612678185e-01
5.391394183936202289e-01
5.360020362850265174e-01
5.211081966847321834e-01
5.208459133506255778e-01
5.016904027582098635e-01
4.950164108445084810e-01
4.869685030508139612e-01
4.755602203670025174e-01
4.656703063180831492e-01
4.558951068591106104e-01
4.518069431358833765e-01
4.503032134541050668e-01
4.417518506055609917e-01
4.292287881359038160e-01
4.197197685022868718e-01
4.175354332696278314e-01
4.113825458519151379e-01
3.973802999904514355e-01
3.957199006940784192e-01
3.950963130781165455e-01
3.840379292299457847e-01
3.810852024128533744e-01
3.763740570972103350e-01
3.654234193176945089e-01
3.614535591599319919e-01
3.576254059313975220e-01
3.392767489908851131e-01
3.316193343296734430e-01
3.289565337860395622e-01
3.255933727177626746e-01
3.192328409723362848e-01
3.079160069539303990e-01
3.014750953874523187e-01
2.865223900527603673e-01
2.860430825454984838e-01
2.678146882002269691e-01
2.613262154809056770e-01
2.610240412882349759e-01
2.484655806109957177e-01
2.434492079415989108e-01
2.423107613439627606e-01
2.358413517673966231e-01
2.276442397483665059e-01
2.249947137395801877e-01
2.242851398605137103e-01
2.182531235569212524e-01
2.113099478256086072e-01
2.038773132648198927e-01
1.959969784206196386e-01
1.811291730318285997e-01
1.743653056855120620e-01
1.733138787128484792e-01
1.694209817507844051e-01
1.583691472049853499e-01
1.547462916265431587e-01
1.538443764279640025e-01
1.473745481865261220e-01
1.473118242047027904e-01
1.434067265872920882e-01
1.396891148253160686e-01
1.364865176686481107e-01
1.328000478686627017e-01
1.301521074178985937e-01
1.269581792354701200e-01
1.219920289796887491e-01
1.215059899796806647e-01
1.129838896882656984e-01
1.019216635627728934e-01
9.948851746340191260e-02
9.871780680565767074e-02
9.051904466785481995e-02
8.959886581016920926e-02
8.403100145599758097e-02
8.024392714313034747e-02
7.903976732888391699e-02
7.556372253976996467e-02
7.249997407924070603e-02
6.560056438845916771e-02
6.268205571170998303e-02
5.901908091298742332e-02
5.452947033822194006e-02
5.424282152815748659e-02
5.146599483124980612e-02
5.069025521741488127e-02
4.567468995594876208e-02
4.099760812355273537e-02
3.492110333590619370e-02
3.387238676145445243e-02
3.045592420144798904e-02
2.787859652105058317e-02
2.659849718637328359e-02
2.604041379813576071e-02
2.565514086138543856e-02
2.298584715659098346e-02
1.798322597233963441e-02
1.545359123241139658e-02
1.454308721070828037e-02
1.253973033000297353e-02
1.032372536952107581e-02
8.373915833602418868e-03
8.216963677398558125e-03
7.065401674941879963e-03
4.022973703670890654e-03
3.938111332621198162e-03
3.049734611485450508e-03
1.675358367370890058e-03
5.930216805025142557e-04
3.690158654107306970e-04
