# Singular values
1.861465581507380591e+02
8.006773153814587829e+01
7.658729761209451681e+01
5.373753928716516981e+01
4.970530585352189235e+01
4.702715539935314837e+01
3.208396071648162007e+01
3.139680824712046814e+01
3.078115830861572277e+01
2.869802832290448436e+01
2.780239543219862242e+01
2.467217960202079396e+01
2.363441898372034800e+01
2.321238939349837693e+01
2.290240963480346537e+01
2.214870986043112211e+01
2.112085433475476037e+01
2.082147723114693605e+01
1.950993793628492412e+01
1.906407131974265212e+01
1.903301281582624327e+01
1.867654763600140910e+01
1.843679336216428410e+01
1.798110345190567472e+01
1.787413021622558773e+01
1.772678356429005220e+01
1.723462528161719476e+01
1.718523264552040430e+01
1.701528309883207157e+01
1.675701561336369139e+01
1.637683606072986464e+01
1.624741188380248857e+01
1.602112517789452184e+01
1.598157382948431682e+01
1.590216665628591564e+01
1.580374317067268564e+01
1.563716334661809881e+01
1.540395324734451599e+01
1.535562745018123465e+01
1.528170456912250152e+01
1.516234268181875144e+01
1.487353714321413278e+01
1.475670362174505357e+01
1.474728212130416694e+01
1.470988688287294899e+01
1.446394221896908938e+01
1.440145434224150911e+01
1.432014351309520883e+01
1.418051431474486357e+01
1.410750709302817896e+01
1.400714694879820144e+01
1.390795673331143867e+01
1.374672709720269026e+01
1.368984710072728461e+01
1.368803710037675181e+01
1.354219024089863765e+01
1.352663997608769542e+01
1.346896845575819057e+01
1.344826624192106834e+01
1.330640415534579013e+01
1.324315565360795333e+01
1.320461697274537727e+01
1.317282743113399235e+01
1.303742526478896835e+01
1.294631554905121540e+01
1.293974839339214000e+01
1.292736400626336923e+01
1.289205882993810626e+01
1.278921586232134899e+01
1.269878760906230397e+01
1.259760444523880274e+01
1.257306833762009646e+01
1.252438823185943306e+01
1.249772790710767723e+01
1.241543411879372805e+01
1.239254238955924947e+01
1.238072925297753635e+01
1.235769011205325008e+01
1.225546259307456154e+01
1.224115578405402971e+01
1.216622581584707241e+01
1.209575554085858862e+01
1.207566054815244527e+01
1.197117768656022996e+01
1.196062741255389028e+01
1.194878113750965376e+01
1.194090056584897397e+01
1.188359245253893270e+01
1.184025642696940928e+01
1.183082804455209214e+01
1.172892324986964319e+01
1.168188561033641371e+01
1.164451245378275956e+01
1.161043503725943893e+01
1.158348343671542580e+01
1.152004196062746466e+01
1.147886448085203703e+01
1.147515145758657695e+01
1.144566768952018698e+01
1.137675095921299295e+01
1.136538783057609514e+01
1.127965841069107178e+01
1.127202251263285149e+01
1.125574704078253774e+01
1.122473867588515084e+01
1.107961579307159283e+01
1.105137188038332496e+01
1.103420626308546026e+01
1.096916542368950154e+01
1.094254693796482236e+01
1.092904124638250174e+01
1.090455926254987240e+01
1.090317481961207946e+01
1.086348158135101194e+01
1.076134877668302714e+01
1.072034582449005846e+01
1.066972752700050009e+01
1.064937209095939252e+01
1.064280965796210054e+01
1.055442551988513245e+01
1.055298474354996152e+01
1.046671748928163481e+01
1.046248349259541577e+01
1.044805274760485503e+01
1.040450822364217842e+01
1.040437644351348645e+01
1.033676332212017712e+01
1.030919275628146359e+01
1.028059347737295326e+01
1.026563973492459425e+01
1.021692477946584354e+01
1.020807630519139764e+01
1.011673827991439545e+01
1.008111664861698031e+01
1.006586343551075657e+01
1.004787926673520815e+01
1.003687598137532788e+01
1.000278110444747171e+01
9.972451744436712673e+00
9.925436811211023169e+00
9.849514340172982330e+00
9.844998776403416585e+00
9.816867344153850539e+00
9.799206075563049012e+00
9.746475600415394069e+00
9.724698541289560794e+00
9.688472989965358551e+00
9.678482436409684198e+00
9.648692051685706872e+00
9.603883612823755911e+00
9.559938821027252231e+00
9.551536357356967599e+00
9.528594334771938179e+00
9.515044177471265741e+00
9.454725302323625513e+00
9.432203942400047225e+00
9.410501983739504084e+00
9.352467134961800710e+00
9.321870680076527194e+00
9.272548721402142036e+00
9.262510611501770796e+00
9.261134010619146650e+00
9.231383455526721349e+00
9.204195092918396881e+00
9.189598107832420482e+00
9.149084399921550315e+00
9.123618104643359317e+00
9.091950067161569393e+00
9.026202174163419301e+00
8.992232776558816809e+00
8.990780244946353861e+00
8.969027735800539247e+00
8.964963235537943831e+00
8.935207684693214247e+00
8.911762545724419837e+00
8.902441572539570913e+00
8.865368340667968639e+00
8.825587163051121564e+00
8.809978370936915937e+00
8.759547159974436781e+00
8.731168597459323166e+00
8.693883804827157391e+00
8.678864990932988022e+00
8.638284562798501653e+00
8.628051852363167740e+00
8.584853817224221473e+00
8.571240819531947608e+00
8.534611311479595841e+00
8.511697203407338819e+00
8.482018184782335268e+00
8.455160519225925597e+00
8.414291836851022666e+00
8.389837005990296248e+00
8.364262772963337866e+00
8.362353690917453619e+00
8.342175525330979724e+00
8.341020245088952123e+00
8.241647089238767876e+00
8.238926776710602695e+00
8.195022098576798086e+00
8.193946667169772269e+00
8.186476914579296604e+00
8.144487837973260369e+00
8.113639649039779300e+00
8.072659799123218960e+00
8.048729353394307395e+00
8.030876063882473659e+00
8.004414687907503989e+00
7.975541999448011232e+00
7.972550180312227397e+00
7.950325275333775643e+00
7.924902964569493946e+00
7.904728929283959538e+00
7.903105017241039754e+00
7.892233800702342705e+00
7.848419737965202536e+00
7.840065683101929750e+00
7.781865391165374568e+00
7.747442725086012949e+00
7.733509190187854543e+00
7.718629999353361804e+00
7.688275945588236127e+00
7.670611489609422406e+00
7.646687149519927118e+00
7.639154954516042650e+00
7.617623018951197977e+00
7.598513755488565558e+00
7.589036281336102086e+00
7.553631828377354474e+00
7.521130214228454847e+00
7.490480404002370030e+00
7.464145035994968147e+00
7.455317926346550550e+00
7.449780019211243776e+00
7.437026365812407391e+00
7.403959829828815842e+00
7.343440786111727903e+00
7.334017752848874139e+00
7.312929133237612511e+00
7.301089887143327850e+00
7.268644094862521499e+00
7.264611223658880235e+00
7.230176708202300517e+00
7.214043871315698908e+00
7.212390654910665333e+00
7.184766015980049048e+00
7.173194024719403927e+00
7.158106967331024251e+00
7.126510184419006855e+00
7.090862822964700385e+00
7.079877362830463206e+00
7.068996237301165664e+00
7.046965874485444203e+00
7.009811915711875230e+00
7.008392673401529827e+00
6.974359790634525602e+00
6.967880900748611772e+00
6.940847672254409240e+00
6.918846741436063930e+00
6.907676242767035291e+00
6.901716210177986532e+00
6.885920398376891960e+00
6.857155981971669867e+00
6.840730314331326056e+00
6.835296947701709591e+00
6.804617887169343682e+00
6.789224915190021470e+00
6.773781346234975409e+00
6.756167438425955574e+00
6.730643822658908704e+00
6.729814744786764003e+00
6.698786480367528107e+00
6.678797174854586238e+00
6.670507126925128816e+00
6.639110245981649783e+00
6.622201813434572593e+00
6.599697192671286849e+00
6.556004278870823931e+00
6.551591351304514532e+00
6.545598948066110090e+00
6.487447623804713182e+00
6.474855922859176438e+00
6.464095685887042642e+00
6.439434711728718064e+00
6.409614916748433977e+00
6.394779886086855214e+00
6.393116250659596211e+00
6.377619988809936302e+00
6.375208415641036019e+00
6.292624350974453940e+00
6.283903391344110467e+00
6.274610963572057720e+00
6.254687160737873342e+00
6.222481909540882761e+00
6.213593757683210761e+00
6.213185810759968675e+00
6.191837217294756890e+00
6.174608424977733101e+00
6.136488813024794986e+00
6.129860243938029640e+00
6.117105440962604668e+00
6.090160961698962261e+00
6.085771487899966026e+00
6.049613962301685355e+00
6.037400453114760701e+00
6.024538989395058053e+00
6.008062906362537703e+00
5.993011434789050185e+00
5.984855461233268947e+00
5.976208099066886881e+00
5.952715594289711198e+00
5.933070192045034830e+00
5.931692639055321514e+00
5.888749636439765567e+00
5.881292318312645762e+00
5.859915085453063277e+00
5.853411214399463880e+00
5.836700928878607364e+00
5.809333194872770001e+00
5.799558720299844872e+00
5.765410890149348155e+00
5.756728992841134485e+00
5.750390738824699532e+00
5.704401441818861329e+00
5.694407765969410562e+00
5.674430218773647283e+00
5.661414259220054923e+00
5.647146222518382608e+00
5.646794307144981317e+00
5.628183876120004925e+00
5.599672923311008077e+00
5.560220307987263411e+00
5.547684352033579458e+00
5.510870516115922157e+00
5.487603622752080135e+00
5.479132187616021277e+00
5.463455718858289956e+00
5.458551836827414405e+00
5.421496418314660559e+00
5.416983013567805649e+00
5.408084910551566260e+00
5.398357686923820786e+00
5.362742557168759916e+00
5.353962123768546633e+00
5.341127894993128677e+00
5.293226985331056511e+00
5.283753099534158615e+00
5.259279571598409753e+00
5.239531023644729224e+00
5.238204547565348257e+00
5.225838622929686039e+00
5.217450540917500490e+00
5.195383581102675841e+00
5.156108314911709734e+00
5.149894833224304413e+00
5.124316376569765907e+00
5.122005587203353194e+00
5.111590152061763703e+00
5.082976774785790575e+00
5.073319407631620592e+00
5.059488326623692522e+00
5.048598171320798578e+00
5.033730557694065411e+00
5.033101412603009805e+00
5.014852904180611581e+00
5.012107789559046900e+00
4.990727994491750863e+00
4.979841561744803968e+00
4.973174692645715211e+00
4.949358407086385192e+00
4.946695722859475453e+00
4.914041794214830894e+00
4.903622836723017464e+00
4.897124973960290006e+00
4.882423334968403417e+00
4.851979928310106160e+00
4.850127411971090652e+00
4.822314070985260770e+00
4.812304277085443616e+00
4.797775808790557761e+00
4.790343922243385677e+00
4.776042510121061291e+00
4.761939077643274842e+00
4.735402988441721917e+00
4.721948733214758498e+00
4.703883529933489349e+00
4.700041911162095687e+00
4.670153046171435562e+00
4.649013264682787749e+00
4.637085437071090332e+00
4.626040961636100235e+00
4.623314961826586966e+00
4.593632140422842625e+00
4.591447287488417572e+00
4.562274262816241155e+00
4.543394135826488878e+00
4.537854739723346853e+00
4.520990386429675212e+00
4.514726131312952084e+00
4.511990481786772200e+00
4.489319092829281210e+00
4.473561642060719379e+00
4.468705285569370744e+00
4.420786187431656522e+00
4.400068993957479968e+00
4.389231109870185499e+00
4.371575357222114988e+00
4.371564333427193638e+00
4.361942733258864280e+00
4.339707322819464252e+00
4.318652680554458279e+00
4.316244547417472432e+00
4.307163409250285291e+00
4.300706779168169902e+00
4.285232392045990046e+00
4.279914662470717168e+00
4.262636834150141496e+00
4.234674652524416771e+00
4.226072985760727541e+00
4.224484819841705097e+00
4.204398947561482913e+00
4.188820202571363893e+00
4.180257091755476218e+00
4.147695887703900297e+00
4.139892140447578583e+00
4.136322910416311949e+00
4.126768569055396796e+00
4.109519912262460828e+00
4.088831288032002576e+00
4.079616971518062130e+00
4.077388570653698530e+00
4.051662710009557244e+00
4.049193220161054541e+00
4.040250003694819902e+00
4.011211900130392749e+00
3.997218170307848428e+00
3.990608861239252736e+00
3.979084653855365250e+00
3.948109241809383718e+00
3.946260314492631149e+00
3.942674498634553881e+00
3.919411546259456980e+00
3.907518106385701184e+00
3.903851985868662666e+00
3.891726755442215246e+00
3.869769124370655344e+00
3.847919652893353248e+00
3.832187110864598178e+00
3.816836331279422456e+00
3.804748718611717262e+00
3.802595691489950358e+00
3.790529771385599211e+00
3.773668583514345976e+00
3.764766315770847527e+00
3.754774308952645523e+00
3.750275319375529826e+00
3.738035614744760871e+00
3.733031061776565629e+00
3.700400017499868355e+00
3.691492508904991698e+00
3.679091388467542689e+00
3.669024748202183162e+00
3.656445561472767558e+00
3.649978808904261740e+00
3.647131893102968814e+00
3.626713296277739307e+00
3.603717882349962931e+00
3.593205952603645503e+00
3.587616578374332121e+00
3.574239382066563220e+00
3.561265229611763505e+00
3.540545193479504693e+00
3.534324505917253667e+00
3.522509003183786014e+00
3.518202271141765980e+00
3.493296951365147507e+00
3.476603242913326675e+00
3.469821142592697250e+00
3.462460359124367670e+00
3.451388336453790284e+00
3.440850823188253749e+00
3.419084431835269999e+00
3.418535065873700152e+00
3.404280059326376229e+00
3.392490572034542406e+00
3.366190239994064637e+00
3.364966195044186925e+00
3.350265206954505803e+00
3.340892447439023361e+00
3.320828259448350916e+00
3.318104733175787135e+00
3.284408978129560452e+00
3.279470446583383492e+00
3.276415804606744864e+00
3.272836791366112053e+00
3.240379599499101371e+00
3.231208112038612246e+00
3.214437507519227744e+00
3.212234787193519736e+00
3.208290050976633889e+00
3.199011259638595117e+00
3.173564730992563643e+00
3.168855962202293597e+00
3.160534774780626499e+00
3.124671514816696138e+00
3.113488902924144597e+00
3.113402857921847122e+00
3.112189443372183284e+00
3.100657442737334790e+00
3.091296204575531892e+00
3.077015282037934618e+00
3.076596738582808577e+00
3.065476554317823510e+00
3.053497028802930835e+00
3.036901503824159132e+00
3.032261499468666965e+00
3.020074435925887091e+00
3.011455351975249606e+00
3.008275650128032552e+00
2.985938865862887148e+00
2.975950318026698849e+00
2.968407481601258446e+00
2.966325712242807278e+00
2.962414388952225863e+00
2.947499897850780926e+00
2.924420778553141087e+00
2.912720345523918564e+00
2.892393742976321569e+00
2.889036143248914890e+00
2.883267584216620882e+00
2.871182614241359232e+00
2.861807091058976127e+00
2.859816738082601617e+00
2.848349321270892798e+00
2.818550257167536710e+00
2.802981870451776381e+00
2.800358355925649967e+00
2.784303113605173241e+00
2.778906182526609037e+00
2.777055863810445668e+00
2.767063921846841801e+00
2.756519205558286334e+00
2.754510309958096315e+00
2.737029937586093808e+00
2.729607636918600200e+00
2.720072356266412861e+00
2.711034868813808618e+00
2.698380951035991515e+00
2.672131552250023745e+00
2.670118910032754478e+00
2.668635612277909352e+00
2.657558021723642305e+00
2.648178849708282545e+00
2.633342744227315624e+00
2.622719178921921301e+00
2.614112737041418111e+00
2.613136296722491814e+00
2.601604453756263702e+00
2.583411885795296126e+00
2.569462737177778511e+00
2.563701300232401614e+00
2.559546424887806815e+00
2.546673722830354425e+00
2.526962922778960507e+00
2.520514996941981778e+00
2.511995939118051524e+00
2.501771720445594038e+00
2.496049071234239136e+00
2.495236666176413376e+00
2.476922096840191490e+00
2.472758928863690198e+00
2.450930417861055588e+00
2.445962138104642136e+00
2.439678383811656026e+00
2.433938168788585266e+00
2.425645470367712164e+00
2.411712643570168790e+00
2.404494098945431535e+00
2.397748239283864713e+00
2.389258515516897496e+00
2.376142102296302738e+00
2.373455228995896782e+00
2.364399351280381367e+00
2.349847298892825620e+00
2.349416364110512134e+00
2.332499670288246119e+00
2.314078946392648994e+00
2.312286969294322425e+00
2.306678476002893774e+00
2.293076173690857811e+00
2.289302376330935473e+00
2.278779454872910115e+00
2.272490389724743931e+00
2.265573492304028491e+00
2.265158930592912068e+00
2.247621126816757631e+00
2.234447719636242891e+00
2.227339962524432782e+00
2.222732527861872143e+00
2.217966450830571201e+00
2.191324227827118332e+00
2.176680759388479824e+00
2.175241291327659088e+00
2.168153879308682530e+00
2.167323687723705650e+00
2.139181863827757546e+00
2.135349610936126741e+00
2.129534382990551311e+00
2.125878246233140700e+00
2.111110044223214022e+00
2.102269205936009300e+00
2.090106919828211396e+00
2.079831187349261867e+00
2.069238119242145846e+00
2.060152217445418543e+00
2.054989780944084909e+00
2.046600507815942382e+00
2.044428230709867567e+00
2.036155698249628720e+00
2.034402251718434140e+00
2.012402786901967389e+00
2.006332270548559116e+00
1.997280471694447890e+00
1.993592641207794891e+00
1.983724232474769478e+00
1.961059644243126288e+00
1.952895193993890555e+00
1.946226205698256662e+00
1.935431462282959147e+00
1.933936335362927750e+00
1.911670275452429069e+00
1.909689318230324284e+00
1.901588745009107795e+00
1.896001803947873432e+00
1.883076711032520612e+00
1.872110453711001599e+00
1.855290630450854072e+00
1.854225449163969364e+00
1.847394159480611808e+00
1.837806557203763624e+00
1.837638421820615875e+00
1.830170593111927202e+00
1.829583890027529636e+00
1.817107591192158811e+00
1.808934866366352034e+00
1.797246674816523671e+00
1.777363666417156818e+00
1.768418363737545018e+00
1.763711353153492922e+00
1.757983031491545445e+00
1.746412198084982048e+00
1.744289623378711074e+00
1.738674155368160168e+00
1.736236934319550951e+00
1.721088374749682126e+00
1.719508143287706403e+00
1.710817589845838871e+00
1.704058865194337358e+00
1.692112725795431372e+00
1.677112712192363020e+00
1.671633271926466380e+00
1.666228357927671544e+00
1.644993363414381848e+00
1.635486099523953074e+00
1.623616598744074047e+00
1.622724593281401173e+00
1.618962269922992192e+00
1.616168639855484424e+00
1.606582827011547421e+00
1.601838188238197791e+00
1.596126900117796676e+00
1.576213639986114856e+00
1.572351701236219812e+00
1.568888743346508852e+00
1.558680929254392389e+00
1.545750762879858575e+00
1.542376053651670631e+00
1.534254200600390527e+00
1.523355321945697449e+00
1.516456735014888091e+00
1.515028893707724977e+00
1.511329360090664542e+00
1.510975785869729471e+00
1.504453218925341895e+00
1.492086139623573615e+00
1.479647869821656636e+00
1.466749796965589381e+00
1.463284083175298234e+00
1.455351115171534149e+00
1.447134297206204456e+00
1.439938555036532009e+00
1.435343553022913721e+00
1.431026010212560040e+00
1.411736999776016521e+00
1.409135733145648883e+00
1.402336482995861555e+00
1.395971271662802327e+00
1.387598651247157200e+00
1.382748221709545255e+00
1.379055592022036203e+00
1.367882925788363790e+00
1.367080570132362505e+00
1.364808236618979098e+00
1.351673095406825897e+00
1.345663560743079801e+00
1.340668248253782613e+00
1.333175231794951454e+00
1.321302683937444655e+00
1.313980989644195407e+00
1.311838578238794906e+00
1.305864119430504955e+00
1.294467728553029051e+00
1.279715886219514376e+00
1.273042948979096201e+00
1.270232083197710748e+00
1.259533623111046108e+00
1.249823986687790933e+00
1.242370008185645913e+00
1.236936850782091257e+00
1.235847508076415968e+00
1.227120460518844602e+00
1.220158114259164206e+00
1.218667149950257933e+00
1.208249657052999471e+00
1.200362570736575263e+00
1.187340438159935729e+00
1.185295681978386417e+00
1.173722230046831516e+00
1.170010171040895441e+00
1.165700913920373782e+00
1.160417836254648005e+00
1.147733516210891924e+00
1.142486789918681467e+00
1.132258518873313413e+00
1.121502886172294433e+00
1.114952285837774504e+00
1.108584252215712773e+00
1.105350810224851710e+00
1.098721754005622442e+00
1.093073434872901872e+00
1.091984878087484123e+00
1.087433143312689143e+00
1.073249691030326192e+00
1.073205474531212067e+00
1.067965630160834456e+00
1.064641906700450891e+00
1.050731684921711873e+00
1.047831808732443859e+00
1.040256484151568683e+00
1.035589763597026591e+00
1.021091811929602411e+00
1.019283627987085827e+00
1.013299385268762842e+00
1.011413899197437516e+00
9.947313958163817027e-01
9.928067532902854486e-01
9.824252453615874847e-01
9.823666371282296916e-01
9.774101858856768521e-01
9.642504477243510896e-01
9.617865302252807114e-01
9.545263307972164935e-01
9.421361129875372997e-01
9.396242918403726607e-01
9.384635740690753236e-01
9.326127978547472663e-01
9.257306341045257181e-01
9.212236400583304619e-01
9.142515733691239932e-01
9.030036368132381419e-01
9.000945135937499231e-01
8.912157138829212011e-01
8.836570755628763152e-01
8.767761309710624396e-01
8.705773026866712172e-01
8.664416565252732738e-01
8.541568783383927110e-01
8.479298948507025813e-01
8.456910494889545715e-01
8.402967185078049628e-01
8.344840211762630799e-01
8.263800727985579631e-01
8.197420807197977055e-01
8.181693687316252683e-01
8.064546240096236440e-01
7.966966674011448646e-01
7.945797787400962209e-01
7.869841958907867197e-01
7.837894406240902834e-01
7.828108723050264395e-01
7.762776350230549127e-01
7.683734274683450272e-01
7.589336973480751425e-01
7.515623862297817759e-01
7.455370072096461076e-01
7.398969099928327520e-01
7.381819442846840884e-01
7.289429455861485829e-01
7.246605748506881328e-01
7.155385928163000564e-01
7.078029366486863205e-01
7.075899683721841305e-01
7.038579045778005083e-01
6.925248655125909591e-01
6.894044627291996408e-01
6.838958222743207749e-01
6.823057993828705037e-01
6.747181206445532764e-01
6.744388943547183768e-01
6.592279646155952966e-01
6.585130093361662995e-01
6.496562321480546798e-01
6.458093568601779300e-01
6.416396161117280394e-01
6.369806627576322100e-01
6.249233578740135409e-01
6.202853292371484084e-01
6.131505436646852436e-01
6.127287088842259255e-01
6.040449480225833501e-01
6.022061957798995335e-01
5.976441167303360169e-01
5.845775613506658530e-01
5.824140946469603675e-01
5.719045535438652683e-01
5.621398523591228935e-01
5.562500248273761772e-01
5.526362075413024932e-01
5.523148404281760238e-01
5.485837702975878694e-01
5.477417464999136953e-01
5.377507308608826531e-01
5.341350545704015573e-01
5.208925545363304321e-01
5.188144802955539925e-01
5.114283034102006242e-01
5.096408301595949375e-01
5.018412043766536934e-01
5.010024392469217824e-01
4.947786099351834110e-01
4.809961961409613407e-01
4.754695480267341345e-01
4.739197498067080350e-01
4.658215008762611742e-01
4.620413164605879919e-01
4.607755682104838213e-01
4.546709770116184046e-01
4.474139471366765375e-01
4.451838834166212955e-01
4.405635237135769322e-01
4.392507942758643313e-01
4.292488759806615262e-01
4.289400120602218092e-01
4.234111298780471322e-01
4.211321834069221004e-01
4.107213840694224349e-01
4.093925070255098331e-01
4.030751032276020940e-01
4.029582082657146569e-01
3.927916917406619191e-01
3.907263589728751096e-01
3.897298199824895115e-01
3.873091498463108184e-01
3.800223807128766951e-01
3.745233582442378251e-01
3.711351633573902742e-01
3.634940872334057049e-01
3.602039237492110080e-01
3.555751229185440954e-01
3.492676954991571492e-01
3.477715243834492154e-01
3.451575262728679427e-01
3.415240642756908196e-01
3.381173630730919810e-01
3.347455087090292492e-01
3.318268497296953945e-01
3.259980660400446650e-01
3.244584356997645136e-01
3.178118670498892850e-01
3.077169786509069138e-01
3.052649663978363459e-01
2.994431059796319738e-01
2.891153671268326675e-01
2.868984623834390235e-01
2.852805414191412203e-01
2.838710904214459818e-01
2.826306573963782709e-01
2.729904676771111038e-01
2.677481804982619895e-01
2.647058622884626566e-01
2.529916390967808515e-01
2.517656508477859600e-01
2.434636164110671186e-01
2.426707444802795599e-01
2.397070244350488488e-01
2.384525637813907639e-01
2.364361746464187231e-01
2.356632809121838590e-01
2.283715350520154064e-01
2.254610240654086328e-01
2.243734894874162833e-01
2.193263417532150539e-01
2.140798078789772352e-01
2.124399264312276103e-01
2.098850943943695313e-01
1.989442919262859877e-01
1.975424584219193092e-01
1.947321999692550876e-01
1.938545141332225774e-01
1.864631289413732906e-01
1.833693793251838233e-01
1.818871010883781059e-01
1.736227193859042894e-01
1.721432626028897295e-01
1.713044581106421826e-01
1.668497883434159612e-01
1.666513911751642818e-01
1.628976728117194350e-01
1.604473655808210664e-01
1.578592865161226877e-01
1.574364450869756571e-01
1.547274033534632443e-01
1.479064109036147545e-01
1.461426531375260296e-01
1.414693110080295080e-01
1.405206380494712082e-01
1.337005524244825605e-01
1.327633544702432611e-01
1.311169139836320385e-01
1.271485462212174622e-01
1.218203855709932976e-01
1.211893142509872928e-01
1.203832229519193886e-01
1.139583393571563380e-01
1.109761291290197460e-01
1.105953611169680217e-01
1.060710239821852641e-01
1.029208892695339383e-01
9.807006506854794303e-02
9.697828202778119300e-02
9.494906173327155585e-02
8.853635029568793224e-02
8.847457199175194631e-02
8.636902895877442143e-02
8.357954427236478911e-02
7.916736599279397546e-02
7.584067849098366509e-02
7.340030449654130762e-02
7.265930703534774493e-02
7.121179270570449082e-02
7.110424966863078400e-02
7.050642129022639815e-02
6.839454036088034317e-02
6.426102675663668273e-02
6.070853072044989779e-02
6.035490792108714336e-02
5.828469578213889973e-02
5.781333965593236923e-02
5.263737503270975865e-02
5.097811650668723077e-02
4.795556161526675493e-02
4.785657631449812682e-02
4.518040062566325982e-02
4.289670916597822237e-02
4.071107723579990567e-02
3.962672680635866140e-02
3.670740917301795747e-02
3.516698607501251433e-02
3.436254065481283981e-02
3.014929155323374174e-02
2.860091102295807958e-02
2.839836727471435271e-02
2.512139607114905956e-02
2.387564480427297603e-02
2.359896791043185338e-02
2.152548710021674055e-02
2.063359577494436672e-02
1.936219273074682098e-02
1.920291299744896971e-02
1.749257919351795282e-02
1.550831714994193797e-02
1.463280144202161459e-02
1.367415549944876567e-02
1.243878331394135915e-02
1.201289611614399233e-02
1.030033391332992217e-02
9.908905268075175743e-03
9.593330971229557455e-03
7.634902522426554108e-03
6.300200633662693221e-03
5.558316332511581415e-03
4.922829213818019807e-03
3.075706360124781224e-03
2.581704089365765859e-03
2.368312575027076324e-03
1.915195220051297675e-03
1.350334316657534955e-03
2.306559079091718002e-04
