# Singular values
1.165378802171776869e+02
6.530307020333998480e+01
3.816494872202164146e+01
3.103685302578771044e+01
2.859850576286642365e+01
2.741323577289087154e+01
2.246133529513770100e+01
2.115881178242101868e+01
1.938658547138930288e+01
1.681473564865840942e+01
1.633103427869924218e+01
1.571283512782302338e+01
1.534194916027757039e+01
1.497688691736830435e+01
1.460717249052708056e+01
1.398222886519112507e+01
1.377929275325243985e+01
1.314116189866034823e+01
1.292950630720232930e+01
1.228007436401721364e+01
1.226469226515384037e+01
1.199927589373624137e+01
1.186355829570974763e+01
1.180735761994220390e+01
1.145644261596111413e+01
1.128440146585266568e+01
1.124638943154865345e+01
1.104871204212980906e+01
1.098426531280022544e+01
1.095607554494704772e+01
1.091112731923693957e+01
1.079924423119050658e+01
1.064486073153586432e+01
1.058581802397266536e+01
1.054398363744628853e+01
1.041634956316584137e+01
1.040735393568655809e+01
1.022194575098194314e+01
1.020252298433735838e+01
1.009250791984610984e+01
1.004960024575315458e+01
9.995886809288618835e+00
9.943558958504384648e+00
9.937321475828861495e+00
9.788951370159022503e+00
9.741983804216785003e+00
9.674516858908321026e+00
9.629025370547344309e+00
9.507721123804030228e+00
9.468025243090849585e+00
9.418075589285280103e+00
9.292692224751020191e+00
9.285689846514651791e+00
9.252295679153686336e+00
9.207253994268697284e+00
9.122595478010179448e+00
9.064028692616355798e+00
9.015812005309259192e+00
8.963499755843235661e+00
8.940609825623621276e+00
8.897934366100175296e+00
8.806388340436374307e+00
8.768098759313083690e+00
8.762346425444487608e+00
8.725176377646109316e+00
8.670477971399428441e+00
8.598226986913651615e+00
8.540436919783658709e+00
8.523240477336507581e+00
8.454618123304344479e+00
8.448082180983391254e+00
8.385114871711454754e+00
8.290169852370510739e+00
8.238928444651589800e+00
8.236805253070672350e+00
8.130420073452192753e+00
8.063224390920716189e+00
8.045228490176985048e+00
8.034955686777818684e+00
7.987154761070542897e+00
7.916559493764858679e+00
7.885109033298432379e+00
7.849134154268506691e+00
7.778988770627003113e+00
7.752627696470447027e+00
7.746479157881013933e+00
7.698554351056583478e+00
7.644964300057192297e+00
7.604697594063401844e+00
7.592113036146343141e+00
7.560442083349441234e+00
7.548111125092454188e+00
7.451855979917753281e+00
7.418322557997131028e+00
7.395696679429610398e+00
7.389179376838757030e+00
7.354831730306591986e+00
7.323596556423929371e+00
7.233846334550714019e+00
7.167393028831176238e+00
7.161323843358555763e+00
7.133735179697740847e+00
7.118431929574359884e+00
7.046804768727324308e+00
7.013381896154759154e+00
6.977412952031793125e+00
6.969591354320485266e+00
6.874860238745261753e+00
6.866725476022983443e+00
6.837752927292945593e+00
6.834890719890053035e+00
6.791160035915365434e+00
6.767066352490029857e+00
6.700593428477795044e+00
6.698663937098668697e+00
6.647033604977238497e+00
6.573169874059386686e+00
6.541829294743791046e+00
6.489149099809564447e+00
6.481643031981883851e+00
6.476757389540302334e+00
6.398807224138888472e+00
6.397571052809523984e+00
6.385812278342158699e+00
6.339797605123714597e+00
6.313410170901126328e+00
6.280394997129708834e+00
6.231032376209991952e+00
6.227224404693926019e+00
6.187795833147638369e+00
6.180522121049709661e+00
6.134462972931450153e+00
6.080971135761679136e+00
6.036938850712222582e+00
6.023837455779744054e+00
6.021351397456497168e+00
5.996365934140083453e+00
5.986175719661516403e+00
5.929763339402566835e+00
5.906736165913103243e+00
5.869171353212402131e+00
5.844670686519133795e+00
5.744798210293017959e+00
5.727167487513504796e+00
5.712016224626015770e+00
5.706167347741759599e+00
5.680202196538789217e+00
5.660264288998940962e+00
5.628592059833158245e+00
5.566488497507299904e+00
5.554382078240830189e+00
5.489961787130843263e+00
5.470274365829425278e+00
5.435511730890031146e+00
5.406646352519075549e+00
5.401531555778051441e+00
5.349560995700374022e+00
5.330268666442435688e+00
5.296572248207899847e+00
5.280577392937925829e+00
5.270965194615093274e+00
5.229860238473587053e+00
5.222287249496110562e+00
5.130613021836907706e+00
5.129776367629407474e+00
5.101911279145772582e+00
5.073019638316031532e+00
5.058733896981399525e+00
5.044222328310040915e+00
4.977811990438859802e+00
4.945900098747242346e+00
4.924004855855653950e+00
4.923323483257984634e+00
4.890994921212937108e+00
4.862089057044531870e+00
4.812253733464871175e+00
4.790002711342864927e+00
4.780213306686630581e+00
4.756799906513816012e+00
4.732976210531321115e+00
4.672161493623934625e+00
4.618217456396495280e+00
4.614015509437114027e+00
4.606544432621734408e+00
4.594243619148700830e+00
4.582135496519458506e+00
4.563758786184982874e+00
4.518781920898781834e+00
4.496541522112626588e+00
4.481265684971138974e+00
4.458434560646413303e+00
4.447245044407058145e+00
4.428774136898448788e+00
4.376038983542593463e+00
4.331005193820326227e+00
4.322335152679799286e+00
4.271536422059720728e+00
4.250370746914576614e+00
4.231486732577651289e+00
4.186481844239956729e+00
4.175786000146150201e+00
4.108681144143032427e+00
4.092880514601732855e+00
4.066850278574832167e+00
4.022845354723229683e+00
4.018273934834368788e+00
4.005937636137102409e+00
3.996341922897168164e+00
3.987639609567955379e+00
3.951040184212746720e+00
3.934600460120090126e+00
3.918645407043029660e+00
3.889869302838992571e+00
3.866870219135114528e+00
3.857048318881212357e+00
3.841668008527854283e+00
3.806601699519303494e+00
3.792183526586898168e+00
3.734718483960720814e+00
3.721596920196605929e+00
3.703333066372719085e+00
3.700544570702716030e+00
3.647985923059502422e+00
3.605402760332327539e+00
3.590015992071720508e+00
3.579452734335919484e+00
3.573329081317253575e+00
3.526084481899080192e+00
3.503091229392951256e+00
3.467493421867970049e+00
3.455291062684371806e+00
3.428997439822226490e+00
3.390950071734762261e+00
3.384103391065273581e+00
3.372847013987326115e+00
3.361450305432958974e+00
3.349939276125249332e+00
3.334395316522135833e+00
3.302180857271530545e+00
3.284577936963376299e+00
3.248927017726146893e+00
3.237441630875052656e+00
3.199189092341770735e+00
3.187024667324220850e+00
3.170553075201104853e+00
3.148305853767866314e+00
3.112182317645693530e+00
3.088299658763884903e+00
3.074208882076868043e+00
3.044816417606127867e+00
3.030133425656073243e+00
3.012011413458988152e+00
2.992589383845037698e+00
2.951099196588395923e+00
2.949674407068585857e+00
2.925503813600609071e+00
2.904993474224186745e+00
2.873010691254138216e+00
2.849794697747703331e+00
2.838102622240134210e+00
2.820051296759115811e+00
2.814099720034673346e+00
2.809655549487657389e+00
2.797985218104798832e+00
2.772237068547608541e+00
2.741830343833823402e+00
2.722225596574649575e+00
2.710873781694664864e+00
2.699796751128179295e+00
2.675180872055344938e+00
2.627504638180958363e+00
2.619792905429964236e+00
2.614269098060413299e+00
2.594289460145893234e+00
2.552729286592241298e+00
2.541316357259981284e+00
2.518735180214357605e+00
2.482303094780970110e+00
2.463126508456745523e+00
2.456010917096171031e+00
2.453747440027193250e+00
2.414124608741226030e+00
2.391199531712333570e+00
2.368778373748591015e+00
2.338732095111365261e+00
2.313707237677148587e+00
2.310476608212063798e+00
2.281075753292114872e+00
2.267154179897680422e+00
2.262651627430088741e+00
2.226583648536895055e+00
2.224993852427309626e+00
2.216996536743692570e+00
2.178743467324983474e+00
2.174995660502808459e+00
2.154873911569757716e+00
2.126800354636232626e+00
2.122116713431749790e+00
2.085518856312854385e+00
2.071612311191122657e+00
2.047633366271393918e+00
2.041754400647317613e+00
2.030995653812803781e+00
2.026072030369908461e+00
2.013573698568940085e+00
1.973322580599307097e+00
1.936724740063220151e+00
1.925647536049562625e+00
1.915035897338161819e+00
1.894213784576847193e+00
1.869709612593903225e+00
1.866495789024961161e+00
1.848066556146714889e+00
1.835458031912461152e+00
1.832932206543310238e+00
1.805122238548442670e+00
1.786528975931820584e+00
1.777168415749342145e+00
1.762275718014179704e+00
1.719215897822351735e+00
1.702493701202204335e+00
1.698509738185512763e+00
1.674216358450861808e+00
1.654191309658594955e+00
1.614257169045958840e+00
1.605067054101756874e+00
1.594484500048604536e+00
1.592325746851603663e+00
1.572429374717646100e+00
1.572188397571437246e+00
1.559772389875037968e+00
1.534642970796745276e+00
1.526456663549814241e+00
1.510914574123152221e+00
1.503137240147426557e+00
1.485324302154257037e+00
1.456757325109836687e+00
1.449522189353327883e+00
1.447124920283526572e+00
1.436505389555180923e+00
1.379210619530737425e+00
1.368402656056187938e+00
1.362802896593089397e+00
1.359053738531702082e+00
1.343332852619098183e+00
1.325639122676974369e+00
1.315299219089714367e+00
1.299295225263385367e+00
1.272936445083621804e+00
1.262844573798863834e+00
1.260503678837889385e+00
1.244052517118340528e+00
1.237473006338399406e+00
1.195345451891494992e+00
1.189003311586189549e+00
1.179341627298229334e+00
1.158686964099981953e+00
1.147098324880534648e+00
1.144674560020068066e+00
1.109142843669362222e+00
1.107222956989337037e+00
1.087765679634492333e+00
1.076489952898133318e+00
1.064224868297433124e+00
1.053652523926492002e+00
1.042477534517927573e+00
1.032072314094528931e+00
1.013103026254204897e+00
1.008931453165930137e+00
1.001792892213537511e+00
9.753576400249791556e-01
9.578738946559813838e-01
9.462290696656747713e-01
9.375448686844540802e-01
9.270339480385013653e-01
9.212551143443168389e-01
8.991747078666922910e-01
8.880936327973478761e-01
8.802078857785231580e-01
8.703670444604455492e-01
8.395938954425010703e-01
8.216354541403108058e-01
8.173846668577207097e-01
7.930975084199194391e-01
7.889313167836158325e-01
7.683637429958090070e-01
7.476170082097558511e-01
7.475001408344258413e-01
7.405470581007848052e-01
7.341238448318861964e-01
7.136143491574578057e-01
7.117454370942333242e-01
6.913116036099224981e-01
6.854721598522511838e-01
6.769816236186479985e-01
6.549081884828648059e-01
6.437171234893667160e-01
6.435248897002308066e-01
6.284140408681627710e-01
6.161913235068194883e-01
5.969140064823823533e-01
5.796918383873473912e-01
5.632234829890950811e-01
5.486318110492641731e-01
5.409364499440598717e-01
5.338650944762938222e-01
5.232457459029412616e-01
5.093416932554352128e-01
4.955756348200199835e-01
4.924582361976107547e-01
4.798232922506824871e-01
4.671076045965065759e-01
4.606113569124873908e-01
4.541367905476619282e-01
4.501626423871497584e-01
4.417611104402388578e-01
4.395639600501424216e-01
4.331229020275600416e-01
4.002089042300612243e-01
3.901208122070464746e-01
3.623908004898310775e-01
3.574644372995727792e-01
3.501116659788939822e-01
3.402023988092049978e-01
3.324546067584737141e-01
3.301999153513816565e-01
3.212497682664750553e-01
3.021177390436870502e-01
2.866877224168399851e-01
2.778076299908057156e-01
2.751142366545627493e-01
2.670603886245824232e-01
2.658440645166958438e-01
2.619429563360873292e-01
2.381566813625890511e-01
2.284710341280608015e-01
2.071055185145056765e-01
1.963795805563045282e-01
1.951046363738191403e-01
1.878970884798158436e-01
1.800864726069362487e-01
1.739543244365714114e-01
1.644947051795987436e-01
1.618259929086708904e-01
1.550936390067871595e-01
1.409850144001669470e-01
1.290768923515659694e-01
1.192928396603750024e-01
1.174472525975170795e-01
1.095432322469883091e-01
1.019115611650138614e-01
8.723929623725974747e-02
8.217071494220225258e-02
7.655193327711459772e-02
6.938647086588314861e-02
6.571895888725431956e-02
6.122132630447070512e-02
5.716510349587591855e-02
5.168701977508338707e-02
4.567529222953585488e-02
2.720653426849751338e-02
2.534415717277446051e-02
2.121143627901510287e-02
1.497995056060203410e-02
8.078556442539630567e-03
4.902768164205804392e-03
3.166657349880119040e-03
