# Singular values
9.550980040678430782e+01
8.273453490090346918e+01
5.793937492153838775e+01
4.336584400878193435e+01
3.762491379371633116e+01
3.100262924261584274e+01
2.549284174616887455e+01
2.409496998456336669e+01
2.315196487538770143e+01
2.240161415485637875e+01
2.153595620906435215e+01
1.977888681498341938e+01
1.938612563728694482e+01
1.808294801011525266e+01
1.675417403439158903e+01
1.536499071911941172e+01
1.481971639188255452e+01
1.475508321778585064e+01
1.428041722235586164e+01
1.425410903578615418e+01
1.380703600436764766e+01
1.335054738384411976e+01
1.309058221318447046e+01
1.299693799668236593e+01
1.270316618189294999e+01
1.265159858589046848e+01
1.241360981868530189e+01
1.221031464702189950e+01
1.202954613774150516e+01
1.196784461277069589e+01
1.183116228820864535e+01
1.161148508566554760e+01
1.124329136550409558e+01
1.123092826880009021e+01
1.098605651970890129e+01
1.085907315224287828e+01
1.084917050592117960e+01
1.081201334685475679e+01
1.063134180793762162e+01
1.052850375934925609e+01
1.036381718821014175e+01
1.034275434065480326e+01
1.021640145816606093e+01
1.006065971986501140e+01
1.001686639780282739e+01
9.982617923605854315e+00
9.960531651363048411e+00
9.753678062802647375e+00
9.729085876473753558e+00
9.701273428007324284e+00
9.648754721473357776e+00
9.582766616683080940e+00
9.549184616333555198e+00
9.536836619166352946e+00
9.375100304400714180e+00
9.373867740665891901e+00
9.301392513851412858e+00
9.267697405303538360e+00
9.258763743776492916e+00
9.200162557368226857e+00
9.103219838357157201e+00
9.076373327689825743e+00
9.020959959243326054e+00
8.833287677229810342e+00
8.821264361337776805e+00
8.803425559133017941e+00
8.767536394575200731e+00
8.766993453524031921e+00
8.637793393427884325e+00
8.608675252780262355e+00
8.597285559765442287e+00
8.555107362359976264e+00
8.479083715645932884e+00
8.443022424021455308e+00
8.416929050727471662e+00
8.359515976209197063e+00
8.310678842867693206e+00
8.279253556447702778e+00
8.227994393527717776e+00
8.209882922801400085e+00
8.191232256586220117e+00
8.149322420441874826e+00
8.086974269365446943e+00
8.033758908233462392e+00
8.017970162551684155e+00
8.002669978924867422e+00
7.992818796184354646e+00
7.961068785137719317e+00
7.890431760870414202e+00
7.879638015454709432e+00
7.879289952774970018e+00
7.845759845384957742e+00
7.788689634751342794e+00
7.782936467941699910e+00
7.694897630839848901e+00
7.674020283009521215e+00
7.605340277696664764e+00
7.572018093732249433e+00
7.566028412995022379e+00
7.553583571144355524e+00
7.512372730909735452e+00
7.496538003865228283e+00
7.492763613608034667e+00
7.450507963311418180e+00
7.362905204135664405e+00
7.338060917680340189e+00
7.295571030544699020e+00
7.258457163286771596e+00
7.256035324522520646e+00
7.199646622462314127e+00
7.182811562758572244e+00
7.180980323572835999e+00
7.164334354639062319e+00
7.103380613303832192e+00
7.078920574349552908e+00
7.075824543030432956e+00
7.028057315336798894e+00
7.013898964375434808e+00
6.980212702426263682e+00
6.969636730057854557e+00
6.913936300163829429e+00
6.858611795704602443e+00
6.838722371424817759e+00
6.799416282312400028e+00
6.795154805903283801e+00
6.730796746568026734e+00
6.698962849772496675e+00
6.698731830540258336e+00
6.658258322949315300e+00
6.616754447535516448e+00
6.603508334129524648e+00
6.600868850657549025e+00
6.534316809576615981e+00
6.517172691362732806e+00
6.490692747468085777e+00
6.468715818974907883e+00
6.450811308822938628e+00
6.436794853064716548e+00
6.409471015699060636e+00
6.403594109717128724e+00
6.358473283655784236e+00
6.344792871659095113e+00
6.334317754496503916e+00
6.302196336538483656e+00
6.282846254987662249e+00
6.206726119898741345e+00
6.196549935983193258e+00
6.190478605982892901e+00
6.167614682897412770e+00
6.146559758679948970e+00
6.141405886622426813e+00
6.120967480585345122e+00
6.115211589929901770e+00
6.097918750261785092e+00
6.019884960878536972e+00
6.012335251301136552e+00
5.975290434875888401e+00
5.974886524143829369e+00
5.946457987112230725e+00
5.939396031450343116e+00
5.931312545711849182e+00
5.890809568199604662e+00
5.870693042109269122e+00
5.842190189850058779e+00
5.814205238417946120e+00
5.793862057399206122e+00
5.758234778185205016e+00
5.747963393948504418e+00
5.744515002385816693e+00
5.742150876553697714e+00
5.724986266778881117e+00
5.710297192666608623e+00
5.668395590185956401e+00
5.653542030180235045e+00
5.643031636274001173e+00
5.591263930973367380e+00
5.560417973834950622e+00
5.529000657581455869e+00
5.511402904367623812e+00
5.502421284567873272e+00
5.475694168040575072e+00
5.448438105612242843e+00
5.432034252335705915e+00
5.423345751442239404e+00
5.402934139638920108e+00
5.382622381250468102e+00
5.348253343739499677e+00
5.330645653334945777e+00
5.323066461902017821e+00
5.297455188606823739e+00
5.285525939059404266e+00
5.269259840459501021e+00
5.257576954678134129e+00
5.230862684892508163e+00
5.206551321051358094e+00
5.202292310700480371e+00
5.150966070585512924e+00
5.146334478193746342e+00
5.129300357429372959e+00
5.103207829367665482e+00
5.102963520574435918e+00
5.054282037552686901e+00
5.032472911466704169e+00
5.032329658728952104e+00
4.993183954904114152e+00
4.977954740331925088e+00
4.958647360841527352e+00
4.949331956607090355e+00
4.938637354042180405e+00
4.931992520684398862e+00
4.899429639544578663e+00
4.885529923366295435e+00
4.880151603136327232e+00
4.861912169366237713e+00
4.835209777233734130e+00
4.816310974319502947e+00
4.802755239120928721e+00
4.776106720341637413e+00
4.770754978131875212e+00
4.760721406133915146e+00
4.740918357005304173e+00
4.690802181444395202e+00
4.675432706679589323e+00
4.668116315461542598e+00
4.655309349834405808e+00
4.634612622702526608e+00
4.604771547585691849e+00
4.589090395161504965e+00
4.566122831839395602e+00
4.554256156504460584e+00
4.553608427068362552e+00
4.540677367835637135e+00
4.514135751871110713e+00
4.490191972139762733e+00
4.462814024374790911e+00
4.440003784349994653e+00
4.429010427871533651e+00
4.421691567427452618e+00
4.405754783785551076e+00
4.391577378414969424e+00
4.376824718186804297e+00
4.365403284349744339e+00
4.361224460494319999e+00
4.326853684886751594e+00
4.310322811182707881e+00
4.285386826706194086e+00
4.272239909419135451e+00
4.271967379064443904e+00
4.247921296890893039e+00
4.247825100500557838e+00
4.210219609581093536e+00
4.207044920311053815e+00
4.197361674707900114e+00
4.193643143444858445e+00
4.183832291967513051e+00
4.164646288086957249e+00
4.145934447230186670e+00
4.140878194266215395e+00
4.138430115412178978e+00
4.108799856941597994e+00
4.080830948238457268e+00
4.077423963611467528e+00
4.070212022868669344e+00
4.047921114634847939e+00
4.037258153478243905e+00
4.027768245924292501e+00
4.008067019076680282e+00
3.997098954458535580e+00
3.962524326696614807e+00
3.960126840052305752e+00
3.912793868791056173e+00
3.911173137480331352e+00
3.910581160905905573e+00
3.897117523008182260e+00
3.880766697761421469e+00
3.863174664571424000e+00
3.860771657840156745e+00
3.839999716073121849e+00
3.830602009203714520e+00
3.822884820467552291e+00
3.777313555563178493e+00
3.768109529242948952e+00
3.759587585986324143e+00
3.749886660380371328e+00
3.734656406999099953e+00
3.723937688384357791e+00
3.696279662243849629e+00
3.677492415850303065e+00
3.653088720349523033e+00
3.649945308383728104e+00
3.644747816638803428e+00
3.623797840211828269e+00
3.617227398723081855e+00
3.593848754864869655e+00
3.584797489122854230e+00
3.584753187255734996e+00
3.567605382291987759e+00
3.557004911651222123e+00
3.519813584735294487e+00
3.507364874915487096e+00
3.502812672462939148e+00
3.490569987152015941e+00
3.471712500375843113e+00
3.458041375461801348e+00
3.439777773936041338e+00
3.437984294088832105e+00
3.425614473760106637e+00
3.404824659197075665e+00
3.391724799423816439e+00
3.371329966079597895e+00
3.359660001547716934e+00
3.359346030539013928e+00
3.340942936640787231e+00
3.335774522282217713e+00
3.322114868486079065e+00
3.306753431312893454e+00
3.302425610810646894e+00
3.279715560351645021e+00
3.274994030958104485e+00
3.256044131317016976e+00
3.246350116231191851e+00
3.235075761146998019e+00
3.228737284135531294e+00
3.206416618404315688e+00
3.189159328541632199e+00
3.171634965467597489e+00
3.165507864943831517e+00
3.157522965057683262e+00
3.153554605517930209e+00
3.127857373966835386e+00
3.121976356798431773e+00
3.107130397002056732e+00
3.095136302218206570e+00
3.086947118213616115e+00
3.073081132728718856e+00
3.053273227238554988e+00
3.048436030409100717e+00
3.033833592181461203e+00
3.023199102567196483e+00
3.005271200867913883e+00
3.001574982837222016e+00
2.982377751656911435e+00
2.976543192022628848e+00
2.964597333277285252e+00
2.955730997177011155e+00
2.940299907553843628e+00
2.923292792765398218e+00
2.922322543832956310e+00
2.916236509180878400e+00
2.898603327152213360e+00
2.897408365138744113e+00
2.882080245405756802e+00
2.870511298394345712e+00
2.865023344044600240e+00
2.855656450106370592e+00
2.822302723442065009e+00
2.819737432465772464e+00
2.802357161853535228e+00
2.788147626558118652e+00
2.785918807035779654e+00
2.783206482183756769e+00
2.744931554124474982e+00
2.735075350113655990e+00
2.726950750854348460e+00
2.717774193091340162e+00
2.701533361421143198e+00
2.696767041698766132e+00
2.676466204278235672e+00
2.665475132933045721e+00
2.661492947441938206e+00
2.656557218357129546e+00
2.652712713772051423e+00
2.636677994190301799e+00
2.628869698965917046e+00
2.621410306243256549e+00
2.609890502137041768e+00
2.606318291334634996e+00
2.585536159456177430e+00
2.579212149342009042e+00
2.567038655157545257e+00
2.559991090388775703e+00
2.558006955519243064e+00
2.527089720941718021e+00
2.515551982514010909e+00
2.513803558490782741e+00
2.504740499684656729e+00
2.503192108302890073e+00
2.475457514103594381e+00
2.472994352522563055e+00
2.454875224729767158e+00
2.429977502045250759e+00
2.429911813312170654e+00
2.421475840989693484e+00
2.420588836696023094e+00
2.413465446191895403e+00
2.409429294304024527e+00
2.395299302351922677e+00
2.389482561802610316e+00
2.384984028489993690e+00
2.367314815151645213e+00
2.349316643082273171e+00
2.344035944049071674e+00
2.321511737511461337e+00
2.318079743181188590e+00
2.308398034378845942e+00
2.286261319356591493e+00
2.281060187004734452e+00
2.277814897979451914e+00
2.267446112035974792e+00
2.263170019988957726e+00
2.262011808571772864e+00
2.242209632773802142e+00
2.238327810990788258e+00
2.217924569080103936e+00
2.210496679188298508e+00
2.202185339342957349e+00
2.196511185649107301e+00
2.180589614368514617e+00
2.179388200465225189e+00
2.172723265020773287e+00
2.149288364877651514e+00
2.146779566973364251e+00
2.139520898486714895e+00
2.110013314610789781e+00
2.102602694926988924e+00
2.091849525796372067e+00
2.087987142488013870e+00
2.077640939960236910e+00
2.061445224868518444e+00
2.058322825184347948e+00
2.053582401589748585e+00
2.029586403389285199e+00
2.025827100664713498e+00
2.010033353457915783e+00
2.003828309771842342e+00
1.999637675748898724e+00
1.991723508572416090e+00
1.973813642092827836e+00
1.960118412676440602e+00
1.958939235393473588e+00
1.951684855113315464e+00
1.936048860451593301e+00
1.931212134042990636e+00
1.925119135701456097e+00
1.909343551593714716e+00
1.904678729216588984e+00
1.886679969032924120e+00
1.866638432600105313e+00
1.864432225525134657e+00
1.854107752092994943e+00
1.841374216481832304e+00
1.837693499039891432e+00
1.827960985437932839e+00
1.824011116639624674e+00
1.819417947125785417e+00
1.811179655130750854e+00
1.809551345591484672e+00
1.793251691798828595e+00
1.791204686016763636e+00
1.781459759703589052e+00
1.771298176501951760e+00
1.763349056227155875e+00
1.754786223951396051e+00
1.743568584367533481e+00
1.742573436620209026e+00
1.733101798046221109e+00
1.731042820506965452e+00
1.709193053290223974e+00
1.703728268709481464e+00
1.692545720137230703e+00
1.681646772521888655e+00
1.675240138104712173e+00
1.673165236633022079e+00
1.662949900808079251e+00
1.657346041130920211e+00
1.638726299926483110e+00
1.633989493334804255e+00
1.623205191048090246e+00
1.611955825582191304e+00
1.602166961556759084e+00
1.601346606785737814e+00
1.594952791039483619e+00
1.589227683803978275e+00
1.572304840955568439e+00
1.569814917857440761e+00
1.565324442723349030e+00
1.565306206877425721e+00
1.556296512280351596e+00
1.550863684053213287e+00
1.543579434557019070e+00
1.533149845829862912e+00
1.524219583151285251e+00
1.509330244391835718e+00
1.506769017466420335e+00
1.499831906725751063e+00
1.487662573972930335e+00
1.481720940362523331e+00
1.473515156441683294e+00
1.465217497171184879e+00
1.455132304527722686e+00
1.446537477796865812e+00
1.444731885366530078e+00
1.438851934936371979e+00
1.434847655297405211e+00
1.433106720964889336e+00
1.419576020942921568e+00
1.419324751838523024e+00
1.409200164916738496e+00
1.403540487884848309e+00
1.401920886563671420e+00
1.395430869683795150e+00
1.376832272077401109e+00
1.373576587633187573e+00
1.365742413189102944e+00
1.364493987780106998e+00
1.344424966636402763e+00
1.336512730886296740e+00
1.335028973403133978e+00
1.327247330425214811e+00
1.319449719248382724e+00
1.316653901383518344e+00
1.308172699068670397e+00
1.297784882284606311e+00
1.296091907433204682e+00
1.281385161412906593e+00
1.270833422582591909e+00
1.263133850402919922e+00
1.257332967569547932e+00
1.244156550118393989e+00
1.240145716216225713e+00
1.235379967149288216e+00
1.231775228110709941e+00
1.227368472642325514e+00
1.219232726075612616e+00
1.214034787728999198e+00
1.205556352453585944e+00
1.197087002565790925e+00
1.191050058406329715e+00
1.184517231938176263e+00
1.180495478879726612e+00
1.177197341701407662e+00
1.169096759897659155e+00
1.165793813590652483e+00
1.159837456854972748e+00
1.149150880545705133e+00
1.142315113436563223e+00
1.141252284595017263e+00
1.126795451707317097e+00
1.123088317169314454e+00
1.120838321193762255e+00
1.106330520457883049e+00
1.106111509239688484e+00
1.095241554519982508e+00
1.072474080839685984e+00
1.070390411141804776e+00
1.060836382222569485e+00
1.060533837284191483e+00
1.054293324426684997e+00
1.053036227838436867e+00
1.038840192288921882e+00
1.033258424485554716e+00
1.029841972915921611e+00
1.026875950173318897e+00
1.021206979674569304e+00
1.015621567122667157e+00
1.006095621036709797e+00
1.003725156537448093e+00
1.003423686511396795e+00
1.000835503996524878e+00
9.922517413302293088e-01
9.771683545953901984e-01
9.733567687537147961e-01
9.675446989896009375e-01
9.650455552541087334e-01
9.615365027615200288e-01
9.537156099352055438e-01
9.452136294316111353e-01
9.387562516890757269e-01
9.340666703534441506e-01
9.303777086117620554e-01
9.263004462778250403e-01
9.188216548078143031e-01
9.120593843177794424e-01
9.005429761805652245e-01
8.999133152751314091e-01
8.913903305449071279e-01
8.749780292533658743e-01
8.685865968546098159e-01
8.643168351109183911e-01
8.639565655928835852e-01
8.618652437642940756e-01
8.586184200896236351e-01
8.476769740589178426e-01
8.436271505593749831e-01
8.366540687368602125e-01
8.310855375516602583e-01
8.178028122027659608e-01
8.102326557749729430e-01
8.073730563251592107e-01
8.053449464396699176e-01
7.902756834162789623e-01
7.877201486190303914e-01
7.797010763734655292e-01
7.761183157586801773e-01
7.726121073227487646e-01
7.703502724637981691e-01
7.596004616633322826e-01
7.513119772722375300e-01
7.449897251109672824e-01
7.436788417940328744e-01
7.386387460048744469e-01
7.337517992155497826e-01
7.285843835198788643e-01
7.251138423845795433e-01
7.164158447793842477e-01
7.125821025175841372e-01
6.966784885291167351e-01
6.907568623698051580e-01
6.796459988312678613e-01
6.785962951777471108e-01
6.651190601097060062e-01
6.625994872541143277e-01
6.576289609854787388e-01
6.506323444586916693e-01
6.468768953864376670e-01
6.443763334893458650e-01
6.443346271150518501e-01
6.405623206704083028e-01
6.281359157143199257e-01
6.243207997363007244e-01
6.239964954019561194e-01
6.177437890714044810e-01
6.148151058932668223e-01
6.101288259160151384e-01
5.939134986777339087e-01
5.889946185349539398e-01
5.848428927469651040e-01
5.835380712608949638e-01
5.699067353290431237e-01
5.637746422822071946e-01
5.599707444959656222e-01
5.472483836524904000e-01
5.446791125528006594e-01
5.423657747570361787e-01
5.413547499902733318e-01
5.349508634899028392e-01
5.281274360623392505e-01
5.268507981541403762e-01
5.122950413897275901e-01
5.078424100908233152e-01
4.992331965777468405e-01
4.924147317187402839e-01
4.899449885335194210e-01
4.854261356408842154e-01
4.812706974797343329e-01
4.749190632461297579e-01
4.693765412979947760e-01
4.591283183992588279e-01
4.501173345463613806e-01
4.464015916413039409e-01
4.418520443880377679e-01
4.396304431966004955e-01
4.353021796580390235e-01
4.343476742620051567e-01
4.305845038576022743e-01
4.296331659699789141e-01
4.151861432792050000e-01
4.101877292204478831e-01
4.034862661173206355e-01
3.952140105417419891e-01
3.951654509924394376e-01
3.926395559673763747e-01
3.832917680567655694e-01
3.748145265790699954e-01
3.686617299926367441e-01
3.651887429447404076e-01
3.617452732035414953e-01
3.615214142550159937e-01
3.586890080799238212e-01
3.538538628370104799e-01
3.438554342423606469e-01
3.332687531776192258e-01
3.328721637392155208e-01
3.318923905832898424e-01
3.242929549545760515e-01
3.217113877334754068e-01
3.188531432296844437e-01
3.168051085718850413e-01
3.154786523931950026e-01
3.041596320831830291e-01
2.945573891593943894e-01
2.944549570164223251e-01
2.840414073338203838e-01
2.837884696058980971e-01
2.761344859313302758e-01
2.747147752974675172e-01
2.737638179654389159e-01
2.715545753020244257e-01
2.692536552538859485e-01
2.582805528567668762e-01
2.499079936865083729e-01
2.452379977906841146e-01
2.420910272171032940e-01
2.408872648091268109e-01
2.360306186992926214e-01
2.345433200824275366e-01
2.256851336415473253e-01
2.221581918640790354e-01
2.185087031175264038e-01
2.180723293281004171e-01
2.116752254806547051e-01
2.082606635293599850e-01
2.016298704211242077e-01
1.997404296415898894e-01
1.946589112706818836e-01
1.896210053831654530e-01
1.858721955757536015e-01
1.796116356370228151e-01
1.786614611663126795e-01
1.675710961621827977e-01
1.614638618222784261e-01
1.583017770685127557e-01
1.530624124430253197e-01
1.453145406185077926e-01
1.446084899418498548e-01
1.421845567797390408e-01
1.390681412525688332e-01
1.310149867063009621e-01
1.280201602253938920e-01
1.253564896859921118e-01
1.237385711959664014e-01
1.216225121718230440e-01
1.176083730345810485e-01
1.117693545732738603e-01
1.102747257829572863e-01
1.020709067848479396e-01
1.001503404363432298e-01
9.743477936736516520e-02
9.646498890328118747e-02
9.037468259815543969e-02
8.462988289746392612e-02
8.238426929616850247e-02
8.097619619466239760e-02
7.370789763997168120e-02
7.154050011138954335e-02
7.033532393885652545e-02
6.863635224306886828e-02
6.292196915305689475e-02
5.990891491896722237e-02
5.833717333017945927e-02
5.570034482455116925e-02
4.917173433587934683e-02
4.884551576046256005e-02
4.143624466864712780e-02
4.050048879975201577e-02
4.017639564064641455e-02
3.689963039989666016e-02
3.534310013858889266e-02
3.297311532330938350e-02
2.900819805246607555e-02
2.751783526197337099e-02
2.594804333144394223e-02
2.422441857309205401e-02
2.398480784737511140e-02
1.861216711264251575e-02
1.786297911668393440e-02
1.384923784521156602e-02
1.354969217166949146e-02
1.164427791979922959e-02
1.073561684605223512e-02
8.319835813693476564e-03
6.905063399397995058e-03
5.112224669648687478e-03
3.296398811484399071e-03
3.118875394958784981e-03
2.846121675250830037e-04
