# Singular values
3.347793499054322552e+01
1.335912661213914276e+01
1.063685467691767528e+01
8.956471564933087492e+00
7.432431972612890014e+00
6.919001082717601392e+00
6.392976520541938434e+00
6.078412595242363992e+00
5.972390672356225672e+00
5.540658189855102833e+00
5.535848556127713316e+00
5.384099355235878903e+00
5.194188796278489839e+00
5.100639211859694377e+00
5.096421869776361468e+00
4.796536254862029836e+00
4.712572412169388159e+00
4.504289333104359194e+00
4.486991969188099283e+00
4.384839151294250392e+00
4.318642672770714341e+00
4.103480479436890427e+00
3.968264551110114446e+00
3.946957786534777579e+00
3.820500271156518579e+00
3.766733754408823742e+00
3.761760796871001400e+00
3.593085730669861810e+00
3.546674834766491813e+00
3.441439686777574725e+00
3.306388355154225245e+00
3.289374193757307996e+00
3.123481985608067557e+00
3.118086271047900482e+00
3.064386366968570474e+00
3.011802858324235554e+00
2.982795723073248251e+00
2.903784807975390070e+00
2.776174785988292371e+00
2.731892536591479459e+00
2.706973459085036282e+00
2.623734990890874919e+00
2.614225165855396327e+00
2.524811481074108244e+00
2.522563892131175045e+00
2.390674082669947964e+00
2.341264682179660106e+00
2.199493781074751908e+00
2.141049169171908684e+00
2.104908270400412729e+00
1.968769055825641212e+00
1.957676699605439108e+00
1.949115198957406259e+00
1.835407442777931220e+00
1.762680348222346094e+00
1.726380487128628793e+00
1.715428559316932056e+00
1.626897783844976741e+00
1.594412847268842803e+00
1.561882290105647497e+00
1.527176839525200336e+00
1.498144055112763162e+00
1.356256268032242973e+00
1.332181305459186227e+00
1.305267873907156373e+00
1.299545299294973866e+00
1.215821873107323814e+00
1.076758884626920931e+00
1.051690642248807039e+00
1.043649557827613705e+00
1.003825107300422737e+00
9.889679201744910886e-01
9.243525964218376467e-01
8.614835760909019813e-01
8.302985050670182998e-01
7.863988822493047648e-01
7.319353584821286507e-01
7.018182426020052045e-01
6.515917670375277471e-01
6.341946948232136672e-01
5.540393078453605957e-01
5.484526110550134170e-01
4.781444982732364068e-01
4.780897493904076589e-01
4.620210389050500854e-01
3.942237626840786047e-01
3.168818025908973213e-01
2.660790734910669642e-01
2.574775479316420146e-01
2.132348783906994893e-01
2.101059738301080670e-01
1.793821585839975030e-01
1.191485805620302596e-01
9.324850286476570049e-02
7.729839571550362054e-02
5.771576527507642218e-02
5.700922685749051227e-02
2.579818778619211161e-02
1.911320754631457008e-02
1.560290081749549605e-02
7.537426056225752201e-03
1.552014341195576347e-03
