# Singular values
3.268426170397815440e+02
1.871627949542877332e+02
1.709688407933451231e+02
1.224430826823326015e+02
1.011930276944158322e+02
7.466005877530628254e+01
7.417439483721013005e+01
6.647214275839253617e+01
5.755746328834836589e+01
5.211731402845177996e+01
5.039542036004751679e+01
4.952384695209463672e+01
4.908044904532785324e+01
4.769091734483768619e+01
4.687729812485111580e+01
4.550491501166828101e+01
4.392296254361765051e+01
4.201085014448685229e+01
4.026542104013876155e+01
4.004985080364679106e+01
3.904951083712716553e+01
3.803887868757333734e+01
3.725250362993067199e+01
3.555469929719817657e+01
3.515733960692650584e+01
3.449507955574824791e+01
3.437035035773168801e+01
3.372444473242344287e+01
3.311363125722072454e+01
3.255226604314333372e+01
3.237783120907010925e+01
3.218277683748208062e+01
3.147624338075511119e+01
3.094730670701187947e+01
3.081079476390428340e+01
2.991672251899861834e+01
2.922569207480901454e+01
2.900518664650569889e+01
2.889844539469612172e+01
2.858259084900267055e+01
2.818899152384989293e+01
2.786976356109321529e+01
2.741443823353797526e+01
2.735797723059679143e+01
2.700149519643915497e+01
2.656446448595451315e+01
2.649151379190720235e+01
2.634370996250033414e+01
2.589529525410405597e+01
2.575093683043238713e+01
2.545372773454920434e+01
2.543760237979251215e+01
2.503232111408355109e+01
2.440073175593984800e+01
2.433117286670269053e+01
2.430134506853281451e+01
2.417449502003979234e+01
2.401794464973266940e+01
2.387845150836373165e+01
2.368828420680427271e+01
2.338210367981958271e+01
2.336116256640995203e+01
2.320409276252959430e+01
2.316060507226851328e+01
2.268193624958360743e+01
2.265001098528111712e+01
2.249068567232489002e+01
2.245719017456650235e+01
2.240633425153418301e+01
2.239513170635298067e+01
2.221990480958560354e+01
2.215807344775694077e+01
2.204881529169601251e+01
2.188144808377633765e+01
2.174955367632770731e+01
2.168766543007401637e+01
2.155093309131916257e+01
2.154587634108409233e+01
2.140098929599315980e+01
2.133980793125337527e+01
2.121623443064543579e+01
2.110996745934792429e+01
2.099620429672084398e+01
2.097742648798512732e+01
2.094392129312323902e+01
2.063955220521470935e+01
2.058835922745021207e+01
2.055714341151561797e+01
2.051692161587894248e+01
2.047666950572158484e+01
2.039015534890384274e+01
2.036661373269195963e+01
2.032391197657231174e+01
2.031861563237075430e+01
2.025277741819636290e+01
2.014360790854638239e+01
1.994110362616130772e+01
1.990553230453529210e+01
1.984152327910567593e+01
1.981627477750207333e+01
1.966764272181675111e+01
1.961442607702105079e+01
1.960185325606066087e+01
1.949522639226744403e+01
1.944381056296061772e+01
1.940037363038173623e+01
1.934645528648215063e+01
1.931902421232802425e+01
1.922861407020359792e+01
1.920191422783043578e+01
1.915606282333959598e+01
1.911183529872887732e+01
1.894118105511639527e+01
1.891760365801039967e+01
1.887597860695605334e+01
1.882818060559261042e+01
1.878969209957976005e+01
1.878635880378117307e+01
1.871397915575846937e+01
1.869412768500130184e+01
1.869250187656700746e+01
1.862090863848432676e+01
1.852596753544299091e+01
1.850870471310117793e+01
1.843708677793205197e+01
1.840465640655881430e+01
1.838504561264166881e+01
1.834151005971103388e+01
1.831990323374112251e+01
1.827254831989472095e+01
1.823089723804139339e+01
1.820730881575509841e+01
1.817620868501853337e+01
1.810521970295738825e+01
1.805572856308394947e+01
1.804643888323233369e+01
1.797997685519598932e+01
1.794686188909608404e+01
1.793117107609687366e+01
1.790922247756736141e+01
1.785619930534380373e+01
1.785431999051356300e+01
1.783870695126586980e+01
1.782631933299826699e+01
1.773150628050309052e+01
1.769329954091510260e+01
1.767679541331110826e+01
1.766345237250301992e+01
1.756904693292963415e+01
1.754888928033140161e+01
1.753493161722069971e+01
1.750822679177584362e+01
1.744590444058555079e+01
1.744494131952718519e+01
1.743361320109314505e+01
1.733508119656839952e+01
1.731455634172564828e+01
1.726706612841265098e+01
1.724465385533548556e+01
1.721693110414433647e+01
1.718994889576383400e+01
1.713778428602953596e+01
1.704550100041092620e+01
1.698949992582058854e+01
1.696681486357277535e+01
1.694687432440562347e+01
1.694184933453215081e+01
1.693500651659819667e+01
1.691663864739699008e+01
1.688596486785195339e+01
1.688458096098603534e+01
1.683716486757320752e+01
1.681011183677664533e+01
1.678386635280091355e+01
1.674472045553096677e+01
1.666680052929012135e+01
1.663465453755583212e+01
1.661337219865647796e+01
1.657791534885260276e+01
1.656754120594198554e+01
1.649897474407243081e+01
1.648479381754177808e+01
1.645001395500521468e+01
1.638703812611554866e+01
1.633831791449919990e+01
1.632858072488177470e+01
1.627634920772852212e+01
1.626011629046912432e+01
1.622464351781660241e+01
1.619312293356875898e+01
1.619186864565079631e+01
1.618089184280669812e+01
1.614993787019426463e+01
1.611958229436482526e+01
1.609809741779982417e+01
1.607042865279096944e+01
1.606150576273903141e+01
1.604060353877368783e+01
1.603224473612874235e+01
1.598516407194789579e+01
1.593859261555420481e+01
1.591212738158299089e+01
1.584415747542514374e+01
1.582862743309712350e+01
1.582586919142859827e+01
1.580935947663023100e+01
1.578400836892702053e+01
1.577089292623965378e+01
1.573158174512332863e+01
1.570838957298136584e+01
1.562816768006955392e+01
1.562264147111713086e+01
1.559321269367832308e+01
1.558809487145583184e+01
1.558805400870749480e+01
1.549644446501404182e+01
1.549147522757007955e+01
1.547075291991548873e+01
1.544975304684610684e+01
1.543513948088231125e+01
1.538709704004015322e+01
1.536549008117859572e+01
1.535026190916172695e+01
1.531841446402602713e+01
1.528901460731259832e+01
1.527570657257757780e+01
1.526342233212081112e+01
1.523035061088907582e+01
1.520937673589814843e+01
1.519597439023544716e+01
1.516947982284861496e+01
1.513117887666539474e+01
1.507353121391847850e+01
1.504927381938637865e+01
1.504448703347880389e+01
1.503048662033324057e+01
1.498996756570257638e+01
1.498564504334809477e+01
1.495566509306637393e+01
1.492178541805790459e+01
1.490636461469277485e+01
1.488206988591934987e+01
1.486077740790823043e+01
1.484609676807506240e+01
1.483466690417674450e+01
1.478367697888640819e+01
1.477877047872926397e+01
1.473204570402322489e+01
1.471546707507059715e+01
1.468454922501936366e+01
1.468332996801957790e+01
1.465469770749882272e+01
1.459531700866193660e+01
1.457918543556300328e+01
1.457271890912267409e+01
1.456284054743630385e+01
1.455272162760453902e+01
1.450068316431698889e+01
1.446345762665161061e+01
1.444334391850802746e+01
1.443113615496435287e+01
1.441795753009891179e+01
1.439758921593445606e+01
1.435449989526640735e+01
1.434756570416664800e+01
1.433294130312475900e+01
1.432908710439409639e+01
1.428750504814431110e+01
1.427441634551352223e+01
1.424307088987882430e+01
1.422403597735737613e+01
1.422269280059947860e+01
1.417774431200574270e+01
1.416731224025461167e+01
1.413234763915330738e+01
1.412981278539625762e+01
1.407492828552741493e+01
1.405802218979276397e+01
1.405511262972996001e+01
1.402114800184023125e+01
1.400429206523905634e+01
1.397192165842260181e+01
1.396144699025217939e+01
1.394992772741363574e+01
1.394771713234820254e+01
1.387987854342548388e+01
1.387824357444857348e+01
1.387318940533605272e+01
1.384395553674406720e+01
1.380671910741057040e+01
1.379116061467442300e+01
1.377252688905813649e+01
1.376721212330729749e+01
1.374920611888128263e+01
1.371005652210911485e+01
1.367133282011805129e+01
1.366142444530512812e+01
1.365347878939641824e+01
1.363801317244109335e+01
1.363231369532940818e+01
1.362985116532992791e+01
1.361422796477486941e+01
1.356412038371657047e+01
1.355255870620622360e+01
1.352081456007929106e+01
1.349176722468901524e+01
1.347568096890029032e+01
1.344675407245290266e+01
1.343767141889303751e+01
1.343169442033034500e+01
1.343105467879063752e+01
1.340689948351071159e+01
1.337921941174668206e+01
1.335159799190357433e+01
1.333602956899966507e+01
1.333011846272128942e+01
1.328835313961354103e+01
1.327500816437757969e+01
1.327159299097953848e+01
1.323876990998961922e+01
1.318573514867256868e+01
1.317804883246255265e+01
1.316542065607392509e+01
1.315778487924029250e+01
1.312456802259234223e+01
1.311925166461613657e+01
1.310262752219223614e+01
1.309853510876733651e+01
1.308838189170004718e+01
1.305312218360935717e+01
1.304573486331194232e+01
1.303707545365616127e+01
1.299240611420869307e+01
1.295441077489216752e+01
1.294572522827096250e+01
1.292920044478742980e+01
1.292492899638750004e+01
1.291149511997330457e+01
1.288970885962399748e+01
1.286297550295149783e+01
1.285654647472412826e+01
1.284907584935328195e+01
1.283301556716187442e+01
1.280793019257514587e+01
1.277229639562974839e+01
1.277102817515109479e+01
1.273653023825554165e+01
1.273599124059928478e+01
1.272504126705398342e+01
1.269670776822165692e+01
1.267961728915813069e+01
1.264682780330925382e+01
1.264003008085964552e+01
1.263672924953591270e+01
1.261020151739754702e+01
1.259896127122620513e+01
1.258306146551566584e+01
1.255188985205160002e+01
1.252853673850346006e+01
1.252745730669875179e+01
1.250415635931068614e+01
1.248268048850636092e+01
1.247878312334756501e+01
1.244698947296732605e+01
1.241548533743741523e+01
1.238157424634490944e+01
1.236865150412859293e+01
1.234955238987696902e+01
1.234285554226086923e+01
1.232268103714753416e+01
1.230978834569736691e+01
1.225725405261352385e+01
1.225609151726863466e+01
1.223092731384824283e+01
1.221995884694854695e+01
1.221593088268338612e+01
1.220853951805830206e+01
1.220095209858991403e+01
1.217934474959294100e+01
1.215346579990694842e+01
1.213576044977529378e+01
1.211804708901126659e+01
1.210867597718024591e+01
1.210841235472089039e+01
1.208933395320367765e+01
1.207673254837957444e+01
1.205243253618342081e+01
1.202144622374346206e+01
1.201553923277249680e+01
1.201447295557883699e+01
1.200757367686793309e+01
1.198881328070589980e+01
1.196143522404153536e+01
1.195554600035370463e+01
1.195320346802641254e+01
1.193746431498148119e+01
1.191248807363713702e+01
1.189057858513564625e+01
1.186675057738400518e+01
1.185780723027329309e+01
1.183011228310633989e+01
1.182852131514152560e+01
1.181493620511283282e+01
1.180077517701319856e+01
1.180010024163074789e+01
1.178344853841076301e+01
1.176982609581725114e+01
1.176907650640317016e+01
1.173347146238916316e+01
1.171827827174220182e+01
1.169797529222496735e+01
1.167491187567057231e+01
1.166729390836962743e+01
1.165435013518878193e+01
1.165017018297323226e+01
1.162747245147223829e+01
1.159259914225187238e+01
1.158691790353574369e+01
1.155241097298673481e+01
1.154928267309431966e+01
1.153550248192102856e+01
1.153245222033723216e+01
1.152769308849653207e+01
1.151284535591627289e+01
1.150070887981461176e+01
1.149311764227598331e+01
1.146927749121952189e+01
1.144723588775222289e+01
1.143296983874930106e+01
1.141593672661718983e+01
1.140783590752841903e+01
1.140467201393176033e+01
1.136987256072047003e+01
1.136903080226260165e+01
1.134548210598860685e+01
1.134526691923932340e+01
1.132854585679532278e+01
1.130350990099952924e+01
1.128634759707024493e+01
1.127495680456483740e+01
1.125811555659220176e+01
1.123565901999493377e+01
1.123053178879538372e+01
1.121942922063715642e+01
1.120912707470707481e+01
1.120884472362842388e+01
1.118707385824794009e+01
1.117702445810984813e+01
1.116734315259980193e+01
1.113962750369783450e+01
1.113453289931137213e+01
1.112680052835079536e+01
1.110041452258963446e+01
1.109329961971868883e+01
1.107122102354864168e+01
1.104987033484910697e+01
1.104582025456179117e+01
1.103836612824965968e+01
1.102116758821012787e+01
1.101161501122514608e+01
1.099388129701368477e+01
1.099313289557236573e+01
1.099069518749989349e+01
1.098355083810611887e+01
1.092665413770985516e+01
1.091888622439076606e+01
1.091328054852509943e+01
1.089262434978781258e+01
1.085351692383158095e+01
1.085003950105921078e+01
1.084701904083108737e+01
1.083135515911190794e+01
1.080298611824343169e+01
1.079843606776806908e+01
1.078813230487068964e+01
1.076982673689463255e+01
1.075010535622936558e+01
1.074322258788722095e+01
1.073730635714338000e+01
1.072501487695753930e+01
1.070392601894931772e+01
1.070143281083174358e+01
1.067977121251652051e+01
1.067415066828307246e+01
1.064616067495606444e+01
1.064519470865282891e+01
1.061594188573102215e+01
1.061082159379388479e+01
1.060488829555421475e+01
1.059524682762907588e+01
1.055496760309634219e+01
1.054665585153877316e+01
1.053522409926171655e+01
1.053194836901911202e+01
1.049709691379802123e+01
1.049477167190843474e+01
1.049433203815847193e+01
1.048592508857608863e+01
1.048560348953784604e+01
1.046444986713528458e+01
1.044171287727332675e+01
1.042909096016502524e+01
1.040568074593693559e+01
1.039219341995346824e+01
1.039081935230683840e+01
1.038611126700067366e+01
1.036843950251196667e+01
1.033701820102574942e+01
1.032610542375044282e+01
1.031002813066934110e+01
1.030844646823172184e+01
1.030514200052239460e+01
1.029218295362799296e+01
1.027806572248951689e+01
1.026845842522445729e+01
1.025886222976565954e+01
1.024384760877164879e+01
1.022407855711271729e+01
1.020401302415200284e+01
1.020043830459973400e+01
1.017932487991125079e+01
1.016563098149492461e+01
1.015783885103379802e+01
1.013332045529041103e+01
1.012658501576404646e+01
1.011302400971065829e+01
1.010727267328784862e+01
1.009294903689480094e+01
1.007808713807173184e+01
1.006601208947459014e+01
1.006268835133395001e+01
1.006090384839560592e+01
1.003318388639920933e+01
1.002453152295495187e+01
1.002253167148063540e+01
1.000260080698998166e+01
9.993606179535685641e+00
9.989647531076288445e+00
9.956193279092950377e+00
9.942812660013052195e+00
9.935112806676798414e+00
9.927119758509222791e+00
9.921581494862067530e+00
9.889263382680232084e+00
9.888779374865844574e+00
9.875971567325128930e+00
9.864738805748054062e+00
9.844913152284032520e+00
9.839698706399554240e+00
9.833419426315586520e+00
9.823548677925897366e+00
9.803675202060890825e+00
9.796489612785501677e+00
9.782236598755702062e+00
9.751403311216115810e+00
9.750026273955109346e+00
9.736164364207086308e+00
9.721696008195840122e+00
9.720688400144753771e+00
9.705459566611875033e+00
9.697546911579465245e+00
9.693669243578026951e+00
9.676730512730634004e+00
9.655937299665914963e+00
9.645730176267766964e+00
9.613723426604096289e+00
9.605766977969894427e+00
9.604835331839892021e+00
9.595007528874589298e+00
9.586966524021262259e+00
9.570322420546215625e+00
9.548065012296245158e+00
9.543592408631708324e+00
9.533583774371500397e+00
9.511538962329881386e+00
9.510921283344694999e+00
9.502108437665134133e+00
9.489029627755630969e+00
9.486498724829390383e+00
9.469916185868910929e+00
9.459667135185020115e+00
9.446324933700658733e+00
9.430324928452979094e+00
9.406234435804098126e+00
9.392908752519144144e+00
9.391665660312659369e+00
9.384544703958319189e+00
9.360169633653239174e+00
9.354827197873692768e+00
9.339036851381806059e+00
9.318944014983728152e+00
9.313586905309378494e+00
9.297697022616352669e+00
9.288003769604642912e+00
9.286282891877457146e+00
9.273570647927448007e+00
9.266527642611240623e+00
9.241515011314394457e+00
9.223136854053329614e+00
9.210973390046628850e+00
9.198277872350372419e+00
9.189188312553275395e+00
9.178842576933645248e+00
9.175569253428125904e+00
9.175012001718735988e+00
9.164859112844709443e+00
9.161541389334685093e+00
9.158541391777863083e+00
9.155596263717233896e+00
9.131839049585289914e+00
9.122638757597693271e+00
9.113690391309679839e+00
9.094928830808445497e+00
9.073203552931968119e+00
9.070492563726450186e+00
9.064172506296154452e+00
9.063121021768882457e+00
9.053945956863655553e+00
9.049819937210594745e+00
9.040409473173488308e+00
9.026557645791777773e+00
9.015423271648851156e+00
9.009066501738082877e+00
8.988954394466427189e+00
8.981711054962012497e+00
8.943833606461369712e+00
8.934216393962916669e+00
8.931198724433890845e+00
8.910178955885189822e+00
8.898263987516392248e+00
8.897005813497159465e+00
8.882842156027178859e+00
8.881064486051851503e+00
8.854205519910660627e+00
8.851084360282776231e+00
8.843432824921341862e+00
8.834340046025740634e+00
8.819810439673245739e+00
8.812789614377116720e+00
8.795780470425235364e+00
8.791173153046576871e+00
8.750974863599299880e+00
8.749376048723831900e+00
8.734676516685581760e+00
8.731052591122391959e+00
8.727946281216736324e+00
8.719500691749193066e+00
8.708135354508158343e+00
8.706369308772245574e+00
8.681189753378731666e+00
8.664349668667837179e+00
8.656328626186967412e+00
8.640158226469587532e+00
8.634004163010011723e+00
8.619971877975370234e+00
8.612136919664964196e+00
8.606940355014906174e+00
8.604527252366187540e+00
8.574069138564683001e+00
8.571189663270320835e+00
8.564252914821118168e+00
8.556932037491106868e+00
8.550309175747115020e+00
8.529635762010842726e+00
8.521355763656677240e+00
8.518243934691483332e+00
8.512073642951570207e+00
8.500113966751676742e+00
8.479598146129969649e+00
8.478972100761565045e+00
8.471136518296914275e+00
8.463162953701830915e+00
8.442636088309754427e+00
8.434489693662419185e+00
8.414733924965192458e+00
8.414444935354824295e+00
8.398548150640054999e+00
8.396251556888554290e+00
8.380885786382256342e+00
8.380102155830321919e+00
8.372417711242727378e+00
8.365801967516194537e+00
8.346998396002563325e+00
8.340568114038708458e+00
8.334614654933698574e+00
8.332324956863057963e+00
8.320766357364965060e+00
8.311477367827201590e+00
8.293067855031656777e+00
8.267559443934642260e+00
8.254216229350374689e+00
8.244543630101606624e+00
8.238223816920555720e+00
8.224686406773839664e+00
8.214641481335826612e+00
8.204907159686541718e+00
8.201436723855557887e+00
8.199889545369853039e+00
8.184982391010127145e+00
8.183271519646961423e+00
8.179789614073619930e+00
8.170730717758750927e+00
8.159664286261527621e+00
8.146713413131681847e+00
8.138090259899936285e+00
8.118239610603442458e+00
8.103809953581022185e+00
8.093644211336176397e+00
8.092037347232695410e+00
8.089842324686744135e+00
8.078573226925840345e+00
8.069542243646056434e+00
8.051844866199623141e+00
8.037892400882631350e+00
8.025474111565518598e+00
8.009755763945319629e+00
8.006571726851984039e+00
8.006152992333891660e+00
7.994978341984109171e+00
7.989148586107372552e+00
7.977997615550433963e+00
7.975966010541371887e+00
7.965423480865146288e+00
7.953716828587638510e+00
7.942927191311358825e+00
7.929175448538766879e+00
7.922329962759529387e+00
7.912527534733895251e+00
7.905678188529531525e+00
7.880300799085944163e+00
7.877874193954890636e+00
7.875439339525068583e+00
7.864488750254177596e+00
7.852604600452837147e+00
7.840541426805991421e+00
7.837275979713661300e+00
7.833926064431498304e+00
7.804634666214303351e+00
7.782076204170458311e+00
7.775954534315714817e+00
7.765218432944112514e+00
7.762894645322459652e+00
7.748182915706834706e+00
7.741619341554884848e+00
7.733610860794348341e+00
7.732614208569949632e+00
7.717397083056273921e+00
7.711665015023132952e+00
7.693834948989619171e+00
7.681153196249339565e+00
7.659774987737180574e+00
7.656809103436472697e+00
7.642659566216078559e+00
7.637566550728997150e+00
7.636440993038090319e+00
7.634501831265184890e+00
7.607765231326065525e+00
7.605527346394643118e+00
7.592202548099307613e+00
7.577680692108263116e+00
7.568123719800206040e+00
7.564342857199445547e+00
7.557411308031307229e+00
7.553415583356103191e+00
7.545525878536436970e+00
7.544530228694942053e+00
7.533302253429807749e+00
7.524250066038542961e+00
7.499653209162237211e+00
7.498932040479683536e+00
7.492159011780564981e+00
7.488873569738481173e+00
7.464133833366786597e+00
7.462827749350095630e+00
7.450555513592441947e+00
7.449783401612386946e+00
7.437862025078850081e+00
7.426598650941071078e+00
7.422887540930396710e+00
7.409968882470165497e+00
7.396356838216043172e+00
7.388572293299413118e+00
7.386211373317420836e+00
7.382461593068147643e+00
7.372167770833501166e+00
7.362663080769693558e+00
7.350979416569552782e+00
7.345934179371552020e+00
7.341833310420656566e+00
7.339148354158305132e+00
7.316472099242627536e+00
7.307656884794043073e+00
7.305285089149717415e+00
7.304428595147795633e+00
7.286216690811693653e+00
7.280464977836465401e+00
7.273800562296142580e+00
7.272688707101188754e+00
7.262280863735246506e+00
7.236443004077077745e+00
7.232223175356117473e+00
7.223362287162623296e+00
7.207093470819832426e+00
7.201634955723731579e+00
7.196571165882920340e+00
7.186990203787616771e+00
7.183819136900866376e+00
7.177994876306303951e+00
7.172552204492796513e+00
7.148444014556369019e+00
7.144695396447259483e+00
7.131787020665134591e+00
7.129710871163435826e+00
7.111171456747879205e+00
7.110644969095663903e+00
7.094953401793437919e+00
7.092141220583093819e+00
7.082387901832431609e+00
7.072651780933338017e+00
7.066793077433411341e+00
7.060168120875055742e+00
7.046639035640121840e+00
7.045914670997425411e+00
7.030407864919393290e+00
7.026278899010323542e+00
7.025409207288782376e+00
7.009204097850406434e+00
6.995601134429133339e+00
6.994918684429965339e+00
6.982820077750838905e+00
6.982585235048635042e+00
6.969879149765268345e+00
6.961745139492744094e+00
6.954458790536885537e+00
6.943412267087292200e+00
6.943016628182638428e+00
6.938878967662224007e+00
6.921764704904696863e+00
6.918418244157310326e+00
6.911212651239848626e+00
6.893496496744318414e+00
6.890999538834456928e+00
6.880743448066744428e+00
6.866947015450637792e+00
6.865960422278202913e+00
6.865010016895272571e+00
6.854054234893776076e+00
6.838394517024815933e+00
6.837083205332105784e+00
6.826273454725446221e+00
6.810611961673918024e+00
6.804292307679595808e+00
6.786282415803304602e+00
6.781169267358928110e+00
6.772747665096167324e+00
6.770676812705040071e+00
6.768634437139166238e+00
6.763977239774302319e+00
6.738054384765617577e+00
6.735897020419065129e+00
6.733182617238709256e+00
6.721154348350041552e+00
6.703952417496949145e+00
6.696998923358495226e+00
6.696381914356623000e+00
6.687360432812615052e+00
6.677799712821326672e+00
6.675504738811260275e+00
6.665796046506208050e+00
6.653565401706845073e+00
6.642010423681722564e+00
6.634756193764771659e+00
6.621197629003451546e+00
6.620275065725039987e+00
6.618953298469897106e+00
6.611211164689514419e+00
6.607206875139711499e+00
6.596904840700108963e+00
6.584968007988660332e+00
6.582793583259425318e+00
6.576143917902251168e+00
6.552993014600784427e+00
6.541474698892470130e+00
6.540161798918462388e+00
6.533782448145330157e+00
6.532560745310858508e+00
6.508337442276740603e+00
6.506610130464068220e+00
6.500951874979276290e+00
6.496924239597262840e+00
6.489050656772731962e+00
6.486264847409893619e+00
6.464012962742535784e+00
6.460504646934208672e+00
6.449574162901516416e+00
6.441763493366836180e+00
6.432894066972053793e+00
6.431414525181002873e+00
6.418829528743061452e+00
6.409570422992568517e+00
6.405402199503660299e+00
6.391595738263073478e+00
6.389894522996606874e+00
6.388864866353416438e+00
6.374569056978311998e+00
6.369786696338003651e+00
6.364418311809107109e+00
6.354937736173670970e+00
6.353879334161069536e+00
6.336109871036842200e+00
6.333949401512417587e+00
6.325781870652468442e+00
6.322049992447867695e+00
6.295134610184618396e+00
6.290258831950815477e+00
6.284649854477962982e+00
6.274513089246690711e+00
6.268253234119042006e+00
6.253146711509534050e+00
6.247663721839161965e+00
6.245858251361917191e+00
6.235280589413684460e+00
6.233068435309978561e+00
6.223337406873735489e+00
6.219791734061129063e+00
6.208249597801969166e+00
6.202497395026636440e+00
6.189690346273117427e+00
6.182048001137220083e+00
6.177594983644848270e+00
6.169015220372831010e+00
6.164082518679328437e+00
6.154246606314607071e+00
6.146623039478040340e+00
6.144550179034198756e+00
6.133096659207430079e+00
6.126113487446163575e+00
6.125670681092627134e+00
6.124024821208828406e+00
6.114139463349862247e+00
6.110840012596242765e+00
6.105612447421465028e+00
6.095358228684230717e+00
6.074255063461657222e+00
6.068582225832447996e+00
6.067461949105286578e+00
6.062268859581934954e+00
6.052482531735976501e+00
6.047848772491357217e+00
6.039727022446074400e+00
6.022078883452959275e+00
6.021556409516554353e+00
6.016733399220799861e+00
6.006304688406635783e+00
6.003506761075704468e+00
5.995085609697478723e+00
5.987206892821592241e+00
5.979988287720936491e+00
5.970568508707343902e+00
5.970494645218134444e+00
5.955083308581937018e+00
5.954465315816622528e+00
5.945358630452816762e+00
5.937482226861686030e+00
5.924458177917791168e+00
5.911862282476045394e+00
5.908017502336233129e+00
5.901210620692896036e+00
5.893725626104089343e+00
5.889510637580429808e+00
5.874507619760397148e+00
5.870383647895522472e+00
5.860757906516916194e+00
5.857564545433993963e+00
5.857342412314778812e+00
5.842431289756072843e+00
5.831337856093077754e+00
5.829292241735395841e+00
5.824148034777540950e+00
5.810728294379208236e+00
5.802520938396866335e+00
5.794571461493864817e+00
5.778921715095377110e+00
5.773292560645688631e+00
5.762703308973335048e+00
5.761833588670193684e+00
5.751911694278438958e+00
5.749708380818570497e+00
5.742334749576410324e+00
5.733456744591086007e+00
5.731816428243963202e+00
5.722533056570014764e+00
5.722479360125309888e+00
5.713505648719240604e+00
5.713410798462353668e+00
5.705391185352212347e+00
5.697990433711802361e+00
5.680814139414516184e+00
5.678021699298404279e+00
5.668014876546415337e+00
5.663020604672654557e+00
5.663007594179832793e+00
5.650170359254917507e+00
5.640700345247557479e+00
5.629974970385150712e+00
5.615470254505049219e+00
5.614862928478617121e+00
5.605930629103538010e+00
5.600529990953090120e+00
5.595324170083701532e+00
5.592523017536515262e+00
5.582583712774042084e+00
5.579720059988910741e+00
5.577102709631556188e+00
5.572081898461386018e+00
5.554428192683263710e+00
5.552937232425538383e+00
5.541354129509740822e+00
5.540360683498519734e+00
5.531028287043127101e+00
5.529710112505417996e+00
5.516150765410630541e+00
5.505638406301318177e+00
5.504540777651108385e+00
5.501971930270080691e+00
5.496052292654050930e+00
5.485196364305668482e+00
5.479692096791911382e+00
5.462422781326198518e+00
5.461659755080671808e+00
5.448728816841835965e+00
5.443284473085998165e+00
5.437583289645995244e+00
5.429692778574451317e+00
5.425669211594899899e+00
5.419093441627444996e+00
5.409732614022596309e+00
5.409355058181724019e+00
5.402776230935983470e+00
5.395030368970075152e+00
5.384237476358864960e+00
5.380800689305317519e+00
5.379242602569972220e+00
5.366709096727292128e+00
5.363908430122929616e+00
5.349345565886101994e+00
5.343591371315135063e+00
5.337536673729769809e+00
5.330590350488472851e+00
5.319297706258316438e+00
5.311696872513241630e+00
5.306320458084758052e+00
5.292189668956620352e+00
5.289399718973421649e+00
5.272801072721096993e+00
5.271393342426843986e+00
5.263452304516064828e+00
5.262199974965317217e+00
5.261120980540273884e+00
5.250860307514776615e+00
5.248897856162870745e+00
5.237346490000954091e+00
5.234448541080110928e+00
5.228084993631764377e+00
5.225789903062447728e+00
5.214755609481959375e+00
5.204209021625688436e+00
5.203997686175971360e+00
5.196925790296334391e+00
5.181520827061911305e+00
5.170016115300512638e+00
5.158551930076853864e+00
5.155560344738498557e+00
5.152015772393292004e+00
5.146505732393356958e+00
5.144106888193909377e+00
5.143947566237885738e+00
5.140280380552381345e+00
5.122973491786310341e+00
5.115477682255717973e+00
5.105936934525900028e+00
5.101713350753410481e+00
5.101260432825427849e+00
5.091954899368566601e+00
5.085694399526313525e+00
5.083608368475159622e+00
5.072926585281305911e+00
5.062412925842018296e+00
5.051046894846030533e+00
5.048835138553251056e+00
5.047535494981761239e+00
5.039761255163132780e+00
5.037561671013096820e+00
5.032747290591322198e+00
5.021435218892094099e+00
5.016699350935125423e+00
5.013361500239014390e+00
5.007903877568735673e+00
5.001074637692312308e+00
4.995417960554575210e+00
4.986669412044448357e+00
4.982392693979307730e+00
4.980014217321357961e+00
4.972721706553126175e+00
4.964057097318178791e+00
4.950582184973026045e+00
4.948443613152439191e+00
4.944087557886028605e+00
4.929127030729868686e+00
4.926551941374976096e+00
4.920979976744905393e+00
4.916468352522932683e+00
4.909291515444594189e+00
4.905192780078661663e+00
4.894808529207745451e+00
4.894218073703934024e+00
4.885662563275717574e+00
4.877314407199597746e+00
4.876417375190849057e+00
4.864645224275010449e+00
4.857673151697297520e+00
4.855361441052448157e+00
4.848773571847298847e+00
4.839505372898491586e+00
4.824965869157796128e+00
4.824721439478107499e+00
4.816295498099928629e+00
4.811981738768856154e+00
4.803071277051466303e+00
4.799727864122443677e+00
4.796318864575677132e+00
4.794250634816478396e+00
4.784145384871580475e+00
4.772994561488348886e+00
4.772795608337108142e+00
4.760458368816085084e+00
4.758400710157943081e+00
4.755102589827278514e+00
4.747855086327668950e+00
4.738944462052788076e+00
4.733124435806291608e+00
4.720066731629007251e+00
4.715491284550430429e+00
4.709971319571507387e+00
4.701654485083454738e+00
4.699360987641616028e+00
4.690792061228829191e+00
4.687412063059293033e+00
4.683443668045832453e+00
4.664614445443193702e+00
4.664356483371218332e+00
4.658891370073490634e+00
4.658006185242341779e+00
4.653067156247126412e+00
4.649797047376332593e+00
4.647928083546964295e+00
4.639137794152880190e+00
4.638521029110830085e+00
4.626296894507256674e+00
4.625926087523476227e+00
4.614928532380678128e+00
4.613061967280367881e+00
4.597647894176988714e+00
4.596841842872927408e+00
4.589653657394316078e+00
4.589070780167912034e+00
4.573815573979758575e+00
4.566827981441532458e+00
4.566038773422602226e+00
4.563608235093176368e+00
4.558292298152601063e+00
4.553053581709190389e+00
4.544945616771418173e+00
4.542689758266473810e+00
4.521264991060467864e+00
4.507660040464740447e+00
4.506843803856099839e+00
4.498531887775523153e+00
4.493229930100803848e+00
4.485849451441244362e+00
4.483030198133200805e+00
4.481956306288227054e+00
4.472171324964435257e+00
4.462187032672268572e+00
4.460235740714671770e+00
4.457072627852832980e+00
4.451441987935109701e+00
4.445902211316099972e+00
4.442101302394417139e+00
4.439851787015332008e+00
4.435761906027566148e+00
4.434911485623532101e+00
4.423747527650045974e+00
4.420062825029271281e+00
4.403863402124345683e+00
4.394240647330445171e+00
4.392603832775336059e+00
4.385663964998270714e+00
4.383231093621526853e+00
4.380200386073655139e+00
4.379893077627142972e+00
4.373612257709724283e+00
4.365675924417439013e+00
4.356272514565034726e+00
4.344474120734646228e+00
4.340195731094731890e+00
4.336604101976445413e+00
4.333056826088880875e+00
4.329311389710259306e+00
4.317267325516785270e+00
4.311067166114948890e+00
4.309202207092934778e+00
4.301770059668370116e+00
4.296983120319360694e+00
4.291310523030953838e+00
4.287934272113247403e+00
4.281992005076306285e+00
4.277784121677383311e+00
4.273315721020216174e+00
4.262086207084021972e+00
4.260484100164260823e+00
4.258690966540747525e+00
4.248741286766144931e+00
4.248479657001936083e+00
4.232883952493650348e+00
4.227760391225755754e+00
4.223747562156108692e+00
4.213796987368737312e+00
4.209629703423193092e+00
4.203070733328088338e+00
4.197183377020588857e+00
4.183971881656809444e+00
4.180949314455598476e+00
4.175495630459784557e+00
4.172623051015321494e+00
4.168881861733964023e+00
4.163954805584635821e+00
4.154326375684350481e+00
4.153458860171684641e+00
4.138850356311296608e+00
4.136820770469695319e+00
4.132772610575836225e+00
4.122960216779898879e+00
4.120385690300014225e+00
4.119550435519575338e+00
4.105456101964908733e+00
4.105262615122819980e+00
4.100426605489680298e+00
4.095963615274821557e+00
4.087455363052416857e+00
4.081546192192568867e+00
4.070767651624517036e+00
4.070015866483414513e+00
4.066722589569058854e+00
4.061436859964971724e+00
4.060792347536027691e+00
4.048859700616595170e+00
4.048531198637099315e+00
4.046556015891547453e+00
4.040996317022804263e+00
4.032184877797541311e+00
4.023749972995339874e+00
4.018364160697484699e+00
4.006146012707763049e+00
4.000485276877537189e+00
3.997544742148741115e+00
3.993494421598700050e+00
3.983808767706420895e+00
3.982576207457258377e+00
3.977254724788010343e+00
3.974731539781204859e+00
3.969743298659241137e+00
3.969486123120694376e+00
3.967846322199717779e+00
3.960840594071906029e+00
3.956736194268863915e+00
3.955816149730075892e+00
3.947411315385565445e+00
3.943248181108366612e+00
3.938779193102642573e+00
3.929335239012164305e+00
3.919618312770659863e+00
3.915827985175453829e+00
3.909415484154473042e+00
3.908371900048509318e+00
3.898957330099670937e+00
3.893070255682451020e+00
3.887700742577433921e+00
3.883300412563118975e+00
3.870996349751330445e+00
3.867340884547582736e+00
3.864484694248759844e+00
3.857427426814849625e+00
3.847466203393433481e+00
3.844918797795888743e+00
3.841681894062817459e+00
3.833258944346896957e+00
3.830587517492315186e+00
3.828193713638999185e+00
3.823029969131283234e+00
3.815696567018624918e+00
3.809969423690342971e+00
3.807493300949639448e+00
3.804450211801537307e+00
3.798120503449279539e+00
3.798087817967414903e+00
3.791359606332927346e+00
3.785406327844485386e+00
3.782797081651132043e+00
3.776633020176268563e+00
3.775899365525237528e+00
3.761269812159738546e+00
3.759557850729842610e+00
3.758693182944431221e+00
3.747826916153111476e+00
3.744529580546484659e+00
3.743538805049543505e+00
3.730568763825097278e+00
3.724882589431622204e+00
3.718816950643017538e+00
3.711682614964210369e+00
3.704658785718975000e+00
3.700915140059649833e+00
3.694557749089911081e+00
3.685647861881970577e+00
3.677591851740078965e+00
3.675933130091700640e+00
3.673864360032654375e+00
3.668148766929386184e+00
3.662850839059049957e+00
3.658199064493643515e+00
3.657140627087783091e+00
3.649552378643742045e+00
3.644767013618282814e+00
3.643376266954482467e+00
3.637905745003419788e+00
3.630816370450725472e+00
3.628906210354431838e+00
3.618748672850659265e+00
3.615848033707325992e+00
3.609880931909725810e+00
3.609546202360896405e+00
3.602881337009980367e+00
3.596279810892908824e+00
3.592378445910373141e+00
3.585754113619059602e+00
3.583717576348017797e+00
3.581254173499958782e+00
3.573775531919868964e+00
3.569393362531160019e+00
3.564449872631885619e+00
3.557882653511285742e+00
3.556412994251272774e+00
3.552937630084827880e+00
3.549411435083074107e+00
3.547050283416598671e+00
3.535567851554112018e+00
3.535050874164412438e+00
3.531358221640269690e+00
3.530255802660902109e+00
3.517047463137127572e+00
3.505740061658951578e+00
3.496768493623935381e+00
3.493164691090641760e+00
3.492002884555056141e+00
3.481621830999634515e+00
3.480340630748700814e+00
3.473772907687693756e+00
3.467581249573732372e+00
3.465515874035549171e+00
3.462610508672498533e+00
3.456946397465205933e+00
3.448835281766025940e+00
3.446567359387881613e+00
3.441687850626649503e+00
3.439603778017927826e+00
3.434151897522557562e+00
3.430961775592595409e+00
3.427190096973242728e+00
3.426354888585177783e+00
3.420727134512074663e+00
3.415391701187814544e+00
3.406110360438033169e+00
3.399225138786814870e+00
3.395565326057327304e+00
3.386386415423056739e+00
3.385848565786329534e+00
3.377909568684570374e+00
3.372927848702636844e+00
3.368207473464756685e+00
3.367161950236761569e+00
3.356036936063358844e+00
3.355120898043398636e+00
3.352655320865358224e+00
3.344929761501934884e+00
3.340276842630420795e+00
3.337563072430853151e+00
3.325438623895510037e+00
3.325125880615366292e+00
3.324268676270775380e+00
3.314422357212068349e+00
3.311833495726812959e+00
3.300669707769954275e+00
3.298981392546027180e+00
3.293643634016121702e+00
3.282115707217705403e+00
3.281826834644103297e+00
3.279085326087178398e+00
3.276673984491854430e+00
3.272907172205680837e+00
3.269870209967909336e+00
3.264583886854902861e+00
3.256738236888373716e+00
3.249379600978438809e+00
3.243769061267371523e+00
3.242737709252924816e+00
3.235077599650486579e+00
3.227810225710872061e+00
3.224325237701570313e+00
3.219791658922138922e+00
3.214678625008300372e+00
3.209653753138261401e+00
3.207706356155832328e+00
3.203964832424726517e+00
3.201993535674550362e+00
3.187877362909131929e+00
3.181830370848584444e+00
3.179070148305542354e+00
3.172483234486203063e+00
3.164964360591528969e+00
3.164058708851216650e+00
3.162842714791003207e+00
3.157938927527765394e+00
3.157038952319940694e+00
3.155896884574370898e+00
3.147583259326852012e+00
3.139979149248553369e+00
3.139312813605385610e+00
3.136800708268699722e+00
3.128002821329375127e+00
3.127429126845305607e+00
3.119668379335666764e+00
3.117391793264676192e+00
3.110639319895007748e+00
3.107380467793662060e+00
3.103194456441446647e+00
3.099044134848960130e+00
3.091027773739201123e+00
3.087528908346380163e+00
3.083134329698274723e+00
3.078758348924254928e+00
3.074475557564630979e+00
3.066882138546749736e+00
3.066748739613585517e+00
3.055192415120620009e+00
3.054584199139286582e+00
3.049750444570166419e+00
3.045309577521464472e+00
3.041716808032470798e+00
3.040572985319608623e+00
3.033120482239412663e+00
3.029016791385008567e+00
3.025897898020920795e+00
3.020049730622436979e+00
3.017441459679219395e+00
3.013722139414558132e+00
3.012883690387786029e+00
3.006319630713191859e+00
2.999195362075341542e+00
2.989055825377950448e+00
2.985601701153802079e+00
2.977400685014646164e+00
2.975756751167758729e+00
2.974350233800630239e+00
2.969770929703751783e+00
2.965276325221149367e+00
2.964557704083414791e+00
2.961311371371857959e+00
2.950308699531512424e+00
2.943427425058270597e+00
2.942440076376704017e+00
2.941050472667575022e+00
2.938077736533005524e+00
2.926260500210176918e+00
2.924982919057239172e+00
2.919924469845697423e+00
2.917318873872758900e+00
2.904247594594024928e+00
2.901668724076436945e+00
2.896846330464305730e+00
2.889793206031362249e+00
2.884263086785260111e+00
2.882040666906722226e+00
2.880787784796444040e+00
2.880585784357053036e+00
2.873259729388578876e+00
2.867208188697082161e+00
2.865419436102234041e+00
2.855614241274594178e+00
2.851509876234462393e+00
2.847012605888978864e+00
2.845934195768437647e+00
2.838044400226705566e+00
2.838040681383207531e+00
2.831888591590581150e+00
2.829986405352451939e+00
2.823269289206264521e+00
2.821179582569971700e+00
2.817835003886509870e+00
2.810222038165411274e+00
2.806990077013634011e+00
2.800127753173367928e+00
2.796810375003305982e+00
2.787369260195102783e+00
2.785379775128273838e+00
2.780580096626593001e+00
2.777443744673484538e+00
2.772975829809960491e+00
2.766879493265872902e+00
2.766253778480439518e+00
2.758721581951887103e+00
2.756340321945104588e+00
2.751518680759422075e+00
2.745228730749085244e+00
2.741172304598409326e+00
2.735912860674265090e+00
2.734537664812914048e+00
2.728407928712542674e+00
2.725859267111618411e+00
2.724587943468449680e+00
2.720629767162556778e+00
2.715580996993306240e+00
2.706312225445008934e+00
2.701624208336481203e+00
2.699336821529410901e+00
2.697585743269122815e+00
2.694826346758464997e+00
2.688705933152920835e+00
2.683085665630144501e+00
2.682459406459879681e+00
2.677880630218510749e+00
2.674132463693799089e+00
2.668361318592284093e+00
2.667144671238748543e+00
2.666597307271605377e+00
2.655695620688945713e+00
2.651123382017821051e+00
2.645633916914291284e+00
2.644987162426779115e+00
2.639224701877421531e+00
2.636953825517919459e+00
2.633131362310312085e+00
2.629684702479252678e+00
2.628288038639459145e+00
2.626351739044260114e+00
2.618383434351534422e+00
2.614131403286457989e+00
2.610246565006161479e+00
2.606018958710063504e+00
2.600993726965197705e+00
2.595626349992230519e+00
2.594089164676235182e+00
2.593350814280320993e+00
2.588402583716895133e+00
2.582433542869569276e+00
2.575128180205432660e+00
2.573252291720288909e+00
2.567826076813972680e+00
2.562688578221710145e+00
2.561167866839433316e+00
2.560305738592358438e+00
2.559046970318955783e+00
2.557979746903847218e+00
2.555060993808891734e+00
2.550154985741960978e+00
2.543261265016624417e+00
2.537895178223165349e+00
2.534688300147275530e+00
2.527656935690042239e+00
2.525758709624108089e+00
2.521426433572762082e+00
2.515182209924704537e+00
2.506855815082946748e+00
2.504239502520504868e+00
2.498985212719656346e+00
2.496458710718118645e+00
2.495647144672473061e+00
2.493246565359529487e+00
2.491842417012810174e+00
2.485348893988927443e+00
2.477392722558159122e+00
2.470805970295663734e+00
2.467785816611216543e+00
2.461602905379097095e+00
2.459645375797284483e+00
2.458644229433032180e+00
2.450585643633545363e+00
2.447785309931756803e+00
2.447761454283697180e+00
2.442874015154836265e+00
2.442463264451451010e+00
2.435547656450635312e+00
2.433172170484476204e+00
2.424230788946494464e+00
2.418467818733032182e+00
2.417673714259778617e+00
2.415545064591761992e+00
2.407052194565528325e+00
2.406039274033008102e+00
2.404567929152114925e+00
2.397953304195542756e+00
2.396011814774383630e+00
2.388404698921441582e+00
2.383603286486410067e+00
2.377744783905102466e+00
2.372249684830048277e+00
2.371477500285368745e+00
2.369684674905632615e+00
2.366568850993961082e+00
2.360302817757059746e+00
2.357711314153889237e+00
2.355932175858100219e+00
2.351965144448709744e+00
2.349710067746872966e+00
2.346374897370380186e+00
2.337721143239071431e+00
2.334687386596430603e+00
2.329034309443370088e+00
2.327358355020269887e+00
2.321371587013432602e+00
2.318763274458109702e+00
2.312023793105269842e+00
2.311996554588580555e+00
2.306250028112870165e+00
2.304961115821997364e+00
2.296980547509036352e+00
2.293076953753224068e+00
2.288474209150568317e+00
2.280836319199649687e+00
2.276518313280551098e+00
2.274470399271073529e+00
2.271081222419463419e+00
2.267688864252973779e+00
2.266671645705430560e+00
2.261525664344088860e+00
2.261317910558228395e+00
2.256617644542443291e+00
2.254389927749557820e+00
2.244232903618149422e+00
2.242030590715007321e+00
2.239049315934293460e+00
2.234032372210534856e+00
2.229693721591951672e+00
2.228688080121699056e+00
2.224236817355119022e+00
2.223810831319572578e+00
2.218944697853506121e+00
2.217103265923519029e+00
2.216153705163483423e+00
2.212133545713284910e+00
2.207488197206074254e+00
2.202620574332695202e+00
2.199646753922378739e+00
2.196457347535138993e+00
2.186766371702411949e+00
2.185899433635430267e+00
2.183271685419903463e+00
2.180085774893917527e+00
2.174799296450878217e+00
2.172124151979945683e+00
2.169885754302572689e+00
2.166251438995731249e+00
2.159690606256014167e+00
2.159326283690059967e+00
2.152265848808331050e+00
2.150541801994248825e+00
2.147440324403576906e+00
2.136498334482704653e+00
2.135867470214493746e+00
2.129845481686607034e+00
2.125981366336751943e+00
2.119867937455069296e+00
2.119469361927476481e+00
2.116657109534652470e+00
2.113441795521838085e+00
2.105870990680891008e+00
2.103928208748732320e+00
2.101474289958530139e+00
2.096510226064058013e+00
2.095516127291579878e+00
2.087449709269534992e+00
2.083121796277505045e+00
2.082761991693634851e+00
2.079262913124661605e+00
2.074104925044712555e+00
2.072401518391779884e+00
2.072293843884987830e+00
2.067583755369999388e+00
2.061030917448504418e+00
2.059274345073357715e+00
2.058195592471445234e+00
2.050653125381754371e+00
2.049161122862171336e+00
2.045196541789147560e+00
2.040659604850681763e+00
2.033559375960290794e+00
2.033500731472074552e+00
2.031316013204592430e+00
2.030875996872040457e+00
2.022395614891489668e+00
2.020240809619680888e+00
2.017081340483076524e+00
2.012679371600040401e+00
2.006276552608192709e+00
2.005406239854365946e+00
2.002281501516354201e+00
1.994319304967401063e+00
1.989462829149851730e+00
1.989288946678441805e+00
1.987504272495172364e+00
1.984894244958843368e+00
1.983417821882978105e+00
1.975136411449100571e+00
1.972592469703562834e+00
1.967322102797243843e+00
1.965953237697437794e+00
1.961843373826406944e+00
1.957544100507471185e+00
1.953309457310695274e+00
1.951352419361372714e+00
1.949926268874210278e+00
1.949295890420264854e+00
1.940947409802997514e+00
1.938613403511115107e+00
1.935095833136951216e+00
1.929508483509099204e+00
1.928754461303517465e+00
1.924468056444390340e+00
1.921781639561075172e+00
1.918236120632333064e+00
1.915666495608150388e+00
1.908535502324903099e+00
1.907115839587656847e+00
1.897581563511608449e+00
1.896136366589866951e+00
1.895221082431595150e+00
1.892644187845928583e+00
1.886386735340627840e+00
1.884695023312481288e+00
1.884327814953752567e+00
1.878767938769801749e+00
1.878657226578630768e+00
1.871202305977947011e+00
1.870464177888729429e+00
1.868225228773678248e+00
1.863468107657198392e+00
1.857913006891760421e+00
1.857436329628648242e+00
1.854925418631958589e+00
1.849518986053470426e+00
1.843090558647766830e+00
1.842296927974033993e+00
1.837106574509312473e+00
1.835333999416539186e+00
1.834592173194414810e+00
1.828724179929717364e+00
1.825102084972314742e+00
1.821919622126212390e+00
1.819295403222802143e+00
1.819164702350619001e+00
1.815369812466162136e+00
1.811890337599350032e+00
1.809159087524115916e+00
1.806038275936603821e+00
1.802465737085504172e+00
1.797623032802058596e+00
1.795882581710916970e+00
1.788750683907572858e+00
1.785354204631018904e+00
1.784714676089254493e+00
1.777727975341347300e+00
1.775455981894133783e+00
1.774532221645729546e+00
1.768907661382462138e+00
1.767842205383969523e+00
1.761402229957156562e+00
1.755038150747862957e+00
1.754188760805748259e+00
1.752798223741048877e+00
1.749014654015659032e+00
1.746928806008186230e+00
1.738247984112408107e+00
1.737090268824111439e+00
1.734201081374853848e+00
1.733132203138667560e+00
1.731044006980265726e+00
1.726346944470160460e+00
1.719616750538536021e+00
1.717570866532783569e+00
1.713363634572912853e+00
1.709378473127723286e+00
1.704880122180183255e+00
1.703825065683353124e+00
1.702019151186456858e+00
1.697775537552399072e+00
1.693664889659506567e+00
1.687211718902971169e+00
1.686288644490208544e+00
1.684122071913383589e+00
1.683436966689030756e+00
1.680881229240842822e+00
1.675542182929110169e+00
1.672215758607084046e+00
1.664053499258072444e+00
1.660147536656870981e+00
1.659286300180260021e+00
1.657086270828406427e+00
1.656003420249077429e+00
1.652627915924710367e+00
1.648921091133248806e+00
1.647806482884998536e+00
1.645539747360860838e+00
1.643675977019822154e+00
1.634181431431241727e+00
1.632227394359161865e+00
1.630388180263843578e+00
1.629133476760759924e+00
1.623247510142511230e+00
1.622176152455022891e+00
1.617582750696018312e+00
1.614519738566479568e+00
1.613202142583905818e+00
1.608709412459975674e+00
1.604773366578239990e+00
1.600502873666930004e+00
1.597098584490781015e+00
1.597025999550066633e+00
1.593380293918190249e+00
1.590636268894917382e+00
1.585319147208763768e+00
1.578172716087648420e+00
1.577206302709770025e+00
1.571830051667963968e+00
1.570238639209454279e+00
1.566755957335063565e+00
1.564543188543769059e+00
1.563283808864031954e+00
1.559115255668190203e+00
1.555348711623598446e+00
1.554269750250359960e+00
1.550513296613232672e+00
1.548193821138515780e+00
1.542411362044271650e+00
1.541085079417966908e+00
1.538815003712564966e+00
1.537599840835996545e+00
1.536205763894419540e+00
1.526480803398755137e+00
1.523928371226052070e+00
1.523677697346772941e+00
1.520136139380792839e+00
1.518870170611543058e+00
1.517523519588923842e+00
1.509655809097082413e+00
1.505736591219156262e+00
1.505187434017126735e+00
1.502222756778999635e+00
1.501347248763834408e+00
1.499710483102417946e+00
1.496156628350612694e+00
1.489695536874840132e+00
1.489011613553547386e+00
1.487361698427879464e+00
1.482474404192706707e+00
1.478768033024308259e+00
1.477897830005854729e+00
1.475163397362974749e+00
1.469387062822769652e+00
1.465448496407198320e+00
1.462667246158171119e+00
1.462355721472290426e+00
1.461145374960882704e+00
1.453884812526206716e+00
1.447295437750433234e+00
1.447207909652114211e+00
1.444596728435660005e+00
1.442038352331437734e+00
1.439574825844688988e+00
1.436671249640443904e+00
1.432253064187322122e+00
1.430960677633277278e+00
1.427700173132439465e+00
1.421584554884130602e+00
1.421346715468404076e+00
1.419045250855956342e+00
1.414827450077420057e+00
1.414342544843726124e+00
1.411494299903633953e+00
1.408905013933599903e+00
1.406436191182933504e+00
1.403170489019973433e+00
1.402938672838123457e+00
1.397997342500232998e+00
1.397521404240487763e+00
1.396664886434731745e+00
1.390257239600547035e+00
1.387725993319358864e+00
1.385167371217561838e+00
1.382415832542768896e+00
1.381524900155534974e+00
1.378603829774268874e+00
1.372863946619151232e+00
1.368981331243489530e+00
1.368153223243115280e+00
1.362189981923040083e+00
1.360998977122871878e+00
1.356091006899642348e+00
1.355262685897440367e+00
1.352360934532744530e+00
1.346436697168930552e+00
1.339661914166571544e+00
1.337571945809754359e+00
1.336673227932954289e+00
1.335299422031039462e+00
1.332460438822099302e+00
1.331051947336984620e+00
1.326410500399091807e+00
1.323536220226498417e+00
1.322345679080547454e+00
1.319799331084261285e+00
1.311634475304739533e+00
1.310761938609948274e+00
1.304364152941753563e+00
1.302937889717528330e+00
1.301335231085824162e+00
1.298442765918620623e+00
1.295401084817162429e+00
1.290286454945299033e+00
1.289581057693930832e+00
1.283924614775240336e+00
1.282425147210547456e+00
1.281175116526596547e+00
1.278953859440234320e+00
1.277061613868681889e+00
1.276114448066191231e+00
1.270225878249574558e+00
1.266215567382368068e+00
1.264649776860958141e+00
1.264130517165213297e+00
1.262689869367494611e+00
1.257191174859103588e+00
1.257139269741269993e+00
1.255563449166945178e+00
1.252906361669574364e+00
1.250038046382320189e+00
1.249575036593922217e+00
1.247177812022723264e+00
1.243356637467494918e+00
1.241406444735064341e+00
1.236386079898825541e+00
1.236059409880435167e+00
1.232514326678605165e+00
1.230581255627294368e+00
1.227141573294811883e+00
1.226442975194570018e+00
1.221118360655438551e+00
1.220761135946160980e+00
1.214602003144765074e+00
1.212210395659689688e+00
1.206910445262069587e+00
1.206838507788906778e+00
1.203888587730048698e+00
1.203280460658906037e+00
1.200077444074616251e+00
1.195186170602058784e+00
1.194334341497575780e+00
1.192906426312051238e+00
1.189789249775643265e+00
1.187195191975355169e+00
1.185494769108559554e+00
1.180516310446021011e+00
1.177350328733483442e+00
1.175517270223707555e+00
1.174970323295080998e+00
1.170798986835595246e+00
1.167956610599916401e+00
1.166391169430536001e+00
1.164522383628051605e+00
1.163467561403290551e+00
1.157889497672390577e+00
1.157499326345451163e+00
1.155936615155740865e+00
1.153294131821089419e+00
1.145627103895632493e+00
1.140819679426279265e+00
1.140670512867761222e+00
1.137890632916530809e+00
1.137442024286352327e+00
1.131822049118217155e+00
1.125682551740859072e+00
1.124387264295470867e+00
1.123357550118310177e+00
1.121753257653391955e+00
1.120074947216486150e+00
1.118350269572312650e+00
1.110744525089006451e+00
1.109977131123847327e+00
1.108324163843334542e+00
1.106079454259037087e+00
1.105895217693473542e+00
1.103851114221683138e+00
1.098817250568195680e+00
1.098661897650603292e+00
1.095268107883661024e+00
1.088526741363815553e+00
1.088288334991437845e+00
1.084250263973264738e+00
1.082607156979952245e+00
1.081264658529932587e+00
1.077345141030250364e+00
1.075617584451343145e+00
1.073185942225024503e+00
1.069122046032519480e+00
1.068136758221031268e+00
1.064936996927357216e+00
1.062268038286892091e+00
1.061724396521735336e+00
1.055854883483689610e+00
1.054684001505263424e+00
1.053632225723111437e+00
1.050411944262122033e+00
1.046909126733680084e+00
1.046831614557399037e+00
1.042583392732865377e+00
1.041488365247364101e+00
1.039128514971020545e+00
1.036824813638093978e+00
1.033395084109772100e+00
1.031459316684362637e+00
1.030995024808633698e+00
1.025077766641096400e+00
1.021879020780638969e+00
1.016860552935704876e+00
1.016771558692823652e+00
1.015277351016137919e+00
1.012180550571937232e+00
1.010409127560573550e+00
1.008693295192358841e+00
1.007755683005852720e+00
1.004649959302525541e+00
1.003451669916260336e+00
1.000587052956147138e+00
1.000000000000008438e+00
1.000000000000001998e+00
1.000000000000001332e+00
1.000000000000001332e+00
1.000000000000001332e+00
1.000000000000001110e+00
1.000000000000000000e+00
1.000000000000000000e+00
9.999999999999998890e-01
9.968838716664416566e-01
9.916828404326819557e-01
9.909302027544608649e-01
9.890315540664205152e-01
9.853335419125422989e-01
9.838532830898280013e-01
9.815740902934195766e-01
9.801175255824963184e-01
9.780684500514355006e-01
9.778555845753773568e-01
9.738880455519816071e-01
9.707866070378758927e-01
9.690153380513689685e-01
9.670519533363982623e-01
9.646394889233969039e-01
9.619875386339759027e-01
9.605118773399733412e-01
9.561581848561788721e-01
9.550675538373609719e-01
9.457126720815817178e-01
9.446707888613465887e-01
9.427438576858798713e-01
9.409125268879269255e-01
9.404841388037087357e-01
9.390219769813415995e-01
9.355853428958014195e-01
9.311120952001739060e-01
9.295029826832357234e-01
9.274807437427430301e-01
9.260756506760045026e-01
9.239969901171920519e-01
9.215483344303114777e-01
9.200387065477808601e-01
9.138316179505421299e-01
9.135879922036219680e-01
9.120072072157899834e-01
9.118819433543429165e-01
9.097680467265456539e-01
9.055597967879737142e-01
9.047376050252634583e-01
9.003754350878429014e-01
8.999880076054348477e-01
8.972738433778482126e-01
8.945321348539428952e-01
8.920133788286362941e-01
8.899929305448565087e-01
8.861452439164196893e-01
8.846621590464821550e-01
8.838738285074416723e-01
8.784915084919722172e-01
8.764760834322209426e-01
8.700052110919787030e-01
8.679263807401802477e-01
8.665140708206274800e-01
8.661795953302415807e-01
8.655790676794568039e-01
8.620590317753756837e-01
8.603725672883386633e-01
8.589646561644320721e-01
8.534900976068737766e-01
8.521654980923506484e-01
8.511929536951082786e-01
8.472164312095472605e-01
8.457120943284857084e-01
8.450452369502362560e-01
8.388414002727335728e-01
8.342806579490802399e-01
8.340090884141211358e-01
8.318075871676114952e-01
8.283706390030768363e-01
8.259830025560986888e-01
8.259003263230602077e-01
8.246973327589315339e-01
8.201367443564141491e-01
8.197194085984838008e-01
8.171460077768609720e-01
8.162129704283366260e-01
8.146676968082525727e-01
8.114752211064039100e-01
8.039391098516586176e-01
7.997444889690056291e-01
7.987374556924006219e-01
7.971500096159652715e-01
7.940226359310994519e-01
7.901972497723592781e-01
7.877353701447117329e-01
7.844942990439282005e-01
7.834651651238641046e-01
7.831307762530942407e-01
7.799899260027006731e-01
7.797879879376143908e-01
7.748918699830713575e-01
7.731028989280350761e-01
7.726688895788521583e-01
7.648418299326104064e-01
7.628971588400162984e-01
7.619605617428957256e-01
7.587637295186482334e-01
7.565073837069110629e-01
7.552941131315409340e-01
7.550488178334321399e-01
7.528485562689921640e-01
7.498644791500683748e-01
7.451962000653308271e-01
7.401802732957321052e-01
7.380797279408483069e-01
7.377994182961631342e-01
7.344978387649168106e-01
7.338122806785235541e-01
7.326775353256559375e-01
7.317113677250767223e-01
7.285163654205447648e-01
7.247011635396253260e-01
7.232523683875135001e-01
7.193241637507410413e-01
7.190576585575376711e-01
7.118365011178373614e-01
7.086607761564284180e-01
7.073949407758590713e-01
7.027416623870952339e-01
6.992008129648391579e-01
6.987351694482742959e-01
6.986591895493806659e-01
6.965145486636470373e-01
6.941450414410414993e-01
6.932081644909673379e-01
6.907271731098736378e-01
6.903478767932514915e-01
6.858327542638068541e-01
6.849673721420546091e-01
6.845573335205535903e-01
6.819228295887937996e-01
6.781976094748101147e-01
6.769126799249236548e-01
6.735606336872174138e-01
6.707755722689237032e-01
6.680288217860582689e-01
6.660302316321904392e-01
6.632840362867804540e-01
6.618616345222124719e-01
6.593677209883584966e-01
6.580908966300131890e-01
6.545585212436398903e-01
6.544057161165639513e-01
6.495339598940635950e-01
6.478077422713928168e-01
6.438271416054246465e-01
6.431430910335061979e-01
6.397951039316382982e-01
6.395769815434105832e-01
6.365011350572322701e-01
6.344029756093484407e-01
6.320752451991831222e-01
6.289909222357612517e-01
6.255895117751528733e-01
6.243731360960512733e-01
6.196526614294635138e-01
6.151992657015098453e-01
6.141222897553012539e-01
6.137090744080323512e-01
6.118186001783531003e-01
6.114902887878687077e-01
6.107048330668511937e-01
6.083731643248233567e-01
6.040442663685421376e-01
5.998301612002026051e-01
5.992378900808467135e-01
5.961792485648186313e-01
5.944776068995555329e-01
5.906819991638899703e-01
5.896051966240186681e-01
5.849027492749647728e-01
5.830998382938366031e-01
5.818032378417303807e-01
5.808944012194856565e-01
5.754156630722823129e-01
5.751690166473482080e-01
5.734827055595236311e-01
5.724574068776884239e-01
5.684913039282946112e-01
5.668983929662904098e-01
5.664974699002013336e-01
5.625481976720575483e-01
5.614802320800246216e-01
5.600679355200723908e-01
5.586234514591394973e-01
5.532110700147523374e-01
5.514261064228229703e-01
5.478665343514557140e-01
5.469099499644265450e-01
5.464185740749751830e-01
5.461976921839163390e-01
5.417795862170943222e-01
5.385223168435500085e-01
5.368222244543749966e-01
5.357624465896552168e-01
5.332714521011703290e-01
5.289299145047842154e-01
5.287167976776194767e-01
5.259385617027052540e-01
5.246872564407525363e-01
5.207977897614769480e-01
5.191085617168680333e-01
5.164967446149331121e-01
5.150827175995947860e-01
5.137390552422161916e-01
5.089889283050522684e-01
5.086067910134015602e-01
5.038273636005270451e-01
5.011780057784586129e-01
4.998073630564685010e-01
4.992734084951336304e-01
4.969711504913664202e-01
4.953576157225379473e-01
4.932602221892352645e-01
4.910617147655799153e-01
4.892600767435522080e-01
4.885515417891815315e-01
4.878771693417977007e-01
4.846752383649476914e-01
4.814437540463629150e-01
4.810835487651884956e-01
4.782818186050667442e-01
4.737390969177469602e-01
4.691504528289448528e-01
4.681904676027875967e-01
4.660275127539142970e-01
4.646320719421077050e-01
4.640632874489708515e-01
4.604811386166952070e-01
4.584699409591930230e-01
4.545746497440547595e-01
4.527507354974996123e-01
4.515130404832448652e-01
4.487936839392284716e-01
4.459445504280075134e-01
4.444644046625291223e-01
4.422494819239177755e-01
4.409820065311080839e-01
4.408485826440127209e-01
4.373475542514707604e-01
4.368422502998068890e-01
4.342766982880362781e-01
4.325349233464876875e-01
4.288493612434473579e-01
4.288286425346105601e-01
4.265116039080827370e-01
4.233652571184494673e-01
4.222282289966339808e-01
4.204622393653020818e-01
4.185957041978932702e-01
4.148483687003464704e-01
4.144153280220396751e-01
4.124919318550429592e-01
4.091853617144812771e-01
4.059566529225017151e-01
4.010626675422789278e-01
3.999589522537208564e-01
3.974300974081527715e-01
3.958955686994635181e-01
3.921072758425149241e-01
3.894584216867978954e-01
3.873379148080575152e-01
3.839952292434647974e-01
3.837578421807775753e-01
3.810019106659259247e-01
3.803222495263908765e-01
3.757967415078816154e-01
3.738753085380283614e-01
3.700331444303054385e-01
3.687101618544247339e-01
3.675174966586927106e-01
3.672141570782110342e-01
3.648189644547750188e-01
3.625058973300235299e-01
3.563400065477523859e-01
3.562771218598677625e-01
3.538697550338795739e-01
3.533234929103286071e-01
3.503898770021390274e-01
3.500892471625073332e-01
3.483390678865204149e-01
3.438195881365030404e-01
3.435102142078881871e-01
3.410397457750353190e-01
3.390313689476282533e-01
3.372647534851644369e-01
3.366360213431465187e-01
3.358316871434109396e-01
3.342903909208632673e-01
3.302681595416980254e-01
3.281240071526106417e-01
3.238808471965310964e-01
3.217467476831171180e-01
3.200335609062797126e-01
3.185492901483584771e-01
3.161289031102312852e-01
3.146465454584022048e-01
3.130215852823735045e-01
3.106043506493754158e-01
3.078084027097813258e-01
3.054525803446336285e-01
3.030751505782312560e-01
3.030604473764348938e-01
3.020561316785737027e-01
3.018125171791845585e-01
2.971169206497745185e-01
2.962461989531920414e-01
2.954940224833044748e-01
2.921192422488022578e-01
2.915360038380078733e-01
2.887060175653968219e-01
2.886019220125515261e-01
2.872950077773408495e-01
2.856879159416751413e-01
2.838801593568122672e-01
2.799703132645424697e-01
2.790255747478259662e-01
2.767271782458998741e-01
2.742220009662070801e-01
2.741635694053149441e-01
2.728448308552073875e-01
2.719826727237767416e-01
2.683069028363393449e-01
2.674941502491186562e-01
2.664909765175012546e-01
2.610717633646087998e-01
2.584646333291280018e-01
2.573413340312890041e-01
2.542541264601587692e-01
2.541687589772705924e-01
2.507277565697736965e-01
2.503824859685200854e-01
2.494766705229665427e-01
2.463072943456760533e-01
2.431560371608829929e-01
2.419807747652659713e-01
2.390157937280296963e-01
2.371668263129222687e-01
2.353330530804710052e-01
2.346477156888881199e-01
2.330036127219267394e-01
2.328288190353805798e-01
2.294767103680642462e-01
2.270541124944380484e-01
2.254777138916110313e-01
2.235509429921333779e-01
2.224855374409694109e-01
2.223428796551948083e-01
2.205280384885875966e-01
2.182883630101666306e-01
2.166255192070867808e-01
2.141593346490878458e-01
2.112450252754907165e-01
2.101158641842258423e-01
2.092957157573011595e-01
2.070468557316927916e-01
2.058596207891316698e-01
2.055494580289662643e-01
2.004962254202311278e-01
1.993576004776002886e-01
1.983161938352496489e-01
1.968506664909105419e-01
1.950670634322549668e-01
1.924275272570563078e-01
1.893191255355008984e-01
1.883777551076796231e-01
1.871060446168965608e-01
1.865831789465270396e-01
1.843184940491587598e-01
1.822130924467479929e-01
1.819588030026002001e-01
1.804717749427039719e-01
1.788600824967234160e-01
1.760072125306023083e-01
1.757009135624167939e-01
1.738840904574615320e-01
1.715065142251750163e-01
1.697289224124999829e-01
1.689910551877527034e-01
1.653966806267634371e-01
1.650768490882992823e-01
1.639943628407484755e-01
1.612991919390142082e-01
1.585313120413261168e-01
1.573094176328709848e-01
1.553275756692047149e-01
1.532884690208312084e-01
1.519227142076271519e-01
1.508462817957821889e-01
1.490695264646809126e-01
1.455186042499634902e-01
1.454985601174369758e-01
1.438633218804439839e-01
1.424531783039733879e-01
1.424271347182499148e-01
1.392780811676185282e-01
1.384775919898003083e-01
1.374518487023873026e-01
1.349223010014830026e-01
1.344840204890272173e-01
1.320061509064374694e-01
1.309592906045018157e-01
1.292047599528512447e-01
1.286055353331375661e-01
1.271802313206367718e-01
1.258287967673897001e-01
1.253580555586260026e-01
1.231528438771977013e-01
1.212515954396936185e-01
1.199301648722925773e-01
1.185256869832574250e-01
1.178052416395579116e-01
1.157819732769245213e-01
1.147581984561219931e-01
1.136479598824395448e-01
1.118856137947417811e-01
1.113262050812725695e-01
1.086319847651898152e-01
1.065764651565026117e-01
1.063404819423428294e-01
1.055027262142719663e-01
1.024238731344605663e-01
1.022864226874401483e-01
9.903713763846679063e-02
9.741209731412014960e-02
9.564516281046304969e-02
9.438908384516882244e-02
9.326449723508592471e-02
9.321683784387826965e-02
9.124089497603708743e-02
9.035895186320803962e-02
8.889196828393319816e-02
8.782932679628990824e-02
8.557104827086252363e-02
8.294400684580595373e-02
8.269368537117111062e-02
8.147879026705302785e-02
8.021833109291072461e-02
7.864032005092906619e-02
7.778224228924196515e-02
7.611355965953189862e-02
7.407116149481682288e-02
7.330952517013171466e-02
7.061012770863255017e-02
7.047263325986270754e-02
6.943027234160961680e-02
6.775971360537808019e-02
6.747470817786088704e-02
6.501111352706570590e-02
6.443340772514258297e-02
6.318554800111506053e-02
6.306600942711376723e-02
5.919528049018896176e-02
5.796868041544259165e-02
5.692370237331939586e-02
5.492476364523677518e-02
5.463790633763273424e-02
5.407617436583499193e-02
5.332613531347986380e-02
5.105341787737907588e-02
5.075695303672553282e-02
4.919968733662934135e-02
4.734325937969046522e-02
4.690812086521185115e-02
4.573815704798844806e-02
4.562401754318699820e-02
4.366877084539785847e-02
4.190887893990456053e-02
4.173580270903033684e-02
4.093183811207162098e-02
3.886878501517975620e-02
3.740406232793746372e-02
3.695003877706886514e-02
3.433563886602338661e-02
3.353383641607147331e-02
3.271995379379640662e-02
3.261813872911820816e-02
2.931955144234741836e-02
2.890947046685179295e-02
2.785729722266848743e-02
2.773118203420659247e-02
2.664621434401712174e-02
2.459409988097234490e-02
2.407060931707094911e-02
2.294276800330712074e-02
2.161612692058972190e-02
2.131572620987881930e-02
2.089831515306742049e-02
2.036628204745655896e-02
1.944179066748562973e-02
1.849085748408267615e-02
1.818635227366575610e-02
1.733484006851060064e-02
1.601925327184849229e-02
1.538420467533801149e-02
1.475669006523810250e-02
1.365345590863319310e-02
1.297395610891085779e-02
1.106389187381700244e-02
1.079611122652884489e-02
9.339327155977704409e-03
8.026158821301365709e-03
7.349375905759393708e-03
7.086654057809190985e-03
6.843915066915715051e-03
6.155073406901084496e-03
5.461823639283379904e-03
4.498866093358079750e-03
4.087976057825539605e-03
3.411069069987161112e-03
3.407950731309423911e-03
2.785868729923029509e-03
1.991002294716072690e-03
1.820001831608952618e-03
4.825342216109703092e-04
