# Singular values
3.709219729097282681e+01
1.718671227400355761e+01
1.423504412958345000e+01
1.376195699471835177e+01
1.177691888977393475e+01
9.835991629898805044e+00
9.425134036304230634e+00
8.996929005209214125e+00
8.993162265736126315e+00
8.529120499005683698e+00
8.326322998348775428e+00
8.127414461625082964e+00
7.952793085298074161e+00
7.557377502084546173e+00
7.466457565245558925e+00
7.428836041633672949e+00
7.040097062834527186e+00
6.975667348074978236e+00
6.709261722520932558e+00
6.536209187314305780e+00
6.443834321218767869e+00
6.417181577722693930e+00
6.311856228511923739e+00
6.260305773035891974e+00
6.071338351634673280e+00
6.058882924401572723e+00
5.995403422176181607e+00
5.957315332990151369e+00
5.853347173733151720e+00
5.822123425536985586e+00
5.531190970533270246e+00
5.492938464866540471e+00
5.459477884524005731e+00
5.362122933352974741e+00
5.278961606877762058e+00
5.275248145722870596e+00
5.262434526323046313e+00
5.183506058841328645e+00
5.054922093948643891e+00
4.974033521527765345e+00
4.868066498037599388e+00
4.779935658549360866e+00
4.752830537974586100e+00
4.663826919405899218e+00
4.574006835676958538e+00
4.531223375297727785e+00
4.487485505409637199e+00
4.475080357905948603e+00
4.456197852928990066e+00
4.450523201858762157e+00
4.380409037975776521e+00
4.355341271367112022e+00
4.243725448230797781e+00
4.236467758982629839e+00
4.135665571501428772e+00
4.093477781768891433e+00
4.049583118560252437e+00
4.021428986499608449e+00
3.974964741485595088e+00
3.958401144504577029e+00
3.856564017982571535e+00
3.848333576935023981e+00
3.809006731541977331e+00
3.794525818419816066e+00
3.780636771437680288e+00
3.765261879095695541e+00
3.682829112209227151e+00
3.667006651064379508e+00
3.637399838923145445e+00
3.578573728586266434e+00
3.516261464322913977e+00
3.465388259910147539e+00
3.437441911004281980e+00
3.421811726415400212e+00
3.404280514522939782e+00
3.378278604968848686e+00
3.341580672290179077e+00
3.331614694405261368e+00
3.297383614939382923e+00
3.292965616032055287e+00
3.193246396270487786e+00
3.158457878198282831e+00
3.091775108589723597e+00
3.083052619560282981e+00
3.082499747723999484e+00
3.048062564468065005e+00
3.042552717842964327e+00
2.937586455452308787e+00
2.930919036920597520e+00
2.888737415578299661e+00
2.873458085458434841e+00
2.851834271408989263e+00
2.840674162729161623e+00
2.816259932449640679e+00
2.774761655594051746e+00
2.728721971062949336e+00
2.695221116338781808e+00
2.684484769516296332e+00
2.662475441479130733e+00
2.621743658374931840e+00
2.620736838771026367e+00
2.611934616438363221e+00
2.585097049215217435e+00
2.548838768051652881e+00
2.531773922516724173e+00
2.514698176007201802e+00
2.506237574514688760e+00
2.480954190555671790e+00
2.434556025350324227e+00
2.431077740609387750e+00
2.426047495048536451e+00
2.416309661473505788e+00
2.369127881768353205e+00
2.346274080899926950e+00
2.336650363483062431e+00
2.320861031077966707e+00
2.296063419037315700e+00
2.294200662308593319e+00
2.270140640558025336e+00
2.233201489299379450e+00
2.225372291993661378e+00
2.195575775605598690e+00
2.156951036009011169e+00
2.156812882190397129e+00
2.132350058434747897e+00
2.114221085958098545e+00
2.110582965128906974e+00
2.084397286883652889e+00
2.080974148516307132e+00
2.063461174114405328e+00
2.040158126512368497e+00
2.027266464706872995e+00
2.009941065814995653e+00
1.996250825211187907e+00
1.979217944500011539e+00
1.957166629250235879e+00
1.946641128265702569e+00
1.941631460470325088e+00
1.915165754895908012e+00
1.910614083733640056e+00
1.905151243346878021e+00
1.897322807322652016e+00
1.881453058711068715e+00
1.856604171747833210e+00
1.837319056992966937e+00
1.803363747650776228e+00
1.794114041449454966e+00
1.792407670372978323e+00
1.776880634428823047e+00
1.758798133378177031e+00
1.754741342816196426e+00
1.738165497770715273e+00
1.737646181868758521e+00
1.708464646457709790e+00
1.674630227937689009e+00
1.626342400377974284e+00
1.609491578332281847e+00
1.597381435151513207e+00
1.583980200442935082e+00
1.564383889835170738e+00
1.558919549035693963e+00
1.546175880264314628e+00
1.521988463934941693e+00
1.504847402199179340e+00
1.496133040288754046e+00
1.490550815391899597e+00
1.459380188637356968e+00
1.457908858913997463e+00
1.449980950342282471e+00
1.418324928386406780e+00
1.414213562373096034e+00
1.414213562373094923e+00
1.407724092313233477e+00
1.387262312994679281e+00
1.373613992448171839e+00
1.354989340750661464e+00
1.353569072844624799e+00
1.346416109153648843e+00
1.333953852875207513e+00
1.316878440847935039e+00
1.308776214184266484e+00
1.306396266123807992e+00
1.295003776201663737e+00
1.293280756744740856e+00
1.256099021668398930e+00
1.252495823533299024e+00
1.239616829859817582e+00
1.235006790244725039e+00
1.229311572251464479e+00
1.211391351582243647e+00
1.193656459341952525e+00
1.173529755557651377e+00
1.154703614302566406e+00
1.154321844290414623e+00
1.147916019615480065e+00
1.134361266673035606e+00
1.112056182474829180e+00
1.111028596620319053e+00
1.103383652695028250e+00
1.102414453772198932e+00
1.083371881131975689e+00
1.081735296625513154e+00
1.058841714637422937e+00
1.053870847159774859e+00
1.049322953647020107e+00
1.040418145520714877e+00
1.031591573432919517e+00
1.030421413013993259e+00
1.019550814294777341e+00
1.000000000000000888e+00
1.000000000000000444e+00
1.000000000000000444e+00
1.000000000000000222e+00
1.000000000000000222e+00
1.000000000000000222e+00
1.000000000000000222e+00
1.000000000000000222e+00
1.000000000000000222e+00
1.000000000000000222e+00
1.000000000000000222e+00
1.000000000000000222e+00
1.000000000000000000e+00
1.000000000000000000e+00
1.000000000000000000e+00
1.000000000000000000e+00
9.999999999999997780e-01
9.999999999999997780e-01
9.999999999999997780e-01
9.999999999999997780e-01
9.999999999999997780e-01
9.999999999999997780e-01
9.999999999999997780e-01
9.999999999999997780e-01
9.999999999999995559e-01
9.999999999999995559e-01
9.999999999999995559e-01
9.999999999999990008e-01
9.988726694262008987e-01
9.823264794181106874e-01
9.804797763263628507e-01
9.741701215855199658e-01
9.585373695594583410e-01
9.313895848333444416e-01
9.231427788328150363e-01
9.112855527542061962e-01
9.044892151929476709e-01
9.027349100468177179e-01
8.919632490073424735e-01
8.795615680846513573e-01
8.673918337805550660e-01
8.570152210050931973e-01
8.430203274646030920e-01
8.213938789202070989e-01
8.211847827694540580e-01
8.186568194226945261e-01
8.146347883218942876e-01
8.032636452283252737e-01
7.580382079698707587e-01
7.541145302594159938e-01
7.351610179340550832e-01
7.240183842800337333e-01
7.188677826065061893e-01
7.118242306081743465e-01
7.006182566795231548e-01
6.834192654059093597e-01
6.607054364963482751e-01
6.426748257732207703e-01
6.408190892174512321e-01
6.271967597626622037e-01
6.171244991281843451e-01
6.147626282661566854e-01
5.966487449605022420e-01
5.904723350491944966e-01
5.488100607260680830e-01
5.355877710729256558e-01
5.219214696867174874e-01
5.049051529266110894e-01
5.020922445135941325e-01
4.928051336755022160e-01
4.795473405220568308e-01
4.707779919015986914e-01
4.671016438533358572e-01
4.569723989215647708e-01
4.550708040703074775e-01
4.398475180441656640e-01
4.389097779340352390e-01
4.269383909737499705e-01
4.141833819511413495e-01
4.052619800680019035e-01
4.022319574855846014e-01
3.963508464617437888e-01
3.825177952794419078e-01
3.762115010214406863e-01
3.451143245762608447e-01
3.365847879056045322e-01
3.121184305520638969e-01
3.097714804917042208e-01
2.991434719282168309e-01
2.811734213728527831e-01
2.713406311242869129e-01
2.565365629906453671e-01
2.521399095963557935e-01
2.460907975478822396e-01
2.373334470057934242e-01
2.253178912436393788e-01
2.232686219359315272e-01
2.180480641507667738e-01
2.094626469791085466e-01
1.949283067171128092e-01
1.761182033996058216e-01
1.469390672670600750e-01
1.408466557703735578e-01
1.293697825685630742e-01
1.219116812936909405e-01
1.089136894795485061e-01
7.923190532637107431e-02
7.812236012436563071e-02
7.000955888471759037e-02
6.872215119916687265e-02
5.714816310316012810e-02
5.476590305322823204e-02
4.974150372083422506e-02
3.627544314982485835e-02
2.314642784374347506e-02
1.453507540973042640e-02
9.159791349573538979e-03
7.492591573101009842e-04
