# Singular values
1.138772688134613276e+02
3.533463217968878922e+01
2.912717707560983271e+01
2.886353101796679610e+01
2.318678504668012152e+01
2.182866247723838171e+01
2.083381718791439496e+01
2.012400388127893791e+01
1.856492993610186204e+01
1.764143689563632833e+01
1.744070764359084436e+01
1.653320591530668082e+01
1.552773294787499303e+01
1.460775389506633104e+01
1.408457666130909125e+01
1.386326070062255766e+01
1.351934927428300171e+01
1.322253260579881307e+01
1.307140496686794329e+01
1.295808680712130467e+01
1.236661330150884375e+01
1.203973236216832277e+01
1.190298004235462237e+01
1.172232837310897402e+01
1.166183769595755848e+01
1.159373700537921259e+01
1.142357128617001116e+01
1.120517237194948379e+01
1.100913051859684622e+01
1.100283113019254522e+01
1.089247379512224967e+01
1.075087097937182179e+01
1.072950571500588168e+01
1.056372099249416863e+01
1.031839536092655862e+01
1.023801481910930455e+01
1.004355015585114153e+01
1.002632075650197052e+01
9.853419557814879326e+00
9.836390804918327291e+00
9.757047970894062061e+00
9.702397072891480789e+00
9.661387698642002420e+00
9.614647733414544817e+00
9.501781716515383280e+00
9.489477262663060131e+00
9.450035250742713444e+00
9.394146943823402651e+00
9.214598019162185238e+00
9.187447747084743099e+00
9.088972206282873501e+00
8.979237775002390620e+00
8.939674004581712907e+00
8.827203305945156231e+00
8.742523711361577909e+00
8.736238835680454784e+00
8.703708432000299311e+00
8.648162855605926680e+00
8.509950772645584749e+00
8.421817582447493677e+00
8.352020959037966819e+00
8.331775094422120276e+00
8.265959371457848093e+00
8.238987010043230086e+00
8.169002536123420199e+00
8.145786320230410382e+00
8.092513268328533016e+00
8.079351142905542460e+00
8.064402248651058258e+00
8.017513211552792285e+00
7.953499170683421937e+00
7.904237643984481032e+00
7.840884960629218803e+00
7.812904333814642222e+00
7.684194189114007756e+00
7.671231003604249921e+00
7.602772296232671145e+00
7.571536822323842841e+00
7.527110002528952570e+00
7.507182854058371824e+00
7.443998191230348560e+00
7.432592978126571381e+00
7.352839230787704849e+00
7.348918844288788499e+00
7.319917557360142268e+00
7.234117359519861346e+00
7.220681824117537673e+00
7.215314565370512412e+00
7.104892956114568392e+00
7.072031926272232205e+00
7.037143126985985653e+00
6.990839493592348575e+00
6.941319128995100840e+00
6.927907972690380056e+00
6.790413140791039304e+00
6.762900281338065867e+00
6.732713756231881952e+00
6.646907589560063556e+00
6.619008548980871431e+00
6.572012714295381031e+00
6.543750270768142308e+00
6.498918152824666450e+00
6.483375948251718590e+00
6.456229697531534306e+00
6.453100856683876785e+00
6.421058393504615047e+00
6.350108785422217572e+00
6.338391214180276734e+00
6.319206667293187252e+00
6.310510258194908850e+00
6.247975167389007822e+00
6.232409499941988784e+00
6.194960761440754915e+00
6.137849577736798068e+00
6.109321895907045885e+00
6.094836584191734019e+00
6.090182651295916294e+00
6.005461209917720034e+00
5.973378948151740531e+00
5.931234077866220034e+00
5.912526314177144471e+00
5.861851013172826974e+00
5.856467635832061092e+00
5.762436411201432129e+00
5.741309525667428026e+00
5.703565738414395625e+00
5.699076544513359543e+00
5.657150806013548028e+00
5.629848672426538414e+00
5.601832572196224547e+00
5.556655806242899232e+00
5.511832795333706514e+00
5.495898601800524474e+00
5.476248772627205774e+00
5.393232624285557719e+00
5.372944970077921489e+00
5.344418523234667262e+00
5.322456382777735584e+00
5.295975380580091318e+00
5.250168200783347672e+00
5.220898122656112861e+00
5.155421915265526955e+00
5.154814493654179763e+00
5.102620666387698734e+00
5.059473945564758601e+00
5.058485993320499752e+00
5.015903304337882673e+00
4.976099564558040811e+00
4.951669041473588884e+00
4.912287396604781087e+00
4.897153455730901328e+00
4.864039155749227739e+00
4.846109015552553245e+00
4.823686330023195801e+00
4.743566744385550926e+00
4.724878305505491483e+00
4.718390214973353203e+00
4.687617606948697890e+00
4.678226597099635953e+00
4.614812690136441020e+00
4.601521197408998454e+00
4.522852359286545720e+00
4.520091932310523752e+00
4.518124146576223410e+00
4.504014331451464237e+00
4.408946295531855242e+00
4.391061606905780401e+00
4.348910431782938346e+00
4.347568611132369476e+00
4.333948425680461014e+00
4.318961888531109850e+00
4.292677890625389736e+00
4.271108643204210686e+00
4.253635605609646930e+00
4.229093308604893409e+00
4.174677745234556703e+00
4.172121075661986644e+00
4.143206841097560655e+00
4.142261014470855152e+00
4.063947216721206068e+00
4.049259354820118340e+00
4.011246841741547442e+00
3.995588350698302538e+00
3.988378576204282044e+00
3.959739926276990118e+00
3.923883647175902656e+00
3.921108932689060467e+00
3.903021111530289744e+00
3.896451478294484350e+00
3.855186136526112417e+00
3.819531339495064515e+00
3.813244393233404583e+00
3.789749839282401389e+00
3.788313566855686432e+00
3.737380418823413208e+00
3.723625095785746630e+00
3.717639293781117349e+00
3.684473711824095776e+00
3.679283152071837204e+00
3.666770954063308885e+00
3.665998290401632609e+00
3.608524224085340570e+00
3.592871327055278563e+00
3.591966920213685910e+00
3.555427231174052682e+00
3.539993814178593379e+00
3.527703755759270532e+00
3.442194151673690694e+00
3.423883128907341256e+00
3.419908402426220295e+00
3.393136563604477018e+00
3.387301716924179029e+00
3.358660939582922556e+00
3.353565137321979694e+00
3.322744983201844526e+00
3.299369867020994551e+00
3.294457383941518547e+00
3.284173679067369012e+00
3.274477442993831922e+00
3.234078978652120018e+00
3.193626867869768571e+00
3.181680413766696525e+00
3.180623066572471291e+00
3.131653310371017795e+00
3.080249850919848154e+00
3.063763296200425756e+00
3.057696762104238797e+00
3.035004125030274835e+00
3.027954965178962343e+00
3.009176604391830434e+00
2.963165583837154671e+00
2.939463859685741198e+00
2.922126998294441336e+00
2.909828744325553718e+00
2.884858508340947481e+00
2.869661901253217184e+00
2.849370145645426788e+00
2.827969253452214282e+00
2.816885587308191941e+00
2.810895663225625007e+00
2.794118466416984248e+00
2.769971427912208739e+00
2.749132058848679616e+00
2.734040222364100270e+00
2.708471834624447627e+00
2.703692147968011383e+00
2.678041933953688503e+00
2.669641007398081634e+00
2.650393010757581269e+00
2.620967417625944318e+00
2.592952511075889088e+00
2.589339176873660886e+00
2.559324726277610207e+00
2.541458737493942799e+00
2.527046058564849318e+00
2.525594965593256358e+00
2.496552225996043539e+00
2.479491456579418607e+00
2.477639787881450673e+00
2.452187266701145507e+00
2.425808142680756951e+00
2.418353232626988536e+00
2.410632479986799748e+00
2.366515650436272988e+00
2.360606190197097387e+00
2.339804259430438016e+00
2.327659711327432213e+00
2.322584314418981499e+00
2.307426792335897314e+00
2.300094526347462587e+00
2.270294881720620328e+00
2.258758204092578659e+00
2.243780619454058378e+00
2.234174822183833342e+00
2.213606471548512200e+00
2.206230358429458693e+00
2.175690481453021352e+00
2.170402998713190090e+00
2.148403121512375336e+00
2.148011511033825371e+00
2.122553954212750504e+00
2.117114116959477155e+00
2.087771285865608561e+00
2.077091559967370493e+00
2.066751525564103797e+00
2.026413881356009306e+00
2.003381864674009805e+00
1.990649891793999871e+00
1.977952483253767602e+00
1.969033770893833024e+00
1.957120073547632400e+00
1.943633672031460868e+00
1.942385832152548453e+00
1.917371944789980187e+00
1.905790231090958464e+00
1.905118976538282993e+00
1.891055289038521714e+00
1.886137620614168453e+00
1.854912120668014364e+00
1.828890128672751691e+00
1.814347395832591081e+00
1.814064600371636082e+00
1.788895396027154971e+00
1.785613173691876776e+00
1.779900699777589468e+00
1.757369389002197968e+00
1.745555847493127644e+00
1.745189126507924904e+00
1.706504941557883681e+00
1.705181184772672109e+00
1.682420687871525100e+00
1.668548846343347547e+00
1.664535693208111899e+00
1.662926759284492739e+00
1.642213963304509861e+00
1.615408656945634958e+00
1.603593853901986499e+00
1.602644898876431911e+00
1.593050748077016854e+00
1.565662523942608519e+00
1.550750200534338319e+00
1.548853150095709008e+00
1.536538081276232370e+00
1.529052937286006886e+00
1.506905179986316679e+00
1.503751607012965730e+00
1.488997949472100180e+00
1.478817832564854218e+00
1.467234539849779695e+00
1.460702581585883619e+00
1.422619977432419747e+00
1.414605527239340965e+00
1.409220327016529994e+00
1.382803373696762206e+00
1.378335503553294039e+00
1.376013858821440561e+00
1.361981951901239496e+00
1.352922021954154452e+00
1.341422925565570301e+00
1.334468478637976796e+00
1.332347447124084594e+00
1.305896178492505166e+00
1.294359190878327626e+00
1.285508799294448057e+00
1.266272987920685100e+00
1.259927744749663292e+00
1.259464840698631960e+00
1.229454289006172818e+00
1.213995698195390771e+00
1.199635903777032331e+00
1.193178437339033948e+00
1.180718727942469570e+00
1.163391167324474340e+00
1.145691979118607762e+00
1.116760321413331258e+00
1.112994196794865998e+00
1.112574261397519582e+00
1.101407478238127791e+00
1.091454449425091733e+00
1.091229827542756547e+00
1.057020875016257078e+00
1.049868411319268446e+00
1.041967690536966140e+00
1.020161013323980237e+00
1.019261206299619360e+00
1.002993940474355750e+00
9.999999999999994449e-01
9.999999999999994449e-01
9.928285272239288917e-01
9.889571411201488749e-01
9.805704889919989453e-01
9.712084447503149809e-01
9.561630317648177613e-01
9.452716963436640363e-01
9.377576706285432051e-01
9.223539804075544524e-01
9.037335112519220282e-01
8.983557332138530915e-01
8.891266809270611526e-01
8.887642255640417766e-01
8.760287329475320295e-01
8.663315873353683028e-01
8.491009305751089364e-01
8.467718280021866439e-01
8.302848132634016443e-01
8.092696909277489192e-01
8.063469599907766572e-01
8.015139538138401631e-01
7.731484808183241020e-01
7.688795746522495422e-01
7.619353529480109577e-01
7.496223419930518883e-01
7.432558725096402030e-01
7.367021252519655450e-01
7.199394732039741118e-01
6.959448650302781925e-01
6.950866345966834059e-01
6.708576640542935898e-01
6.588391265755303428e-01
6.441696715706911602e-01
6.428765439333489207e-01
6.424201716587567557e-01
6.348965701085601543e-01
6.214634165916127495e-01
6.196615343091437245e-01
6.061425221506789862e-01
5.993916857532511910e-01
5.853058079324399143e-01
5.832385391522797446e-01
5.618047452249355089e-01
5.571359835054703336e-01
5.570657783600179158e-01
5.474265459642433385e-01
5.371542112757763388e-01
5.174895006871929048e-01
5.120167284711745204e-01
5.073239032785427094e-01
4.961907789869323682e-01
4.813141539229870980e-01
4.773223619181788946e-01
4.668614748661012448e-01
4.662324022968879489e-01
4.536626259752439272e-01
4.529266545093904583e-01
4.296101418996708388e-01
4.257026569617044509e-01
4.167446214490513889e-01
4.085091581553628171e-01
3.909355765982255870e-01
3.846428123147425104e-01
3.701254000010222867e-01
3.540855801118895640e-01
3.494401405101149605e-01
3.489812740727440410e-01
3.433190777119746184e-01
3.414730084860778114e-01
3.179567489482010290e-01
3.168104242949797977e-01
3.140806307942809461e-01
3.118129323131639263e-01
2.963060618050760708e-01
2.837629424232704367e-01
2.815701685921556674e-01
2.742488039842139180e-01
2.721839723913841436e-01
2.658302717147431049e-01
2.545285507051835983e-01
2.542420411434147542e-01
2.441518325685547164e-01
2.351323006058298470e-01
2.234380786378709627e-01
2.196320921296605333e-01
2.078223400873636384e-01
2.030705596773419441e-01
1.890778193506311156e-01
1.887470159616417564e-01
1.739272272105445993e-01
1.663706632798203078e-01
1.621682237517559633e-01
1.546485132368034809e-01
1.501206408178400176e-01
1.426287202314603098e-01
1.421093844671492412e-01
1.328904877088912528e-01
1.310341535944581082e-01
1.226833296497219783e-01
1.214253067901477773e-01
1.022142695933657003e-01
9.681239812227018793e-02
9.522812618565991427e-02
8.199541114570622902e-02
7.693827245599296760e-02
7.324680152068992200e-02
7.031566473587058663e-02
6.404935231124496420e-02
5.539916398391407648e-02
4.719133519214045724e-02
4.211152068814675437e-02
4.057414220873829108e-02
3.948795784377936297e-02
2.443033861753390532e-02
2.425145685569897111e-02
1.828895353058044779e-02
1.629329458043349277e-02
1.318862829747689987e-02
6.382059370132851274e-03
9.212183827314033343e-04
