# Singular values
3.641374572486304828e+02
1.942834096972546547e+02
1.468555883145253063e+02
1.029027660199032113e+02
7.968875242551233384e+01
6.963226373190251195e+01
6.874701838216465433e+01
6.264102341292532117e+01
5.753514411629078751e+01
5.386728115913338399e+01
5.247367170600765007e+01
5.060405118019047421e+01
4.968828228752166609e+01
4.658204771077506479e+01
4.583934567069753285e+01
4.502984154928382310e+01
4.497353014327858034e+01
4.288156657766126045e+01
4.158884231019263211e+01
3.987254466350797344e+01
3.905497068741672706e+01
3.837513439436962415e+01
3.789411071855855795e+01
3.677528626107974219e+01
3.672377881268215560e+01
3.642960291863943212e+01
3.605523552255720432e+01
3.583026632252572341e+01
3.549197032281420405e+01
3.502705824773087073e+01
3.448050208304950104e+01
3.350416212164580543e+01
3.341469241520384514e+01
3.330356535730144429e+01
3.297132352587193793e+01
3.206428801094386927e+01
3.164386530745882808e+01
3.107775306429695661e+01
3.084253418329684493e+01
3.082896973924786721e+01
3.043910329421412797e+01
3.021942424352558021e+01
2.981600414457335191e+01
2.939097852069028249e+01
2.876239863493711724e+01
2.872638384069755801e+01
2.857983022131105244e+01
2.807030599931285408e+01
2.805519573022726831e+01
2.789446339616000614e+01
2.762067498515821740e+01
2.759573518076971865e+01
2.743186983324515538e+01
2.730036878596239802e+01
2.706837078430302057e+01
2.706349309790352109e+01
2.695228547739489144e+01
2.665267034572665850e+01
2.640730704325864053e+01
2.631440627500231244e+01
2.622291188143892171e+01
2.602454496868803702e+01
2.580156038681491992e+01
2.559679216589642792e+01
2.548490302476235314e+01
2.540604413536487982e+01
2.534521009117671397e+01
2.519724706073842668e+01
2.502810119229003405e+01
2.495500271529815706e+01
2.486449931810753000e+01
2.478506829965627745e+01
2.476039932651815789e+01
2.447045366257074406e+01
2.436887142696932074e+01
2.424485340335726846e+01
2.412199677494209027e+01
2.411840426006388682e+01
2.370184448766166341e+01
2.366922364952208824e+01
2.363238675800086597e+01
2.355675699753724217e+01
2.334052134776579734e+01
2.333441850334808976e+01
2.321816879954716484e+01
2.315077040134393016e+01
2.305827886008086836e+01
2.287761328727729548e+01
2.286097040904967415e+01
2.273437859878994516e+01
2.269871098596251002e+01
2.258762639948006523e+01
2.249220959081180382e+01
2.247851699878217246e+01
2.241119755012454817e+01
2.240677589335934528e+01
2.233925564817857179e+01
2.218001153706622830e+01
2.202790057455506201e+01
2.200619910922388556e+01
2.200199404682716420e+01
2.195112310218641838e+01
2.179168604333459669e+01
2.178578628264170192e+01
2.173635764302489903e+01
2.166577986061014727e+01
2.164173694959357874e+01
2.159839553672599521e+01
2.153087859366537771e+01
2.151411687603241774e+01
2.145921452978754118e+01
2.132153275021849481e+01
2.131586870563424441e+01
2.130195121409650127e+01
2.126135449456150539e+01
2.115832157923606616e+01
2.112445959476421464e+01
2.107257936463861370e+01
2.100468919622102248e+01
2.100013797278101535e+01
2.092912625041401853e+01
2.088292407340238199e+01
2.079906712692073967e+01
2.079072279069703555e+01
2.062306603820805861e+01
2.061030938785927447e+01
2.060291581044346643e+01
2.053013847641104661e+01
2.051058600402717147e+01
2.042244613047926194e+01
2.037850631431875925e+01
2.031039593063465531e+01
2.025963799617688466e+01
2.021020109407447052e+01
2.018896531588443821e+01
2.010697831588421991e+01
2.007162356267772196e+01
2.004423345199697337e+01
2.000248993841798750e+01
1.991075875853248789e+01
1.989643579140580343e+01
1.988153200481915306e+01
1.986102357396189788e+01
1.978323376353984031e+01
1.972918838514785023e+01
1.970720379605370809e+01
1.967484707163100310e+01
1.965512097135261271e+01
1.961303495494323812e+01
1.960528637098311577e+01
1.952421468466739540e+01
1.951611271220188470e+01
1.944572522538475567e+01
1.943443191571740769e+01
1.938331114996113413e+01
1.932386576284994817e+01
1.929007718835305596e+01
1.926872714508547446e+01
1.921916091811372596e+01
1.918860075727171122e+01
1.911280994328917515e+01
1.910730636894773582e+01
1.902191772345642562e+01
1.896099097121894417e+01
1.894831050462422795e+01
1.892024071708920729e+01
1.887065552555176495e+01
1.886035166570750832e+01
1.881337028450295534e+01
1.877591054641510482e+01
1.875098816509453314e+01
1.869508405686507402e+01
1.866773670274067243e+01
1.866752423419589135e+01
1.860765552097922537e+01
1.859924410079215917e+01
1.851584175444783043e+01
1.848507645011964229e+01
1.847329497724820513e+01
1.843248219620119599e+01
1.840727347300249406e+01
1.837688840065264628e+01
1.835541549738949740e+01
1.832795400904087657e+01
1.822516106375117673e+01
1.822297869052770025e+01
1.818072058655998191e+01
1.814049549679327100e+01
1.808475025762264465e+01
1.807946429569690494e+01
1.804746060502763783e+01
1.803043846909907089e+01
1.801563522108325444e+01
1.796045135318746588e+01
1.793900457950302041e+01
1.790602266137732457e+01
1.786307353725081981e+01
1.783486588637853387e+01
1.780886315744863779e+01
1.777724448602162965e+01
1.776327848654682739e+01
1.775152060319684466e+01
1.763339845651724147e+01
1.763122869794585057e+01
1.761000668682367731e+01
1.759292692438231498e+01
1.758053817272115893e+01
1.749918677799055544e+01
1.748865151127420958e+01
1.744397188693133316e+01
1.743693115993533027e+01
1.743049848363138565e+01
1.739144847224876855e+01
1.734785114279359775e+01
1.732915449258426932e+01
1.729908585590214187e+01
1.723077333949597545e+01
1.722598816253561083e+01
1.722193260656286640e+01
1.721281778115166006e+01
1.716922516121818632e+01
1.713120917429001366e+01
1.711321037490290564e+01
1.705911940766837276e+01
1.703425781597629296e+01
1.698816126968720752e+01
1.695337081258242407e+01
1.691985207864772178e+01
1.691107798211119828e+01
1.687774689189734190e+01
1.685529840663238943e+01
1.680017315672695943e+01
1.673854646143211866e+01
1.671461912704484831e+01
1.669270246916568468e+01
1.666850906700918600e+01
1.666427858857511168e+01
1.664320290992872131e+01
1.661403564912480135e+01
1.656419076014607583e+01
1.654973316041892417e+01
1.653177236681040796e+01
1.651500149063323519e+01
1.645881522684023324e+01
1.643104012252094748e+01
1.642696878070648836e+01
1.640041214182772933e+01
1.636784262513702259e+01
1.634596239134481621e+01
1.633715096830480817e+01
1.632482532983992485e+01
1.630180553907943164e+01
1.627708542879202369e+01
1.625690187331252190e+01
1.621674342745940578e+01
1.620337990894759983e+01
1.620014597407091372e+01
1.615187614597077115e+01
1.614693743614782306e+01
1.609705677512537036e+01
1.608561420680653953e+01
1.606401110065458937e+01
1.603481275414608476e+01
1.603239295080386739e+01
1.601111204920619002e+01
1.596271446918563974e+01
1.592105732242579563e+01
1.591756983431615424e+01
1.590844786168806557e+01
1.585157410977319081e+01
1.581555749532862443e+01
1.579242907269235907e+01
1.576077448143934490e+01
1.575343808048460303e+01
1.572977007989424614e+01
1.569917662051027385e+01
1.568752329712703997e+01
1.566576735153079447e+01
1.564671624305115216e+01
1.563951687933039025e+01
1.560827414332537444e+01
1.558460515305174354e+01
1.555698415695264814e+01
1.554967702804879082e+01
1.547539784074296243e+01
1.545310305044177390e+01
1.543826238751811353e+01
1.539061667184810567e+01
1.537840534060710951e+01
1.536468039953612674e+01
1.535606768959937085e+01
1.532261538731008699e+01
1.530562204595626596e+01
1.529271138708205235e+01
1.529177185589747090e+01
1.527542638838799505e+01
1.520530290520002836e+01
1.518929129429626812e+01
1.517514135934704633e+01
1.516635448876125380e+01
1.512140188256373818e+01
1.511610573234874266e+01
1.510027029220374395e+01
1.508017382823381070e+01
1.504907244995010096e+01
1.503487709829868990e+01
1.502414169328831228e+01
1.497736687910933995e+01
1.497413123101114607e+01
1.496171401082747465e+01
1.493331502278033796e+01
1.492108711773775553e+01
1.491496521283732335e+01
1.486918869953589173e+01
1.483010309419641359e+01
1.481324049211047189e+01
1.481108232042547534e+01
1.476127881065404246e+01
1.474182376817015516e+01
1.472792608126495217e+01
1.470711163732861415e+01
1.466043331073175082e+01
1.464577540208680517e+01
1.462035990557185272e+01
1.460607748164179753e+01
1.458828672595766385e+01
1.457563594875972690e+01
1.454657562415961358e+01
1.453870122523892583e+01
1.449307045004585248e+01
1.447940617253423135e+01
1.445991670519467220e+01
1.443777806977455747e+01
1.442295864114032433e+01
1.441447293470338131e+01
1.437725355866946941e+01
1.437061731871458825e+01
1.435754441484818678e+01
1.430764334920268155e+01
1.430588045638013028e+01
1.426914532970759275e+01
1.423019471327597607e+01
1.420973313671024307e+01
1.420823590743812126e+01
1.418118899748576034e+01
1.416663509881404437e+01
1.415264600777225823e+01
1.413018871987145175e+01
1.411921932621324949e+01
1.409218171348642024e+01
1.408081635155082978e+01
1.407070488299526190e+01
1.406739793068130773e+01
1.402523598403640115e+01
1.401042570472049320e+01
1.400571133917840605e+01
1.398259497122303507e+01
1.397739901235495275e+01
1.395246465540736480e+01
1.391016118179711825e+01
1.389173069935474913e+01
1.387066522215821074e+01
1.383802346764019298e+01
1.383548446385407971e+01
1.380471447746941394e+01
1.379447043363190240e+01
1.377463769895840429e+01
1.377331355002064761e+01
1.374568029093468269e+01
1.374482761840585709e+01
1.369125733614667872e+01
1.368750022357918184e+01
1.368366315075572359e+01
1.364625933734931351e+01
1.364190193976575749e+01
1.360983819188221844e+01
1.358387807924012058e+01
1.357261052929224299e+01
1.355950668865108533e+01
1.353685183931534297e+01
1.351886746348660395e+01
1.351334002749271512e+01
1.349632048305887722e+01
1.346532086176421039e+01
1.345011538808297225e+01
1.341800926385896986e+01
1.341787302111108637e+01
1.337210030907868230e+01
1.336036446387488397e+01
1.333855596824940193e+01
1.332030007586487486e+01
1.330395554691572713e+01
1.327545255768502486e+01
1.326981898752506694e+01
1.324800058937673164e+01
1.324129164339049858e+01
1.323755826728893403e+01
1.322263860121366008e+01
1.319231961272983789e+01
1.318336702862995402e+01
1.317610567510518393e+01
1.315303422961213897e+01
1.314077043859910354e+01
1.313851747788304891e+01
1.310594026951124036e+01
1.307635218542676547e+01
1.307400099890899803e+01
1.303141737125372757e+01
1.301542908700184498e+01
1.301068504581771634e+01
1.300776532572612609e+01
1.296136720005228504e+01
1.295461459947132177e+01
1.293715035368945898e+01
1.293439346952831848e+01
1.290653266089792162e+01
1.287566852513232440e+01
1.286897564367189339e+01
1.284782959284501658e+01
1.284197645085517614e+01
1.282069769293827122e+01
1.280062843497034564e+01
1.278854801647041128e+01
1.278101230952234957e+01
1.276975167583949400e+01
1.276173035586218063e+01
1.274790650537156722e+01
1.273439398784189969e+01
1.270863680830281339e+01
1.269156956274235526e+01
1.267774235143442318e+01
1.267315829764397250e+01
1.263613861686719630e+01
1.262035209679693537e+01
1.261364930399231632e+01
1.260329710297961725e+01
1.257715785739250869e+01
1.255423787938207880e+01
1.253470779285325065e+01
1.252037589896827185e+01
1.249056922469190489e+01
1.246602474598576293e+01
1.245173294252022167e+01
1.243089048555917664e+01
1.242110186674393368e+01
1.240109999877332925e+01
1.238258596028136971e+01
1.237275812057116120e+01
1.236706105213403184e+01
1.235327943273805928e+01
1.232237824842532170e+01
1.230666314311306486e+01
1.229418383351821298e+01
1.227257140947834912e+01
1.226335949659841873e+01
1.223036140444482101e+01
1.222976462958946797e+01
1.220065722653297868e+01
1.219602510767107084e+01
1.217877908585140645e+01
1.216585507645547892e+01
1.214204899493953782e+01
1.213373106947264901e+01
1.210325201666038808e+01
1.208639010653398671e+01
1.206139789144128294e+01
1.204820142827890983e+01
1.204363095821661211e+01
1.204320214510947018e+01
1.200567342039196461e+01
1.199255683493489855e+01
1.199199837661490875e+01
1.197710010200687059e+01
1.196407115613089900e+01
1.194663341401044754e+01
1.189154863721740263e+01
1.187813423229706977e+01
1.186364292902179329e+01
1.184611170635246502e+01
1.183793076782839293e+01
1.183303786144091063e+01
1.182255948408093538e+01
1.181462657052595411e+01
1.180679757865065405e+01
1.179926433134692232e+01
1.179311007814726864e+01
1.175112599068641650e+01
1.174347709807438811e+01
1.171533318300370752e+01
1.170477906234894050e+01
1.167555165996459721e+01
1.167462213193501341e+01
1.165729270692672159e+01
1.165263051939297156e+01
1.164011672128952490e+01
1.162384027168641154e+01
1.160637543029350560e+01
1.160001827639010408e+01
1.159570264451218691e+01
1.158520729715836950e+01
1.155102170825632513e+01
1.154581665960591152e+01
1.153165506427350451e+01
1.151486813070563464e+01
1.150619708524629381e+01
1.147809667313453730e+01
1.147656790837990926e+01
1.146637975891538730e+01
1.144837853010680995e+01
1.141107986086068138e+01
1.140610855278899116e+01
1.139153388637817343e+01
1.138953108558979110e+01
1.138705730897380697e+01
1.137099799066008821e+01
1.135781050897646338e+01
1.133537425777295837e+01
1.132774455915238931e+01
1.131391429420582639e+01
1.130621092429321273e+01
1.129071626452219235e+01
1.127134990858116481e+01
1.126289495215658398e+01
1.122682899039235593e+01
1.121635217874130674e+01
1.120891091082996205e+01
1.118724749122920592e+01
1.117859570202108266e+01
1.117448799988565789e+01
1.115899340876049450e+01
1.114919414835150135e+01
1.113699767086554360e+01
1.111592948261601776e+01
1.111239976064099366e+01
1.105690196385036295e+01
1.105496001080413748e+01
1.105398443396983588e+01
1.102577981731211665e+01
1.102434115378931878e+01
1.100983752628307855e+01
1.098541043327671574e+01
1.096812682265483119e+01
1.095227713438752737e+01
1.094867491214189847e+01
1.091976240950471677e+01
1.091544074719037560e+01
1.089802557575148612e+01
1.089423884639431250e+01
1.088731515908885683e+01
1.087274661318753388e+01
1.087043839098115328e+01
1.084946099482659143e+01
1.083404654522500543e+01
1.081625467319795320e+01
1.081116522605317343e+01
1.079550743128149293e+01
1.076771587397781893e+01
1.075453155908336456e+01
1.073673608635905374e+01
1.072306180497518113e+01
1.070774500746606961e+01
1.070505835351742263e+01
1.069436457252485795e+01
1.067902764868354382e+01
1.067142092739563353e+01
1.065291276658184572e+01
1.065196366919644966e+01
1.063114598960820167e+01
1.062383724464318391e+01
1.059736260693001775e+01
1.056877474654099558e+01
1.056438229858499334e+01
1.055740839109191498e+01
1.055224737854636352e+01
1.053454417209440130e+01
1.051147011869447390e+01
1.050529767826747474e+01
1.050227938132915995e+01
1.048710029529796550e+01
1.045772523084899142e+01
1.045468233026943317e+01
1.045347521091919063e+01
1.042579724506094152e+01
1.041648204762645946e+01
1.039528400258535612e+01
1.039485620382071218e+01
1.037463983888181751e+01
1.036693906339855253e+01
1.034547435984372932e+01
1.034171914881979504e+01
1.031444340676074845e+01
1.031051248698784484e+01
1.030132412936109532e+01
1.028960072369966561e+01
1.027865588589556900e+01
1.026084009551809118e+01
1.024713542619504381e+01
1.023599632505156976e+01
1.022909619616301136e+01
1.022347095885360702e+01
1.018835811462495045e+01
1.017265694518678920e+01
1.016771974623113017e+01
1.016770587251632207e+01
1.015307328644392904e+01
1.012090095617871555e+01
1.010055208222915724e+01
1.008988654886018743e+01
1.008740071105922276e+01
1.006335123816142918e+01
1.004585353852332830e+01
1.003845641845285286e+01
1.003696366876041246e+01
1.003026082711836331e+01
1.001800530711983050e+01
9.984323000758571709e+00
9.983789494634136119e+00
9.983138187441182865e+00
9.955493804159742055e+00
9.946713569243369690e+00
9.936659179700836120e+00
9.932611666195548139e+00
9.896829800618117901e+00
9.896289588517898750e+00
9.893989668778804258e+00
9.871841712789223067e+00
9.857024906964227284e+00
9.827255495629342974e+00
9.826334285704552585e+00
9.822641728089857693e+00
9.806945345668310665e+00
9.774729311392198028e+00
9.773872943211834752e+00
9.769275598006384342e+00
9.750364454250044943e+00
9.745146400166166956e+00
9.734025065953806788e+00
9.729740174391352525e+00
9.725745004299396257e+00
9.707193671901748644e+00
9.682308781817042131e+00
9.681691315991713509e+00
9.667859623620245202e+00
9.644455739785431803e+00
9.640740149077435817e+00
9.625888525098048376e+00
9.609924259337104147e+00
9.597611122494441815e+00
9.582824960669347192e+00
9.580957311853193659e+00
9.554647293585405876e+00
9.543981223361502231e+00
9.524243270549362705e+00
9.515558817552314252e+00
9.497527360696690124e+00
9.495404780632318520e+00
9.483568289779887195e+00
9.473600086132163867e+00
9.458445166893536538e+00
9.456531054852991502e+00
9.442363837554719197e+00
9.428355450250277769e+00
9.414995609550667055e+00
9.410990080772961619e+00
9.391307654666498195e+00
9.386536405557436069e+00
9.384270759277944407e+00
9.369649634174804120e+00
9.333147140393107222e+00
9.331567283420158176e+00
9.317805215763575788e+00
9.302827080775800894e+00
9.264403662645598558e+00
9.259427240324429320e+00
9.254339395930673007e+00
9.222744560653298507e+00
9.221195260902979030e+00
9.219093789253978599e+00
9.207918166670797433e+00
9.206423284633906690e+00
9.196332842981879807e+00
9.194163437293392249e+00
9.182072183716336156e+00
9.174054900446584782e+00
9.166283167597908843e+00
9.145365304912202120e+00
9.142568138683472512e+00
9.116746966251342954e+00
9.111719710468928923e+00
9.094358797755141666e+00
9.087548346291066892e+00
9.077910179453224870e+00
9.056574745487690592e+00
9.051667762652858329e+00
9.047079242530367438e+00
9.033723736373797664e+00
9.012544023742632859e+00
9.005170863432704564e+00
8.989305739534811934e+00
8.975139998339814795e+00
8.961563738417481773e+00
8.950515027435166360e+00
8.943799640444739296e+00
8.934043142766560308e+00
8.920345707562583826e+00
8.903991056272612781e+00
8.900234856766525482e+00
8.899446831824688431e+00
8.880636671146161731e+00
8.867339687313062768e+00
8.859602706325430788e+00
8.859322450301059249e+00
8.841630997627181188e+00
8.826826159805209571e+00
8.813622901034174006e+00
8.810645528858595199e+00
8.809424835167016354e+00
8.778711629420357099e+00
8.773710733725968325e+00
8.762833165964467597e+00
8.750518231058006080e+00
8.729977081679580309e+00
8.720658112889994484e+00
8.718241133444074364e+00
8.700746105573768929e+00
8.699645682916607115e+00
8.687001740661607130e+00
8.686123328377750141e+00
8.678936475215826007e+00
8.659534826751944081e+00
8.655167590298644242e+00
8.641957730828828232e+00
8.616774314973138615e+00
8.611317113859032091e+00
8.594673247539708072e+00
8.566495056457606339e+00
8.565178176679484778e+00
8.545492641417888890e+00
8.544168457186353649e+00
8.539939388602677539e+00
8.518217142107125994e+00
8.510379968653907667e+00
8.492176381598234514e+00
8.488549734579612149e+00
8.448537991274118752e+00
8.447899623285177739e+00
8.438747447988097505e+00
8.428035759292107798e+00
8.420384177197549391e+00
8.418226350741615960e+00
8.408415382477260280e+00
8.403559734298445605e+00
8.382589596907738638e+00
8.375193716393463106e+00
8.371512698900581029e+00
8.361968134118356488e+00
8.348422830165709740e+00
8.332045661318016272e+00
8.320515075834952867e+00
8.314799480379742036e+00
8.310415051310565460e+00
8.301214972262318526e+00
8.294884345361820621e+00
8.289132385907294065e+00
8.256500638578126328e+00
8.254825388500393046e+00
8.232861370677474255e+00
8.222201390550482714e+00
8.218597633697017457e+00
8.200258844123881730e+00
8.199004640549613754e+00
8.197145340186560603e+00
8.180480153360388584e+00
8.178528907404865933e+00
8.163793147245968385e+00
8.144151442965013032e+00
8.140833400175644385e+00
8.122252916999268990e+00
8.111621137798039172e+00
8.098752174995974329e+00
8.090914573924282038e+00
8.081577843939520278e+00
8.070774330503287075e+00
8.042446876521950117e+00
8.028973128052115271e+00
8.024033894303801873e+00
8.023216198085671991e+00
8.008480288362301636e+00
8.002609494117441713e+00
7.998884646941442966e+00
7.998394981954572991e+00
7.983880599600667871e+00
7.979659112567469847e+00
7.963726977536452978e+00
7.960252592498994417e+00
7.942838436097437338e+00
7.930796720224161156e+00
7.922489196968716563e+00
7.915949918799989327e+00
7.885242488386434268e+00
7.885155416628247593e+00
7.874442602607904185e+00
7.867976380107275070e+00
7.858455993766988001e+00
7.847845953562477384e+00
7.839570272310992571e+00
7.829116720150015141e+00
7.823734536033727593e+00
7.823525034305151671e+00
7.802649244049780997e+00
7.800583040426581682e+00
7.795323876906016913e+00
7.775416092169439075e+00
7.775373204732234811e+00
7.752367167873181586e+00
7.741271027260199666e+00
7.734164468587079178e+00
7.729275395351250744e+00
7.711922740721244729e+00
7.696180092976578457e+00
7.695527313426958393e+00
7.676243715777760102e+00
7.668115130105761068e+00
7.660363488385192099e+00
7.653759730352958535e+00
7.646968436302641337e+00
7.637980903188648085e+00
7.626715588030934079e+00
7.625343094871483984e+00
7.616541126330999667e+00
7.596680843232583413e+00
7.586420115898933503e+00
7.580417523613338204e+00
7.572388464863839985e+00
7.567140461321421263e+00
7.560450617233978932e+00
7.543212040029128040e+00
7.531749212019474449e+00
7.505774600557945320e+00
7.505730289671408428e+00
7.491458416888170824e+00
7.489024119759958076e+00
7.479546268517402119e+00
7.461089713498188836e+00
7.448287641675064741e+00
7.447083346187508113e+00
7.432691538401841491e+00
7.425162487686027823e+00
7.409732369623553971e+00
7.409581007264352870e+00
7.406275126741315162e+00
7.389669895834583890e+00
7.386666282635895975e+00
7.366823225332495895e+00
7.362365359803789922e+00
7.357410834323234283e+00
7.343314248466511707e+00
7.335056797831340347e+00
7.330513986788384173e+00
7.302886864266791456e+00
7.300418512892540512e+00
7.296069559510248048e+00
7.286916898821678146e+00
7.281106881062281211e+00
7.262163285387849498e+00
7.258310696686653074e+00
7.252005984993963317e+00
7.242727314761082447e+00
7.214697076578061363e+00
7.200641300374504006e+00
7.200012880681866179e+00
7.193365668046699746e+00
7.187927144175118244e+00
7.185256354122324218e+00
7.179504998808454275e+00
7.165565060077318194e+00
7.155835304036790134e+00
7.148497741317944687e+00
7.146356785413843227e+00
7.128357696207680227e+00
7.116175004649624825e+00
7.115767815776248284e+00
7.113296067184802673e+00
7.103721551592095729e+00
7.083137328003424216e+00
7.057294519534994315e+00
7.054382949467538744e+00
7.047478352102543475e+00
7.042075418807256071e+00
7.035043186815339133e+00
7.020274007632524516e+00
7.012603204517255939e+00
6.994090684323596818e+00
6.986648430254363440e+00
6.980551233350582585e+00
6.977026636077095390e+00
6.961188359708430085e+00
6.953928217783166055e+00
6.948379696442504638e+00
6.940121131832413859e+00
6.931265037902685222e+00
6.915888009342363141e+00
6.911533663043015530e+00
6.893716380361157192e+00
6.883884223745868169e+00
6.867001010559817153e+00
6.866806466426115918e+00
6.863710641833015380e+00
6.850886591613345900e+00
6.841244173860682842e+00
6.829821593964148896e+00
6.818538326970168484e+00
6.812370246448040234e+00
6.791399538115210355e+00
6.788878954898310170e+00
6.778783042914714230e+00
6.776058293062424021e+00
6.771932381936963452e+00
6.754444262712667957e+00
6.752776288154803908e+00
6.746393778525986207e+00
6.740237990259852374e+00
6.733144895448748279e+00
6.720793441662663348e+00
6.715022951972438037e+00
6.711967134925725276e+00
6.698458910250188580e+00
6.693840074357211734e+00
6.684792334139232572e+00
6.679714957458220859e+00
6.675815904268177725e+00
6.658502674636089580e+00
6.654060540864736417e+00
6.630502536023567650e+00
6.622175984995111619e+00
6.612474838000225397e+00
6.610829488582096403e+00
6.603939682933017252e+00
6.595338949041376075e+00
6.592868804689069329e+00
6.588112424047666948e+00
6.570454383029573187e+00
6.559819495127543476e+00
6.547862272498695901e+00
6.534210943575534003e+00
6.524563227331412918e+00
6.523788020038629121e+00
6.512890595779686542e+00
6.495688585967257289e+00
6.489304665345520640e+00
6.487885803659550810e+00
6.475627623782986397e+00
6.466500582860628121e+00
6.455360635945738501e+00
6.455287998968552543e+00
6.436579833273269102e+00
6.420752479135587443e+00
6.408220810027304815e+00
6.406123351595812032e+00
6.400435400566356847e+00
6.397146933911515454e+00
6.394385695494150035e+00
6.382872448020076028e+00
6.372107022641320562e+00
6.355125529435196263e+00
6.353033916752989896e+00
6.335554672546495070e+00
6.332757931300322163e+00
6.314161183932907484e+00
6.314093290039737738e+00
6.301300482097927258e+00
6.301071285625490681e+00
6.292837024550101965e+00
6.277554636264844667e+00
6.258767006911246433e+00
6.256321997558773162e+00
6.253522562175091615e+00
6.249107671149514154e+00
6.236370757336580972e+00
6.232051940296309489e+00
6.218447207627837869e+00
6.212287094894624495e+00
6.203180349489229251e+00
6.186641986776416857e+00
6.182606814326917721e+00
6.171229881072040513e+00
6.159510224369743270e+00
6.156637576407990586e+00
6.154358504153681686e+00
6.146780701507361222e+00
6.136787591671041042e+00
6.126879794553469871e+00
6.124035373248831071e+00
6.104428929954504923e+00
6.104301409037940829e+00
6.097515311163136609e+00
6.084500541032375587e+00
6.071941347270733758e+00
6.060550295522216580e+00
6.054974789575648941e+00
6.047022844607004011e+00
6.045031115566818158e+00
6.029652569723591427e+00
6.017157700848935420e+00
6.016313101726865398e+00
6.011329889123420145e+00
6.011200154573131726e+00
5.997044194757123137e+00
5.996168942010315916e+00
5.982860385932244895e+00
5.960680329128146937e+00
5.955737161815836345e+00
5.950138691816041714e+00
5.946639156660948444e+00
5.943210129436503841e+00
5.933025372073426063e+00
5.929413173502555701e+00
5.926996329690592979e+00
5.911952813581836885e+00
5.906779737165924971e+00
5.889558240222686258e+00
5.884886436675688337e+00
5.876796240743709099e+00
5.851179439490057810e+00
5.832004849610759933e+00
5.818982622469381027e+00
5.813602604986567890e+00
5.812096411859903000e+00
5.801551995587904464e+00
5.794198384885358877e+00
5.791334510005474279e+00
5.788475813958368299e+00
5.774320813410326991e+00
5.760119148893504182e+00
5.758110331203516452e+00
5.754774189646353122e+00
5.740416160498861942e+00
5.727883698723152506e+00
5.725433082541079521e+00
5.708095745817274747e+00
5.706128366142865893e+00
5.698671136531102910e+00
5.685327593384519318e+00
5.672148257889630507e+00
5.671869166282421659e+00
5.667158567052950069e+00
5.666639408980009840e+00
5.649640566210810455e+00
5.647572018936325655e+00
5.631027515853642029e+00
5.623065219794547431e+00
5.621151692596403571e+00
5.611161240812601925e+00
5.606237751189245166e+00
5.599853642443608948e+00
5.598780504956853754e+00
5.586529023917319314e+00
5.585874009021088327e+00
5.577471213142445983e+00
5.572853953576374586e+00
5.571807151605046471e+00
5.556537702117560151e+00
5.542874032195089562e+00
5.530914151945649060e+00
5.527837546518993506e+00
5.516237529019117680e+00
5.490150846098426740e+00
5.489848916478510255e+00
5.482491792818899867e+00
5.470724854937293102e+00
5.470622367512505413e+00
5.464376470658362628e+00
5.458299219883982367e+00
5.440011340064410561e+00
5.434251288602941266e+00
5.427199791430909137e+00
5.423447874304291538e+00
5.421026055819678113e+00
5.400959267791896501e+00
5.399994826579536777e+00
5.395561118168413550e+00
5.393061304425581959e+00
5.390750779655736125e+00
5.390303839405369501e+00
5.371772063663293295e+00
5.361591850637533518e+00
5.341536562333357274e+00
5.339407314331420018e+00
5.326510706970363884e+00
5.319835894301868429e+00
5.308453620718520227e+00
5.305628160702553942e+00
5.293848599482901207e+00
5.288970335258640354e+00
5.279092634253974126e+00
5.276259841792758642e+00
5.273556407093909826e+00
5.266076944591126185e+00
5.261586444303032906e+00
5.246206605456611882e+00
5.232369872500959751e+00
5.224295476424745566e+00
5.220856019454996222e+00
5.210371499705196641e+00
5.206164257704037901e+00
5.193053484238791206e+00
5.188318704186870356e+00
5.183281136120244881e+00
5.174916289812260040e+00
5.169085422421593634e+00
5.164054808448323541e+00
5.157748089709097705e+00
5.154316377297421425e+00
5.137617261103041955e+00
5.131013678834542624e+00
5.113313600271221837e+00
5.112487215273310959e+00
5.101199465468353011e+00
5.093623390681959684e+00
5.091708230794222523e+00
5.072284238398682810e+00
5.063170868642727029e+00
5.055355979138400180e+00
5.054188979713416074e+00
5.043092191652934098e+00
5.037738315790184274e+00
5.032980254732203562e+00
5.031949843306246173e+00
5.016554379470175462e+00
5.013741634976915051e+00
5.005363142908552554e+00
5.002358407796570816e+00
4.997769836781465358e+00
4.989216341421744971e+00
4.987324657209652123e+00
4.974872715970622750e+00
4.959867443999996794e+00
4.948177162536024909e+00
4.944629113994190028e+00
4.935619359984363186e+00
4.925760498791187381e+00
4.913901098571532344e+00
4.907632868481218047e+00
4.906344342568313088e+00
4.895731095707156477e+00
4.891293048974421964e+00
4.878546715523840227e+00
4.878293219676645087e+00
4.868098542513727978e+00
4.861077410573645174e+00
4.858983781433192206e+00
4.858625190489067158e+00
4.839452681144726931e+00
4.837783651612340030e+00
4.833051938063435138e+00
4.827953486893543200e+00
4.824428690732639247e+00
4.819307696200008984e+00
4.800950384796530912e+00
4.792282289759177694e+00
4.791036939176875897e+00
4.783895957566496548e+00
4.782026088782260764e+00
4.763640110029704111e+00
4.756264876996417534e+00
4.748312951800113701e+00
4.745694177502487676e+00
4.736109430518609997e+00
4.724324579232390242e+00
4.722218330363321392e+00
4.717187518520463030e+00
4.699077909607535908e+00
4.698143297527396456e+00
4.690847541936394194e+00
4.689328883000731807e+00
4.688991912957897412e+00
4.680660296083834382e+00
4.671503363140640630e+00
4.665125465062868848e+00
4.657396461345223670e+00
4.645799890846274316e+00
4.641937375852026371e+00
4.637254437097235282e+00
4.635205345373303309e+00
4.632103410293157530e+00
4.624149581633000494e+00
4.613440297969053638e+00
4.604891233104495107e+00
4.602101908581929912e+00
4.583666699627796604e+00
4.582555288462836884e+00
4.578207350702632183e+00
4.577284848184498323e+00
4.563821750580237868e+00
4.562490978145484100e+00
4.553259485668054829e+00
4.552047328109841473e+00
4.543339627004765013e+00
4.538236825039825284e+00
4.524823387506981653e+00
4.517332051974052298e+00
4.517217559739588495e+00
4.512255384440581274e+00
4.506017402984989317e+00
4.491565140810213741e+00
4.480600902647160488e+00
4.478856533417849839e+00
4.466158291275141856e+00
4.457991139862990337e+00
4.455278887077498418e+00
4.454886959452298179e+00
4.441774150084182082e+00
4.438008913604759798e+00
4.431440936340258041e+00
4.419996916063887227e+00
4.417271467366497006e+00
4.402488323445981067e+00
4.395574107934981711e+00
4.393784829437877626e+00
4.381630820412684812e+00
4.368758854070804887e+00
4.365485469288355347e+00
4.362926508082771271e+00
4.355724833312561550e+00
4.352254288965980322e+00
4.340159624260455651e+00
4.334669128860181075e+00
4.333594895189187390e+00
4.329927612096697409e+00
4.325690550997172146e+00
4.321666157564753696e+00
4.321202787614663698e+00
4.308386914566932901e+00
4.301264836028243721e+00
4.289301637541507617e+00
4.288146067513013193e+00
4.281532371204396448e+00
4.273391425997179915e+00
4.260592835820820490e+00
4.258058316511371899e+00
4.253279516032698382e+00
4.240688531007233308e+00
4.237673068757142225e+00
4.234074669514836131e+00
4.232537229188745975e+00
4.221859213274474776e+00
4.217307892408089565e+00
4.201300980311286182e+00
4.197158927028249664e+00
4.186389769109403858e+00
4.178776630596206410e+00
4.172849125333565112e+00
4.169182639361439513e+00
4.168684870991573810e+00
4.156207226783722675e+00
4.147522941181641443e+00
4.134717149660220414e+00
4.134108410766915043e+00
4.123713419853498152e+00
4.117712529573379854e+00
4.117389363178884487e+00
4.110810530842907262e+00
4.104290649700038429e+00
4.097606134455364035e+00
4.092530317729871747e+00
4.082691612989337138e+00
4.075419018342772759e+00
4.072733370253386553e+00
4.063903308757558008e+00
4.062678541519615827e+00
4.058348994133043952e+00
4.048599453717740104e+00
4.047981137861636824e+00
4.030533998560935416e+00
4.026849835695267998e+00
4.025542051761332729e+00
4.016981972871682238e+00
4.005496316954374691e+00
4.001861309841229009e+00
3.994086466405445179e+00
3.984578461626986368e+00
3.983628928689203708e+00
3.968632749607316601e+00
3.967028222761719736e+00
3.955569520701769370e+00
3.952199195787297281e+00
3.950656411667921031e+00
3.947624839805983221e+00
3.934142072535515400e+00
3.927402978294174840e+00
3.925098982043834450e+00
3.916852350210288325e+00
3.915255764207086209e+00
3.912242691423225338e+00
3.904592066316328047e+00
3.899716600125157751e+00
3.895080564308109672e+00
3.889152071804338640e+00
3.880656935378512529e+00
3.880465709235475291e+00
3.872607862856888072e+00
3.863756239545836912e+00
3.862617942329880982e+00
3.854940418177438932e+00
3.840267541625304037e+00
3.839080854651851560e+00
3.828622336424773565e+00
3.827896868167694144e+00
3.823430275137213119e+00
3.817337933744577416e+00
3.814281755771491422e+00
3.807100619057951274e+00
3.804628588607726680e+00
3.792090920186482084e+00
3.783251525311881469e+00
3.777681098638804968e+00
3.768058979005099118e+00
3.767206722676982089e+00
3.758988438566163381e+00
3.744317267385229187e+00
3.743776137663167969e+00
3.740211838936426947e+00
3.733575275842123453e+00
3.722689255843292244e+00
3.717488538201116022e+00
3.709467614809087710e+00
3.703487671719810859e+00
3.698489350450231861e+00
3.694077913957796166e+00
3.690087850576265094e+00
3.682848221310490278e+00
3.679244263173930829e+00
3.670666562566076152e+00
3.659396372164473998e+00
3.654701027296507920e+00
3.650987793225951794e+00
3.649506832993789640e+00
3.643461112952965486e+00
3.637105794832494521e+00
3.629055346896303824e+00
3.628231491115386564e+00
3.626031328368612083e+00
3.617661758065581878e+00
3.614020345890255115e+00
3.610020369129782303e+00
3.609200566412019473e+00
3.598468847586145714e+00
3.595806268015087070e+00
3.579388153048761456e+00
3.578349354305407459e+00
3.574365548569225393e+00
3.569619993351796694e+00
3.558097161793339236e+00
3.550578295204993129e+00
3.548962215056685743e+00
3.545794506763119802e+00
3.539789540596148587e+00
3.539315864976252612e+00
3.531338942775532175e+00
3.522448066792161381e+00
3.516674913063859265e+00
3.504347032468273948e+00
3.500799684140855295e+00
3.498765461014087030e+00
3.488492314511325354e+00
3.485037911401480226e+00
3.482284128724731254e+00
3.473626480342436817e+00
3.471793266638114162e+00
3.465946512360579046e+00
3.451656103309451051e+00
3.445634297289355441e+00
3.439232550957585399e+00
3.431462446067008454e+00
3.429948746124360959e+00
3.422954339025052306e+00
3.419013221553189208e+00
3.414335837009691677e+00
3.395378263961886134e+00
3.394878604879705275e+00
3.389411741628774788e+00
3.380879744740633353e+00
3.379884262751592150e+00
3.376826942850813307e+00
3.363056587438394196e+00
3.360080235239712998e+00
3.359572444969729066e+00
3.351741215116503358e+00
3.348627483844897501e+00
3.347190876793929348e+00
3.337866404072604265e+00
3.332289094925719564e+00
3.322415195128883170e+00
3.320668619996932858e+00
3.319304347088331220e+00
3.318560438163877357e+00
3.306742743820506369e+00
3.296224556369408809e+00
3.294656922327159343e+00
3.293786691002789535e+00
3.284306921578463712e+00
3.275888274466139283e+00
3.272022972223458837e+00
3.265911452909014745e+00
3.264521515946436470e+00
3.251309051503705305e+00
3.251300528526775757e+00
3.235789469822105691e+00
3.230580272939067576e+00
3.228997545058670315e+00
3.217457739203860800e+00
3.214677319212827733e+00
3.211008987157933259e+00
3.207165144032628756e+00
3.201174532775024506e+00
3.197738596381173970e+00
3.192075287203666623e+00
3.181204025907345301e+00
3.180282327275721244e+00
3.172314818186241947e+00
3.168320387503444913e+00
3.163721394190211367e+00
3.161971374068369478e+00
3.153711824094262983e+00
3.144400903289640503e+00
3.140102113642877946e+00
3.139285192106505473e+00
3.132070124659758648e+00
3.124025719334408535e+00
3.120113291881447370e+00
3.116624979052107669e+00
3.108013002058698682e+00
3.107405308931031840e+00
3.099619396938578131e+00
3.094151343889806061e+00
3.090244801615401826e+00
3.081909408600836731e+00
3.077478810158043920e+00
3.076588104797591594e+00
3.069926921132640096e+00
3.061704312521365434e+00
3.061283983778477769e+00
3.053112391924444502e+00
3.049012718572642111e+00
3.042392183019365870e+00
3.040220360344172867e+00
3.038085058908038150e+00
3.019882813008325506e+00
3.017613771490863961e+00
3.014551924814346417e+00
3.009854499112890824e+00
3.002051021192092328e+00
2.999513675646505728e+00
2.996633305760270982e+00
2.986931557726204556e+00
2.982331372030308625e+00
2.981453275793548574e+00
2.972822276709578215e+00
2.970831736875592988e+00
2.966371982404683916e+00
2.950428686000592382e+00
2.947313293529858935e+00
2.940053403282904210e+00
2.935333691783892363e+00
2.926912822551536397e+00
2.922090093136357591e+00
2.921096951271343389e+00
2.917291260614407911e+00
2.914994210261593999e+00
2.908536626261525981e+00
2.901836772946496890e+00
2.899320764163672237e+00
2.890201952312454470e+00
2.889769377121326421e+00
2.877862666546596504e+00
2.876226338567556162e+00
2.875792777855830540e+00
2.871983649244420178e+00
2.867931027293084245e+00
2.865704803188580119e+00
2.850283901912010531e+00
2.840039922435424913e+00
2.839661917754396470e+00
2.835654522330069316e+00
2.830349673100454932e+00
2.825420243692823519e+00
2.818012925394198565e+00
2.814766497396873124e+00
2.810787754621972834e+00
2.805307181929739269e+00
2.804574540198952359e+00
2.792568176500435762e+00
2.790957119815639320e+00
2.786730344670897530e+00
2.786151557002574997e+00
2.783833079155559886e+00
2.775029240034733391e+00
2.772585757259593553e+00
2.760563518676405703e+00
2.752419767379806981e+00
2.749017969767506564e+00
2.745377609636429739e+00
2.735832601052603064e+00
2.732857571230836058e+00
2.728642550315051096e+00
2.722856988171602932e+00
2.717622815247524581e+00
2.714959173164671391e+00
2.700658913762465030e+00
2.698038945100358355e+00
2.698008431922796380e+00
2.688355493852098821e+00
2.687533195583844847e+00
2.683368758867328285e+00
2.679676802563685900e+00
2.673046171175953223e+00
2.667073594363179811e+00
2.662225758675482279e+00
2.658013975080273372e+00
2.651350443716877336e+00
2.651023026668423377e+00
2.644000620953680158e+00
2.640731971573878401e+00
2.637739053183577820e+00
2.632517840878078719e+00
2.626628807870457383e+00
2.618297202608149910e+00
2.617771864339551779e+00
2.614897020933720562e+00
2.606708065094866633e+00
2.595982321916537661e+00
2.593201564785328816e+00
2.591447622013719254e+00
2.582055692873933328e+00
2.579187982609818519e+00
2.575133448623262655e+00
2.571940369353586942e+00
2.570076200188060600e+00
2.558217550707600374e+00
2.558080594073756320e+00
2.554000561883900122e+00
2.544929007781663532e+00
2.542064527493334669e+00
2.541455449883089024e+00
2.535423550162789308e+00
2.532367713370491380e+00
2.526814671106085708e+00
2.516032863961788379e+00
2.514051469113963488e+00
2.506961209694941406e+00
2.503335032231232660e+00
2.496239100692398072e+00
2.495814581778977637e+00
2.494407381043797223e+00
2.486841648986893638e+00
2.483356138346330066e+00
2.481941621713840807e+00
2.472822415397147200e+00
2.472499379153342947e+00
2.458066098445021108e+00
2.455200643812415873e+00
2.453350103142394101e+00
2.443765154039267973e+00
2.435576425904359965e+00
2.432900725309011136e+00
2.426447175660155331e+00
2.423929612086087815e+00
2.414855638540499339e+00
2.413711835904940983e+00
2.406883123873234887e+00
2.405716738491428419e+00
2.400337582470609910e+00
2.392867264163235141e+00
2.387704922787305062e+00
2.382706711598581606e+00
2.377523670021316260e+00
2.365703272317911221e+00
2.363545997469857163e+00
2.359899263093314215e+00
2.356313737107026629e+00
2.352319336637929581e+00
2.351214071659035287e+00
2.344178985524824288e+00
2.343350494471616585e+00
2.338742341592479956e+00
2.331632052723250137e+00
2.328183013214160546e+00
2.326306908384158767e+00
2.322821409788643710e+00
2.319968025954375790e+00
2.312999741281682731e+00
2.308471770200648976e+00
2.298530012675292777e+00
2.294977351377057051e+00
2.292923000579706549e+00
2.292185574478228016e+00
2.286543906763265799e+00
2.278955646815028491e+00
2.278254736450699536e+00
2.270411055406303280e+00
2.265976135982528561e+00
2.262869409788740072e+00
2.260393432630931621e+00
2.256879423307948329e+00
2.253342575982385299e+00
2.246236479603106684e+00
2.245775594448530921e+00
2.238178117020767743e+00
2.234672259029450103e+00
2.233263251534858274e+00
2.231250968596742990e+00
2.222339370153240345e+00
2.221972740511608979e+00
2.213620302920748184e+00
2.211032487619203568e+00
2.203977587461687815e+00
2.196351937020302181e+00
2.194504003149075011e+00
2.188807800975475004e+00
2.188236869498962456e+00
2.183083721062422544e+00
2.180964129704328069e+00
2.180174276720478144e+00
2.173432777691042261e+00
2.166850428529227823e+00
2.162672275027875735e+00
2.159215353842762308e+00
2.158694616932023358e+00
2.154733105694583539e+00
2.145667981510887223e+00
2.143979764389184695e+00
2.133185984782330014e+00
2.125608204455287531e+00
2.123765572687609904e+00
2.116629464101819291e+00
2.116434427765607751e+00
2.110461490821416319e+00
2.104814257093106988e+00
2.102070105186542470e+00
2.098069160892720664e+00
2.093337785811728136e+00
2.083592105221901747e+00
2.083449529968699920e+00
2.077041090650574073e+00
2.072617408966883179e+00
2.068185093818637021e+00
2.064583007238889767e+00
2.059837745018573862e+00
2.054109892380926894e+00
2.052281353421697041e+00
2.046546767462726013e+00
2.039833792817681957e+00
2.036846357587243972e+00
2.034975420723912798e+00
2.026636499068958486e+00
2.025684328711732984e+00
2.022122724222915835e+00
2.015308375988133616e+00
2.013006739725700989e+00
2.012529772480240897e+00
2.012177626694568566e+00
2.007672227253875619e+00
2.002938591529253465e+00
1.998573977982652794e+00
1.997754116956326431e+00
1.983745062358811762e+00
1.979524406625670974e+00
1.974009118217651793e+00
1.971597005756920984e+00
1.963613956723792908e+00
1.960453364873695037e+00
1.957000114150920567e+00
1.956729299039791314e+00
1.942752490684933608e+00
1.942288355213501294e+00
1.937237299274339852e+00
1.936990823721604693e+00
1.934300660490957391e+00
1.928630858544140958e+00
1.928320642964854059e+00
1.921866648177010140e+00
1.919535122586265352e+00
1.914037731985644974e+00
1.912103398205613480e+00
1.902922761273940777e+00
1.902787172188094678e+00
1.901224175899835833e+00
1.896718073864676501e+00
1.895069549392581321e+00
1.889783851030241157e+00
1.886334658477834658e+00
1.878669869650398505e+00
1.875129738604806029e+00
1.870415705558484687e+00
1.865262517940133868e+00
1.862005389159575586e+00
1.852550501780716896e+00
1.851398944918184686e+00
1.849770621916688285e+00
1.847088918283820380e+00
1.840968864425090112e+00
1.835365299116766380e+00
1.831920681128035966e+00
1.826306836231994080e+00
1.824452205505441293e+00
1.820574972175878381e+00
1.812534584850786112e+00
1.809342323881818704e+00
1.803600690634156400e+00
1.803141715963182401e+00
1.796547499206657239e+00
1.793222849486594273e+00
1.791320389982282490e+00
1.786544960565399354e+00
1.776225454837215834e+00
1.774474222906365473e+00
1.769961649511440971e+00
1.766154717037714317e+00
1.765579204033760119e+00
1.763617934273908894e+00
1.760424945274471575e+00
1.757541331229712789e+00
1.753304629947753934e+00
1.752437803707042052e+00
1.742611713658791528e+00
1.740371685896355824e+00
1.738166561794192155e+00
1.737849479521657692e+00
1.729813541367424046e+00
1.729005319160506815e+00
1.724644462295030767e+00
1.722162871448383425e+00
1.713082221578875686e+00
1.709961193161621651e+00
1.705952175722520892e+00
1.699857848903019164e+00
1.695623579008979975e+00
1.692100537518571590e+00
1.689986905097259351e+00
1.682337793517621360e+00
1.680366762827050442e+00
1.678023752911630861e+00
1.676755383235833285e+00
1.675392639183838739e+00
1.667188683653529679e+00
1.656491441635910000e+00
1.655552125474084368e+00
1.652146831688891204e+00
1.644418099577897863e+00
1.640185969071007888e+00
1.637369366600210929e+00
1.637188579386025911e+00
1.632311506117333666e+00
1.627965718036040066e+00
1.624357681584195578e+00
1.620436180763316969e+00
1.615591443497434998e+00
1.613205986141022841e+00
1.609341870211158154e+00
1.606689962348000211e+00
1.602035279867575213e+00
1.600063580856484702e+00
1.594226206494534948e+00
1.592955167274222816e+00
1.588052400025970368e+00
1.587679065044730997e+00
1.582459559945469607e+00
1.575440223405857321e+00
1.572811479924411504e+00
1.572490199787457854e+00
1.572111019755747741e+00
1.569554544389687445e+00
1.561025817059144005e+00
1.559360089795211790e+00
1.551452489259925294e+00
1.548492440843510787e+00
1.546896774071325087e+00
1.543952379488198412e+00
1.541989280203019952e+00
1.537404399747535733e+00
1.533109293504305581e+00
1.528869436860053943e+00
1.527423677085652409e+00
1.525833212159048324e+00
1.521466998649940283e+00
1.510960000097311129e+00
1.509033360083021025e+00
1.506085180648320199e+00
1.500193389341646144e+00
1.493982779393851601e+00
1.490125137879266592e+00
1.489660899955746132e+00
1.488144844973087411e+00
1.485407577498517151e+00
1.478149573151858798e+00
1.475126731773537703e+00
1.473006310970575550e+00
1.468609293334274923e+00
1.465999998214291278e+00
1.461380403547787310e+00
1.457765820862727102e+00
1.454864773522979382e+00
1.448154669814573747e+00
1.446045033965903226e+00
1.445219562943623526e+00
1.440837161354139084e+00
1.438152076561936221e+00
1.433778737135790182e+00
1.431634377886940035e+00
1.430450641359188868e+00
1.429349918902524497e+00
1.422488016493631324e+00
1.421657848150326364e+00
1.416199123449116470e+00
1.413289518686980495e+00
1.409311181172303140e+00
1.406176936754182538e+00
1.403137391352392349e+00
1.395478785438876823e+00
1.394537337684285561e+00
1.385538286414526032e+00
1.385002879116929542e+00
1.384230271826522696e+00
1.378242416348071986e+00
1.378219245467341869e+00
1.370947273784807852e+00
1.367580628472760518e+00
1.362042613366461152e+00
1.357250149616497925e+00
1.352998732565445783e+00
1.350896333225970913e+00
1.350488602902428337e+00
1.343711912603844594e+00
1.343127217823955499e+00
1.337482776028119380e+00
1.335743704992075953e+00
1.332410518753162076e+00
1.328464140910929014e+00
1.325954257383576751e+00
1.323082853313479745e+00
1.317950762069576287e+00
1.314838863542753478e+00
1.312739943278574017e+00
1.308657036019900577e+00
1.307143236191489644e+00
1.305118701699206296e+00
1.304332872185362424e+00
1.301279389339240922e+00
1.293255894902353376e+00
1.290893376998472286e+00
1.288668300402872280e+00
1.282640196822413925e+00
1.280257757959504916e+00
1.276978769902356037e+00
1.276910907636039205e+00
1.270066777375932210e+00
1.262224008692428789e+00
1.258699821104767302e+00
1.256884633775155136e+00
1.248216347857342701e+00
1.247761641232144392e+00
1.247358644485217383e+00
1.246092163607750436e+00
1.242646658957351935e+00
1.241276920424305041e+00
1.235703960544320523e+00
1.230076872411814737e+00
1.227483253116589568e+00
1.226354955957033921e+00
1.224057486441510578e+00
1.223337329007735175e+00
1.218288312190970668e+00
1.214507181936861802e+00
1.210129550546949373e+00
1.204807713061064156e+00
1.201055503124331070e+00
1.199030176279120452e+00
1.195580834846354579e+00
1.191777615437374038e+00
1.191512822462064358e+00
1.188221454819597067e+00
1.187183071065406326e+00
1.181381437259975353e+00
1.178321306047203976e+00
1.177766463720186341e+00
1.172126788506340889e+00
1.165903399560023646e+00
1.165378648835125430e+00
1.164914477845337526e+00
1.160481591130789081e+00
1.156862501554121403e+00
1.152197608886021962e+00
1.150606534804753611e+00
1.148819761716021404e+00
1.143074373044813186e+00
1.142959437150047552e+00
1.137104154523741251e+00
1.132550905162402977e+00
1.131295492498554767e+00
1.129752919656877630e+00
1.128024717788368436e+00
1.121808102835635257e+00
1.118995278080989531e+00
1.117902890415080730e+00
1.113932484012015056e+00
1.108244087327307392e+00
1.106894346291481313e+00
1.104699092644922942e+00
1.098398449461807092e+00
1.096584600626073991e+00
1.093088555482190527e+00
1.086370218043932079e+00
1.084772764875019391e+00
1.083258017217168412e+00
1.079811067838406302e+00
1.075748715422191859e+00
1.069953953306120864e+00
1.067909867712092842e+00
1.063781185426956544e+00
1.062731935659142035e+00
1.058739973237204035e+00
1.055916511449773054e+00
1.054906687827640965e+00
1.053603140797591653e+00
1.049480040132892977e+00
1.044859547885138795e+00
1.043718006790148589e+00
1.042049500086050795e+00
1.034405373487927937e+00
1.032501326185129686e+00
1.027177775991477970e+00
1.023900135083224416e+00
1.023749581498211825e+00
1.020800153191155912e+00
1.019822984249164399e+00
1.018666621220410962e+00
1.014588611783962202e+00
1.013252378167492029e+00
1.010762398363839853e+00
1.009701860789792072e+00
1.005617151218167082e+00
1.004218047239956002e+00
9.989665298297251139e-01
9.962827683884223351e-01
9.908250518284278385e-01
9.870145169617943193e-01
9.867809221541896658e-01
9.860490067556569871e-01
9.836664645671395757e-01
9.786928663752484381e-01
9.723159522576387825e-01
9.698633469256263684e-01
9.698273483107773263e-01
9.656301054683793517e-01
9.650660916212377982e-01
9.613950761011604840e-01
9.600434674578524064e-01
9.535367982991671543e-01
9.480979704603641478e-01
9.477580598805107615e-01
9.407518160562660103e-01
9.381359777948576895e-01
9.356802185101021907e-01
9.351187142392844986e-01
9.337370458521287997e-01
9.313543072507123322e-01
9.294327169989009541e-01
9.247046617010641345e-01
9.244202701213573015e-01
9.201616878013080258e-01
9.196458120565822458e-01
9.167806813368518659e-01
9.154990232167391495e-01
9.136009651036162138e-01
9.081337522960952757e-01
9.073328290529188989e-01
9.026478887366260473e-01
9.019423944251426795e-01
8.977250469684060485e-01
8.955290653362786291e-01
8.888347079375769066e-01
8.884960492893838602e-01
8.851382227114711343e-01
8.839694375310234165e-01
8.805213233594476607e-01
8.792333357431835195e-01
8.776877351994704091e-01
8.688599971981996184e-01
8.681524333090221424e-01
8.646888804600875167e-01
8.605140644908910730e-01
8.595864591436976898e-01
8.527216187665852543e-01
8.509667606431660092e-01
8.456444150804202087e-01
8.439626248376647100e-01
8.427743684100231780e-01
8.388860100045476553e-01
8.386096312140728370e-01
8.381200621455839883e-01
8.371857573543596276e-01
8.328026723714437862e-01
8.319781677473011561e-01
8.308760497665940159e-01
8.176623307091280823e-01
8.174635293979838346e-01
8.157386673657284204e-01
8.149615361827577953e-01
8.100406496335549322e-01
8.072097872852140865e-01
8.063018182797290212e-01
8.051041273946103471e-01
8.048664657167272640e-01
8.009642082244895489e-01
7.971703878761315920e-01
7.956970474284938977e-01
7.914192129504851181e-01
7.892788332153499731e-01
7.845625984438650002e-01
7.801446319804682394e-01
7.795709358359551588e-01
7.771691828483141551e-01
7.749864544028418623e-01
7.707684509696779429e-01
7.672464642286878078e-01
7.639314855278661609e-01
7.615355439812655503e-01
7.580894124915761312e-01
7.560425636442280606e-01
7.496246133831692138e-01
7.489131041903293040e-01
7.460876857410598806e-01
7.441095940647075579e-01
7.391655870951931995e-01
7.380503877315682804e-01
7.337675489727782940e-01
7.323454560117870216e-01
7.286847973024274117e-01
7.277676166627363719e-01
7.217360379944228743e-01
7.216120270149984917e-01
7.202677252685106835e-01
7.175695263756103337e-01
7.161721496503686835e-01
7.131236505714473317e-01
7.098907208013719439e-01
7.073124270214108389e-01
7.037506276173415287e-01
7.016817516560220902e-01
6.992675722042828168e-01
6.961161433979713431e-01
6.918798564395248762e-01
6.850121476641986007e-01
6.842878089097050864e-01
6.833885917644868524e-01
6.791464782874903072e-01
6.778813184978677020e-01
6.753523564448589145e-01
6.731189612450021453e-01
6.690504736594207191e-01
6.661470636077764240e-01
6.633279738662752889e-01
6.625413246592873895e-01
6.577796617954231317e-01
6.570093492204075458e-01
6.536235013959400542e-01
6.501650846898524572e-01
6.479046696153567542e-01
6.470044047219227767e-01
6.427959484130950640e-01
6.397178430651839776e-01
6.388550056965274226e-01
6.334391302631848797e-01
6.296869933114569440e-01
6.288238627273486925e-01
6.281382376474695661e-01
6.229998204519018312e-01
6.224000410205868805e-01
6.199037982320276807e-01
6.191619934481437104e-01
6.147172576261633603e-01
6.142227600159352319e-01
6.110280779155996544e-01
6.095010285527926452e-01
6.046962215679714259e-01
6.042983922232104677e-01
5.993370573532394996e-01
5.991869856012796980e-01
5.980285359288878277e-01
5.930866436911421680e-01
5.929400737621941531e-01
5.880818706007141516e-01
5.840995115794581638e-01
5.835085173168517159e-01
5.776921662481584452e-01
5.738026029740818101e-01
5.735313228768799121e-01
5.691546404267013859e-01
5.651447300360049608e-01
5.641221724600002929e-01
5.617157078325691888e-01
5.592984242467770040e-01
5.560107305458642513e-01
5.539677523783667068e-01
5.513400240398810270e-01
5.466035267761296668e-01
5.452267825257819389e-01
5.421566022078607716e-01
5.408257870029303804e-01
5.384208363406318698e-01
5.366282889044491355e-01
5.358692960068648370e-01
5.290560934922124980e-01
5.278208074636231428e-01
5.244975510208671476e-01
5.244676613426394463e-01
5.217560689830440523e-01
5.189092383774808193e-01
5.151237133031668636e-01
5.123078101772986503e-01
5.101077102110739281e-01
5.076279473114932994e-01
5.051764223073275106e-01
5.014672719229443798e-01
5.007912167110109003e-01
4.980152768088111359e-01
4.916893499134251111e-01
4.902968140892943749e-01
4.887120204399272305e-01
4.854028179973818302e-01
4.830188222756974792e-01
4.803246479891328247e-01
4.772668086060976034e-01
4.765907236389247403e-01
4.753880501673209968e-01
4.722719600507603310e-01
4.680721658699538712e-01
4.672668045660024472e-01
4.650184574275744165e-01
4.638394654227576686e-01
4.618565052037453822e-01
4.582131809394799915e-01
4.550844505765231363e-01
4.547744352394437195e-01
4.530304418348016227e-01
4.509780898882515543e-01
4.482744301789732266e-01
4.465374841739631062e-01
4.464605415018264578e-01
4.424696696735826440e-01
4.406023590965409409e-01
4.363760466426881979e-01
4.355204006679925244e-01
4.324270118630167969e-01
4.299049677447546181e-01
4.261686008079620391e-01
4.247700950320493773e-01
4.228727306711418943e-01
4.217446008768425680e-01
4.176134114075559789e-01
4.146763575470667207e-01
4.144019691479111089e-01
4.112480223142994662e-01
4.112148729738305253e-01
4.091888179965800787e-01
4.086745478560855904e-01
4.019941824664712282e-01
4.009129245122608487e-01
3.999749322514702943e-01
3.998974714807564945e-01
3.969398102841274478e-01
3.949413776436064838e-01
3.887009250239643610e-01
3.820775483180413046e-01
3.814797890160648852e-01
3.763516687293133045e-01
3.763070389659937121e-01
3.736258569907124349e-01
3.729111203371553440e-01
3.701620805374968293e-01
3.682496393805661516e-01
3.673692419423941757e-01
3.661984282814436109e-01
3.616233808884213308e-01
3.585388442660483732e-01
3.547708061893055653e-01
3.546119037831156895e-01
3.527578413132494428e-01
3.513718656297964982e-01
3.485170529784993865e-01
3.474817130109186802e-01
3.452227793224916796e-01
3.421863242662032678e-01
3.415598103915898354e-01
3.381355668559458127e-01
3.363749696714902759e-01
3.345963201117815311e-01
3.329501305473844264e-01
3.301460509833142876e-01
3.269397626060353002e-01
3.255901616269313847e-01
3.222543383714478460e-01
3.207258561414225162e-01
3.184074856052883651e-01
3.175252120254482002e-01
3.139178394639736691e-01
3.138160460584256128e-01
3.101493055418516054e-01
3.043981208852223896e-01
3.036486830044158314e-01
3.011091557228112170e-01
2.991752009223635489e-01
2.970401455337002838e-01
2.948540818896709381e-01
2.929956177479720036e-01
2.925900005271556137e-01
2.898904919040717898e-01
2.881019386682073247e-01
2.851300929830432040e-01
2.817241209422913784e-01
2.809026934439559642e-01
2.808689888406121216e-01
2.771604688425430285e-01
2.750640207659732495e-01
2.739155510684216921e-01
2.713230095321396695e-01
2.671462848490596675e-01
2.670215765387961016e-01
2.647621743726037424e-01
2.632251177401157549e-01
2.624664152105933290e-01
2.601563586739752409e-01
2.572303793177093678e-01
2.554585442765164860e-01
2.522733290086616731e-01
2.509034531758854714e-01
2.488453230113055747e-01
2.463119307156784177e-01
2.458000804494946678e-01
2.430853176187706133e-01
2.423517238830639464e-01
2.392197351882767165e-01
2.385918170880737543e-01
2.348002969519405736e-01
2.341183156868445747e-01
2.307358335128429361e-01
2.299458342009234046e-01
2.290133113448017954e-01
2.259277248383185221e-01
2.249944238986762157e-01
2.240151646197830471e-01
2.233477828930747477e-01
2.202387722567253348e-01
2.181299402532335396e-01
2.155120950648247991e-01
2.147357655927326359e-01
2.106689244730974575e-01
2.102571504438549288e-01
2.087736998439277125e-01
2.067799486636792694e-01
2.029622937560481566e-01
2.014453445677404642e-01
2.003401429538382572e-01
2.000022429303061622e-01
1.961980166644902157e-01
1.951950319231745001e-01
1.948159602683500469e-01
1.931660268465961727e-01
1.909389386297875857e-01
1.893235464367865328e-01
1.868091365747337473e-01
1.849272979491479452e-01
1.839872212542321972e-01
1.817770478063488737e-01
1.789105376740001696e-01
1.771744032167451854e-01
1.771381898984712155e-01
1.765384552072339908e-01
1.731750101114270801e-01
1.706341561579231558e-01
1.703250216764811698e-01
1.679780865018359881e-01
1.646439823665597491e-01
1.629251353606695762e-01
1.611851675153564978e-01
1.608494981694062742e-01
1.604558004325885301e-01
1.556149662014576773e-01
1.547794559356745481e-01
1.538133210962266684e-01
1.531855193855446717e-01
1.497459225403642569e-01
1.485340256076346510e-01
1.472386278287978467e-01
1.452881315886078994e-01
1.445088450863745155e-01
1.424806400285562880e-01
1.414162361212316643e-01
1.414119929911435425e-01
1.375137536778205938e-01
1.362305786934971397e-01
1.357497139294057409e-01
1.349575857290314929e-01
1.324883095382710652e-01
1.318806089815084126e-01
1.303436039447924966e-01
1.276847622989003839e-01
1.274880517896002374e-01
1.242917638012174530e-01
1.225795391073249280e-01
1.212627599985846155e-01
1.209263738681317923e-01
1.171129105958981925e-01
1.162200709526537284e-01
1.139095060232454687e-01
1.135604959241785089e-01
1.112607347877187236e-01
1.096248268956783734e-01
1.087157652683311410e-01
1.055159064942363528e-01
1.042542490422297408e-01
1.036187688723204520e-01
9.970019327157886302e-02
9.961787752516547412e-02
9.694029853324181989e-02
9.613883812958441688e-02
9.592124618548382442e-02
9.270150211993521960e-02
9.163093067936177449e-02
9.062758536846858559e-02
8.861937646360999732e-02
8.799813940801681778e-02
8.710926491616612088e-02
8.328433683365094042e-02
8.209164147531008981e-02
8.183619370658055947e-02
8.032586257826876408e-02
7.901864912442492506e-02
7.770178093506308059e-02
7.572970394537230365e-02
7.481659738198878640e-02
7.232131465437617590e-02
7.144427389273516615e-02
6.822548346624089655e-02
6.810065307414593649e-02
6.628779950527596831e-02
6.600776234428702705e-02
6.583615667967740448e-02
6.432783688955778789e-02
6.394295196910866619e-02
6.221194278175375819e-02
5.970228015380441011e-02
5.934687833444629579e-02
5.757315029859855909e-02
5.749998235321553824e-02
5.599739635443379965e-02
5.508692113173547372e-02
5.481520717781610680e-02
5.287849336100081121e-02
5.208655136290890608e-02
5.132677372894428602e-02
5.088407385133490030e-02
4.917731174824502283e-02
4.823291286142852852e-02
4.766279637749588211e-02
4.682089757760094645e-02
4.657172646255136605e-02
4.373855487650635948e-02
4.344683416766145084e-02
4.116990642664149908e-02
4.055879264141453583e-02
3.911488629035892589e-02
3.883975301076577485e-02
3.758732099146807476e-02
3.624653589940207699e-02
3.505304558879733523e-02
3.483617268002291850e-02
3.341718573603504050e-02
3.215870073206156254e-02
3.208389489894719615e-02
3.040611172528318376e-02
2.977737151186882550e-02
2.946740831616442846e-02
2.772640898578818819e-02
2.715204712901267067e-02
2.687303693744074254e-02
2.587266329107926546e-02
2.464192084855590728e-02
2.278731816669065172e-02
2.167250721029101782e-02
2.084649344466047924e-02
2.065105127951523747e-02
1.952524239239336948e-02
1.914921375121505370e-02
1.875026995082603246e-02
1.869642155702348069e-02
1.684918702654833109e-02
1.560371616153797235e-02
1.448436437070655704e-02
1.415534798633581205e-02
1.280952147310824435e-02
1.082011225949346296e-02
1.048723853362068872e-02
9.903944483801848872e-03
8.593351421676023033e-03
8.435846310286905861e-03
8.263162832738667196e-03
7.534152984100240223e-03
5.899489742874514456e-03
5.719393295044789514e-03
5.112323974757614249e-03
4.522454095050151314e-03
4.244326529304119286e-03
4.079585008571388546e-03
3.466722451831689457e-03
3.116579694665935416e-03
1.765233808420843022e-03
9.563113533901828386e-04
4.859683958894961322e-04
5.143842682590922267e-05
