# Singular values
3.482817862211456941e+02
1.381269964893294286e+02
1.371902679094499433e+02
1.310696649337995439e+02
1.148880885257032247e+02
1.097688617270350022e+02
9.339437506557983681e+01
9.033929670535108869e+01
8.897270901315077651e+01
7.341306626453793172e+01
6.955818768307527478e+01
6.334668929571962792e+01
6.229271325659045289e+01
6.213094597929806895e+01
5.623115656969992671e+01
5.611544285369654261e+01
5.541738329099119653e+01
5.176764466923599883e+01
4.995861956097152046e+01
4.669648821974094943e+01
4.551594185866865416e+01
4.309480763006997250e+01
4.266366439818444434e+01
3.985609764572814839e+01
3.872433417468668182e+01
3.852032667818951239e+01
3.763329870560305324e+01
3.665277835299876585e+01
3.538329196097966900e+01
3.351168334547251959e+01
3.325081293784377579e+01
3.303636175804577135e+01
3.256346805775203990e+01
3.173380223654773857e+01
3.172577630840660845e+01
3.152520397391699447e+01
3.112120938979285967e+01
3.111377196013778601e+01
3.017572139730881986e+01
2.945244139799263294e+01
2.925322558311190235e+01
2.879553321791921761e+01
2.875595696026299919e+01
2.825394309842400986e+01
2.789778388825272160e+01
2.775539852694637233e+01
2.743747352361149794e+01
2.683288647124633286e+01
2.673751060713393457e+01
2.654265382517744953e+01
2.639695912349932883e+01
2.615264356451172389e+01
2.590479317132034254e+01
2.589573456124002249e+01
2.535054232182039158e+01
2.529921489517103694e+01
2.500931522506775551e+01
2.500301330433878277e+01
2.468585787513285013e+01
2.461913051831671240e+01
2.453275610496018899e+01
2.431386976024866797e+01
2.425693298340401682e+01
2.389867842468222392e+01
2.383114211772425151e+01
2.368994108691535061e+01
2.367073576805244883e+01
2.366724001461546933e+01
2.332724342739543388e+01
2.323956427336598196e+01
2.310679522132481623e+01
2.304912423684699974e+01
2.286269178695517823e+01
2.277371881642728724e+01
2.235935318499211277e+01
2.220028974920877118e+01
2.217907721460264980e+01
2.207521933098541567e+01
2.200505222642655667e+01
2.193052744691024003e+01
2.176593797981879064e+01
2.174972560493423757e+01
2.171604253840089527e+01
2.165127358985601802e+01
2.148135968669253870e+01
2.135792216177508962e+01
2.130688183266441627e+01
2.128611559638502015e+01
2.123693153318806637e+01
2.111655136019259871e+01
2.103788111388529813e+01
2.101064587255938321e+01
2.092607083468134732e+01
2.075370328826339161e+01
2.062282707713072227e+01
2.057411310605827737e+01
2.050979278888779334e+01
2.039677995292880297e+01
2.031390221175948341e+01
2.027474987332016099e+01
2.025726911671366892e+01
2.022933063404997966e+01
2.016086391498368968e+01
2.006757237447927622e+01
2.004823805122020630e+01
1.993583105431506297e+01
1.987459802922770891e+01
1.985318065203616200e+01
1.975683795821345257e+01
1.971636709395366083e+01
1.963534476452585764e+01
1.953006139005395880e+01
1.948733566342471590e+01
1.945255319218189882e+01
1.943805891238111982e+01
1.942675554848635144e+01
1.932188333954628945e+01
1.928945205299561749e+01
1.920184979925565827e+01
1.913475253776409701e+01
1.912501484440663901e+01
1.908972257634036040e+01
1.899362984558791112e+01
1.897200149993455653e+01
1.894238113300758641e+01
1.889528792812937041e+01
1.885541311389888719e+01
1.880072410680386241e+01
1.872906185299553172e+01
1.871498635267620969e+01
1.860602868132276555e+01
1.858426011390549348e+01
1.856066732426762655e+01
1.853655457495069925e+01
1.848475534945707466e+01
1.847026309743518624e+01
1.836759677125687773e+01
1.833200575755903472e+01
1.827263894141272260e+01
1.825767128240254777e+01
1.816180342492518918e+01
1.812390111789203928e+01
1.809795765155035596e+01
1.805190431710736476e+01
1.803930895721524053e+01
1.799957997336593252e+01
1.797272131870203182e+01
1.790921153194443605e+01
1.787757802894611459e+01
1.785978750745593402e+01
1.781592029476075822e+01
1.780037202676421515e+01
1.774024512319461522e+01
1.773354781463376995e+01
1.767172930276494114e+01
1.760949913716001092e+01
1.760543855310600492e+01
1.753603569324216238e+01
1.748700480641290156e+01
1.744856707738687263e+01
1.740496993432173767e+01
1.738593430668629480e+01
1.731606483042577693e+01
1.731261667859206810e+01
1.729230314881658614e+01
1.728267270020234037e+01
1.715899199533923891e+01
1.715381405521891978e+01
1.715256947031932455e+01
1.713455833674916917e+01
1.709465404355468365e+01
1.706890110642780201e+01
1.704690405743816584e+01
1.696740920266929820e+01
1.695607678146910047e+01
1.693535065415741414e+01
1.689599218622720400e+01
1.684290807602969053e+01
1.681511640945615937e+01
1.680291725180871154e+01
1.678027138066821777e+01
1.674017885617414336e+01
1.671170813319535853e+01
1.666567619252462151e+01
1.664751226195815903e+01
1.661193386263914462e+01
1.658306935523537362e+01
1.654384953950935611e+01
1.650042376015967704e+01
1.646912985122029127e+01
1.643477073395398591e+01
1.640050679715025339e+01
1.639110196970763056e+01
1.635337495880197523e+01
1.629933091132608425e+01
1.629895849930845486e+01
1.618228199378908982e+01
1.617710558122396591e+01
1.616385860458067114e+01
1.615790954648112532e+01
1.612861903856399692e+01
1.606047954505573827e+01
1.604626494142527449e+01
1.603264110578092527e+01
1.598111335644530051e+01
1.596541924612784236e+01
1.595330901367144882e+01
1.586040961513116443e+01
1.585945835386553426e+01
1.582576296481230749e+01
1.581566138922892151e+01
1.580871390483882166e+01
1.578421301352888939e+01
1.577047924629477471e+01
1.572788177996636172e+01
1.568663669840127284e+01
1.567689660344951008e+01
1.562303522007545808e+01
1.561528356094203041e+01
1.556889992286794033e+01
1.555089531883694853e+01
1.554374465130100802e+01
1.552321104165881671e+01
1.549586421316284301e+01
1.546941514179894028e+01
1.546911397960092849e+01
1.542953643190715773e+01
1.538483797283020671e+01
1.535113054466778415e+01
1.533895017746412037e+01
1.532231655152229166e+01
1.529417406159636528e+01
1.522810788427177542e+01
1.521821667773945919e+01
1.521793408267507530e+01
1.516071216509770636e+01
1.515077197930584241e+01
1.510606107321556024e+01
1.508092389687498347e+01
1.507614190761787043e+01
1.507083604033702962e+01
1.501796423022805094e+01
1.501035590674508313e+01
1.500376149357008870e+01
1.500049680064179647e+01
1.496781185350096166e+01
1.492060576095895819e+01
1.489174149852794571e+01
1.486912198487899417e+01
1.480671066617147957e+01
1.479922305207991506e+01
1.476005288925361292e+01
1.474528544745801995e+01
1.472574294218645541e+01
1.471013898743147408e+01
1.467579011110060172e+01
1.465118473004115351e+01
1.460583579065558801e+01
1.459165084946615742e+01
1.455426871662069921e+01
1.453898950313350902e+01
1.450315821307525255e+01
1.449292079506418318e+01
1.447417688318114060e+01
1.444474221025820704e+01
1.443192233951589465e+01
1.443034461378285371e+01
1.439006135715102985e+01
1.436639437003847064e+01
1.436439876217404255e+01
1.430028799609880075e+01
1.427913649823818965e+01
1.426915197182114348e+01
1.424799874937727040e+01
1.422892361923499926e+01
1.417983648426459631e+01
1.417015932579841930e+01
1.416734464675675653e+01
1.414003676883031346e+01
1.413047869531436085e+01
1.411255583797071189e+01
1.409200381993397144e+01
1.407565802823381773e+01
1.406062142338988963e+01
1.403975136264473456e+01
1.401486634701424450e+01
1.398827356948592993e+01
1.397489330825770182e+01
1.396187651789448658e+01
1.395966286693571234e+01
1.393872505855079424e+01
1.389994430166633244e+01
1.387943700289912563e+01
1.385725384017477957e+01
1.385394266579315925e+01
1.382919886988928226e+01
1.379675358965581289e+01
1.377510310256280590e+01
1.370717680972350827e+01
1.370593264836617564e+01
1.367697187532477265e+01
1.367331656420384256e+01
1.366829577902506720e+01
1.360176424945214890e+01
1.359141240532719230e+01
1.357300826418652129e+01
1.353842631815455633e+01
1.353412951465976555e+01
1.352206486156150689e+01
1.350556812521444350e+01
1.349138939502702428e+01
1.346386288962772504e+01
1.346274579959861839e+01
1.342859859691532343e+01
1.337744254684369594e+01
1.335098039719508911e+01
1.334436874175238330e+01
1.332890948284543420e+01
1.332119881184618748e+01
1.330111602424394590e+01
1.328555879114475857e+01
1.326346159454198848e+01
1.323654164960325730e+01
1.321552238417662295e+01
1.321421387562758021e+01
1.318338386525908668e+01
1.318073629734177921e+01
1.317273601660235549e+01
1.315284594034669752e+01
1.312429188055240914e+01
1.309778070699660546e+01
1.307006724448452140e+01
1.305250357988544607e+01
1.303503045151915174e+01
1.302195348627707183e+01
1.302060234158498453e+01
1.298929489796755377e+01
1.296939800483958649e+01
1.293934306038277349e+01
1.291058766185041762e+01
1.289340807491113416e+01
1.287280481071445770e+01
1.285387941273356738e+01
1.285299849090797331e+01
1.280669184916235537e+01
1.278907324128883083e+01
1.277733613414893910e+01
1.274938321655789686e+01
1.274402392084904889e+01
1.271625661134333996e+01
1.269763944606140171e+01
1.268452920511557203e+01
1.266199830994022690e+01
1.265045368425606398e+01
1.262376084595308612e+01
1.259804629024066536e+01
1.257387268949399584e+01
1.257217308666492706e+01
1.255233443404175553e+01
1.254095537252476156e+01
1.253118232067137150e+01
1.251310557066214280e+01
1.249088043735111420e+01
1.247064098505493313e+01
1.245660316586222827e+01
1.242269448539764376e+01
1.242066092172120229e+01
1.236873706246639593e+01
1.235742926054066437e+01
1.235441516095145431e+01
1.233933411399025992e+01
1.233476940430578850e+01
1.232235264646378958e+01
1.226842882039652949e+01
1.225486430213882549e+01
1.221600760878165737e+01
1.221311226558906071e+01
1.220144769499031234e+01
1.218872273432385356e+01
1.216928283789313170e+01
1.216276287320066984e+01
1.216128376054306059e+01
1.214044470258412112e+01
1.210171155557950762e+01
1.209683800348078542e+01
1.207906912683477785e+01
1.206929581941719398e+01
1.204784944088187260e+01
1.203701262664533189e+01
1.199915758462040216e+01
1.199570227704176517e+01
1.195619838367209375e+01
1.191842003991528998e+01
1.191292357311520078e+01
1.189766077208628126e+01
1.189363050569481395e+01
1.186065660311393088e+01
1.185734730278173821e+01
1.185101596217485564e+01
1.180916093038816861e+01
1.179018637360926824e+01
1.176704206521147000e+01
1.175018422685731601e+01
1.174729068561927647e+01
1.171796903884459162e+01
1.170689238955874956e+01
1.170152378630635326e+01
1.167711612574244384e+01
1.164335720350903713e+01
1.163410421992854182e+01
1.162202420334738839e+01
1.159321428702784473e+01
1.157009263608042637e+01
1.156695480565478462e+01
1.156431303027598112e+01
1.155656666866511095e+01
1.153823607185411149e+01
1.151218078789750443e+01
1.150379760886359115e+01
1.149007549067650480e+01
1.146097925170276000e+01
1.146029546347764061e+01
1.144434669211103106e+01
1.143315503582496362e+01
1.137577328498932161e+01
1.135761183632972049e+01
1.135059019310977746e+01
1.133816550521500233e+01
1.133288313148293192e+01
1.131561252210105017e+01
1.128885756361793824e+01
1.127471973796964200e+01
1.125302378584481033e+01
1.122886229958335669e+01
1.121408706012848810e+01
1.120002913520978005e+01
1.119602191356970700e+01
1.118260435353427162e+01
1.117580871457416514e+01
1.115623287189769997e+01
1.113564027041555882e+01
1.113285735046557434e+01
1.112143632716718500e+01
1.109220987046250428e+01
1.109183987119190640e+01
1.107696693759395501e+01
1.105674015254434295e+01
1.103532485030022414e+01
1.101470157965909102e+01
1.101230613724849761e+01
1.098822751594860669e+01
1.097158505839585629e+01
1.097042512185562835e+01
1.092443593883464636e+01
1.091245559580526425e+01
1.091136675123182087e+01
1.088634081614031324e+01
1.088153223695784355e+01
1.087433913642014893e+01
1.085733892470184259e+01
1.085039684601901300e+01
1.080318401050025123e+01
1.079730338368855236e+01
1.077347419210565249e+01
1.076945737993597341e+01
1.073558221675565250e+01
1.073044602788053936e+01
1.071183621042231238e+01
1.070349300265525549e+01
1.069958649958356744e+01
1.067370212434518884e+01
1.066961800755837508e+01
1.064342839661234308e+01
1.062793836722483753e+01
1.061084176273101853e+01
1.060697060799807190e+01
1.059063792230802292e+01
1.058194355298141254e+01
1.056998237986699429e+01
1.056261327443584364e+01
1.054863169964367131e+01
1.051943734050067292e+01
1.051069843358708766e+01
1.050841494054852276e+01
1.050174102125759745e+01
1.047034373756859971e+01
1.045989412278350272e+01
1.043961689405268167e+01
1.043500528137229111e+01
1.042009063417886061e+01
1.040367301926445265e+01
1.040035991233410861e+01
1.038620186457524319e+01
1.037758634725174822e+01
1.035680486183866300e+01
1.035598927578758754e+01
1.032791496379526031e+01
1.031900736202839219e+01
1.031390120350462958e+01
1.029733384353142078e+01
1.028714939648262394e+01
1.027743645969427533e+01
1.024407249258610264e+01
1.023322150043705392e+01
1.021687581096116482e+01
1.021009310026636996e+01
1.017389638755923720e+01
1.016964773883911732e+01
1.014365508249483838e+01
1.014308998892944658e+01
1.011954012404891223e+01
1.009060776890081712e+01
1.008909630020473713e+01
1.008443017760818528e+01
1.004788856396938179e+01
1.004389132985538780e+01
1.003462179082125694e+01
1.000809927233111551e+01
9.993828252191386596e+00
9.977461452883915172e+00
9.974126863666679554e+00
9.957620621610940859e+00
9.952509031724051880e+00
9.937474729263522377e+00
9.922512768548291007e+00
9.915197822434420161e+00
9.883849031131930474e+00
9.869750673730608881e+00
9.847016476373514848e+00
9.844656305039116262e+00
9.830946966002935383e+00
9.817740462171654414e+00
9.811223217240518935e+00
9.780591806023801738e+00
9.775998689919619622e+00
9.738800715905112426e+00
9.736722726559589702e+00
9.730820714211274591e+00
9.723410099791271577e+00
9.699167324409824431e+00
9.698461029151340895e+00
9.687221882217423641e+00
9.671747218533797152e+00
9.656333876454766596e+00
9.643693923908896792e+00
9.628282562723690319e+00
9.615210451564095706e+00
9.601722109267862848e+00
9.598258107477747103e+00
9.566039234046575856e+00
9.555179902481251375e+00
9.531617919021501351e+00
9.519398451835440866e+00
9.516806196893783820e+00
9.498541981475495888e+00
9.487226993870022440e+00
9.481976924099937420e+00
9.469276929734187220e+00
9.452986333693012000e+00
9.442351928678830220e+00
9.421685091731726303e+00
9.420072506472797258e+00
9.400767972276870665e+00
9.395319952096027549e+00
9.374348918585717172e+00
9.367070624303877935e+00
9.357794319494818325e+00
9.340936488953067496e+00
9.328344716038467155e+00
9.311771084757772599e+00
9.294427934940298286e+00
9.290604773474125722e+00
9.277901232973077228e+00
9.265271353007761945e+00
9.250713263187595459e+00
9.237209769458170072e+00
9.228311696440584910e+00
9.216759548071504327e+00
9.214107576596479277e+00
9.200622741213143385e+00
9.176705954620153705e+00
9.176384508546844287e+00
9.159905105363016276e+00
9.159241032514865211e+00
9.148203209268885416e+00
9.119637173132090879e+00
9.110580113346031794e+00
9.096631849285717664e+00
9.093538906469808225e+00
9.073066646099539057e+00
9.062817094706572263e+00
9.048960999595866639e+00
9.047813451414720376e+00
9.046438057821376333e+00
9.028328494591644215e+00
9.024067798377695127e+00
9.000071831636805797e+00
8.971672105151531795e+00
8.969798018310012111e+00
8.940655722794293325e+00
8.939854036188881636e+00
8.922397236341877758e+00
8.917627485598558224e+00
8.912508056978198923e+00
8.884284180906456996e+00
8.878372694199933690e+00
8.873977790769542295e+00
8.861862987988047280e+00
8.832972342108817543e+00
8.808862956699762492e+00
8.800365540403754849e+00
8.791062508498113104e+00
8.786598214838484466e+00
8.775159485542326721e+00
8.768316215724302864e+00
8.752860386376237756e+00
8.729997798046392532e+00
8.714188678315720082e+00
8.712533232846276121e+00
8.703186704984750222e+00
8.687838341911191975e+00
8.680384499156538425e+00
8.674116155774981962e+00
8.670023880874966338e+00
8.658028933731291232e+00
8.643628414775490043e+00
8.629972834164568951e+00
8.627694936100555267e+00
8.608610535926320750e+00
8.595256488358963054e+00
8.588878009931127266e+00
8.573015858871364969e+00
8.550459594618297743e+00
8.549019130085136808e+00
8.534084412926814522e+00
8.496724418298752468e+00
8.494748359658306214e+00
8.476670278225181931e+00
8.468801482073152087e+00
8.455878584776590046e+00
8.435828974652462620e+00
8.431258406258537619e+00
8.420577505202910373e+00
8.414460813714223164e+00
8.409477203031444859e+00
8.386633048674724478e+00
8.383670396096890798e+00
8.375173281736751463e+00
8.360812557017695212e+00
8.347833695596667880e+00
8.343591066589729266e+00
8.310784314111337778e+00
8.310596786373013245e+00
8.307987492231987403e+00
8.296568983452456081e+00
8.292741980127020796e+00
8.273580119890253215e+00
8.259328102800125748e+00
8.247397214216773520e+00
8.246392487970776841e+00
8.222034637664329182e+00
8.211360665631994848e+00
8.200678815583074766e+00
8.182848863068578282e+00
8.178324173054775770e+00
8.154521952992759282e+00
8.142584262527556405e+00
8.141991841015929765e+00
8.129476308463116752e+00
8.128540797213036129e+00
8.104388508684708725e+00
8.101534813642881971e+00
8.097988496000859016e+00
8.094218014707308839e+00
8.086115867165409199e+00
8.071666107573699733e+00
8.069182400056817528e+00
8.048854964269454015e+00
8.023298810824899263e+00
8.022388876864512852e+00
7.997633954638326159e+00
7.996274993437331169e+00
7.982174798226358448e+00
7.968023089387513025e+00
7.956988974148654137e+00
7.949516035314740492e+00
7.942408938942440599e+00
7.933105884618091075e+00
7.917190961173826480e+00
7.909740019122801336e+00
7.897350744147431989e+00
7.893559401898042616e+00
7.876133702912023082e+00
7.853109018524742524e+00
7.847274159379825420e+00
7.840299978528089575e+00
7.817219681630700023e+00
7.813812805348486101e+00
7.806307145887094734e+00
7.795091177235870639e+00
7.786241515104405764e+00
7.770825801989081683e+00
7.765059042124647704e+00
7.754493161565491732e+00
7.742223078223150701e+00
7.739460545477518494e+00
7.726059342336111690e+00
7.723043288426596931e+00
7.695327563461540343e+00
7.686417513484730790e+00
7.686031740895167275e+00
7.677856462660249015e+00
7.656133208094211717e+00
7.652927013501533260e+00
7.650618481988689545e+00
7.637536408107225228e+00
7.630706917697080094e+00
7.617217596130104518e+00
7.593926558374304747e+00
7.592529591700338365e+00
7.587642251388559522e+00
7.563615540021355166e+00
7.562242636422388919e+00
7.546285812320096653e+00
7.541419446596553833e+00
7.530500813261040705e+00
7.526444598187999269e+00
7.506318950220579822e+00
7.500388013838357182e+00
7.494028124389926937e+00
7.485755122424689212e+00
7.471149813435187248e+00
7.465214370137117861e+00
7.456337186619763635e+00
7.447829316392846621e+00
7.440931140805417954e+00
7.433808993365202511e+00
7.402606106957445142e+00
7.401436339834816636e+00
7.395326221952593926e+00
7.390107219723136112e+00
7.384313954743844555e+00
7.365725386908240857e+00
7.352134211444067979e+00
7.350654321633070865e+00
7.344395806097632651e+00
7.336510527687060801e+00
7.333464186172081511e+00
7.311817959772935360e+00
7.305638031752049066e+00
7.295022134593796892e+00
7.278952718962859336e+00
7.272264877305311792e+00
7.269636872934107430e+00
7.250112147438954935e+00
7.239176689615645088e+00
7.227063046910362054e+00
7.212733131445370205e+00
7.204927724526206667e+00
7.203262825813654402e+00
7.192145563341683534e+00
7.184951965306737520e+00
7.167327697700751621e+00
7.160661633854895847e+00
7.156205587894273634e+00
7.137968271576491830e+00
7.124506728722255211e+00
7.115022201324475937e+00
7.102692625952091277e+00
7.097328948749177080e+00
7.093499810331640454e+00
7.081522031421744856e+00
7.075204655221945416e+00
7.066403288044243780e+00
7.064170821628964703e+00
7.051188681301519878e+00
7.049640946991361012e+00
7.033425612989824494e+00
7.027962946632787755e+00
7.003420180490283364e+00
6.996951294272366617e+00
6.995741841877886280e+00
6.995698107773571373e+00
6.987828166705768673e+00
6.975700537080129493e+00
6.962632368226724822e+00
6.962431197863454102e+00
6.942918001247718074e+00
6.935506156387368115e+00
6.935476075871178203e+00
6.918427718114823932e+00
6.907673926261018060e+00
6.902228313997484932e+00
6.886062959457739829e+00
6.885060643816517612e+00
6.865534772811914266e+00
6.859964888688460327e+00
6.848682537930642411e+00
6.845842495852224374e+00
6.820202789042497216e+00
6.818647271546484312e+00
6.810323772185469693e+00
6.805242921733642092e+00
6.801479897925638340e+00
6.792756716832974995e+00
6.779554091040406405e+00
6.778365881680146643e+00
6.772023163140639568e+00
6.767865806794885586e+00
6.753083355149565037e+00
6.747909834831696152e+00
6.743010301193911538e+00
6.733409842723874661e+00
6.724160831971834895e+00
6.713008338521790463e+00
6.691083298445251515e+00
6.688693671139485986e+00
6.683201380363106736e+00
6.674968909143498941e+00
6.668284887257459381e+00
6.656331945427342411e+00
6.646436741481824839e+00
6.634286008601608664e+00
6.633502656010257681e+00
6.620325311007732694e+00
6.604514266199778660e+00
6.596383270749681671e+00
6.590679409468765293e+00
6.587672473636333237e+00
6.571123065566111698e+00
6.565388334279584015e+00
6.560171597539524946e+00
6.552911105379666701e+00
6.544335232375678935e+00
6.523396712986147428e+00
6.512575956652979059e+00
6.499490214561241430e+00
6.494154047965491117e+00
6.486557279068234649e+00
6.480717165435783578e+00
6.469090694941718844e+00
6.464486988787074395e+00
6.456824629587145203e+00
6.452766379937699526e+00
6.444309194386379502e+00
6.433044242504318611e+00
6.417257181893714524e+00
6.411608775190356546e+00
6.407443423144590255e+00
6.406523638317923819e+00
6.402779357175193198e+00
6.388744169950884455e+00
6.383291635219075388e+00
6.362565479988451678e+00
6.353984240310731835e+00
6.352653541220139033e+00
6.336864926750434890e+00
6.328480174425741289e+00
6.325041304321029401e+00
6.320422370158496506e+00
6.310933683171851882e+00
6.293201654137998702e+00
6.289828738460956359e+00
6.287299493877038792e+00
6.269591207256302035e+00
6.264845853999344349e+00
6.244047717223940808e+00
6.235688128464173197e+00
6.234901329929600777e+00
6.229708572147155010e+00
6.222322565413186624e+00
6.220498193377532736e+00
6.201418817621040525e+00
6.180740944967348938e+00
6.180168420063473000e+00
6.166842057562114121e+00
6.165417654891143684e+00
6.150959573170570849e+00
6.140475013291140982e+00
6.132685684573060847e+00
6.130096539861834337e+00
6.125510090277539454e+00
6.123927877877830994e+00
6.112070629240796471e+00
6.102062572563899501e+00
6.098807368605952739e+00
6.083371221286156150e+00
6.078457488119224372e+00
6.074738016108143235e+00
6.062879020673506147e+00
6.056925256147395409e+00
6.053742442660047018e+00
6.023021116336120251e+00
6.012755236620255239e+00
6.011004636976455373e+00
6.009270942050400244e+00
5.990032518241086734e+00
5.985318041486518581e+00
5.972905411216630434e+00
5.970790299434938220e+00
5.968389150352943595e+00
5.964706321685294022e+00
5.960660445640667326e+00
5.947589990278550509e+00
5.943814925337215449e+00
5.934715009180204781e+00
5.926404197621327086e+00
5.915351203133397462e+00
5.907844008538254421e+00
5.897265245641359677e+00
5.893873681594389957e+00
5.881854420392950367e+00
5.878208882527539814e+00
5.867862200619521573e+00
5.858953584117206681e+00
5.853241404821071470e+00
5.848945145308029225e+00
5.839464834036592222e+00
5.826139845476594914e+00
5.817545021612161804e+00
5.811910302820469276e+00
5.807564962550189058e+00
5.807070154412198981e+00
5.801973365738672506e+00
5.796699745771211276e+00
5.784196149106834994e+00
5.773498722196668709e+00
5.770429885659759783e+00
5.756313022746473607e+00
5.747042614146358197e+00
5.742061099049342587e+00
5.732215431531709982e+00
5.732040113259306402e+00
5.723834353788553209e+00
5.713499099119551339e+00
5.708553981290816814e+00
5.696559876341112272e+00
5.693540171709412512e+00
5.689103096236119761e+00
5.677212268614708179e+00
5.670694413212664209e+00
5.662380637087698787e+00
5.656927924783101247e+00
5.653425816163137441e+00
5.644669812909464568e+00
5.628465941085652346e+00
5.625857414371865595e+00
5.613012390695455878e+00
5.601983405102966884e+00
5.593961343507327655e+00
5.579847173042607800e+00
5.578937651715214940e+00
5.572609926305261752e+00
5.568425170918283484e+00
5.551800982369735848e+00
5.546841195799306234e+00
5.538518530797862383e+00
5.527664295932237515e+00
5.520566600008921299e+00
5.519815016484869830e+00
5.518443822598922743e+00
5.507964478553406984e+00
5.498935218148948145e+00
5.492946801301846094e+00
5.480383480381640027e+00
5.470176613299330803e+00
5.464197354891802583e+00
5.456242204408424001e+00
5.453532787437980645e+00
5.436414988203701171e+00
5.431104756942557898e+00
5.426135197504543761e+00
5.417662061351729896e+00
5.416544243508977452e+00
5.405788481902912501e+00
5.403863754985471779e+00
5.401871542374668600e+00
5.388042478395436596e+00
5.377814681878255065e+00
5.371900430673650639e+00
5.358959198357636566e+00
5.358111973863619149e+00
5.350500897520290344e+00
5.345323090755622175e+00
5.335029599915727339e+00
5.321994522662048865e+00
5.320840764174326942e+00
5.311485555240365031e+00
5.306010788168221914e+00
5.303741840870143776e+00
5.295694013457596938e+00
5.282931487416255401e+00
5.274776430777834868e+00
5.270520014834822575e+00
5.257054134222885367e+00
5.244519697155213045e+00
5.242460494298386564e+00
5.237838421838243441e+00
5.230047899845698289e+00
5.228254642114359640e+00
5.221048692692560778e+00
5.217780880314526470e+00
5.202288995121976178e+00
5.192984880835709305e+00
5.190321305771314009e+00
5.186158019309983658e+00
5.178970757884106213e+00
5.168244900644965334e+00
5.157780608126022237e+00
5.144419830246627967e+00
5.132933232848983174e+00
5.132109790398086346e+00
5.129654711183861515e+00
5.122335944318782808e+00
5.117382714319413495e+00
5.108097980255614345e+00
5.102294229083915056e+00
5.095585851276552170e+00
5.093973101705803863e+00
5.085691454715654203e+00
5.083634024768616477e+00
5.075993622794868543e+00
5.073188422799078445e+00
5.062235183898362578e+00
5.051736187544403123e+00
5.046157320676753599e+00
5.044817760461326017e+00
5.036734455508975472e+00
5.023729051866370199e+00
5.020972748154436616e+00
5.009870800782086242e+00
5.008620475142129713e+00
5.002217183393345756e+00
4.997767700282023107e+00
4.995388751943814043e+00
4.989807755972505809e+00
4.983567175000580107e+00
4.974568796477387700e+00
4.966683028359224927e+00
4.961561030534629602e+00
4.952182423174254389e+00
4.942888816071707048e+00
4.935947685575849952e+00
4.929870660623134171e+00
4.928412086263810110e+00
4.917242989670999265e+00
4.915537190060290662e+00
4.910414265248643773e+00
4.904794814838002281e+00
4.896619489824797000e+00
4.885548054899242487e+00
4.878217043416547050e+00
4.876555106329480971e+00
4.857819492563181463e+00
4.847462355222615926e+00
4.845682075721590820e+00
4.832868255706237903e+00
4.830043576362505142e+00
4.828054272146365733e+00
4.824944643025298241e+00
4.818587586035691928e+00
4.807842032991525905e+00
4.802346742088660747e+00
4.799693788541317119e+00
4.794031299384514000e+00
4.786734915420758796e+00
4.784926478261475324e+00
4.778080700246965407e+00
4.766459893420990745e+00
4.761120276997462319e+00
4.754203374267773619e+00
4.744245385826030947e+00
4.739812050240008290e+00
4.738285785686644047e+00
4.734146954237510307e+00
4.733135017745566664e+00
4.719980875701668133e+00
4.708147804674148951e+00
4.701310512300374889e+00
4.695810063059409067e+00
4.695732888370868885e+00
4.691798586455530717e+00
4.679986062362743837e+00
4.674630880264175836e+00
4.674274299164935975e+00
4.670691150451925289e+00
4.661291155204819070e+00
4.657162084710106065e+00
4.651149718025532565e+00
4.645648926309363880e+00
4.625427424016532285e+00
4.623784081401487001e+00
4.616974537394720635e+00
4.613400683081582798e+00
4.601963527872316995e+00
4.595050852719115397e+00
4.590510738227012943e+00
4.588356662305317357e+00
4.579905139100310052e+00
4.577664368242884585e+00
4.571468009218266459e+00
4.561811205650490031e+00
4.552874152583351375e+00
4.550546482592176645e+00
4.539402535608717315e+00
4.527512075513464573e+00
4.525829703171512897e+00
4.524195410513603299e+00
4.523456530865721525e+00
4.504051298971781137e+00
4.498253720338477812e+00
4.497757546051023070e+00
4.488910502223667720e+00
4.488161308322254683e+00
4.478552343964782523e+00
4.478526092911017109e+00
4.473848643910723233e+00
4.451022114902219329e+00
4.448619278268099997e+00
4.444098119739433805e+00
4.438925520953464599e+00
4.434809331573709379e+00
4.433322190810982555e+00
4.423755043267104448e+00
4.423318105001306400e+00
4.415596271164027087e+00
4.413540159127107287e+00
4.406667192440360203e+00
4.397085668415222415e+00
4.384235611005329325e+00
4.375561033131297961e+00
4.368031312946715872e+00
4.363454596868438173e+00
4.363319097743492136e+00
4.355665780652365093e+00
4.350287465129302866e+00
4.345468270702222746e+00
4.339148651198011741e+00
4.338831515521412996e+00
4.336824642933942542e+00
4.328374814350543609e+00
4.315949792727660217e+00
4.310902946697356519e+00
4.308831044678777644e+00
4.303204985176972031e+00
4.297074691020580595e+00
4.296360086253538491e+00
4.282856268766396468e+00
4.277170435023274209e+00
4.267773946757112746e+00
4.265274517688594003e+00
4.254100307729570929e+00
4.252922986480520251e+00
4.250122169179301856e+00
4.248935393129485760e+00
4.231565911122273427e+00
4.227918234557634491e+00
4.224519546854621055e+00
4.215741087975694690e+00
4.211550422631968438e+00
4.206885771170291832e+00
4.203131973092204099e+00
4.199845535292034526e+00
4.192994291156074027e+00
4.182435291532311084e+00
4.181323340347880446e+00
4.171944965163616459e+00
4.163681315154311058e+00
4.155843440026944613e+00
4.152924133654303240e+00
4.145307946562136969e+00
4.143836376723362136e+00
4.135325780843341903e+00
4.133962238046906101e+00
4.130041054137207901e+00
4.127181765722641948e+00
4.123632120834648696e+00
4.114476878513028346e+00
4.112438234801095049e+00
4.105287850202565814e+00
4.100496314739888071e+00
4.092824417046074359e+00
4.091083710203512247e+00
4.079026177528720432e+00
4.073742945377208713e+00
4.071648881824526889e+00
4.058180504170646685e+00
4.051655280383075208e+00
4.048516441461906368e+00
4.044114845475267117e+00
4.037641149424343823e+00
4.030155788673579487e+00
4.020241392771138678e+00
4.017878790753947271e+00
4.012393345622437657e+00
4.010971716447424562e+00
4.008368653968946482e+00
3.999770722139302404e+00
3.998894855168385831e+00
3.991269728866992494e+00
3.979188088589117989e+00
3.979069443500491854e+00
3.975614425475397784e+00
3.965923946203123496e+00
3.955702176866100928e+00
3.951850279318913195e+00
3.945909129938837800e+00
3.940161949578446787e+00
3.938151707098620502e+00
3.937211255006916932e+00
3.927427314070380149e+00
3.922322742011421060e+00
3.918748648210068630e+00
3.914575069577675759e+00
3.902121312060706337e+00
3.900613154623155943e+00
3.894364615037193111e+00
3.891357046570155021e+00
3.887473196448314017e+00
3.885050477607745023e+00
3.876271355490097825e+00
3.872549009156510014e+00
3.871122967386850355e+00
3.867293079685865109e+00
3.860807395727807734e+00
3.851657043340370734e+00
3.847605663137267484e+00
3.845509292664914369e+00
3.838884490908360370e+00
3.830368532605683995e+00
3.829480546219241610e+00
3.821261166305314649e+00
3.814505989708381950e+00
3.807854221692124508e+00
3.803341110531604397e+00
3.798768279477113818e+00
3.786622372808994719e+00
3.783604035348001382e+00
3.780611745405289881e+00
3.774442872918152947e+00
3.774197884214240517e+00
3.770652623697144268e+00
3.762319393109819110e+00
3.760493147463297881e+00
3.754852849238749624e+00
3.745222164335531012e+00
3.740995493347512468e+00
3.736769940924608235e+00
3.726869213245299850e+00
3.722566302072820132e+00
3.717550829563857739e+00
3.715100056245451476e+00
3.704289765459484851e+00
3.703735071333460915e+00
3.699957928085265468e+00
3.692556494282294377e+00
3.683645028225907225e+00
3.678689562708441940e+00
3.677749188599265473e+00
3.668928610137236923e+00
3.668510000068157417e+00
3.661531102647250790e+00
3.657654382737884013e+00
3.654232445368251980e+00
3.643823216568756074e+00
3.639829123519444654e+00
3.637185096497778325e+00
3.637131276338708030e+00
3.632004653060060484e+00
3.627904410461354257e+00
3.627825535997447837e+00
3.616651495452088305e+00
3.606917412990530369e+00
3.602599299180863301e+00
3.602124357299441915e+00
3.596587656622956874e+00
3.595825612849818942e+00
3.591606675086975731e+00
3.591425787322706675e+00
3.583808189342808870e+00
3.570176734301868215e+00
3.570082540221087619e+00
3.565298939214475382e+00
3.562441479908005082e+00
3.551671555049084272e+00
3.545953983792371478e+00
3.538039505930081763e+00
3.535557254801059646e+00
3.532719457279213771e+00
3.531894405888996058e+00
3.520592990534226363e+00
3.517315718227803423e+00
3.512112074368944459e+00
3.503278053218563226e+00
3.501068112308908908e+00
3.498400888140867693e+00
3.494023527293280917e+00
3.488738617018562138e+00
3.481364402246196477e+00
3.477723915342168404e+00
3.470736189624549883e+00
3.464817912233050468e+00
3.458649805086068785e+00
3.456137057137318891e+00
3.455755729908106311e+00
3.449228339812539179e+00
3.443826879264103802e+00
3.440662720202422253e+00
3.436960590022779982e+00
3.432106083733874602e+00
3.422210212547551755e+00
3.416402429470363433e+00
3.414561613511385652e+00
3.408419784268896802e+00
3.403782667011148177e+00
3.397886605329835774e+00
3.391559627803941268e+00
3.383697545744184687e+00
3.379754083778709006e+00
3.378823492728745936e+00
3.370548449320187601e+00
3.369332961975303853e+00
3.363302800001526371e+00
3.360514074872096746e+00
3.354752298930314680e+00
3.347458434158919971e+00
3.347382840641912605e+00
3.341257822161469715e+00
3.339365984983326374e+00
3.336624335414355436e+00
3.331561681279100906e+00
3.322462484135454641e+00
3.317281166839057605e+00
3.309171447572293978e+00
3.306699339446739216e+00
3.301209689139105841e+00
3.292230474076940805e+00
3.285331724446681090e+00
3.282396826600656237e+00
3.282320947980890136e+00
3.271853075411065070e+00
3.270518319608208824e+00
3.267428172263591613e+00
3.264699659187830783e+00
3.255892783578170135e+00
3.249865891813715546e+00
3.246594286421179198e+00
3.239606506370335204e+00
3.234758723554707505e+00
3.230327546924671278e+00
3.224984108973134145e+00
3.220755462792078916e+00
3.219384860046124341e+00
3.218428815804689869e+00
3.212615290921841282e+00
3.212343021447185087e+00
3.197686503427161320e+00
3.193553961679767461e+00
3.192178151092999183e+00
3.187380849474622746e+00
3.187108975373580844e+00
3.175429199738362573e+00
3.173935215883241234e+00
3.166271978548433008e+00
3.162710543957610199e+00
3.159389186304988328e+00
3.158781539813660277e+00
3.152298714943760238e+00
3.152214263617071133e+00
3.143014421534133351e+00
3.140415884043674222e+00
3.135509984758908963e+00
3.128248748640937382e+00
3.127897155313425603e+00
3.126308797692384900e+00
3.117928843038420883e+00
3.111134960307691433e+00
3.106917682437837946e+00
3.098341620626318349e+00
3.096885690235690713e+00
3.093560175479391994e+00
3.086823967862174722e+00
3.078728949952598271e+00
3.074035701156315081e+00
3.072002638684184106e+00
3.069456124760931992e+00
3.063666863741723034e+00
3.061798796175757342e+00
3.052339049411743943e+00
3.050892320276739511e+00
3.043251518601836292e+00
3.041534932970623828e+00
3.037098762599819146e+00
3.034736671533386776e+00
3.032741561119908447e+00
3.032136909397572300e+00
3.025165456334321767e+00
3.024077284732049620e+00
3.011968221270105772e+00
3.010331619929224267e+00
3.004229577284745822e+00
3.004194480847158566e+00
2.994238011253615550e+00
2.990854265777648457e+00
2.987430859291244190e+00
2.984517779358138778e+00
2.983381096244713149e+00
2.976806044643936389e+00
2.970153546997241989e+00
2.969398397914943200e+00
2.960874592493378810e+00
2.959957204168365941e+00
2.956666228774795346e+00
2.953822474750603000e+00
2.949171545851352771e+00
2.948637554651837522e+00
2.945903202353648442e+00
2.942162757982448973e+00
2.933845567234961926e+00
2.930124486052799071e+00
2.920430619349545953e+00
2.919727884081062097e+00
2.916096746585526756e+00
2.911553662161429301e+00
2.906842940983001444e+00
2.898945550407241001e+00
2.897434489872695806e+00
2.890439579533684800e+00
2.888630130047297406e+00
2.882183439357851373e+00
2.881053752822251290e+00
2.881019524410777244e+00
2.872019227845350908e+00
2.868074984010674289e+00
2.866288617153700091e+00
2.860891715455357698e+00
2.856570330458147122e+00
2.853019525393131861e+00
2.852868851549515750e+00
2.845546546030926827e+00
2.837328195756485094e+00
2.835628895184187481e+00
2.830849414351879645e+00
2.830584172003971055e+00
2.823689014501373773e+00
2.817725377976033840e+00
2.816057303414403634e+00
2.811993058220326080e+00
2.810998075603781565e+00
2.805416579303719349e+00
2.804270739185228845e+00
2.800544000881545870e+00
2.793146538272154089e+00
2.792230377220518367e+00
2.779464590275690927e+00
2.773619866480027341e+00
2.772214558888212110e+00
2.768007710558382684e+00
2.763559716120750132e+00
2.760312794198963804e+00
2.755507028336270814e+00
2.754039998766123709e+00
2.744224234551877029e+00
2.740470999187761603e+00
2.737444573721503183e+00
2.737086024559739261e+00
2.734439166055710135e+00
2.720324695762657896e+00
2.717916027200830253e+00
2.713116729441061192e+00
2.710159859875127975e+00
2.709716999957622718e+00
2.706977954930641417e+00
2.698068379077203094e+00
2.696052720241219003e+00
2.695356989165988093e+00
2.688098653094755264e+00
2.686990689881081806e+00
2.683303667585751562e+00
2.683145203447140581e+00
2.677021962872337735e+00
2.671819456674693782e+00
2.668891472273934973e+00
2.660023062026374951e+00
2.656810351548891003e+00
2.647343672826000471e+00
2.647275174983970913e+00
2.642766935026234165e+00
2.642544330670626440e+00
2.637178202689577589e+00
2.629203342474575766e+00
2.628986763337440191e+00
2.619621711777843309e+00
2.617552394565258123e+00
2.612550356913804439e+00
2.608243460648898893e+00
2.605298774490556024e+00
2.601480308735196978e+00
2.592056262646153630e+00
2.589584319587307171e+00
2.585425797783778012e+00
2.584567918447345125e+00
2.580256506529738925e+00
2.573458507728513034e+00
2.569618151036424436e+00
2.568941682853288277e+00
2.559538707544501968e+00
2.559491698269378723e+00
2.555097732591371074e+00
2.548417987889235903e+00
2.544870704213899160e+00
2.544867354226470368e+00
2.543561757726922945e+00
2.535061982192657659e+00
2.532542343715955546e+00
2.525729806850225856e+00
2.523887306885573611e+00
2.522737783096015374e+00
2.519100135744511082e+00
2.514665931108554631e+00
2.510849503897875756e+00
2.506931162226536447e+00
2.503782914235493706e+00
2.502467506150715781e+00
2.497606638413726987e+00
2.496075934269291086e+00
2.488468719432959997e+00
2.483715670514774043e+00
2.482914914698205688e+00
2.478811198816518235e+00
2.477053262608899686e+00
2.469280176636968527e+00
2.469144522124343766e+00
2.468831778942929489e+00
2.461917189405374629e+00
2.453639224210582448e+00
2.451860546841232225e+00
2.451734069184929421e+00
2.444928962833360142e+00
2.444168804290085983e+00
2.436103508996467770e+00
2.432229270389117737e+00
2.428716831476475324e+00
2.427546318677107795e+00
2.425331835718949947e+00
2.424002677983962517e+00
2.417305070419268009e+00
2.410910308053534568e+00
2.408915055124571492e+00
2.403840937941020162e+00
2.398783587031769304e+00
2.398261802716200819e+00
2.395191152188336225e+00
2.391325750746480683e+00
2.386614404840635917e+00
2.385337959635319027e+00
2.378808238292855481e+00
2.373223863022577707e+00
2.365076917333068351e+00
2.363665796450461709e+00
2.358434800365223794e+00
2.355099855712976531e+00
2.351328984623883844e+00
2.351078456109180426e+00
2.346634051417642919e+00
2.341215976152965617e+00
2.335155963025669745e+00
2.332149195642224004e+00
2.322767814874383774e+00
2.321827741194391503e+00
2.321044778383925422e+00
2.320033598001689068e+00
2.318252900856569987e+00
2.316136922075902493e+00
2.312317092521967599e+00
2.304948321103621023e+00
2.304626084576172129e+00
2.295815057713304963e+00
2.295418331180842042e+00
2.290394796960780965e+00
2.285995148766736040e+00
2.281970351740659542e+00
2.280483272250385163e+00
2.275974172197572365e+00
2.271390112340144984e+00
2.270650475523494638e+00
2.262749985115513951e+00
2.262569882340992766e+00
2.251540976033641783e+00
2.251178525412961928e+00
2.249002220443347522e+00
2.243671267639734346e+00
2.239360850554983351e+00
2.238507997189939314e+00
2.235640324061710427e+00
2.234065563031259583e+00
2.230986279844237696e+00
2.219903284523716103e+00
2.219261393820064487e+00
2.210546874622082658e+00
2.207517886354346093e+00
2.205296452234490001e+00
2.201663690819893660e+00
2.197001579786604264e+00
2.191534479135838875e+00
2.190092611958815993e+00
2.188368065038992949e+00
2.186479286523113519e+00
2.183206375570485136e+00
2.179205989065555293e+00
2.173044118294274352e+00
2.172051069147676650e+00
2.166378951462436309e+00
2.163780567306098579e+00
2.158869937290299301e+00
2.155540418741614950e+00
2.150498008418249452e+00
2.146750002208440922e+00
2.146019072809860706e+00
2.140278043811493447e+00
2.138351095508606026e+00
2.130749610347822731e+00
2.129505500145707053e+00
2.129130282097440485e+00
2.127208927453240417e+00
2.123427705039332203e+00
2.111795420139808144e+00
2.106187502980117809e+00
2.099879960229826370e+00
2.098637801344735987e+00
2.095223816534158345e+00
2.092458168323668044e+00
2.089446688677754960e+00
2.087643218673695067e+00
2.087360366947315526e+00
2.082877367985979333e+00
2.077958020003293438e+00
2.076586328819038485e+00
2.070476927667781464e+00
2.067596155890863319e+00
2.064966092797629660e+00
2.062687821190405391e+00
2.058225678521806934e+00
2.056666105584448623e+00
2.053869780666351730e+00
2.049381093965850109e+00
2.041986429142070403e+00
2.039793658925954212e+00
2.038199194759238608e+00
2.033655876550855446e+00
2.029767004011861609e+00
2.025518935836366996e+00
2.025310410369219660e+00
2.023006540188009517e+00
2.017262325450324578e+00
2.013819312993406996e+00
2.012213401370562149e+00
2.004930930576191539e+00
2.003275880563383460e+00
2.002163843624050088e+00
1.997997320537111987e+00
1.997285972218934225e+00
1.988003091411852052e+00
1.986818977549392740e+00
1.981898066704007810e+00
1.980751352766841000e+00
1.976453997558349052e+00
1.974667547133319268e+00
1.969350285398878686e+00
1.963624688085736203e+00
1.960982660905619790e+00
1.958436900148391224e+00
1.956644441041619720e+00
1.954609881161177620e+00
1.948760606229128278e+00
1.948344223898551997e+00
1.944163466061446854e+00
1.942316695722769104e+00
1.937826247941747626e+00
1.936335416210373861e+00
1.933513734910324189e+00
1.931505936948449520e+00
1.926870163148207693e+00
1.923464752813749623e+00
1.915281832489613922e+00
1.912623751019968843e+00
1.911698697349901721e+00
1.908795408363181512e+00
1.906702191508328648e+00
1.902366247789386566e+00
1.901173425689059782e+00
1.899720120306839455e+00
1.894424419056073061e+00
1.893538944451080397e+00
1.891304076632724485e+00
1.887809390622850580e+00
1.887166917343414241e+00
1.884897024981388114e+00
1.879067697197156050e+00
1.873831192900352827e+00
1.872823141603476849e+00
1.866928893472362017e+00
1.865666825606036916e+00
1.864038826901418089e+00
1.859498595441594793e+00
1.853981764936905252e+00
1.851788270676784975e+00
1.849659588192306137e+00
1.848555283897158175e+00
1.845574999306439201e+00
1.841268092832391012e+00
1.836869714451705882e+00
1.835084778686955520e+00
1.833612293635569879e+00
1.831272302514168393e+00
1.825021806253860568e+00
1.818367343007744052e+00
1.817647769209623565e+00
1.815243974518792935e+00
1.805165522113759913e+00
1.801301417384777004e+00
1.797861994665108210e+00
1.796030435018285631e+00
1.791718738829374713e+00
1.790707484019921303e+00
1.788284345800106090e+00
1.784612627722917955e+00
1.780674136058010504e+00
1.779078255362206207e+00
1.776954888484136186e+00
1.772465626249916992e+00
1.767431264626937670e+00
1.767412443597038640e+00
1.763648730257035613e+00
1.760490154552737385e+00
1.760338574765752728e+00
1.757993605072920573e+00
1.752449780614551367e+00
1.744232072637124320e+00
1.743708680583782922e+00
1.742653277884998353e+00
1.737001063583486937e+00
1.734573645472508474e+00
1.733753804408888044e+00
1.729086135902996313e+00
1.728142930499423580e+00
1.722266117051866940e+00
1.720371225174997853e+00
1.717810913373635895e+00
1.715578126908675838e+00
1.710576423169659410e+00
1.710498322254126125e+00
1.707429457881037838e+00
1.698546765425408056e+00
1.697209578226281934e+00
1.697027811162614697e+00
1.692471476943786524e+00
1.691416473904839846e+00
1.689266025561231510e+00
1.684940675606301008e+00
1.684119614675476662e+00
1.680095651623381148e+00
1.677336171948766941e+00
1.672707042566470959e+00
1.670353658805915353e+00
1.665237112966305943e+00
1.662738978040255944e+00
1.661843293078600903e+00
1.660086711932049264e+00
1.653588566479760935e+00
1.650254761163429063e+00
1.647850299218515557e+00
1.643822465942564426e+00
1.641852570012638735e+00
1.639712308931199791e+00
1.638269310267723489e+00
1.637341628783148817e+00
1.631997732380005006e+00
1.628325548317782312e+00
1.624491520734606675e+00
1.621342152156317162e+00
1.620123262020385813e+00
1.617673967178781202e+00
1.617185724541132963e+00
1.611102888434273961e+00
1.607328093640498334e+00
1.604698542177440901e+00
1.601078500586026410e+00
1.597275285019987834e+00
1.592700402552228445e+00
1.592021809067452498e+00
1.590416025108005504e+00
1.589556626760080027e+00
1.584322663668655151e+00
1.581273234261121097e+00
1.581158865393202495e+00
1.577318005853238780e+00
1.574753396718010734e+00
1.574127376548017931e+00
1.573236551873901101e+00
1.567585862102437000e+00
1.564328291156972028e+00
1.560431664552069497e+00
1.559405961486154180e+00
1.551459288713531004e+00
1.549507800336320518e+00
1.548444120778408317e+00
1.544445995350013590e+00
1.541663714476803948e+00
1.540263485944299182e+00
1.536141634397316658e+00
1.535428500688798881e+00
1.532449170963603224e+00
1.529068149163099744e+00
1.523722543482323166e+00
1.520973988106305130e+00
1.520013037920831867e+00
1.511904456349270953e+00
1.511411983367694001e+00
1.510391139144876105e+00
1.507508654790767233e+00
1.505645168336205764e+00
1.503755529121604928e+00
1.503385177743091994e+00
1.498073337275949601e+00
1.491395858889367876e+00
1.490475005517178264e+00
1.487989408951611914e+00
1.484542964410989985e+00
1.482821860426314586e+00
1.482575121290972353e+00
1.480177920626169374e+00
1.475346680517085396e+00
1.473106088114426226e+00
1.466124986780543482e+00
1.460842712575352698e+00
1.460386415401250249e+00
1.455474317053356836e+00
1.454269315484716385e+00
1.454055605430237375e+00
1.452811384053873667e+00
1.445669750254193309e+00
1.442238785692913527e+00
1.436469753393817328e+00
1.434473062170647406e+00
1.433843703777391010e+00
1.433121320407036547e+00
1.430514451636951234e+00
1.420000239625851757e+00
1.418775101052816456e+00
1.417494703233456166e+00
1.416009458266512366e+00
1.410199962588463141e+00
1.409396520412973919e+00
1.403303572773943797e+00
1.402491654440434221e+00
1.399894008031918657e+00
1.394571488350569322e+00
1.390646827526692109e+00
1.388925090553444264e+00
1.387984535458242519e+00
1.387629689895165441e+00
1.385068856237277712e+00
1.381891292967352802e+00
1.376922021209025848e+00
1.374920689422991726e+00
1.373661193126078484e+00
1.372810529679507230e+00
1.369137095582856567e+00
1.365827377726611891e+00
1.361183182901268607e+00
1.356285338015094100e+00
1.351802776523935101e+00
1.346075453847042969e+00
1.345760073340317664e+00
1.343828427901773370e+00
1.342639366922537381e+00
1.338892401302405277e+00
1.337069407979343483e+00
1.335166725202704852e+00
1.332558551865961727e+00
1.329346615893419070e+00
1.326100225211119588e+00
1.319856148493145032e+00
1.317316587273525297e+00
1.317172222266147497e+00
1.314500904765812273e+00
1.313656376141595583e+00
1.313439677121306604e+00
1.308370866543431044e+00
1.308168236484715585e+00
1.304839735332968820e+00
1.300168551926134342e+00
1.298681528024851817e+00
1.293337954340348928e+00
1.292589386873735702e+00
1.291673497409784988e+00
1.285757515986707844e+00
1.282801498204912072e+00
1.282303973667315855e+00
1.277101137926436314e+00
1.273005735660604376e+00
1.272119903202003410e+00
1.268723395858934344e+00
1.267537893103879654e+00
1.264624599561633644e+00
1.260958856553899832e+00
1.259213677527774244e+00
1.257602874531494441e+00
1.256473441181404027e+00
1.251713131404444290e+00
1.250111437569957573e+00
1.247657835357262490e+00
1.245570695906734526e+00
1.240642925646355588e+00
1.240468168154550188e+00
1.240411395581312748e+00
1.236446648791330150e+00
1.231749880116165485e+00
1.230004232314098278e+00
1.226147860310241366e+00
1.221684584478085700e+00
1.218635206700078966e+00
1.217554352868481571e+00
1.215504310259046816e+00
1.213363722574817061e+00
1.212428423675561140e+00
1.204976035464429440e+00
1.203743636330418809e+00
1.201105922154548811e+00
1.200587399388811427e+00
1.195396469295870512e+00
1.193318967501807437e+00
1.188539812869392254e+00
1.186135962431155155e+00
1.184701970683444072e+00
1.181847522897394365e+00
1.177495105085986093e+00
1.177102717910086582e+00
1.175384009350806114e+00
1.170655220553670883e+00
1.166580309885641764e+00
1.165839167384733699e+00
1.163462333365082202e+00
1.163387157481882594e+00
1.162239123483365999e+00
1.160275448428723655e+00
1.155198417465796989e+00
1.153520136053255207e+00
1.149004824478794262e+00
1.148713278323222120e+00
1.146100071781218421e+00
1.145030062949995209e+00
1.137899311634676502e+00
1.137691682705280760e+00
1.133367535741454990e+00
1.130673820263037754e+00
1.128570298699686614e+00
1.127546029432263230e+00
1.124611682011088520e+00
1.123664439553163641e+00
1.121499306172856425e+00
1.117080961552545215e+00
1.113237983053785740e+00
1.113078039496053773e+00
1.111870238509835129e+00
1.111738418273485962e+00
1.110363346280254015e+00
1.105460461042224507e+00
1.104545225627321159e+00
1.102270831686599006e+00
1.094531488069160563e+00
1.093974062136026770e+00
1.088145165473639153e+00
1.088034227768609696e+00
1.085795179586320547e+00
1.085159491994614589e+00
1.083118801334404191e+00
1.079029196688049197e+00
1.077481266000637650e+00
1.077479999414102219e+00
1.071656457485490543e+00
1.069539927677159996e+00
1.067054248106799497e+00
1.064385567738759919e+00
1.062202666968673492e+00
1.059995548321216896e+00
1.057262651913932761e+00
1.053607536390106736e+00
1.052306353380364934e+00
1.051261955013951699e+00
1.050461628235225486e+00
1.046653408702728161e+00
1.046543985256484177e+00
1.044386472339121630e+00
1.043363981870000234e+00
1.042018422028941904e+00
1.039974159652030661e+00
1.036026803881944680e+00
1.035891467559394652e+00
1.032058708855137397e+00
1.029135646430476614e+00
1.028205712987020126e+00
1.024001757480468733e+00
1.020792992520491493e+00
1.016846362017610472e+00
1.016674520063831189e+00
1.015463123105953880e+00
1.012848787706322362e+00
1.007976269761984067e+00
1.007222940337286543e+00
1.006217753599658149e+00
1.003790795254850821e+00
1.001201564859484083e+00
1.000396759680189263e+00
9.961646507744040813e-01
9.959980749979245873e-01
9.923570357009635634e-01
9.890885502728747891e-01
9.871725121290297889e-01
9.855950485744165990e-01
9.835041663595064376e-01
9.825512745507143375e-01
9.762683857701143220e-01
9.746705609323177422e-01
9.737888408850148281e-01
9.709623976209262874e-01
9.669754580069536143e-01
9.649575752894026248e-01
9.641189106113901008e-01
9.616798015688898804e-01
9.605418490647459340e-01
9.576409834057634241e-01
9.561219289125265641e-01
9.531897905692343631e-01
9.501308565434176678e-01
9.480540102452539308e-01
9.458767161136674151e-01
9.444085518757995290e-01
9.421219354717196293e-01
9.418715214295869664e-01
9.396737083695502202e-01
9.343826787539918355e-01
9.339744968256989965e-01
9.332666567130227797e-01
9.286760080020413088e-01
9.249350467021222322e-01
9.224786974517705795e-01
9.189808344371384052e-01
9.173009546224036859e-01
9.131478431738699886e-01
9.127638193641740560e-01
9.117210680685765567e-01
9.092543241689576838e-01
9.083930499570030959e-01
9.061367952633972989e-01
9.014532825644685499e-01
9.007178293105851941e-01
8.964935349607063841e-01
8.930189726141672946e-01
8.930140632379676147e-01
8.911210148319089752e-01
8.887738473073896195e-01
8.860775749482897590e-01
8.855658118022687875e-01
8.819212033622144675e-01
8.792534309202061360e-01
8.764135426797489137e-01
8.745603841221820662e-01
8.720438288446045183e-01
8.708764731750187060e-01
8.688308778675621902e-01
8.669037185878262219e-01
8.626333185690513439e-01
8.594145808998527869e-01
8.575970099636310850e-01
8.553216170426067855e-01
8.541078158283283983e-01
8.509884627681331137e-01
8.498515132833743824e-01
8.485394269254568078e-01
8.458760257378468150e-01
8.421730078395575081e-01
8.390763277404678089e-01
8.363904786706487515e-01
8.340678723235155356e-01
8.282917225970167774e-01
8.281206543407026999e-01
8.267524653061000262e-01
8.245274689226107512e-01
8.241028856836185579e-01
8.224284914286466019e-01
8.169084576456928648e-01
8.169081939246153334e-01
8.139686001734147691e-01
8.138285157541671477e-01
8.115043992777858373e-01
8.105550892938993002e-01
8.072875871668556691e-01
8.063730894796702353e-01
8.028646736710751686e-01
8.001396525257219450e-01
7.998262442864911836e-01
7.962539707002878053e-01
7.946639630976614077e-01
7.911899483649219578e-01
7.909241547178622600e-01
7.897783347319055069e-01
7.852001936469179544e-01
7.843833431086912888e-01
7.814954815738204275e-01
7.784874835081438960e-01
7.755884755127234742e-01
7.749674681727394265e-01
7.728719458721250435e-01
7.728383533241902636e-01
7.693372620006798668e-01
7.692692358326123081e-01
7.640753520673982946e-01
7.611584608797410390e-01
7.579285548242920001e-01
7.551666567736922131e-01
7.539785856650477180e-01
7.495204161750003147e-01
7.480711026157836896e-01
7.457901144582336217e-01
7.455727492975073867e-01
7.432678084716610734e-01
7.431072051489509001e-01
7.406563991385661794e-01
7.384519218188849710e-01
7.380967719010436134e-01
7.355842693726742931e-01
7.329011138856290630e-01
7.295475851591410876e-01
7.255589347588565774e-01
7.255153116446568795e-01
7.226327684749759284e-01
7.220252983758501664e-01
7.171431982524411053e-01
7.132820392179893831e-01
7.120025293971092850e-01
7.119305796543908826e-01
7.063244454013695162e-01
7.057453403655886692e-01
7.045210494259039891e-01
7.033653780376037945e-01
7.017367325472034789e-01
7.012571283195475624e-01
6.975105483658058381e-01
6.947856052120831016e-01
6.918493955487489133e-01
6.917653068667608540e-01
6.899028343924258344e-01
6.878570038765126071e-01
6.850856766177009227e-01
6.845984264542084308e-01
6.796118868487711628e-01
6.762305745603239826e-01
6.737344164167784477e-01
6.709424835376036622e-01
6.694216136927285676e-01
6.680623986227571809e-01
6.670205506458160016e-01
6.634942372606743577e-01
6.627109319822283018e-01
6.572925885967402237e-01
6.565235580273712790e-01
6.560525714242779749e-01
6.535180199262968781e-01
6.513299702047853357e-01
6.483488178389693601e-01
6.481333626254334179e-01
6.443799728114854020e-01
6.429291897795367250e-01
6.402780456427720202e-01
6.383976604099094176e-01
6.353107990135383742e-01
6.342508783131657335e-01
6.335386126242660287e-01
6.321434135216640327e-01
6.316974490418414412e-01
6.264689327473393909e-01
6.258652253088383688e-01
6.255746031755952119e-01
6.190575987916163703e-01
6.158055074397845718e-01
6.147802922669055592e-01
6.132897004858837153e-01
6.099537436865583029e-01
6.089387002055843823e-01
6.079763203760909507e-01
6.047837186794345898e-01
6.025975642939613852e-01
6.009545568901870638e-01
5.999992656125417989e-01
5.984349230692452837e-01
5.945998239436618427e-01
5.935975090700271739e-01
5.907593874241575671e-01
5.869865394026778649e-01
5.865247545261692563e-01
5.855951669691572548e-01
5.811770384664346478e-01
5.797236758005093193e-01
5.781108179720952922e-01
5.779863366541113656e-01
5.769826532279488385e-01
5.767216850878644774e-01
5.758850250944180793e-01
5.711983744293785970e-01
5.688888566971410654e-01
5.677243821652473432e-01
5.640483589692663058e-01
5.613427399864956424e-01
5.604340551367879009e-01
5.591362628862147632e-01
5.569568002474210022e-01
5.544204228016951230e-01
5.537694021620442886e-01
5.504610661854170139e-01
5.481508464692547156e-01
5.475977224153162348e-01
5.438737965208975123e-01
5.421606627807010748e-01
5.391488892744032979e-01
5.375223808674458592e-01
5.362526482034903896e-01
5.360244357602074183e-01
5.315102237396723828e-01
5.303460605073134770e-01
5.297889920055857127e-01
5.258377159317848548e-01
5.232495399763004151e-01
5.204249231928939068e-01
5.203578183606230034e-01
5.157747314777811898e-01
5.157614818271786250e-01
5.142453270423528178e-01
5.132792863258441862e-01
5.115366430069887560e-01
5.092972702497454707e-01
5.065390037679304847e-01
5.031440350714325715e-01
5.022591569485789220e-01
4.976363978789872800e-01
4.973663949944670537e-01
4.948970362253862776e-01
4.940071754917699787e-01
4.929394060133623912e-01
4.874029534366321470e-01
4.870295203821643493e-01
4.844195326276496960e-01
4.819231362892474890e-01
4.799777212413715577e-01
4.785331502304057683e-01
4.756412508454214705e-01
4.735143042545342795e-01
4.724974531657716859e-01
4.700276365504197917e-01
4.687970400714296937e-01
4.662280957936579817e-01
4.650324048676834354e-01
4.633985233013749316e-01
4.625557666399065515e-01
4.623328275134744869e-01
4.607090243546871355e-01
4.604153399789124856e-01
4.588330543366832548e-01
4.551059498565208083e-01
4.543261886422324536e-01
4.519096251082181936e-01
4.507861191125103750e-01
4.495840624000068120e-01
4.451505914485865412e-01
4.443249746352965768e-01
4.432951929235453004e-01
4.405350313246505500e-01
4.398940133239180872e-01
4.375690336555347337e-01
4.359344366655292236e-01
4.357817704439234663e-01
4.329959972405806878e-01
4.319414118735995234e-01
4.306114098083433928e-01
4.272724697944647598e-01
4.232046894848530694e-01
4.224092695259198948e-01
4.198669993098476660e-01
4.186348702744350225e-01
4.169538004887622384e-01
4.146467682658044329e-01
4.135279315252889942e-01
4.095941470210235358e-01
4.068718463605563995e-01
4.055772651586579403e-01
4.053703484611417829e-01
4.051329971988576473e-01
4.028228494318499275e-01
3.988200152126064046e-01
3.982946041214707744e-01
3.948406853137713113e-01
3.924113653250279610e-01
3.917296247136135556e-01
3.913379233912681054e-01
3.888714393891331000e-01
3.883998097680408934e-01
3.878878611530036102e-01
3.866577492483711520e-01
3.840813006843437072e-01
3.838741344586041881e-01
3.823361048814390983e-01
3.800234213418123286e-01
3.774751737836380960e-01
3.768910545946151380e-01
3.746950541964821912e-01
3.726484789169434153e-01
3.709301173192423029e-01
3.684397751193907444e-01
3.661133928051304443e-01
3.644595842277605913e-01
3.624199974034588712e-01
3.624136417259290477e-01
3.571083046276004036e-01
3.555686105427859900e-01
3.529127497821020198e-01
3.518073744118877522e-01
3.514706207517099279e-01
3.497996746206067931e-01
3.479646558551051649e-01
3.463056134462600966e-01
3.450740737052588880e-01
3.423225819179036566e-01
3.414537638264878994e-01
3.386914319375377569e-01
3.367962074590785670e-01
3.357611948395091694e-01
3.333446515651211639e-01
3.320684869977096332e-01
3.298686643610612146e-01
3.295287198733202749e-01
3.274969676753827219e-01
3.262280052514513473e-01
3.249511982526760989e-01
3.233672459376102926e-01
3.224126212778160028e-01
3.191961489231559534e-01
3.189646300664893963e-01
3.173851294284925628e-01
3.161460094371286722e-01
3.147268217081874986e-01
3.087122158218594814e-01
3.082842280116933065e-01
3.059058356967068737e-01
3.056794578718062261e-01
3.036023004465546737e-01
3.033747432210507355e-01
3.006262189683394093e-01
3.004765688861226747e-01
2.998809365769434798e-01
2.976379363080698393e-01
2.957677452561759956e-01
2.945265470675982877e-01
2.944789075305163650e-01
2.902929467734522428e-01
2.891082022706568111e-01
2.867073976785110001e-01
2.860802963766597151e-01
2.833557268891078729e-01
2.821864075796154392e-01
2.808974561078140808e-01
2.771143307407702983e-01
2.753064970721240678e-01
2.744621072695458963e-01
2.713379236957217944e-01
2.707849178221997111e-01
2.683192408271513618e-01
2.670890585600543266e-01
2.667264094790311457e-01
2.660772807912609728e-01
2.607978716463207891e-01
2.602787799882227415e-01
2.574077066181778006e-01
2.568221191601585129e-01
2.557652087525667528e-01
2.549800879780748653e-01
2.517806246827622996e-01
2.508843492069834924e-01
2.497382888558889735e-01
2.492072320094414484e-01
2.484424801225190993e-01
2.447623890151335302e-01
2.445470559674839395e-01
2.427636286119871645e-01
2.421074378253416370e-01
2.418563892327872944e-01
2.393696280374280894e-01
2.374991037393641702e-01
2.360897012201388367e-01
2.343557010830681075e-01
2.307569114682467282e-01
2.292555412008655813e-01
2.288480275668145769e-01
2.285066498528049161e-01
2.260481208389293339e-01
2.248728568699536745e-01
2.237288564796042767e-01
2.224045010727187799e-01
2.218154971375788098e-01
2.203697050036481364e-01
2.196739142842950854e-01
2.177856388758169226e-01
2.145022667833254848e-01
2.125877603460754883e-01
2.117189292350372676e-01
2.109052050398362577e-01
2.093442309441682081e-01
2.083124909089438537e-01
2.074597998763418882e-01
2.071774699438014844e-01
2.039852637247698552e-01
2.024484720546606553e-01
2.014760056744532568e-01
2.003793938093527405e-01
1.984226457979551550e-01
1.961687690009493168e-01
1.956989677519609949e-01
1.949759508818836029e-01
1.921639610754859451e-01
1.911620898219655584e-01
1.893574737500195171e-01
1.892574703704586747e-01
1.882881851272213969e-01
1.835830951485921680e-01
1.828653557423509934e-01
1.817361171204324999e-01
1.810892956459469183e-01
1.797088976560229645e-01
1.783572603205802187e-01
1.752186060866845474e-01
1.747818857880872601e-01
1.736856160555415862e-01
1.734961846187650925e-01
1.721720495204301649e-01
1.710653074789586503e-01
1.699712151069379673e-01
1.676313790057917530e-01
1.656129649935746684e-01
1.646523576252217902e-01
1.643278742523844593e-01
1.635007690530485835e-01
1.611506721222592808e-01
1.603436329073137934e-01
1.574297437160569468e-01
1.566787655429449644e-01
1.558887019895960346e-01
1.529119727636960302e-01
1.525443822096594904e-01
1.495382627125577679e-01
1.494900827720126446e-01
1.492032517733012098e-01
1.472240006815182245e-01
1.460260111171657327e-01
1.447153858585088215e-01
1.438684987811700011e-01
1.438086623398450448e-01
1.421912735373422887e-01
1.410178704595202448e-01
1.393199230192099514e-01
1.386751068846845403e-01
1.386246088003249555e-01
1.374652287443042242e-01
1.359182216363668816e-01
1.341766142673087026e-01
1.324368092016805221e-01
1.322428297276592168e-01
1.318210196986109306e-01
1.295507649583956811e-01
1.290371760735083695e-01
1.282157728148163589e-01
1.274326604146783781e-01
1.269817307765423731e-01
1.243898855446828877e-01
1.242597017189859265e-01
1.220263534854610921e-01
1.212678210259222900e-01
1.206361523654945339e-01
1.180880821776621459e-01
1.170588301186681751e-01
1.148818670131892400e-01
1.144840071784728464e-01
1.124018773173929148e-01
1.115248354452082202e-01
1.110930677140867101e-01
1.095966271574730228e-01
1.066774113092582854e-01
1.065687703228967026e-01
1.048669558276597857e-01
1.041883287644980866e-01
1.038122628083113785e-01
1.032079659692389934e-01
1.012460899368722578e-01
1.003987720767621772e-01
9.756303375496504227e-02
9.638366205693521538e-02
9.594933311520953412e-02
9.443928900162915085e-02
9.398059303736559789e-02
9.380746011430754483e-02
9.132027537837626718e-02
9.083852838836689592e-02
9.022210895356275184e-02
8.987243105033673740e-02
8.892928957729269446e-02
8.755190167678941759e-02
8.751447837420653353e-02
8.551127113566753257e-02
8.548947335764349453e-02
8.451095464944545499e-02
8.335350180415772303e-02
8.193772061190419953e-02
8.136695351051190239e-02
8.075852827435113512e-02
7.956303143290814617e-02
7.811973020688417479e-02
7.745571135772368054e-02
7.625774954180307430e-02
7.350444185585620904e-02
7.349038635948960951e-02
7.125744995211724664e-02
7.082414734630405884e-02
7.018624877783452565e-02
7.015187592959437612e-02
6.966664171076394907e-02
6.695286918955156708e-02
6.495875961820925248e-02
6.414924926523961346e-02
6.394700235834108182e-02
6.356786253615397120e-02
6.214991129074554782e-02
6.212176550302563743e-02
6.194112613911659238e-02
6.073510101581891529e-02
6.016797071710813793e-02
5.998503577461854197e-02
5.834899742053356597e-02
5.707160642892518398e-02
5.530191346973658412e-02
5.494445630045557277e-02
5.395729867063016327e-02
5.287219786139395888e-02
5.160816706874123833e-02
5.149879527000568447e-02
5.069740853854670659e-02
4.916628923252393951e-02
4.904737115739381953e-02
4.794707175144111849e-02
4.701062317375939714e-02
4.637710839227201370e-02
4.574517438133857139e-02
4.488370799451071869e-02
4.351772377494578931e-02
4.309223726863721515e-02
4.277776348111390903e-02
4.076683601813184399e-02
4.000141735304867108e-02
3.864615989712198024e-02
3.799649236330462226e-02
3.721654464325957479e-02
3.697863428914383715e-02
3.678253250128697693e-02
3.482575521837157073e-02
3.442612963727657155e-02
3.417016539251368362e-02
3.398244955543718027e-02
3.350076392216203708e-02
3.302804067306877589e-02
3.206684072213897979e-02
3.193037761107997419e-02
2.884150802826903476e-02
2.864831902187084389e-02
2.768538681494106882e-02
2.673340791209845996e-02
2.647656119539599368e-02
2.600291850618154446e-02
2.503981582475655818e-02
2.496682735560268318e-02
2.461610124753160073e-02
2.357376504670542425e-02
2.263164947075998329e-02
2.215990664611879740e-02
2.197724190753329310e-02
2.179220404727073498e-02
2.136906373221330799e-02
1.955668527256182454e-02
1.921750261763087789e-02
1.905782121114748748e-02
1.756335387046813537e-02
1.742898544956499041e-02
1.701240631420340363e-02
1.696784782402158825e-02
1.652102973598271879e-02
1.574309369655540330e-02
1.561382612951970825e-02
1.431719455900625458e-02
1.431286098497356989e-02
1.377095029906118956e-02
1.307502993803564932e-02
1.183107758101558694e-02
1.149818972606419035e-02
1.122237354159204281e-02
1.045663807342057071e-02
1.002071920976540208e-02
9.693785558665598059e-03
9.501978422661740142e-03
9.122156108036806252e-03
8.521689167350594146e-03
8.325864329163570193e-03
7.808389186044348979e-03
7.651688826635160735e-03
6.831988961228192304e-03
6.214505443939604204e-03
5.615514277403204843e-03
5.504057584094968272e-03
5.130968928604169761e-03
4.741504170174375143e-03
4.636593286401149809e-03
4.557481713825922362e-03
4.072475635291225755e-03
3.698326288701024502e-03
3.412845120842354207e-03
2.921673789543018269e-03
2.759662578806946348e-03
2.718202081320288035e-03
2.512475889935607536e-03
2.001928203299309286e-03
1.835330958249260574e-03
1.351992753207195827e-03
1.263847340849307563e-03
8.057029256176228508e-04
4.527502602879230785e-04
4.013361899253899980e-04
2.507436914032360365e-04
