# Singular values
4.821220359072933093e+01
3.581489755834542166e+01
3.247781741697801294e+01
2.827637200477328605e+01
1.933864894675479107e+01
1.654102185295504412e+01
1.359612352927967827e+01
1.197338878443248689e+01
1.136233688861485902e+01
1.056855585180226775e+01
1.013339312043702556e+01
1.002616507734327200e+01
9.528040539593934710e+00
9.288039895354534892e+00
8.256329550537433448e+00
7.739486163626438042e+00
7.682954408932492818e+00
7.587950059150324833e+00
7.284952948263728523e+00
7.170421054454765297e+00
6.846298874714865867e+00
6.839901159789826046e+00
6.772250967111070885e+00
6.518988481576553085e+00
6.142950201819836309e+00
6.128548586424956035e+00
5.942281595435831676e+00
5.814848531668899589e+00
5.612716171971315227e+00
5.515527421604841329e+00
5.480068816120404307e+00
5.408120476095926499e+00
5.313968907625789662e+00
5.167150938271200644e+00
5.128966790274875898e+00
5.052246669022646408e+00
4.957303591028794365e+00
4.886640361176179503e+00
4.871330980042759329e+00
4.785114019445899203e+00
4.714854810665988438e+00
4.638222439995631774e+00
4.626469959787313790e+00
4.549357397857328955e+00
4.487489030229252052e+00
4.454538499387594719e+00
4.450542252760713247e+00
4.336126615373467885e+00
4.308760426313405389e+00
4.183003005898935811e+00
4.175730353364287772e+00
4.144955735499670446e+00
3.994318490832824420e+00
3.925751565884572081e+00
3.925178404934310361e+00
3.873361755400996476e+00
3.852463910442042838e+00
3.822261050710641150e+00
3.730260731818254794e+00
3.718472169953438211e+00
3.647993102762422613e+00
3.591236207837929850e+00
3.590840320478421166e+00
3.571291669031529281e+00
3.468416085327516996e+00
3.405763733297792584e+00
3.344279648640304359e+00
3.336999145461035710e+00
3.233941186272210722e+00
3.200392745997634680e+00
3.185913678546990369e+00
3.163798462084335128e+00
3.158588790614483166e+00
3.123618867982685732e+00
3.085348177389993118e+00
3.065394590027596067e+00
3.029942312412748251e+00
3.011059692947419375e+00
2.973520630448561075e+00
2.956541813292583587e+00
2.927978316509766366e+00
2.886197445990984267e+00
2.876348942398417208e+00
2.849494833959786089e+00
2.812822801513591653e+00
2.796090245684692555e+00
2.772837930252848526e+00
2.726024381115963902e+00
2.657216346314872357e+00
2.649758353556241897e+00
2.643647903790894649e+00
2.590543058461701520e+00
2.571367715259005315e+00
2.561552812808830293e+00
2.557279270050434317e+00
2.528952059114545570e+00
2.518349108912468992e+00
2.487592477589208428e+00
2.472744758315932323e+00
2.452855505146598780e+00
2.444578392373089049e+00
2.401337997369933586e+00
2.396014377815530061e+00
2.388639250636260147e+00
2.355496192477552597e+00
2.340389848277659723e+00
2.328933214098233062e+00
2.303935661674387347e+00
2.282434935529498166e+00
2.243246139350509871e+00
2.210779952674417181e+00
2.185629271026326315e+00
2.174581860139991552e+00
2.151055292088767334e+00
2.142799858093561660e+00
2.134600399605838472e+00
2.078902011272064421e+00
2.052505661885166255e+00
2.007938003381942060e+00
1.995381715320911020e+00
1.981939796003593601e+00
1.964447797491297942e+00
1.931712096710282767e+00
1.921561123918768876e+00
1.889113123244196890e+00
1.881874015853851612e+00
1.870709385684488524e+00
1.859041651036413167e+00
1.839634577347751820e+00
1.814672383250029997e+00
1.808559131547187393e+00
1.789526211998985428e+00
1.763409382791524482e+00
1.758868352746532304e+00
1.736293490981744680e+00
1.689701124438649060e+00
1.682572030649351680e+00
1.662890684371323147e+00
1.653051921031895466e+00
1.626639877121224265e+00
1.615718030253547655e+00
1.580558309631972191e+00
1.574810071771071351e+00
1.563759411789430454e+00
1.561552812808831181e+00
1.547529406088429260e+00
1.534733751421558878e+00
1.528898236424669488e+00
1.514991798134665002e+00
1.498690834906860392e+00
1.472733088736570828e+00
1.470488005517225139e+00
1.463795903974466350e+00
1.442774808651009266e+00
1.435689063992132919e+00
1.417084019056466193e+00
1.400523716553683240e+00
1.400307232597662432e+00
1.375479381016329050e+00
1.372913289253677283e+00
1.370774458845873456e+00
1.362728686176103876e+00
1.350429533500439483e+00
1.327328407335016669e+00
1.303905567073599059e+00
1.303652193230371958e+00
1.284268774614413688e+00
1.276366851483711873e+00
1.271844537737137903e+00
1.248572664484870254e+00
1.237615670882198149e+00
1.231968840471246329e+00
1.221241518967864925e+00
1.203905818380767601e+00
1.193920503180329939e+00
1.173456803585920527e+00
1.144613757652234831e+00
1.130606651208504454e+00
1.123277731741912255e+00
1.118890046045277753e+00
1.103543811743222358e+00
1.092797338743779045e+00
1.077081533791651502e+00
1.058104876861592158e+00
1.051643714020958242e+00
1.040065056599315252e+00
1.038025877857355006e+00
1.013989383933273869e+00
1.006941442004053444e+00
1.002628119077139779e+00
1.000000000000003109e+00
1.000000000000000888e+00
1.000000000000000444e+00
1.000000000000000444e+00
1.000000000000000444e+00
1.000000000000000444e+00
1.000000000000000444e+00
1.000000000000000222e+00
1.000000000000000222e+00
1.000000000000000222e+00
1.000000000000000222e+00
1.000000000000000222e+00
1.000000000000000000e+00
1.000000000000000000e+00
1.000000000000000000e+00
1.000000000000000000e+00
1.000000000000000000e+00
1.000000000000000000e+00
1.000000000000000000e+00
1.000000000000000000e+00
1.000000000000000000e+00
9.999999999999997780e-01
9.999999999999997780e-01
9.999999999999997780e-01
9.999999999999997780e-01
9.999999999999997780e-01
9.999999999999997780e-01
9.999999999999997780e-01
9.999999999999997780e-01
9.999999999999997780e-01
9.999999999999996669e-01
9.999999999999995559e-01
9.999999999999995559e-01
9.999999999999995559e-01
9.999999999999995559e-01
9.999999999999995559e-01
9.999999999999995559e-01
9.999999999999977796e-01
9.972864719058454064e-01
9.823689876275905064e-01
9.812215526235614771e-01
9.621818960761794326e-01
9.543671299749981740e-01
9.477376096505842895e-01
9.403600031989891583e-01
9.396254437541360360e-01
9.376795773237119880e-01
9.204319436562149459e-01
9.195945564644756320e-01
9.001755340824383333e-01
8.986443366902965302e-01
8.945747535462452715e-01
8.738737775359224358e-01
8.689885211155708999e-01
8.560414597557066685e-01
8.517945317433743835e-01
8.475810852048727417e-01
8.287510422552010203e-01
8.279399925582514586e-01
8.162935964649925547e-01
7.973219592597551308e-01
7.972323126131305449e-01
7.842057048694524024e-01
7.800626709983128348e-01
7.743869372136595874e-01
7.673418249233198152e-01
7.587534335391872276e-01
7.569430546266541215e-01
7.524988035617340421e-01
7.314028840408629550e-01
7.232684911676143802e-01
7.001865556840703997e-01
6.878303992189074290e-01
6.732401500315612353e-01
6.682210093831404407e-01
6.606670650939843181e-01
6.409071682841983586e-01
6.303942497291270541e-01
6.251317746379155826e-01
6.175299008389590893e-01
6.135870286035965959e-01
5.924351324939381991e-01
5.666629623833125962e-01
5.611520856298503057e-01
5.494775390117466740e-01
5.342407694393203066e-01
5.341275307685803275e-01
5.225709114456112969e-01
5.006911673831363485e-01
4.868516830197598400e-01
4.835923953783535234e-01
4.829831885668509073e-01
4.560133401954177823e-01
4.552954958626587723e-01
4.437073663914854471e-01
4.294254738778047198e-01
4.257098145704231729e-01
4.135784365266642615e-01
4.103277378089159044e-01
3.947061225932718687e-01
3.902369793012044341e-01
3.649606354410572240e-01
3.518011297283313299e-01
3.491203074714462895e-01
3.299226713690950330e-01
3.177608084523358412e-01
3.128605214259619904e-01
3.095803704072364604e-01
2.982109236010681008e-01
2.952545525887221856e-01
2.742560340078069037e-01
2.645911987206144289e-01
2.538576676532768861e-01
2.534314017032790467e-01
2.348735406778227341e-01
2.166823633022406104e-01
2.110640380567459229e-01
2.090398613183089838e-01
1.946967249280801560e-01
1.886620519575125110e-01
1.725234884565788052e-01
1.578505174982214876e-01
1.435759130066669720e-01
1.273661722109905858e-01
1.014020470143289776e-01
9.488276698568129386e-02
8.216067161050646939e-02
6.521943294258805701e-02
6.409432198345832443e-02
5.214070453834348390e-02
4.341476722857760123e-02
2.681454413384256122e-02
1.965912829344091534e-02
1.786996821931451096e-02
7.755893904846079823e-03
6.399564076124199773e-03
