# Singular values
2.540631472437996763e+01
1.164904063427013625e+01
7.998770280366922947e+00
7.048918258506591705e+00
6.989967304791207425e+00
6.062908340174997690e+00
5.618421826992951118e+00
5.386135823072359941e+00
5.231551562402101396e+00
5.112015805389557244e+00
4.903280329408390870e+00
4.556316351811492638e+00
4.543339967740077867e+00
4.437699592877716981e+00
4.255891459261161636e+00
4.018538688451195995e+00
3.701352798194478932e+00
3.642416635554522220e+00
3.549268775016935606e+00
3.503139702237841657e+00
3.423493244040913819e+00
3.319144089073742698e+00
3.315340586643131804e+00
3.110409401497015391e+00
2.916590349120210313e+00
2.872249522940579336e+00
2.788217715711478917e+00
2.754440329597899417e+00
2.657861373852324238e+00
2.593994342649237339e+00
2.521379452888488526e+00
2.472924779086863367e+00
2.322432906785085294e+00
2.287836422842063566e+00
2.187935028825791495e+00
2.110404514135234777e+00
2.034783774782420895e+00
1.991905119516472089e+00
1.880444227074203889e+00
1.861784396267463837e+00
1.742851024003027938e+00
1.695465753507177986e+00
1.630482803268796355e+00
1.536131978296672029e+00
1.439055918392314615e+00
1.408235072348561268e+00
1.381854771914397872e+00
1.301106556293909922e+00
1.291164689324649117e+00
1.229685281614997239e+00
1.208658407831223691e+00
1.157485420287859723e+00
1.106456933695525224e+00
1.040308613967993567e+00
1.006176086421888938e+00
9.800305726727547295e-01
9.147634497454307789e-01
8.972414598790164897e-01
8.390141970670522698e-01
8.387871167971309161e-01
7.973350432425988510e-01
7.871799966760172351e-01
7.547525480288816979e-01
7.249161726474698808e-01
6.829927828697625047e-01
6.509439950783492135e-01
6.463023631011897141e-01
5.946761341024249248e-01
5.663206893178959200e-01
4.694266241802136919e-01
4.248813435506822445e-01
4.062418690160068957e-01
3.868249193765581628e-01
3.595671734066459013e-01
3.367848523762565494e-01
2.867981713750838435e-01
2.438451471259813486e-01
2.062222646902390766e-01
1.743683345166247567e-01
1.723745528056139231e-01
1.300554043506018942e-01
6.755313365205593834e-02
3.537664606343420698e-02
8.578547740135529856e-03
