# Singular values
4.812655946342621860e+02
2.915154140610281388e+02
1.998210908649514863e+02
1.414135889613530139e+02
1.383793682513318117e+02
1.272412573508276523e+02
1.166623810490488893e+02
1.101549551424307367e+02
9.515710404300099867e+01
9.166372256310974365e+01
8.525414110430395453e+01
8.298114075850206461e+01
7.995858007454495464e+01
7.629994216522466388e+01
7.496213881607611995e+01
6.914297801642860009e+01
6.818031878029466952e+01
6.665605352917047810e+01
6.558419265822841737e+01
6.486762225651814617e+01
6.209099251575315748e+01
6.109838758732121278e+01
5.998884627152509808e+01
5.792215381893384318e+01
5.625631548815771765e+01
5.573364971815085056e+01
5.548905935580917514e+01
5.480467257077317811e+01
5.434237243025496866e+01
5.331425095188828323e+01
5.192094559090454453e+01
5.172406450855831395e+01
4.892264904353256583e+01
4.796935595518789341e+01
4.732727485732630868e+01
4.697630183047340324e+01
4.620055927244364113e+01
4.590054574620951655e+01
4.553278886355559507e+01
4.540231575882761916e+01
4.525572742259778636e+01
4.424658216749324424e+01
4.420837614810899652e+01
4.300175459612116668e+01
4.198873269037237321e+01
4.129752882550354087e+01
4.095620247470544228e+01
4.061454422235943440e+01
4.013348302222606634e+01
3.942333379189406628e+01
3.888962311636514357e+01
3.868799821028699881e+01
3.837385375950033506e+01
3.811472276344998278e+01
3.794150572601392213e+01
3.780495582922622333e+01
3.746660520762010549e+01
3.689758676387255321e+01
3.651909848328534736e+01
3.542108869430896334e+01
3.522220016493307782e+01
3.500257146516994311e+01
3.497743542247367543e+01
3.473062514143656188e+01
3.460053945572185086e+01
3.442828777985046429e+01
3.415274749127573273e+01
3.391567155300437264e+01
3.365570581008038431e+01
3.321007585879399215e+01
3.293131437913972803e+01
3.286356843225761537e+01
3.279132475430587590e+01
3.261065745954011419e+01
3.210619626008368499e+01
3.182266954583869278e+01
3.172392996657435660e+01
3.138848674380299997e+01
3.130082930016947884e+01
3.106242244215513537e+01
3.083266018640481576e+01
3.058639158958305160e+01
3.030828822701314351e+01
3.027131414471017834e+01
3.009134069387197385e+01
3.008557616084572928e+01
2.995986936612382934e+01
2.978791520220436695e+01
2.967329944472654546e+01
2.951021320468982623e+01
2.941770779107947931e+01
2.927796682123393168e+01
2.897709170568949588e+01
2.895009259480481134e+01
2.876333847808344402e+01
2.865867547834971063e+01
2.859049644226280407e+01
2.849999419158881508e+01
2.829168391916797987e+01
2.818161830476474350e+01
2.808522253255445733e+01
2.805841396031164692e+01
2.800297656910106525e+01
2.770948011250550636e+01
2.755519097385345972e+01
2.745337335131761236e+01
2.740283792245093508e+01
2.726520186896610554e+01
2.711892107512982619e+01
2.696264998076255637e+01
2.682499890461417991e+01
2.679535149631131219e+01
2.679415252708536954e+01
2.674258151557380714e+01
2.662786890683848995e+01
2.655380345507898809e+01
2.645285788405022132e+01
2.642886697713447219e+01
2.630387758228233253e+01
2.612013599324853175e+01
2.609611320082100150e+01
2.594812241168560618e+01
2.579957979756704844e+01
2.573895972463087745e+01
2.566018041924320059e+01
2.556866818465255164e+01
2.551047664959133243e+01
2.537985608146668781e+01
2.536228830892686759e+01
2.532204065318109798e+01
2.524199344502246589e+01
2.518341908003327845e+01
2.510091186727479240e+01
2.510034575847998894e+01
2.506670822630756135e+01
2.499101372529372611e+01
2.486607666099080305e+01
2.477343839766391653e+01
2.475618092080822663e+01
2.466442203601565453e+01
2.461709215850079602e+01
2.461350739490303496e+01
2.455462660251236073e+01
2.452165302714325890e+01
2.438883254893076113e+01
2.438454796096605648e+01
2.433644587313798269e+01
2.422306525001830479e+01
2.419012107360329367e+01
2.417185611943087409e+01
2.412148850556358326e+01
2.404252577108552202e+01
2.398485023668126459e+01
2.395286133124262662e+01
2.384401904685718776e+01
2.380666852007069778e+01
2.379648063250195378e+01
2.370303878181698565e+01
2.364879189062766329e+01
2.360731231369523186e+01
2.349384391967194219e+01
2.346572185952565803e+01
2.342446896261236944e+01
2.341818029395136236e+01
2.335310068037371067e+01
2.328599585597816457e+01
2.326026852337619744e+01
2.322176363054582993e+01
2.315497368587865523e+01
2.313634003066780309e+01
2.308620061391277289e+01
2.299541110848323555e+01
2.298899894806764976e+01
2.293164407985058162e+01
2.291454169380138595e+01
2.285353760461558892e+01
2.285088923615218803e+01
2.280292718481422654e+01
2.280290402801956873e+01
2.278724244450246061e+01
2.272853874367294225e+01
2.272505992374131978e+01
2.267910198594394799e+01
2.261747659397181209e+01
2.260016848282993962e+01
2.250265509111712348e+01
2.247348572613362094e+01
2.246495842419609446e+01
2.241200316248314550e+01
2.234436308148585226e+01
2.234150559917210543e+01
2.227579827683141644e+01
2.226556652069534792e+01
2.223143320619218244e+01
2.217950357777013792e+01
2.215556003806647922e+01
2.215530111568133265e+01
2.211292296021836634e+01
2.206467680465644676e+01
2.203972407324362237e+01
2.198856502210853847e+01
2.193285557157666688e+01
2.189196825045922878e+01
2.187158744523537024e+01
2.186375280310648961e+01
2.184725927552754499e+01
2.179490388901096054e+01
2.171064561886936772e+01
2.168479232098110288e+01
2.168324629115646474e+01
2.166019983120468950e+01
2.160094184349724600e+01
2.158738019146273857e+01
2.156341348717116091e+01
2.149298451489739747e+01
2.147107153978602767e+01
2.145552782242254608e+01
2.141051944449757727e+01
2.136415292610231731e+01
2.133377869417472183e+01
2.131490417106792279e+01
2.129342569114331596e+01
2.127068911103448556e+01
2.123315220531952718e+01
2.120011130628985896e+01
2.119384081657746322e+01
2.116823242484988654e+01
2.112789556221678922e+01
2.110210705906377626e+01
2.104953038945122046e+01
2.103927252756464128e+01
2.099098771907584293e+01
2.090093945120421637e+01
2.088040913026586765e+01
2.085492817885059580e+01
2.084851618852697186e+01
2.084080733182263501e+01
2.081240349152563951e+01
2.079871769840248774e+01
2.074570082025002904e+01
2.072291856569521329e+01
2.070058615921213629e+01
2.068506792587492171e+01
2.065834815935002311e+01
2.064000889771515901e+01
2.061988333550754504e+01
2.054860674672269027e+01
2.053981820090652022e+01
2.053572280739361489e+01
2.047230399927127564e+01
2.047031332176898388e+01
2.044747860561063391e+01
2.040466579308251838e+01
2.037410323436944992e+01
2.036682090172835302e+01
2.035315454535152924e+01
2.030143466236122407e+01
2.028116076561207848e+01
2.023837525323199671e+01
2.021723245949167236e+01
2.017456905456532823e+01
2.014938522911310415e+01
2.013068619080797816e+01
2.011411563243107636e+01
2.005634975770876949e+01
2.004978265178904806e+01
2.003450077169393850e+01
1.999355596410803670e+01
1.998822606129830248e+01
1.994800602694752101e+01
1.991433093465723303e+01
1.989426190687032303e+01
1.987580844280605419e+01
1.986560271318940707e+01
1.986368578618165515e+01
1.985590547746953050e+01
1.981256878568719415e+01
1.978212698422460747e+01
1.975956058403905402e+01
1.974543636972192928e+01
1.969655553475173804e+01
1.968661043322424931e+01
1.964737813237557162e+01
1.964629463791452224e+01
1.960240717829456969e+01
1.956857850662254705e+01
1.956744171562746004e+01
1.952420529925853643e+01
1.948820601967768340e+01
1.947078694678410926e+01
1.944605354435779887e+01
1.941681668886742784e+01
1.940551372384664575e+01
1.939016490360037892e+01
1.936382909845401556e+01
1.935895060425465175e+01
1.931381231237718410e+01
1.927276728492259394e+01
1.927232053859878746e+01
1.924329442568195603e+01
1.919999820389005762e+01
1.919642981600065568e+01
1.918362264750230040e+01
1.916111850698995056e+01
1.912892816576883348e+01
1.912661904954630998e+01
1.911071061434874352e+01
1.907288100222968197e+01
1.905614863712555973e+01
1.905085541431243712e+01
1.902007839857766669e+01
1.900478976253797470e+01
1.896409898208801081e+01
1.895635991414334498e+01
1.894353609001782957e+01
1.892777463895386703e+01
1.888644757204948021e+01
1.886686470582761999e+01
1.885335291208003028e+01
1.883509732687905114e+01
1.880586279271261674e+01
1.878001651584523302e+01
1.876985401974880929e+01
1.874594572883587773e+01
1.873537046752622359e+01
1.872537908042202659e+01
1.870230511155466147e+01
1.864979252503292528e+01
1.864490086934154434e+01
1.860429163879176073e+01
1.859974406333947883e+01
1.859549819052693564e+01
1.857578808015972172e+01
1.857577078848833807e+01
1.853929932667198699e+01
1.851967887931291301e+01
1.851074004821995445e+01
1.846522239421310374e+01
1.844162332078592215e+01
1.844159167076911032e+01
1.838885199555150152e+01
1.837325455235422567e+01
1.835882504757312361e+01
1.833880169982764841e+01
1.833596469350137781e+01
1.831889277336686916e+01
1.829054475278101677e+01
1.828438932697540409e+01
1.828019425945083043e+01
1.824775236035156212e+01
1.822559106073746449e+01
1.817275475095199866e+01
1.814549450364782146e+01
1.814121375728567997e+01
1.811248646845192312e+01
1.810630391348023238e+01
1.810136734914865642e+01
1.807214135915899078e+01
1.806032088223349064e+01
1.804322833257360159e+01
1.801626812107809528e+01
1.796242347516368199e+01
1.795030878584820755e+01
1.794507997067236005e+01
1.791607379939891231e+01
1.789626879637580714e+01
1.787435969209513331e+01
1.786847851094052331e+01
1.782191673770029894e+01
1.780391516637447680e+01
1.778256112922827015e+01
1.777067408261015302e+01
1.777017989050628444e+01
1.774620802671741515e+01
1.773422531219812015e+01
1.771823274166593265e+01
1.767247259126166625e+01
1.767093362808743962e+01
1.764862366944160499e+01
1.762314941603821339e+01
1.761803431417860821e+01
1.760851163870581360e+01
1.759585307747180138e+01
1.756591228507793900e+01
1.754929402214520451e+01
1.753499588815372690e+01
1.751253585802914259e+01
1.749854490197849799e+01
1.749505501492654602e+01
1.747883696676146315e+01
1.747829980762668001e+01
1.744735500680521056e+01
1.741633164868438755e+01
1.738812399231447969e+01
1.738753367768389069e+01
1.737257586369704043e+01
1.733564670094949278e+01
1.733008611397416843e+01
1.732157515979242390e+01
1.730784431729108874e+01
1.729065894423153793e+01
1.728859870462144599e+01
1.727210290409126259e+01
1.722616062592492980e+01
1.720716357629924786e+01
1.720476391467775201e+01
1.718684691653256991e+01
1.712960373177127238e+01
1.712069429882525640e+01
1.711796052990282391e+01
1.710269080452466284e+01
1.708563635229089783e+01
1.706218281891575828e+01
1.704177357209290022e+01
1.703448142016733158e+01
1.702244129959925090e+01
1.700796099099332537e+01
1.695696230708689001e+01
1.694643701228882193e+01
1.692179543828379096e+01
1.692127121593139449e+01
1.689208491289112146e+01
1.689058831764135959e+01
1.686399914682022327e+01
1.685806362500314393e+01
1.684962087825505250e+01
1.682295544115826758e+01
1.682049643309631293e+01
1.680803389980035334e+01
1.678024181651544922e+01
1.674420037375035264e+01
1.673241126611572938e+01
1.672820738614760572e+01
1.671201934837619518e+01
1.668405090453710571e+01
1.665952060423835590e+01
1.665493578158199028e+01
1.663663517146290616e+01
1.663195331100117969e+01
1.662769541239123328e+01
1.661085536884222691e+01
1.660003408132300606e+01
1.659127246841336856e+01
1.657543471923865397e+01
1.656498502977070331e+01
1.653315813897006592e+01
1.652471650674942438e+01
1.650793732815816739e+01
1.649523257541761012e+01
1.647118101275361468e+01
1.645182888188546855e+01
1.643154917231975176e+01
1.642556713227100218e+01
1.640727848275392731e+01
1.638887136843302983e+01
1.637158964006611583e+01
1.636121006027199343e+01
1.633620985487914368e+01
1.631026109041651040e+01
1.629862108654649333e+01
1.626918513602645788e+01
1.626877264490351038e+01
1.623594118521966223e+01
1.622666712958905322e+01
1.620930689645906497e+01
1.619690523043792041e+01
1.618638799360462954e+01
1.615574528553717570e+01
1.614682837896904388e+01
1.613742558900413115e+01
1.611965312973615028e+01
1.609468436204051045e+01
1.609007993385471380e+01
1.607473210761569860e+01
1.605214485038313654e+01
1.605093296613641840e+01
1.601466858337313681e+01
1.599500384556870891e+01
1.598434366550808861e+01
1.595782106996550631e+01
1.595394611749239999e+01
1.594121169162352913e+01
1.593830249903916219e+01
1.590094469482638395e+01
1.589677843230065690e+01
1.586486195661979615e+01
1.585844393911494343e+01
1.582579228402219407e+01
1.582452509395609752e+01
1.580769947440155399e+01
1.580351336383557737e+01
1.576474542364590192e+01
1.575967605592038545e+01
1.573899439061764127e+01
1.573800914089509995e+01
1.572277336910800116e+01
1.571310855993906230e+01
1.569056625436122232e+01
1.568737845821536325e+01
1.567486449028844042e+01
1.563105246936026660e+01
1.563095004452892134e+01
1.562529478460511356e+01
1.562213126526344098e+01
1.559948257883976908e+01
1.554951787463529378e+01
1.554360795315696109e+01
1.553172292464720172e+01
1.552191384321809586e+01
1.552091288611019593e+01
1.551973292937377735e+01
1.550187959727139386e+01
1.549812508270779077e+01
1.547667995928580176e+01
1.546673591424404570e+01
1.543724466384539618e+01
1.542989001881399425e+01
1.540114567657224853e+01
1.538541113466799892e+01
1.536597771290523440e+01
1.535771779208348065e+01
1.534806331294631399e+01
1.534709580561839637e+01
1.533299954251203800e+01
1.531961922718771518e+01
1.530402548664680573e+01
1.526518669700330655e+01
1.525572512416290394e+01
1.525297379433626155e+01
1.523804478820972186e+01
1.522836219538499947e+01
1.522065573899498858e+01
1.520929372115355882e+01
1.518834751522843796e+01
1.518317116977596548e+01
1.515224785145142761e+01
1.514902985403499436e+01
1.512799283048276955e+01
1.512569995836344816e+01
1.509942674669304985e+01
1.508892696467249017e+01
1.506018732087344425e+01
1.504923271644233651e+01
1.504456153590991363e+01
1.503866144104438440e+01
1.502069593517807711e+01
1.501627558721276046e+01
1.500020058639285914e+01
1.499628421251501642e+01
1.496775038023977977e+01
1.494776258869920227e+01
1.493014822631685057e+01
1.491079307810082355e+01
1.489502458933476525e+01
1.488587762330564246e+01
1.486714487068661228e+01
1.484598274644503846e+01
1.483184976946448863e+01
1.482504951377540969e+01
1.481087370091278999e+01
1.479024378426134234e+01
1.478295812293295519e+01
1.476467196808826365e+01
1.474502177198700892e+01
1.473844880061834317e+01
1.472205443484322807e+01
1.470466270687701105e+01
1.469912229834019790e+01
1.469141424226774895e+01
1.467982976895633840e+01
1.467702257400862287e+01
1.465776954483877503e+01
1.462998470924427608e+01
1.462776621477526184e+01
1.458786273798489219e+01
1.458300621668082897e+01
1.457895541826560404e+01
1.457518990398683734e+01
1.456543681358387765e+01
1.454077648673309220e+01
1.453735774728462182e+01
1.452916169273204794e+01
1.449509256286653702e+01
1.448998293865508025e+01
1.448302540121750681e+01
1.447430269960058702e+01
1.445540172634157550e+01
1.445027591936884015e+01
1.443694170670918631e+01
1.442954507756274829e+01
1.440908929983971554e+01
1.437918925637237244e+01
1.437224329592343430e+01
1.436959785589779415e+01
1.436728514000057189e+01
1.433054957751892999e+01
1.430991184141664085e+01
1.429777666225958832e+01
1.428938846758562420e+01
1.428721227227566004e+01
1.428369721869802866e+01
1.425527733511203721e+01
1.425071618769156245e+01
1.423116027353230884e+01
1.421876059551858340e+01
1.421061061751282750e+01
1.419507618092818824e+01
1.418928372041817987e+01
1.416723124140798085e+01
1.415937953173925479e+01
1.414948728203522776e+01
1.412669115198450420e+01
1.411833254080526423e+01
1.410487677398558404e+01
1.409842137918671945e+01
1.408732329675981276e+01
1.406930969824040645e+01
1.405633754043263650e+01
1.404527671625458041e+01
1.404491998575553247e+01
1.404427827981847976e+01
1.400297269371166387e+01
1.400213513680765232e+01
1.399699022846728802e+01
1.396951719411133297e+01
1.396328493978389496e+01
1.393327526323867893e+01
1.392889553926942803e+01
1.391701355110423499e+01
1.391028608261383503e+01
1.390403048514789752e+01
1.389114598581588389e+01
1.387180698531795997e+01
1.386858359666237561e+01
1.386753004163652925e+01
1.383828065694189746e+01
1.383290649281656925e+01
1.383057535568343255e+01
1.380028960249205561e+01
1.379806399161156527e+01
1.377858269738686658e+01
1.376730046629121951e+01
1.375738304372567633e+01
1.375053853160556017e+01
1.374163458854777886e+01
1.372951016648340605e+01
1.371293994215644929e+01
1.369205486560208129e+01
1.368751418632186834e+01
1.367657001528089289e+01
1.366441207685379489e+01
1.365946774682950249e+01
1.365602811644526327e+01
1.364586367339479089e+01
1.362651454307956911e+01
1.362588793383863894e+01
1.359831515688177106e+01
1.359791987010346581e+01
1.355362876973345543e+01
1.354897292237626871e+01
1.353844136986872648e+01
1.352109634162992613e+01
1.351625406019541842e+01
1.350845283690993703e+01
1.350467001824740443e+01
1.348296503631523535e+01
1.347051628307404947e+01
1.346897740568212498e+01
1.346015836067256721e+01
1.344221903932929152e+01
1.343288949640295726e+01
1.342896152812015487e+01
1.341982993558756476e+01
1.340110484515322398e+01
1.339994924351388939e+01
1.338684469489340678e+01
1.337619108662274314e+01
1.333406714784770486e+01
1.332420209709205317e+01
1.331858402662767737e+01
1.331265698432060418e+01
1.330941384422795792e+01
1.329548292310712476e+01
1.326024820854587460e+01
1.325674944798753963e+01
1.324667802350179002e+01
1.323669264218158581e+01
1.323343786906940167e+01
1.321699319171341891e+01
1.320890885568492479e+01
1.320073235479150497e+01
1.318175614264428575e+01
1.316827986530127959e+01
1.314294131395522669e+01
1.313205454790470306e+01
1.312869553021404023e+01
1.312040453513660765e+01
1.311394591271958099e+01
1.308654589253626099e+01
1.308280062415142098e+01
1.307903017296279913e+01
1.306683094124522526e+01
1.304905617273563045e+01
1.303843700515126081e+01
1.303194396747173123e+01
1.303016064750155856e+01
1.302334605729091521e+01
1.301904615908367191e+01
1.299856363610201271e+01
1.298408936693749993e+01
1.297767840374314829e+01
1.296193918022939329e+01
1.294650710193612575e+01
1.293939742640776380e+01
1.290780065478258543e+01
1.290686261058868922e+01
1.289278724441418689e+01
1.288730376452887505e+01
1.287817797530543551e+01
1.287728217179812162e+01
1.286638578962280732e+01
1.286186955804349097e+01
1.282910992115989401e+01
1.282454986730872548e+01
1.281605706330310213e+01
1.280803162912409476e+01
1.280552532120397835e+01
1.277707497355862287e+01
1.276450617176351798e+01
1.275563825110817184e+01
1.274952606683712375e+01
1.274101323435582245e+01
1.273807587232965766e+01
1.271924435720609026e+01
1.271055388086471716e+01
1.270936137581580105e+01
1.270637219055982747e+01
1.268151883768346266e+01
1.267650175261788803e+01
1.266255982524704393e+01
1.265974230558771296e+01
1.263506147540975277e+01
1.263309773384780144e+01
1.261592022778149591e+01
1.260631811185821327e+01
1.259005865688990156e+01
1.257234924220164096e+01
1.256957264895607906e+01
1.255906902541883063e+01
1.253896724493111670e+01
1.252802861146238378e+01
1.252400522239256198e+01
1.251342862848101767e+01
1.250739133762969502e+01
1.249934585712879453e+01
1.248885293485269443e+01
1.248458989020089938e+01
1.247692317593600286e+01
1.246994526249101298e+01
1.244666168160727615e+01
1.243221761627772715e+01
1.242197230558543097e+01
1.242124405478952909e+01
1.239310477662324850e+01
1.238724500566091713e+01
1.238312711378726760e+01
1.236633745313440080e+01
1.235965964370272197e+01
1.235391160918748277e+01
1.232755819057620172e+01
1.231937919268780846e+01
1.230678718252953985e+01
1.230634188840954657e+01
1.229256073651709613e+01
1.228145218861318710e+01
1.226989352974341152e+01
1.226295749351179865e+01
1.225312322649661745e+01
1.224427826311798739e+01
1.224387412773540973e+01
1.221238966244198743e+01
1.220436288034973238e+01
1.219217122011723475e+01
1.218909985077998748e+01
1.217493183483294672e+01
1.216922992668312986e+01
1.216208724508541117e+01
1.213693245374613383e+01
1.212183513703817894e+01
1.211889664194351823e+01
1.209785014523851920e+01
1.209117483493039025e+01
1.208119548444512503e+01
1.207809189634660640e+01
1.206576862523047389e+01
1.205605415124388458e+01
1.203512959473308896e+01
1.203167013737302149e+01
1.201797182667838015e+01
1.200502194202273287e+01
1.199908295962586813e+01
1.199164953303226966e+01
1.199129976858682944e+01
1.198398946747251337e+01
1.198140058082242021e+01
1.196648975660844627e+01
1.194384174431891843e+01
1.192846309864753351e+01
1.192267285965279200e+01
1.191774120151762695e+01
1.190928381339208286e+01
1.190096939483981053e+01
1.188992603861904307e+01
1.187235121615305466e+01
1.187227376150597991e+01
1.184474739008480526e+01
1.184350476403891506e+01
1.183404434524117654e+01
1.183330512894636577e+01
1.181705665962040541e+01
1.179733441876765099e+01
1.179611136373971902e+01
1.178517030003379062e+01
1.177825387504078591e+01
1.177162976666922134e+01
1.175231876924426722e+01
1.175008142446548476e+01
1.173849353507922189e+01
1.172883362600186530e+01
1.172073423838254946e+01
1.170385299676905966e+01
1.170299736150478509e+01
1.169993470774537414e+01
1.169154945816966240e+01
1.168715328506392659e+01
1.166147135185847183e+01
1.165358302414446889e+01
1.165294479733385913e+01
1.164117323991322905e+01
1.162292059959705348e+01
1.161128676824494299e+01
1.160865223184050343e+01
1.158682690630980971e+01
1.157835235918154382e+01
1.157470730808655723e+01
1.157024383966072811e+01
1.156627744604112706e+01
1.155021885458060993e+01
1.153541271899416998e+01
1.152583038610759480e+01
1.150528073919134364e+01
1.150374580232344179e+01
1.149615481619833979e+01
1.148765873699449180e+01
1.147296033303147844e+01
1.147023218440626913e+01
1.144913833584921470e+01
1.144775656760156934e+01
1.143996495219013099e+01
1.142496740902949703e+01
1.141843356722500324e+01
1.140314489976094059e+01
1.139432229636812011e+01
1.138430979522033759e+01
1.137090990988301087e+01
1.136872211902533358e+01
1.136113744748546850e+01
1.134141371036249524e+01
1.133534716833826650e+01
1.132964117714733021e+01
1.132251357855489182e+01
1.130351488899244394e+01
1.129942801143141118e+01
1.129010009482327881e+01
1.127657747049918591e+01
1.127213568274824773e+01
1.126841561205552367e+01
1.125620578967211749e+01
1.125349682438217336e+01
1.124593475749443883e+01
1.124452489355956430e+01
1.122071813208793323e+01
1.121322400742229952e+01
1.121218869916664573e+01
1.120730134189849636e+01
1.118814163307661858e+01
1.117922781279631472e+01
1.116668240264407430e+01
1.115909596850833374e+01
1.114441243074014487e+01
1.114392690905966887e+01
1.114067905715446472e+01
1.113184640467741993e+01
1.111035499707936403e+01
1.110888221098494633e+01
1.110601630469207102e+01
1.110215029104533180e+01
1.108780361684184435e+01
1.107971132005804371e+01
1.106318890572585367e+01
1.103840262297717167e+01
1.103379212381762997e+01
1.103014606972267231e+01
1.101011552617427469e+01
1.100901410492669896e+01
1.099942754072300488e+01
1.099562909508516739e+01
1.098579910430678375e+01
1.097320178885706632e+01
1.097272446945637014e+01
1.096195943130322448e+01
1.095780300494206294e+01
1.094879038873918375e+01
1.094057119710442194e+01
1.093816543353647397e+01
1.091897284389183476e+01
1.090228470539194205e+01
1.090021196914047508e+01
1.087772540175905789e+01
1.087525276466011803e+01
1.086902893750339594e+01
1.086782558463877280e+01
1.086136726094399663e+01
1.085214834826538599e+01
1.082168803340431751e+01
1.081459573018264742e+01
1.080759354377317472e+01
1.079465637229423081e+01
1.079181362188524496e+01
1.078881907111229843e+01
1.077314959146416484e+01
1.076776363800955671e+01
1.075643434530193154e+01
1.074346532380274333e+01
1.074306904678829255e+01
1.072760820637468626e+01
1.072646157383218402e+01
1.071391019684623380e+01
1.068495806909398560e+01
1.067826043223978161e+01
1.066906679578928596e+01
1.065964373705388901e+01
1.065629569040622648e+01
1.065556745056436583e+01
1.064615964748526977e+01
1.063387382852426022e+01
1.063274634393965812e+01
1.062784346863734974e+01
1.061503567676727577e+01
1.060556435947322385e+01
1.060212355213742619e+01
1.060154677398148060e+01
1.059363866264509468e+01
1.057614306869706944e+01
1.056442877318420770e+01
1.056314184943298073e+01
1.055143097729093071e+01
1.054994403370695721e+01
1.053159309970102697e+01
1.052117666497632520e+01
1.049673431159759929e+01
1.049523633586591664e+01
1.049270555749329503e+01
1.048303538478254460e+01
1.047842970969787935e+01
1.046441510388078555e+01
1.046034542442395932e+01
1.045621597307486716e+01
1.043577321215374454e+01
1.043150672521472977e+01
1.042906457071655346e+01
1.042681317989210044e+01
1.041405504819891625e+01
1.039752912818297581e+01
1.038830731474523894e+01
1.038264522961302383e+01
1.036178794766743927e+01
1.035844728169588436e+01
1.035767055921982305e+01
1.034936515921210010e+01
1.034326590235002463e+01
1.033621164152225091e+01
1.032695193799667877e+01
1.031783764515263790e+01
1.031343912461616696e+01
1.030352074329404566e+01
1.029283162845657706e+01
1.028621323705000457e+01
1.027089717057791418e+01
1.025584944602966431e+01
1.025394174257558078e+01
1.024973773088739293e+01
1.024045910637298817e+01
1.022818635713112734e+01
1.021963198696339958e+01
1.020603202903427054e+01
1.020476697889629314e+01
1.020088903148674397e+01
1.018152344973828427e+01
1.017449345620400614e+01
1.017274359849403886e+01
1.016817631375271525e+01
1.016413109148392557e+01
1.015997224796132414e+01
1.014867225936500894e+01
1.014445965343487366e+01
1.013662376117343733e+01
1.013470244103998397e+01
1.012360645409162885e+01
1.011345617988038903e+01
1.010209840553798522e+01
1.009189463857831548e+01
1.007380466655712326e+01
1.006924056408201551e+01
1.005928490291753796e+01
1.005579928488159958e+01
1.005447341286078000e+01
1.003565583093301861e+01
1.002404774785451913e+01
1.002395231531336428e+01
1.001181074283175043e+01
1.000107971529010698e+01
9.988802895601381238e+00
9.982212531317385285e+00
9.976494907612996954e+00
9.972246170995848757e+00
9.960259335499031863e+00
9.955610701630314807e+00
9.945676731585994190e+00
9.930490615505361163e+00
9.918178882530416018e+00
9.911955104353506130e+00
9.908164996188746798e+00
9.905590710949082833e+00
9.886222538589674258e+00
9.883213361368403227e+00
9.880151300142474113e+00
9.879644313576179115e+00
9.867283901379714450e+00
9.856582957843585291e+00
9.847463953488142963e+00
9.842871334095683267e+00
9.839811583460583932e+00
9.821079276144526915e+00
9.813751132067656258e+00
9.794085779920971291e+00
9.786140497221957446e+00
9.772055579483048149e+00
9.771997513217666409e+00
9.766584634124734876e+00
9.762738824187019659e+00
9.761649956718347454e+00
9.754097361325721138e+00
9.738373602155860453e+00
9.726174413624221415e+00
9.724321225694810167e+00
9.719264704687851975e+00
9.715762193135660141e+00
9.707701817758698226e+00
9.695089052780515360e+00
9.688560093792126793e+00
9.682577794817401440e+00
9.677124612653349445e+00
9.676545239085346140e+00
9.658094233223268432e+00
9.652573142704854448e+00
9.642269710802477078e+00
9.632197733716548527e+00
9.620376212349681211e+00
9.617891442735073682e+00
9.617484150632995110e+00
9.611010786820536111e+00
9.597640686434800728e+00
9.595958255738223031e+00
9.567550338045421654e+00
9.564970947911650256e+00
9.555824286621886543e+00
9.555131611187746898e+00
9.551904170134202232e+00
9.546888139702000231e+00
9.525886294800850251e+00
9.519459677955472543e+00
9.519243180393342385e+00
9.500210615691674576e+00
9.493076407439950515e+00
9.478367461145655426e+00
9.475261196433578448e+00
9.469245927543024521e+00
9.461878146087938646e+00
9.453294499753901903e+00
9.446408890997876284e+00
9.446275743428472538e+00
9.439715472737180590e+00
9.430100999340078616e+00
9.409553852948821628e+00
9.403182714494823458e+00
9.399614219538955595e+00
9.396293798305586975e+00
9.393431960710708850e+00
9.384625426824815264e+00
9.383591683941087780e+00
9.371307191138075865e+00
9.364769525569711206e+00
9.353125951080572875e+00
9.342543496261036751e+00
9.339609104378821414e+00
9.338190842943777881e+00
9.321190582141978709e+00
9.317360193034049942e+00
9.313927806839224388e+00
9.300241476155596487e+00
9.296120289778832202e+00
9.288378701353257938e+00
9.267401385073975817e+00
9.265913761061350229e+00
9.250182403006844467e+00
9.246354296274992279e+00
9.244314250677025058e+00
9.234525016679270948e+00
9.225183690478006682e+00
9.223146900688755423e+00
9.215638372941628020e+00
9.211111841627696251e+00
9.196412462941601973e+00
9.192568663672552987e+00
9.188347188717841618e+00
9.179435686145174245e+00
9.176475173978225541e+00
9.162145779623898534e+00
9.153195040843172592e+00
9.139948668548296240e+00
9.137095916169924337e+00
9.131400957501320192e+00
9.125751032732148715e+00
9.120507560901431887e+00
9.119225882340462164e+00
9.116176396396296511e+00
9.094103136986282365e+00
9.085999993077242820e+00
9.079610942017378505e+00
9.077947867713541896e+00
9.063060884674609241e+00
9.056151956798048630e+00
9.049048009223611189e+00
9.045354120546811316e+00
9.032275586709447524e+00
9.030296101093146177e+00
9.024460327345543931e+00
9.004386241668067115e+00
9.000663913259174365e+00
8.987101553212871963e+00
8.979390646846180601e+00
8.977439272203367793e+00
8.968169960912669936e+00
8.967675563726679400e+00
8.963423942125579913e+00
8.949749354943934421e+00
8.949357238848920204e+00
8.938665661232759518e+00
8.929182232105025818e+00
8.922310567787619107e+00
8.921610361369006981e+00
8.916427042128203695e+00
8.910815411556926691e+00
8.901678610715217488e+00
8.894025856915531492e+00
8.883032112243013145e+00
8.872443584635846037e+00
8.864832038068364284e+00
8.849304466217292386e+00
8.844583849473341530e+00
8.834060049618758015e+00
8.822257278597886554e+00
8.818607070761038003e+00
8.813285743820703289e+00
8.796639510787674254e+00
8.791178210884091015e+00
8.786361512817876473e+00
8.783597015507501382e+00
8.777803036780941426e+00
8.776607232755848642e+00
8.756775854157199390e+00
8.755046322961753447e+00
8.737998526831169954e+00
8.729625232866970563e+00
8.728953367026489829e+00
8.717914501830245300e+00
8.714014879235060462e+00
8.708913900139391373e+00
8.703734638495628673e+00
8.693290305162074461e+00
8.679852524845021122e+00
8.670669738625210954e+00
8.667832926543791672e+00
8.666161286570831734e+00
8.651827318599108807e+00
8.646751868608749447e+00
8.641153467972140234e+00
8.637972696463942057e+00
8.635637270047782366e+00
8.635246536460281064e+00
8.628232895303929340e+00
8.615125852311605215e+00
8.604491876716013010e+00
8.598855003755433657e+00
8.590315757440095012e+00
8.576915229896947324e+00
8.576118064911332439e+00
8.554762107062694909e+00
8.550543528744368516e+00
8.546445947615259442e+00
8.538790839560130408e+00
8.534383833572585232e+00
8.525443664274058975e+00
8.518699617954485603e+00
8.515451883614630901e+00
8.509652268848524770e+00
8.506898505993943260e+00
8.502826556286510851e+00
8.500265000499126700e+00
8.497081055299299024e+00
8.485051945971012088e+00
8.474500995446108575e+00
8.471370566375473032e+00
8.463672689097158752e+00
8.452357151180617478e+00
8.450275912371200349e+00
8.447138844979942718e+00
8.425526566609358170e+00
8.419464805214484926e+00
8.413958953712578293e+00
8.411766703889858476e+00
8.404703224630905467e+00
8.404223722182775802e+00
8.392213121199880277e+00
8.388641092217000050e+00
8.384836376847886186e+00
8.370490775437861686e+00
8.357350453351347852e+00
8.357075413166363376e+00
8.349403772120286504e+00
8.344587202875656473e+00
8.339114515434184582e+00
8.324218202676844314e+00
8.316222351412145386e+00
8.314508753189867818e+00
8.299071599512961583e+00
8.296316217218828726e+00
8.292582727683797117e+00
8.289911805315837157e+00
8.285388620088173894e+00
8.283580090599778956e+00
8.265104019343384678e+00
8.263546725883584187e+00
8.254436374037382507e+00
8.250943925940937618e+00
8.245961516181749218e+00
8.240980719464150894e+00
8.229680188567307653e+00
8.223492387906615519e+00
8.216585420357791492e+00
8.214860356120981422e+00
8.209266492225056666e+00
8.200021081241752441e+00
8.199917182805457117e+00
8.188039571777826708e+00
8.182149359633738683e+00
8.175994126543539409e+00
8.168297591993257001e+00
8.153896645668185172e+00
8.150538698230930024e+00
8.143808814029023679e+00
8.142271318755804899e+00
8.128498602982046961e+00
8.116747148942327073e+00
8.112614246844673360e+00
8.110581817586574260e+00
8.104798765931978011e+00
8.100356294140546254e+00
8.087884437398756177e+00
8.086603272722523883e+00
8.080465546791762321e+00
8.074777326011735923e+00
8.070895886102904981e+00
8.068267678173196344e+00
8.060669498733956218e+00
8.056147854029934052e+00
8.052486995494879451e+00
8.035325651441901584e+00
8.021821193192996802e+00
8.019301559882443087e+00
8.014875805308639301e+00
8.013920331923712226e+00
7.997526942773674818e+00
7.989544429050809526e+00
7.986496478588295922e+00
7.980195756673485796e+00
7.979087413958649400e+00
7.975486919341719272e+00
7.944243930395625597e+00
7.942491624062073541e+00
7.939793801344407598e+00
7.934786622469996331e+00
7.930045911469502329e+00
7.919550652577652450e+00
7.919316047582437790e+00
7.915938636826769681e+00
7.901099889561455925e+00
7.900100229189352063e+00
7.895536682752575253e+00
7.895367176910781382e+00
7.876751079681787004e+00
7.872684953976851752e+00
7.863864343549799685e+00
7.862263131007797057e+00
7.855582753181876043e+00
7.849502547309896272e+00
7.846798856860763394e+00
7.838632441171664134e+00
7.838008794157361514e+00
7.832888178381849364e+00
7.832011691914468443e+00
7.819267454376221060e+00
7.816495252476824973e+00
7.809201109068347080e+00
7.799288556604901501e+00
7.795626029631995024e+00
7.770638915916775247e+00
7.768983755472428143e+00
7.764752308721871721e+00
7.762014520825611719e+00
7.758510864120301775e+00
7.749799000582215491e+00
7.735668456869277954e+00
7.719226985959478426e+00
7.718895108503335933e+00
7.718559609005548161e+00
7.711464315272557712e+00
7.706722807798655595e+00
7.702519070898546261e+00
7.701564597805167445e+00
7.696216377693992250e+00
7.693284301473706677e+00
7.682007948713999390e+00
7.676431695984284431e+00
7.669516518316405573e+00
7.669483539078519208e+00
7.652548246006052324e+00
7.649820410709444296e+00
7.636482694635599699e+00
7.635666924532341859e+00
7.633309388339545976e+00
7.628241672970533571e+00
7.617920685760259936e+00
7.617458729648572735e+00
7.607096594628871777e+00
7.598225998402454273e+00
7.596063176905754055e+00
7.595375341621646292e+00
7.588830896754605426e+00
7.587301838143948984e+00
7.579972922336699170e+00
7.564863893674563577e+00
7.563189391045584742e+00
7.559697007619741171e+00
7.548929957863175666e+00
7.538801282538885928e+00
7.538115525447614651e+00
7.532307584951002610e+00
7.524031118870318835e+00
7.520779382794695600e+00
7.510686885101161003e+00
7.506555610675179402e+00
7.496747791337174505e+00
7.494757310459674748e+00
7.487195666420410234e+00
7.480995437899765399e+00
7.478949563005572010e+00
7.473630488852816889e+00
7.473583149507239121e+00
7.469923858044776210e+00
7.464440416410718981e+00
7.453434671965931457e+00
7.441395135842626907e+00
7.432696755050139714e+00
7.432006660783719632e+00
7.421256985651746518e+00
7.419364312271384598e+00
7.412132475258547792e+00
7.410745301559846787e+00
7.406924322184893050e+00
7.400594915341843105e+00
7.398414005892386847e+00
7.387053686842775413e+00
7.384364557396426498e+00
7.379354531830892405e+00
7.374834827715891272e+00
7.369752839464267957e+00
7.361352589525677281e+00
7.355064432810246799e+00
7.337639976544021891e+00
7.331490247592705956e+00
7.331044178383748111e+00
7.313880062656589409e+00
7.309520831570979205e+00
7.299477562617163962e+00
7.297167644990018687e+00
7.295479069309442899e+00
7.293393404116876866e+00
7.285951687095423068e+00
7.276804176669083191e+00
7.271969788465124651e+00
7.260414761529720096e+00
7.258359994906748547e+00
7.250477610388079697e+00
7.248301616725410845e+00
7.234369770252050635e+00
7.227515930615093787e+00
7.223748674003212855e+00
7.211674383154225154e+00
7.207205446061564658e+00
7.202326551389639064e+00
7.198165500347601942e+00
7.194243292507611187e+00
7.188789145633387001e+00
7.186209142585625820e+00
7.183361149821960723e+00
7.171281258405789671e+00
7.171106536512814600e+00
7.166389101317029997e+00
7.162241428999325699e+00
7.157512815010146134e+00
7.148468646685716799e+00
7.139710284346748814e+00
7.132494438742245535e+00
7.124874285727875289e+00
7.124785686817697083e+00
7.118746489778712494e+00
7.114338222168020032e+00
7.110694126919628211e+00
7.106746579172767753e+00
7.093102909267770428e+00
7.082752096857135804e+00
7.079926173534540013e+00
7.071814963044018576e+00
7.069525638366297215e+00
7.060006924969438380e+00
7.059371483274159864e+00
7.050112785818210881e+00
7.048411192350386933e+00
7.047912396528214884e+00
7.029109915330170821e+00
7.028927551523721284e+00
7.021946601857724346e+00
7.018320069632293823e+00
7.011048878492252889e+00
7.009651016791760725e+00
7.000178507431064290e+00
6.997469944036264877e+00
6.983335152758511910e+00
6.981595609966458227e+00
6.976256043711241972e+00
6.970185501875158174e+00
6.963811340057431742e+00
6.958442366448200467e+00
6.957111783053150589e+00
6.951690984878744040e+00
6.937807135840079908e+00
6.931462467220174339e+00
6.925030715263106096e+00
6.920055138704031883e+00
6.910246661317495764e+00
6.907787058763640964e+00
6.906999544244134093e+00
6.897893796405790923e+00
6.892280221761541981e+00
6.888314690284221165e+00
6.882749528857957877e+00
6.881793476247015207e+00
6.871897455227593099e+00
6.862880794609479196e+00
6.862767488521861914e+00
6.856508092534298271e+00
6.852873022341405829e+00
6.847165027472664534e+00
6.844544669079422050e+00
6.835949150857540069e+00
6.827028862428351275e+00
6.821716899262509237e+00
6.819639013022897878e+00
6.815435047672491642e+00
6.802927340635353204e+00
6.795265699954883054e+00
6.790338207081063615e+00
6.786544575277598135e+00
6.783939153350122986e+00
6.772605909768585342e+00
6.771466347119717177e+00
6.769501318090517472e+00
6.767896255345604573e+00
6.761776753374341808e+00
6.756177149033304907e+00
6.750132190109846775e+00
6.738168701570709906e+00
6.733257903803921529e+00
6.731777839655141094e+00
6.727778186016466044e+00
6.720442938718910852e+00
6.710652781323740435e+00
6.705265108049017542e+00
6.701130387660747090e+00
6.700378789122407142e+00
6.693771175171629118e+00
6.682777466002488787e+00
6.674270025969209819e+00
6.667960176259202676e+00
6.661164601671729635e+00
6.653145930653676210e+00
6.651262547950663517e+00
6.645852632302446494e+00
6.643348612480596493e+00
6.632240278643804388e+00
6.630856366021117942e+00
6.627593894468263969e+00
6.621806118137648411e+00
6.616920459014235867e+00
6.611918109904926233e+00
6.609260765730195608e+00
6.605304052110438029e+00
6.595148002239337615e+00
6.592255518047397622e+00
6.589579031795968156e+00
6.568851529378748388e+00
6.562575964126314609e+00
6.560175925588801249e+00
6.549940752665950328e+00
6.548477330386355710e+00
6.545861671964829931e+00
6.541274037489267279e+00
6.536494786381045863e+00
6.531610604881217697e+00
6.529307222870089689e+00
6.527052963852194800e+00
6.517788524388278049e+00
6.515918241446557957e+00
6.507203876749491300e+00
6.504976643101719525e+00
6.491127472291902123e+00
6.489057094050884267e+00
6.479871031680189297e+00
6.474400894976681364e+00
6.467516793642700712e+00
6.467149626989070477e+00
6.464966345025987771e+00
6.452291101897453807e+00
6.450648043810105037e+00
6.449412305325654238e+00
6.444338011664079602e+00
6.435801322434469007e+00
6.430176807072461642e+00
6.428762171985955121e+00
6.422094972486735998e+00
6.418599906656862863e+00
6.415103149625204892e+00
6.399012214404153909e+00
6.390484296030401801e+00
6.386617877817663214e+00
6.381263299697242708e+00
6.377822441576845414e+00
6.373692224590305599e+00
6.367941834960720193e+00
6.360035833719308584e+00
6.355991059223559780e+00
6.346168007384106247e+00
6.338220037152604291e+00
6.336454529451891915e+00
6.321099945369282658e+00
6.320317871125769926e+00
6.316775528745059098e+00
6.315025639805886826e+00
6.303669209785149441e+00
6.302217226537928596e+00
6.297480186155063109e+00
6.293636725757619566e+00
6.292284488117371843e+00
6.283375359275917837e+00
6.276909136897291575e+00
6.272211654152125782e+00
6.271569701900433280e+00
6.263983602086510061e+00
6.260565556241516560e+00
6.255516098332469355e+00
6.246257593552314802e+00
6.241568250559238251e+00
6.235715249852116671e+00
6.232745759718153700e+00
6.227901318332190073e+00
6.221108773111876822e+00
6.217057870364942396e+00
6.215344090769287178e+00
6.208873939964523636e+00
6.202418773805152163e+00
6.198443784344845220e+00
6.188996758300460144e+00
6.185752795725295350e+00
6.180032696957722393e+00
6.172770812652450090e+00
6.168746462020071597e+00
6.164240670196835303e+00
6.160710362119774075e+00
6.156786121665347444e+00
6.153327410756284088e+00
6.151648396828197640e+00
6.141748665983690181e+00
6.141725961565280834e+00
6.129971229989925163e+00
6.125089353987581475e+00
6.121674060462002132e+00
6.119535819461330739e+00
6.115614530211033184e+00
6.112367393108748104e+00
6.102078791880719777e+00
6.101022541038791047e+00
6.095959169424659763e+00
6.084260627896258100e+00
6.074553420706664930e+00
6.066349379757109972e+00
6.058740544434461306e+00
6.058168188270478538e+00
6.054210395453744731e+00
6.048088097462660073e+00
6.045950594597120364e+00
6.041915729324102813e+00
6.041866420614465660e+00
6.037357152062716281e+00
6.032013495166594907e+00
6.026816345485786819e+00
6.018608304748464199e+00
6.015678838067498369e+00
6.007843776780126710e+00
6.003431878025699220e+00
5.998685103725850176e+00
5.991333151288133152e+00
5.986310797460792088e+00
5.980046123315528206e+00
5.975000785044543683e+00
5.969270732813100722e+00
5.967430299963497831e+00
5.966695140850193368e+00
5.958265115500278597e+00
5.943078695558426716e+00
5.940793991936680563e+00
5.938348097953977778e+00
5.936110852087879586e+00
5.932654968808789064e+00
5.928418226717615980e+00
5.919809498866374753e+00
5.917913732833039120e+00
5.911482821936846044e+00
5.901881551338762577e+00
5.899184170278719108e+00
5.898708642657270573e+00
5.893791442223455412e+00
5.889220352694781724e+00
5.878917876959636857e+00
5.871104710184206432e+00
5.869113452700545963e+00
5.863805420677006275e+00
5.862920036423117764e+00
5.852485106829311334e+00
5.852039546659472791e+00
5.845439857399511219e+00
5.841977772801127955e+00
5.836310363132304779e+00
5.823758375225862594e+00
5.821386626646679829e+00
5.818130176577928303e+00
5.813825308348658183e+00
5.809863417588611689e+00
5.806467410525629980e+00
5.800572574122185188e+00
5.798623745373701510e+00
5.790955624835341098e+00
5.786118082760963510e+00
5.780403654463411200e+00
5.778500512787910992e+00
5.771210803302476933e+00
5.767064312937173476e+00
5.758386488839509099e+00
5.756797683258982445e+00
5.753528634364598382e+00
5.744729147743218078e+00
5.742786120896594682e+00
5.741519897872164435e+00
5.732962720871609186e+00
5.729263813865537180e+00
5.717511475756968053e+00
5.713468617072455125e+00
5.706054930334476971e+00
5.696776886978854648e+00
5.696589423113671558e+00
5.691865648993763571e+00
5.684019209930381678e+00
5.678936107968221236e+00
5.674640573868151350e+00
5.669842110653566358e+00
5.666679682633319004e+00
5.656215582553826948e+00
5.653814963395781490e+00
5.651628087028472081e+00
5.648724967671570063e+00
5.644517265146813401e+00
5.644504590294700641e+00
5.642944332939726415e+00
5.628613506828667568e+00
5.628417184871691958e+00
5.613853139601711284e+00
5.610968964924230917e+00
5.606507463345458575e+00
5.606327441563999869e+00
5.601011099464686893e+00
5.599128744303476957e+00
5.593331618074692813e+00
5.589457719526123469e+00
5.586868251811202946e+00
5.583875184275924219e+00
5.574809407790667137e+00
5.568253671692146689e+00
5.562241232516097256e+00
5.561081319920776700e+00
5.552755575209090466e+00
5.547543348426410503e+00
5.543463285698262411e+00
5.537956284011004371e+00
5.536868180683914176e+00
5.528833507160781480e+00
5.522252024265433157e+00
5.519512291560841888e+00
5.519132397577168447e+00
5.515063540910530193e+00
5.512852670398928012e+00
5.501576210444626192e+00
5.494241645809380792e+00
5.493522865556710322e+00
5.488662219407657972e+00
5.480463208629842597e+00
5.479790250833322496e+00
5.472294580748480186e+00
5.472254064752407388e+00
5.466367009429759172e+00
5.456459963086250475e+00
5.448841333851698110e+00
5.446235786339726381e+00
5.441813124978302163e+00
5.435395532629337723e+00
5.435107664210922174e+00
5.426643790090496466e+00
5.426412009199973241e+00
5.416439398739898436e+00
5.416085846002594018e+00
5.403387357097042987e+00
5.401243482148536224e+00
5.396864608946001063e+00
5.390062154549779549e+00
5.383288623429787201e+00
5.379808311267966658e+00
5.377110030572694654e+00
5.373037500108670095e+00
5.368372879699625067e+00
5.366279927314213438e+00
5.359037097375401792e+00
5.355339144870658430e+00
5.350138742444485729e+00
5.347188733758049928e+00
5.340684209680382821e+00
5.338270214425341109e+00
5.334472381945587038e+00
5.327404226700795498e+00
5.317016210753839012e+00
5.314530450162664010e+00
5.309562528307814055e+00
5.307946161931611506e+00
5.305325984351294544e+00
5.296739484953001842e+00
5.292841084698792109e+00
5.291889497469369097e+00
5.283542728622023787e+00
5.281020267078869068e+00
5.271450038738695554e+00
5.268754867040327916e+00
5.262141684675281539e+00
5.257848925546186436e+00
5.253818426103077144e+00
5.249088144995839755e+00
5.245411078933103433e+00
5.241158628071030279e+00
5.238466505391500050e+00
5.236142530904163372e+00
5.230801786762407701e+00
5.225293691905720017e+00
5.219182170432175916e+00
5.214704294377730420e+00
5.211466497455213620e+00
5.209264711839040274e+00
5.204749311135944190e+00
5.204367364807144014e+00
5.197493463238793687e+00
5.191809058240178132e+00
5.185989281714709520e+00
5.185634274286185175e+00
5.175729113229278866e+00
5.170991102603955447e+00
5.164024818226879532e+00
5.161157132226960265e+00
5.154180278691731232e+00
5.149562868124228032e+00
5.146358975707045147e+00
5.141356254571548767e+00
5.135739307207394688e+00
5.130869229822352828e+00
5.127503192327512060e+00
5.117941836034571423e+00
5.114339866878069962e+00
5.113715446331038805e+00
5.103365350089989150e+00
5.102736796525106477e+00
5.100140706613174757e+00
5.098560499387262190e+00
5.093589875879304785e+00
5.083590934452895560e+00
5.083017404299973840e+00
5.080128178263746186e+00
5.077527545365088990e+00
5.076566518657261717e+00
5.071895818180303550e+00
5.069360382269078258e+00
5.057533702260090358e+00
5.050317951086257473e+00
5.046509028657938600e+00
5.044537199914916670e+00
5.043012170137849637e+00
5.039176736340211349e+00
5.031967235622049728e+00
5.029412705424119778e+00
5.029170784572830399e+00
5.020715079171512940e+00
5.012890488388360488e+00
5.012449979157466373e+00
5.004792277695538694e+00
5.002951056301170318e+00
5.000852227020641472e+00
4.994467825484264267e+00
4.986719245277638102e+00
4.984732904991944658e+00
4.974813296490901315e+00
4.970377070556806665e+00
4.964354585789925167e+00
4.962346048508361029e+00
4.955197481370395174e+00
4.953794125661381997e+00
4.950285763793616844e+00
4.946062880488137026e+00
4.941389333813432039e+00
4.938463084404604686e+00
4.938339659849004804e+00
4.935900421682286598e+00
4.930443664157925454e+00
4.925425658261318063e+00
4.921510081657251234e+00
4.916784825372037204e+00
4.910005516743939147e+00
4.904599546786012176e+00
4.900420724961540131e+00
4.898005015535141560e+00
4.886661488786339547e+00
4.885825232072071422e+00
4.878425020377674670e+00
4.875890195277386319e+00
4.872999761356551218e+00
4.867983119635704625e+00
4.865338151635071107e+00
4.856541906573505152e+00
4.854190938529605148e+00
4.848599393877899288e+00
4.843519696386355378e+00
4.840217299294391928e+00
4.838363250952141925e+00
4.836530913365507445e+00
4.832025575242357540e+00
4.825307652079525056e+00
4.821366707781836958e+00
4.816134908791873670e+00
4.813804127129198029e+00
4.807835541023496084e+00
4.806384824442149650e+00
4.793280147841929129e+00
4.791633371990738688e+00
4.791509354288616684e+00
4.787248562264486473e+00
4.782613199580321606e+00
4.773908794426636959e+00
4.767245364647298089e+00
4.763209348113960573e+00
4.760510758835270195e+00
4.753639284197515025e+00
4.750700278966389689e+00
4.746422090306833041e+00
4.740281033699765167e+00
4.737447105555682825e+00
4.731085008839008843e+00
4.726952933770725451e+00
4.724250738566971641e+00
4.717222446933475588e+00
4.717221534158690943e+00
4.712339718470169636e+00
4.712280110526984700e+00
4.705807775496829493e+00
4.701876417373519246e+00
4.699398413819134923e+00
4.697604433005502678e+00
4.692232723340001854e+00
4.689661499036605008e+00
4.684268355166664399e+00
4.683631969539881368e+00
4.676800040234443401e+00
4.676550773357068813e+00
4.670409865647547676e+00
4.665736174513238410e+00
4.663909752720432067e+00
4.660829746986644651e+00
4.656157992434514448e+00
4.642738079423564201e+00
4.641727004831470715e+00
4.641604801577580375e+00
4.637153442102277090e+00
4.632428235226798030e+00
4.628046281912950199e+00
4.624852010776336897e+00
4.618611717686950335e+00
4.610563342370132212e+00
4.600731845005874732e+00
4.600252480951671608e+00
4.592397332273921329e+00
4.590421850746900567e+00
4.585946770270133754e+00
4.584075675365356872e+00
4.580349964751108338e+00
4.579449524724982901e+00
4.572113119780771839e+00
4.569075358424592004e+00
4.567751197533485907e+00
4.562241721715080800e+00
4.555621726383600745e+00
4.552313217286987346e+00
4.551560379600099182e+00
4.546185878118453871e+00
4.539275133692576070e+00
4.538820740784131225e+00
4.534280495099311636e+00
4.529584416261058344e+00
4.523477711980733673e+00
4.520417251765300293e+00
4.513116709844192442e+00
4.509979374059583712e+00
4.502218527728088837e+00
4.501761435965097924e+00
4.490957516621584489e+00
4.488357281474687710e+00
4.488007650203746479e+00
4.480657333137449960e+00
4.480058750282710278e+00
4.475535502424794920e+00
4.467026419772333057e+00
4.460743566853683006e+00
4.458173747973656731e+00
4.457323171420049412e+00
4.453352212147531297e+00
4.440822726119574959e+00
4.439496558478510657e+00
4.434646009457652305e+00
4.430488685202681687e+00
4.427183838377609426e+00
4.424175466744523888e+00
4.417424387565460187e+00
4.415398707595572070e+00
4.410133376274031569e+00
4.408568713814587703e+00
4.400545346718508277e+00
4.400443411285524853e+00
4.395015516820203416e+00
4.388693786903603566e+00
4.383466123829716565e+00
4.377411069775376973e+00
4.377239506873951136e+00
4.372007350771398571e+00
4.368528810707427823e+00
4.359960354091438894e+00
4.359136076523406622e+00
4.356466745091481130e+00
4.348712511631338984e+00
4.347761565455411592e+00
4.341758307950604134e+00
4.341291219830837100e+00
4.339552482624871921e+00
4.334818862960645447e+00
4.331717589609551666e+00
4.328869446327042070e+00
4.325005957566760983e+00
4.319258489423672742e+00
4.319241887220955256e+00
4.307823063497869143e+00
4.304992198084543809e+00
4.303386854761058977e+00
4.292630213236997783e+00
4.291485848356027866e+00
4.289157104086219086e+00
4.287529003974364095e+00
4.285703861766272382e+00
4.281372436891698996e+00
4.279573055999719600e+00
4.277141335629768726e+00
4.265800854155309629e+00
4.264483904511940260e+00
4.257942200478418648e+00
4.253483258626740593e+00
4.252539230466274134e+00
4.250900416048554398e+00
4.240351087557890253e+00
4.238600824902197139e+00
4.233043534535292807e+00
4.232027847307249679e+00
4.223898020138075360e+00
4.220358355046459842e+00
4.215052898471748577e+00
4.213125472145538453e+00
4.211110175098180086e+00
4.202682825412006551e+00
4.201569936755029211e+00
4.199917399123311412e+00
4.188331562949631603e+00
4.188065001740069349e+00
4.185706247777849498e+00
4.180193947687128819e+00
4.176924667788441070e+00
4.172633829773039871e+00
4.167372402368699547e+00
4.164120287394784903e+00
4.161647966901803386e+00
4.157122218396290592e+00
4.154415032788723927e+00
4.152999317195747331e+00
4.147428271341870420e+00
4.143505226541152275e+00
4.139866186906512091e+00
4.137312217086063448e+00
4.129143540262185219e+00
4.126357801048866847e+00
4.126102654891534272e+00
4.114192428593946183e+00
4.110659707094622028e+00
4.109962020136490146e+00
4.108615911717058644e+00
4.104822106693805317e+00
4.099303211809997904e+00
4.098485609922887463e+00
4.096407787929699396e+00
4.093865855156862743e+00
4.086689180572086855e+00
4.081667730461052912e+00
4.079252163029672751e+00
4.068265297417663184e+00
4.066739026652883560e+00
4.061289600843818626e+00
4.060743898640882144e+00
4.057673418778591667e+00
4.055927011486302192e+00
4.049792991930492470e+00
4.049464010768558886e+00
4.044548916405473094e+00
4.041553153100240436e+00
4.037287300277680124e+00
4.028823210414099520e+00
4.024070964275663798e+00
4.021373004645774074e+00
4.015990980740038019e+00
4.013955930036710917e+00
4.012353538528077301e+00
4.008376245162915019e+00
4.005990201580871712e+00
3.998051328316951203e+00
3.991974679024244743e+00
3.990607628154175135e+00
3.986991907990122375e+00
3.986451557856548256e+00
3.978774152504227946e+00
3.966928111620057873e+00
3.966141658407856596e+00
3.961248090995935556e+00
3.957484739386378347e+00
3.954913170099715103e+00
3.950609349942783677e+00
3.950373076964430741e+00
3.948346585288240895e+00
3.944769989454450787e+00
3.938133196118183132e+00
3.936940240366856081e+00
3.930505494615709861e+00
3.925339504343240637e+00
3.922180375899805060e+00
3.920605478019217660e+00
3.916386024523846654e+00
3.914611415840116404e+00
3.906869458528633210e+00
3.904859692773870350e+00
3.902444321537943406e+00
3.895741674866065818e+00
3.894933351206712580e+00
3.891458343002717424e+00
3.885559052883232223e+00
3.884459002721484921e+00
3.880050476566744955e+00
3.872912240708921150e+00
3.872572371065758468e+00
3.872409975759066203e+00
3.863620908849824342e+00
3.862206814574301372e+00
3.857937919731990295e+00
3.854312663090937896e+00
3.845490958667258763e+00
3.843982135001264844e+00
3.842451325175535448e+00
3.841443351560410502e+00
3.839744428183202274e+00
3.831665624148073768e+00
3.825839586192488539e+00
3.824334001678760142e+00
3.817398618858035331e+00
3.814659523591300339e+00
3.813616291297793559e+00
3.811443108288396608e+00
3.808392203961979749e+00
3.807368015040887066e+00
3.804988571729874369e+00
3.796263286114083702e+00
3.795396255485575132e+00
3.790355076845142168e+00
3.788229278144397139e+00
3.781959264405930554e+00
3.780164506967357951e+00
3.774412684064509360e+00
3.769558916435274298e+00
3.764855371960829533e+00
3.756305477638751888e+00
3.753990601982784447e+00
3.751781855029405754e+00
3.749083640262504069e+00
3.748316121716283700e+00
3.740299059365599810e+00
3.739578284374714290e+00
3.735097968646186040e+00
3.727868713009283574e+00
3.727087355508523547e+00
3.726668608379211101e+00
3.720398185564100846e+00
3.717086951960921759e+00
3.713302028861625637e+00
3.706521325249624965e+00
3.704267894875065803e+00
3.697991208205929858e+00
3.696212112265538252e+00
3.693025326612473513e+00
3.689742337837431219e+00
3.682791634408171699e+00
3.680959160486900750e+00
3.680531394838626458e+00
3.677536041777666131e+00
3.674449599717590331e+00
3.668646121673686089e+00
3.666479566979089277e+00
3.662144622256518378e+00
3.660966056281230507e+00
3.651914529792861686e+00
3.651128638584832942e+00
3.647132049435843903e+00
3.646172689698080394e+00
3.643724099650253567e+00
3.637322683734699691e+00
3.630510519687110804e+00
3.627742758494319819e+00
3.626113467278683888e+00
3.624496699932131971e+00
3.619746216217027523e+00
3.617241564733280956e+00
3.615266418526970504e+00
3.605051733275897341e+00
3.602387645293927410e+00
3.595787484306014470e+00
3.590921900995929228e+00
3.588975812452412040e+00
3.585975359091868597e+00
3.582755014786384251e+00
3.578191260645612548e+00
3.576749017798807717e+00
3.572212974621792991e+00
3.567932614096511745e+00
3.564161663113996958e+00
3.561333008076995821e+00
3.560321201474263564e+00
3.552055180479508412e+00
3.549825874641778789e+00
3.549001613590552662e+00
3.541968741680354693e+00
3.539556155801415027e+00
3.535693016096765007e+00
3.530139563858742946e+00
3.529844121884971653e+00
3.522847082270394559e+00
3.520557427832695208e+00
3.518304265382663942e+00
3.514441142149186348e+00
3.513450905653205503e+00
3.502705532360541163e+00
3.502612236275419733e+00
3.497794874743756388e+00
3.496730844887479872e+00
3.495005820383283890e+00
3.492206006273644192e+00
3.487787775865983875e+00
3.482764750526138098e+00
3.480808763252292604e+00
3.477505922800125049e+00
3.471611902680673545e+00
3.468909195608716800e+00
3.465316663333972702e+00
3.461241271102863504e+00
3.457576676875872224e+00
3.455008678988432447e+00
3.451457925504176405e+00
3.450021485619951811e+00
3.448335447523476649e+00
3.444919879321734157e+00
3.440666225568496550e+00
3.435799882306895814e+00
3.432745285430014004e+00
3.428976861162280176e+00
3.426076647592845248e+00
3.419236500436745541e+00
3.416956883739770579e+00
3.412237139465679192e+00
3.410856285092790596e+00
3.408075024728516311e+00
3.403543284338466979e+00
3.395208755365296316e+00
3.395132236086326305e+00
3.391029514031273173e+00
3.390521299455542703e+00
3.387023341332619619e+00
3.386384898098704355e+00
3.382540612659886925e+00
3.379027482317919606e+00
3.373659286626707665e+00
3.370769100083816028e+00
3.370743158095040659e+00
3.361821578257302434e+00
3.358798635792653808e+00
3.354237648706297037e+00
3.349308163166055063e+00
3.347276481547221572e+00
3.342484510589509572e+00
3.341528152866105827e+00
3.339703773869097336e+00
3.338413465759221932e+00
3.336697350050637834e+00
3.328472032289266469e+00
3.325298030091581758e+00
3.319628410074245028e+00
3.315789704945065530e+00
3.313675995514930861e+00
3.311449740824356613e+00
3.308254161146871208e+00
3.307189366015662380e+00
3.305804124145864886e+00
3.300197908720856610e+00
3.298377089643919291e+00
3.292288992065721231e+00
3.287745020475377533e+00
3.280637130451451000e+00
3.275261861010404285e+00
3.275020528437289968e+00
3.270277565524492225e+00
3.264942119929170605e+00
3.262905709618976857e+00
3.262178282451298372e+00
3.258771047979391433e+00
3.256651344331284115e+00
3.256229759077176933e+00
3.247158806583843926e+00
3.246566507406271285e+00
3.242986854014780818e+00
3.236906041414200796e+00
3.234383523916769754e+00
3.231084357695085174e+00
3.230027892221392527e+00
3.227538018678782095e+00
3.224399720727117113e+00
3.219859339869357129e+00
3.218948055565542976e+00
3.212708585892386726e+00
3.209079294231868662e+00
3.208021125664761719e+00
3.206280641406252574e+00
3.200826215172040801e+00
3.193009684442757123e+00
3.190237420412168401e+00
3.185414018257600066e+00
3.184324947948463880e+00
3.181889175499996281e+00
3.178955747026818379e+00
3.172513450554752090e+00
3.168898041600468840e+00
3.167660644294106209e+00
3.160836386017540356e+00
3.155079350315969755e+00
3.149752919952887531e+00
3.148352635382924536e+00
3.144336594695916975e+00
3.143719862592005310e+00
3.132570632249564557e+00
3.131641975961940716e+00
3.130823056044131913e+00
3.129914700898683400e+00
3.126198418377359900e+00
3.123761151595781715e+00
3.122094572171961069e+00
3.117432574309056736e+00
3.113935167450707642e+00
3.113700316362934206e+00
3.110087956397090903e+00
3.106718866865301631e+00
3.105859939701446137e+00
3.102813771001579735e+00
3.095621598546766773e+00
3.095208324039712355e+00
3.086997820615660082e+00
3.083643071998273033e+00
3.082039016189807690e+00
3.079819921421091955e+00
3.072142664419174718e+00
3.069823007227509670e+00
3.067276890392781841e+00
3.061032654879821457e+00
3.059054464990477840e+00
3.056046012069487894e+00
3.055465169740813725e+00
3.051147810480441258e+00
3.048949960914511870e+00
3.045517271914909507e+00
3.036966922518098411e+00
3.034113028875096596e+00
3.032808398532760297e+00
3.031790294957147136e+00
3.026744095305025528e+00
3.024659623967116850e+00
3.018956760349505775e+00
3.015971151320532506e+00
3.012448626127518736e+00
3.009915738611719238e+00
3.004587125202280884e+00
3.004517485622788531e+00
3.002421518170139692e+00
3.001875899848575724e+00
2.996663947698958275e+00
2.994923866396363543e+00
2.991982741357425812e+00
2.989790202397345720e+00
2.983247191343538329e+00
2.979861442545908901e+00
2.978118680632263704e+00
2.976638671222238131e+00
2.972237901906343627e+00
2.967571635224532933e+00
2.964280933031636422e+00
2.959782007046738439e+00
2.957484855418069714e+00
2.955786373648171761e+00
2.953361182790662287e+00
2.945357722001399559e+00
2.943583728945191158e+00
2.939597145654950783e+00
2.935799467495491921e+00
2.934341528041903402e+00
2.930732697974498091e+00
2.925276506286344613e+00
2.924777222386778952e+00
2.923822895303493929e+00
2.921759948952666441e+00
2.920749233508342702e+00
2.915124999770135616e+00
2.914808936597878208e+00
2.912411409955015351e+00
2.909836062216430541e+00
2.901852662853045661e+00
2.898566684742212018e+00
2.896405545483413668e+00
2.892504225375129412e+00
2.886332423168647132e+00
2.885996975674981257e+00
2.881066498750332272e+00
2.879958555177174695e+00
2.871678568420544586e+00
2.869936500092078013e+00
2.868158073184035484e+00
2.863608177373971664e+00
2.860860304287729861e+00
2.858435984181122436e+00
2.856231448804238404e+00
2.852026756087385984e+00
2.850414343491506575e+00
2.848755222969378220e+00
2.844622663560195441e+00
2.842734920415958655e+00
2.839919881742950292e+00
2.836624792564613085e+00
2.836619078369256641e+00
2.830734554643894896e+00
2.825390681388102010e+00
2.817102475006313167e+00
2.816102962809887256e+00
2.815414126494690805e+00
2.812632643949099176e+00
2.811575728783871853e+00
2.806401310901129431e+00
2.799979801336592189e+00
2.796027321822526890e+00
2.795729681841055303e+00
2.789111462497652738e+00
2.785272841535541222e+00
2.783380803091975775e+00
2.782017035184694898e+00
2.777160989018424786e+00
2.774864292496705964e+00
2.773713726951974934e+00
2.773298992143991892e+00
2.770945620599302828e+00
2.769225180942449072e+00
2.766530778682182667e+00
2.761536479213571926e+00
2.757896285935797831e+00
2.754365288852755445e+00
2.753224675275752542e+00
2.747850895577143682e+00
2.747609896471459034e+00
2.739726476136012057e+00
2.738140283593204938e+00
2.737678659507297052e+00
2.732327715826418757e+00
2.727629071980626208e+00
2.722857998591162065e+00
2.721156545897404744e+00
2.719809221599906124e+00
2.715159734569409178e+00
2.712743972799914083e+00
2.710970557951090321e+00
2.707214852339310251e+00
2.701460254145384710e+00
2.699518035609554722e+00
2.698747521637743230e+00
2.693418982551556429e+00
2.691185889201002546e+00
2.685176208678921483e+00
2.681031348253696489e+00
2.676424427996491495e+00
2.675916422676476003e+00
2.672765146987686524e+00
2.671699536532170516e+00
2.669315095543024707e+00
2.665149626604259581e+00
2.661873850684588927e+00
2.661374976544599757e+00
2.656658342258300998e+00
2.654775704421953098e+00
2.652957818854977390e+00
2.651887953019457900e+00
2.646812773112270811e+00
2.640410743989215714e+00
2.638844845554054963e+00
2.636924387097147271e+00
2.635037122189884951e+00
2.630643364904607484e+00
2.630471035122817103e+00
2.629958374253587028e+00
2.624355800697274255e+00
2.617992307230759153e+00
2.612074983256564842e+00
2.611262478896953620e+00
2.611002706054628142e+00
2.604543858855315808e+00
2.601832444365783203e+00
2.598267571997381342e+00
2.597241825535246296e+00
2.591629352722761848e+00
2.590699326594652074e+00
2.590645464608685167e+00
2.586831133155023110e+00
2.585293765723229775e+00
2.583239700231707126e+00
2.577425665201646954e+00
2.574453065904455329e+00
2.573804857520095801e+00
2.568501400897536424e+00
2.565823147931109549e+00
2.564550637784096754e+00
2.562845261469122615e+00
2.555649143248451605e+00
2.555554595885466629e+00
2.550877206754613269e+00
2.550227855044486791e+00
2.543606313817336151e+00
2.541963418056234936e+00
2.537524096365519011e+00
2.535293748609321884e+00
2.529990121003477643e+00
2.527115140891946776e+00
2.524519586233354485e+00
2.523657940837542135e+00
2.515193188325085760e+00
2.513553492100418119e+00
2.512110525734317257e+00
2.511971946137727230e+00
2.508518349234534206e+00
2.507351572780778692e+00
2.504935030606064039e+00
2.502580694142603868e+00
2.499426700852105387e+00
2.496101202645381267e+00
2.487281838839974668e+00
2.484284845586745671e+00
2.483064859018689674e+00
2.482099063298778940e+00
2.477257110983554611e+00
2.475390098453564391e+00
2.473805001757765520e+00
2.471222281007622534e+00
2.470858820101319520e+00
2.466416116692666805e+00
2.462708324359994094e+00
2.457915837663859904e+00
2.451294403489283624e+00
2.448397346595537982e+00
2.441632550640013388e+00
2.441542395432488632e+00
2.439658482867004263e+00
2.436419895597197183e+00
2.432903295257486942e+00
2.430035813075823725e+00
2.425079633432902337e+00
2.424879776854946822e+00
2.423141038544804449e+00
2.420949940545945367e+00
2.420001419833369027e+00
2.417924081563278538e+00
2.414521863874932173e+00
2.408481893036180654e+00
2.407653672814284107e+00
2.404748205312961851e+00
2.401500051255512691e+00
2.399737843359267764e+00
2.397744604188902784e+00
2.390044940301371934e+00
2.389199814045883219e+00
2.386685308578849973e+00
2.385974461746526831e+00
2.383982668594226695e+00
2.381818841045023394e+00
2.380389171194446263e+00
2.373139034855574536e+00
2.367185536823038561e+00
2.365395557450162389e+00
2.364182388988971262e+00
2.362919297206206970e+00
2.358647424652545954e+00
2.353979704780994275e+00
2.348870437281535661e+00
2.348108074019653824e+00
2.346427382553001095e+00
2.345383511784966846e+00
2.336187753252518817e+00
2.332905107636196185e+00
2.332422902162595513e+00
2.330255787090458330e+00
2.328166336721132268e+00
2.324287357703641810e+00
2.321225578646924692e+00
2.319279479167151159e+00
2.316225289926612696e+00
2.315899505476688436e+00
2.308870483357697623e+00
2.306266276854920694e+00
2.303544116655170892e+00
2.303373187298695335e+00
2.300836083061900350e+00
2.300654602696282414e+00
2.296557394779672912e+00
2.292714384572350550e+00
2.290529324760651519e+00
2.286906600731873240e+00
2.285557503204406427e+00
2.282834884893772287e+00
2.281097792847925021e+00
2.276729342949255219e+00
2.271448958224598691e+00
2.265287480288789013e+00
2.264161440128743763e+00
2.261934863076608959e+00
2.260788179265843301e+00
2.258234451824039812e+00
2.253750360666630925e+00
2.251942899201248682e+00
2.247954335057661623e+00
2.246763727571539970e+00
2.246716904200191767e+00
2.239795269504344155e+00
2.237650890050531416e+00
2.237196666480048890e+00
2.233639432917757350e+00
2.229613352409772098e+00
2.226544057566778090e+00
2.226540834415105419e+00
2.220256021712374572e+00
2.219008919573964178e+00
2.217299889112521072e+00
2.215684728492456568e+00
2.210460650789294768e+00
2.208549923965462458e+00
2.207733933164630180e+00
2.202446151639409599e+00
2.200025593965731829e+00
2.198261017661822248e+00
2.192117155715450405e+00
2.191829159538096761e+00
2.188612024293214109e+00
2.184362041351509021e+00
2.183367699988266519e+00
2.177195060924901782e+00
2.175350100091439476e+00
2.174932970658813414e+00
2.171959916325615580e+00
2.168687933666921364e+00
2.166225354163896721e+00
2.164935088270163011e+00
2.159337654767842007e+00
2.158288907089759956e+00
2.155059389579462970e+00
2.153849006968735491e+00
2.149093354425769764e+00
2.148020908639815207e+00
2.145964899467294185e+00
2.145169689271854807e+00
2.139031614156270855e+00
2.136275308405831463e+00
2.135941814482286372e+00
2.134420499984301056e+00
2.129282217450678694e+00
2.128686384656947705e+00
2.124873418492875476e+00
2.122812236854919821e+00
2.120156476665872258e+00
2.117079841257628381e+00
2.114060935063083679e+00
2.114052128268754771e+00
2.108401521314303029e+00
2.104347298116104881e+00
2.101333603493181990e+00
2.101266089808855320e+00
2.096194457142352530e+00
2.094201979272384939e+00
2.092393405136328877e+00
2.091755521935982021e+00
2.087636274391778901e+00
2.086585528103511944e+00
2.083333493586425611e+00
2.080546364651088886e+00
2.077576408350287895e+00
2.077326998559349658e+00
2.069543939126542664e+00
2.069281759440613655e+00
2.065339758391826930e+00
2.059416766918658936e+00
2.059064897508150693e+00
2.053784663794155918e+00
2.053610282353633743e+00
2.050578438390441516e+00
2.048513310018136746e+00
2.042553718859283496e+00
2.042061786818702984e+00
2.040044472665578201e+00
2.039189524905216544e+00
2.036852342228108625e+00
2.036162168504018322e+00
2.031535859184356418e+00
2.029776987804034594e+00
2.029138968262087950e+00
2.023446437441556611e+00
2.021577747590432406e+00
2.021433886994241202e+00
2.015822474493143002e+00
2.015795536972130098e+00
2.012704092772740427e+00
2.012620497168387423e+00
2.005347786017499967e+00
2.002653302863348195e+00
2.002364701638957634e+00
1.998964993907029086e+00
1.998447099150446604e+00
1.990775036007369048e+00
1.989765500843838630e+00
1.989018088934385142e+00
1.986496007256952634e+00
1.986299157153493589e+00
1.984910863459174557e+00
1.981622363053070268e+00
1.978265752804840183e+00
1.972910562370821408e+00
1.970682854209908408e+00
1.966614632366640469e+00
1.963570378809472272e+00
1.957707548853604873e+00
1.955742372986963185e+00
1.954105695713904023e+00
1.950402518654158479e+00
1.948992323498471180e+00
1.945329616727077937e+00
1.941812675744876371e+00
1.941495972235022904e+00
1.936866786330265544e+00
1.933092981863768989e+00
1.932524337069923437e+00
1.927237091437976835e+00
1.925935066118810157e+00
1.925915483842862930e+00
1.920157130957504732e+00
1.918336762967479459e+00
1.916566100273966011e+00
1.914692100761468563e+00
1.912673030711720568e+00
1.908660597698276673e+00
1.905276793197278273e+00
1.903732277671436046e+00
1.903606800308118574e+00
1.900328923852155016e+00
1.895955361992148758e+00
1.893901670963003658e+00
1.893294281195542661e+00
1.891887182541003520e+00
1.887620621007179755e+00
1.883020208299199361e+00
1.881757337256178220e+00
1.877057996542325524e+00
1.875219830089191797e+00
1.873013793736207910e+00
1.871235926226690660e+00
1.868644208464232959e+00
1.866245424154644894e+00
1.865989628074392392e+00
1.860641890749541894e+00
1.857245453500355969e+00
1.853975468958513284e+00
1.852223358342593329e+00
1.850713806548137219e+00
1.844971521599536590e+00
1.843189267560553901e+00
1.841926087402053547e+00
1.841589951221706212e+00
1.841298376295778860e+00
1.837451900137189176e+00
1.837447730518118050e+00
1.833664298097265499e+00
1.828661520247309324e+00
1.826772604778670539e+00
1.826591311638318116e+00
1.820688429718431145e+00
1.817364065661476902e+00
1.816621266569496296e+00
1.813042306819426353e+00
1.808261321132380584e+00
1.806506195887351840e+00
1.802153530035856654e+00
1.801753383120602736e+00
1.799284115473349877e+00
1.798457296521025706e+00
1.796944084039352241e+00
1.793682948915005904e+00
1.791671466038123439e+00
1.789834747216056066e+00
1.784240091841155174e+00
1.782878173998177385e+00
1.781887371468863224e+00
1.777145806769559799e+00
1.775281325130217303e+00
1.772540228031542320e+00
1.772025557973432530e+00
1.767543035040430421e+00
1.764139614591937022e+00
1.763207583725379779e+00
1.762370885090764450e+00
1.757043815973164280e+00
1.756245782636598696e+00
1.749267678728274822e+00
1.748420892342843702e+00
1.747387619999207553e+00
1.741553531559785206e+00
1.741042148958596991e+00
1.740144789624574528e+00
1.738657718800335150e+00
1.737814390620029847e+00
1.734644249457131249e+00
1.732391334557883633e+00
1.729387661907995311e+00
1.729144007310988274e+00
1.724404517773720613e+00
1.721788245990980792e+00
1.720400953529130472e+00
1.717833396209818231e+00
1.715931979250676420e+00
1.713632724736141588e+00
1.712182544698487963e+00
1.708079187847618474e+00
1.707232963738727127e+00
1.703174193936608072e+00
1.702174698972416911e+00
1.698924794776026426e+00
1.697212275573115603e+00
1.696972109279455410e+00
1.693658511889709395e+00
1.688601661956733002e+00
1.685055698732150553e+00
1.684876105071997809e+00
1.681302545482218358e+00
1.679968160071763972e+00
1.677730832321612686e+00
1.675556344750031679e+00
1.669010737741642991e+00
1.667657761155126650e+00
1.663591189221144129e+00
1.661566103774949843e+00
1.659621694146444559e+00
1.656577016632152954e+00
1.653016791061386659e+00
1.650718295068874797e+00
1.648201483201843898e+00
1.646605826627892011e+00
1.645534137654974360e+00
1.644509025064312180e+00
1.642780915890327043e+00
1.638624961268871916e+00
1.636289703705030796e+00
1.633710238385006841e+00
1.632945217604796717e+00
1.628977166947818800e+00
1.623970180827752685e+00
1.623713987323338603e+00
1.619498657594351076e+00
1.619415815736275022e+00
1.617365981965985355e+00
1.613589329665680028e+00
1.609913837936998160e+00
1.608972146555278648e+00
1.605970314378203812e+00
1.603322494570553314e+00
1.602333533770805563e+00
1.599798633216998001e+00
1.597187511351334521e+00
1.596657014076023007e+00
1.592749071695130247e+00
1.588565764877902575e+00
1.586846878458818999e+00
1.586547223101576920e+00
1.583750049484510258e+00
1.582614269188345135e+00
1.582327005478580961e+00
1.581472076871266452e+00
1.575513128809553631e+00
1.573485447929430903e+00
1.572805794272252866e+00
1.570100811152685294e+00
1.567305128790088098e+00
1.565011397745652122e+00
1.563930148289140121e+00
1.562510022330683146e+00
1.559293845242558429e+00
1.553652962580280850e+00
1.552739494616771632e+00
1.552357067347309716e+00
1.552058056200942948e+00
1.551468022682110925e+00
1.547477917995555785e+00
1.542748425730380291e+00
1.540977281971184443e+00
1.538315306804466376e+00
1.533456312444662961e+00
1.532469781878624371e+00
1.530283744930000189e+00
1.529318497283045586e+00
1.527427654495729481e+00
1.523086561060025268e+00
1.522992584782994152e+00
1.518787900308181449e+00
1.514859780920812193e+00
1.514081185777929717e+00
1.510578256356649662e+00
1.508298993782025033e+00
1.505166604262439645e+00
1.502262822732410408e+00
1.501096996696223762e+00
1.500433373547044313e+00
1.497821318976682914e+00
1.492460162497296405e+00
1.490057356920370113e+00
1.489319727596167153e+00
1.488821580404782186e+00
1.485615751914591165e+00
1.483487654559368929e+00
1.480935029366246658e+00
1.480334475627955504e+00
1.478140728963707184e+00
1.474710711676317398e+00
1.470647156185115989e+00
1.469336405084651132e+00
1.467781037338365513e+00
1.466218332044853634e+00
1.463240034313907145e+00
1.459981437064531207e+00
1.459585758809731848e+00
1.458681396507382377e+00
1.453623489011189873e+00
1.451545757561808925e+00
1.448945404224907474e+00
1.447186804480347533e+00
1.443259695256703168e+00
1.441876494216195681e+00
1.439683137780564559e+00
1.437631762104229827e+00
1.435097773400809684e+00
1.434089855516929912e+00
1.432856766371187307e+00
1.431461305455474786e+00
1.427618461409948525e+00
1.426281551604124065e+00
1.424157350744158945e+00
1.421218736094194801e+00
1.419434847912262709e+00
1.417058430328293150e+00
1.414719587191758832e+00
1.414503268774573774e+00
1.410504193255203598e+00
1.409807709093227501e+00
1.406187980651087965e+00
1.402314131175170786e+00
1.397932576522712855e+00
1.395230725909708536e+00
1.393103589885586802e+00
1.391371510217689345e+00
1.391081515221270992e+00
1.385342160535709022e+00
1.383735489352900805e+00
1.382058945567671948e+00
1.380624478757566109e+00
1.376078646072720346e+00
1.375287903019175584e+00
1.374075883639703788e+00
1.372293045551702395e+00
1.370364673908109010e+00
1.369500573783927422e+00
1.366795143612026253e+00
1.364979979944055621e+00
1.361074445937074717e+00
1.359895911365113230e+00
1.357928819983426294e+00
1.357537510481097831e+00
1.351031769296614282e+00
1.350553116002734644e+00
1.347992785398082649e+00
1.346350773598781414e+00
1.345617139663365602e+00
1.338002039860078485e+00
1.335375618340605586e+00
1.335188223231392746e+00
1.333111916280320886e+00
1.329751260784949540e+00
1.327925185274203335e+00
1.324933020556759766e+00
1.324200964277485015e+00
1.322411534317923687e+00
1.319639712536061493e+00
1.317769287731169747e+00
1.316907393434247009e+00
1.311726759137826770e+00
1.310801455206044963e+00
1.308980655551725603e+00
1.307013369378855039e+00
1.305963632529306695e+00
1.303517960980844048e+00
1.300328459237285239e+00
1.295845447877936651e+00
1.294471897279279027e+00
1.291616380320205204e+00
1.289675864922307014e+00
1.287740022500009962e+00
1.286608143852986608e+00
1.285415021155184689e+00
1.281054652972808627e+00
1.280011436490649190e+00
1.279133219308701497e+00
1.275258474415653653e+00
1.274876554638026516e+00
1.273902661936262781e+00
1.273313980797296630e+00
1.268398473110462721e+00
1.265963024241543389e+00
1.264680640841813863e+00
1.263050932447547847e+00
1.262521858770139449e+00
1.260875069043622343e+00
1.257553541229111005e+00
1.254656229752622920e+00
1.253386660760955396e+00
1.253290563416215919e+00
1.251015529862633535e+00
1.247748683399877656e+00
1.247333927994606517e+00
1.244130820130139536e+00
1.244005848447651275e+00
1.241213703618761377e+00
1.240412574180596028e+00
1.232767210667217839e+00
1.232035100136126937e+00
1.229528885399074900e+00
1.227419373959447224e+00
1.226036369036782370e+00
1.222423717254739861e+00
1.221681768556318159e+00
1.217762589931081774e+00
1.216402817703788664e+00
1.215637460633299360e+00
1.210946306746892187e+00
1.209427837087852398e+00
1.209061482238015461e+00
1.207302376276778721e+00
1.205317611673337508e+00
1.201774913148004664e+00
1.200326379541210686e+00
1.199927480018620596e+00
1.198747807761388007e+00
1.196440799584435943e+00
1.190989513626999452e+00
1.187940655151019431e+00
1.187909686478372917e+00
1.185597886619524921e+00
1.184015308212391204e+00
1.181281454828656319e+00
1.178996257979994633e+00
1.178294811007922771e+00
1.174159272850825886e+00
1.173734490289731758e+00
1.170858313536438322e+00
1.167745297337224208e+00
1.167214148469136292e+00
1.167022581284017591e+00
1.164915563182204794e+00
1.164560597821092669e+00
1.160726973287847574e+00
1.158123829419228201e+00
1.152727344185371816e+00
1.152413711840388322e+00
1.149517228066918584e+00
1.148861441176076026e+00
1.147390329249494911e+00
1.145737917047652044e+00
1.145690825143685920e+00
1.141569025430527518e+00
1.140590872837063730e+00
1.140324213675206977e+00
1.135391325226472681e+00
1.135065057137824462e+00
1.129640157287027824e+00
1.129209239874478854e+00
1.128378928432372197e+00
1.125334541631648033e+00
1.124757554848168084e+00
1.123922741097746814e+00
1.121451459721956034e+00
1.121367773420765879e+00
1.119347284736278869e+00
1.115397076012799804e+00
1.115034428116398191e+00
1.110739219076912754e+00
1.110517285871997384e+00
1.106109056645288025e+00
1.105186710698580654e+00
1.103278205526913691e+00
1.099961465468145771e+00
1.097362142112781047e+00
1.095088031757428526e+00
1.091975759835620341e+00
1.090952981149116097e+00
1.090223795686820152e+00
1.088000113552838766e+00
1.086497870078813932e+00
1.085251111286566150e+00
1.081072878868762244e+00
1.079437294803457181e+00
1.079062623720323355e+00
1.074968298021371726e+00
1.074821185529683421e+00
1.073640637152885269e+00
1.070698632733955380e+00
1.070538607915951346e+00
1.067347943188766912e+00
1.065537310924041581e+00
1.064428563345615641e+00
1.064049496878479051e+00
1.059584928015340211e+00
1.059237274352815783e+00
1.058117439823288208e+00
1.054174822244628107e+00
1.051286926132485311e+00
1.049724693688187438e+00
1.047487760018657177e+00
1.045434220824240201e+00
1.043355197694550762e+00
1.043103362947510160e+00
1.039345449534794241e+00
1.039224604564005450e+00
1.037888342455012047e+00
1.036239351826117039e+00
1.031925947464793270e+00
1.031889241174851257e+00
1.030739629778470112e+00
1.028173126856607666e+00
1.025575190732659348e+00
1.025351111812627725e+00
1.024150167377939402e+00
1.023296012486464512e+00
1.022058334101606736e+00
1.018832927816310407e+00
1.017005760538052916e+00
1.014034547312568924e+00
1.012926784190828267e+00
1.009236481639830929e+00
1.007930715324707904e+00
1.004566968042626351e+00
1.004495249278684721e+00
1.002378664371900374e+00
1.000260504299200992e+00
1.000000000000000888e+00
1.000000000000000444e+00
1.000000000000000444e+00
9.999999999999946709e-01
9.983840920091421323e-01
9.980211999989676563e-01
9.970757125094886764e-01
9.937050465930248322e-01
9.929815297270953023e-01
9.924007375962889954e-01
9.888592688299057132e-01
9.881233844996553106e-01
9.861981401933296310e-01
9.861363166471895925e-01
9.825805850235607153e-01
9.804068650354448300e-01
9.786670817700728886e-01
9.778191855145882405e-01
9.747497386438290778e-01
9.725706496904579224e-01
9.719337322189940398e-01
9.710778276596678804e-01
9.696507830130379757e-01
9.675348504799413663e-01
9.673596845949163914e-01
9.639584214716382382e-01
9.611661971788223457e-01
9.611362265051497378e-01
9.582715686667583332e-01
9.573836242862786561e-01
9.543810242707125857e-01
9.538067465811889134e-01
9.519204895603343708e-01
9.514555862550412302e-01
9.503816919263661234e-01
9.445223576589383274e-01
9.419826343434924976e-01
9.405422557676127449e-01
9.391591080181653783e-01
9.373402808225105298e-01
9.370086180459984426e-01
9.336805878516877266e-01
9.335296645956668860e-01
9.323549923615302992e-01
9.295349331383848668e-01
9.244553039536865802e-01
9.232533150465753735e-01
9.229925732572480390e-01
9.221419540438545726e-01
9.211857208190054047e-01
9.183385896057595366e-01
9.165699926821803123e-01
9.165409854936513723e-01
9.125459125883065292e-01
9.112495985567985457e-01
9.076717588292633199e-01
9.066037177440966488e-01
9.038334795002234134e-01
9.030097304174864448e-01
9.004463011356479418e-01
8.992184796418680737e-01
8.980121178221596168e-01
8.963116129818429201e-01
8.948218785999917380e-01
8.904578674651837389e-01
8.895455842527358881e-01
8.890962217753585195e-01
8.871490063372284851e-01
8.858556695109240930e-01
8.835922961894950856e-01
8.821724874010400397e-01
8.808712837472318924e-01
8.770182100961256833e-01
8.770093215438997669e-01
8.760171226977530035e-01
8.750337071378638809e-01
8.716510443525725682e-01
8.714847762484705385e-01
8.687540526422722342e-01
8.672694393299131832e-01
8.628026741536044542e-01
8.615650681009154876e-01
8.594874468186650684e-01
8.588849492323905599e-01
8.558317599698157530e-01
8.545963741488670218e-01
8.541469544763884425e-01
8.534263556890195890e-01
8.505669128403715584e-01
8.492714893304922352e-01
8.475772684826170522e-01
8.469546212554820430e-01
8.464226071860262435e-01
8.409835732055054303e-01
8.390141798582220201e-01
8.375791855804303188e-01
8.347615237591291537e-01
8.344137694122155668e-01
8.309181308344173456e-01
8.300063951031830811e-01
8.262564571168531380e-01
8.249440673171802851e-01
8.247682614773770293e-01
8.231430598321751724e-01
8.228166148735209795e-01
8.207568125260883418e-01
8.156071467318888324e-01
8.149231564327323873e-01
8.136186445728417205e-01
8.133460039894817584e-01
8.116055310830982972e-01
8.096698658467612608e-01
8.087235626768467522e-01
8.074020459247764903e-01
8.043319470241204749e-01
8.040345619252153853e-01
8.023124639241958622e-01
7.983888686875444396e-01
7.956998350937060094e-01
7.939855949786253086e-01
7.920057855376073652e-01
7.912328511081040405e-01
7.889350496170967064e-01
7.869960325339107055e-01
7.857587099378632312e-01
7.838129762914308740e-01
7.814772412022259473e-01
7.794901929365437576e-01
7.780127439416478774e-01
7.727382319731278537e-01
7.725596441151837412e-01
7.717289653522467763e-01
7.716970753883150014e-01
7.699712614014119216e-01
7.670212466179421318e-01
7.646431510231302964e-01
7.630548783788251299e-01
7.610323054491604511e-01
7.588202270752254508e-01
7.579283600187036729e-01
7.533108730577782186e-01
7.520004724936748541e-01
7.517214739051648609e-01
7.477633869082220830e-01
7.468877796538895275e-01
7.454716522403822543e-01
7.451567172923464488e-01
7.408334055073366731e-01
7.379127981045395801e-01
7.374996126760196002e-01
7.364034050424960176e-01
7.352736382378490809e-01
7.330756981428161456e-01
7.308319321045411154e-01
7.293201028275274611e-01
7.282346172147212693e-01
7.256248835260368235e-01
7.226192592501524681e-01
7.199250579907585657e-01
7.197282663218069754e-01
7.185192592315350346e-01
7.179919334063235015e-01
7.163727937917414579e-01
7.155482309169932664e-01
7.136855652340321488e-01
7.130128551847288998e-01
7.102703517236287345e-01
7.063221192564200779e-01
7.054352417922250540e-01
7.038070508264129277e-01
7.031724012237994259e-01
6.985196613107542696e-01
6.971377006687465849e-01
6.962319962640738380e-01
6.923360143564882829e-01
6.910558261916412981e-01
6.886213483618023323e-01
6.876131648137270291e-01
6.848330536548603575e-01
6.836967372235056573e-01
6.830928044990195458e-01
6.820923176314245273e-01
6.799265865787063046e-01
6.778535093675362999e-01
6.761891967623487876e-01
6.752810445029444608e-01
6.740890013841623896e-01
6.724144414077899423e-01
6.722677620231709561e-01
6.657463542048892569e-01
6.655370600443922813e-01
6.649108592714639832e-01
6.639593789356645903e-01
6.632092116575658558e-01
6.610566469428247327e-01
6.584984349275652127e-01
6.574580922246466841e-01
6.561721715330522953e-01
6.548317108259164021e-01
6.535420685293907850e-01
6.502322162163298724e-01
6.484433721926649019e-01
6.460038685321046747e-01
6.458246550432192867e-01
6.451325588870087113e-01
6.391199632082079640e-01
6.390809133469349534e-01
6.367724440545031728e-01
6.355155540169756812e-01
6.328154481677527032e-01
6.307329274589645873e-01
6.303451521591181272e-01
6.259689390244820295e-01
6.246701991206393689e-01
6.239948000298192188e-01
6.221294249643900542e-01
6.209930035281534533e-01
6.193258377509199830e-01
6.186292950975696980e-01
6.158531946244405475e-01
6.153203987056655722e-01
6.139948398834945698e-01
6.130125947716257295e-01
6.122716230188101072e-01
6.101753948588003462e-01
6.088174830300988605e-01
6.059429545297956299e-01
6.022057078054792179e-01
6.007467747601467067e-01
6.006926343349192621e-01
5.983315098899580908e-01
5.947233734855787990e-01
5.931035442260075286e-01
5.905350822648316456e-01
5.902126654270090089e-01
5.894410907773607322e-01
5.879481191820404851e-01
5.855809970815422094e-01
5.837925201199455350e-01
5.811759595417531621e-01
5.792178866329705800e-01
5.768314998378241132e-01
5.760245886462113107e-01
5.757696756064494270e-01
5.737813782841020283e-01
5.724835923284643524e-01
5.709747936611082597e-01
5.696164262662535283e-01
5.659910030451398288e-01
5.638451608892924849e-01
5.626864713617371061e-01
5.587280852475134951e-01
5.579691427123831815e-01
5.568978748508449650e-01
5.566068463511083531e-01
5.550021885372478092e-01
5.527465134076060549e-01
5.502218208912206254e-01
5.499562163340836474e-01
5.484671034006893819e-01
5.466448661869901526e-01
5.440540979950068134e-01
5.434237019454810635e-01
5.418851540472032768e-01
5.391114437116366620e-01
5.377994779189374519e-01
5.351639847306874920e-01
5.345247808695045011e-01
5.330341506990283751e-01
5.313977111590114655e-01
5.303138832464473484e-01
5.281194270761746523e-01
5.277722589716639101e-01
5.250614398908770575e-01
5.224145947510339116e-01
5.221884379959221834e-01
5.219265327993184433e-01
5.195160203379741715e-01
5.180872227957479259e-01
5.153620042867769202e-01
5.132832386364041266e-01
5.121207691654653393e-01
5.075940956040194685e-01
5.062833333617966503e-01
5.057979648530962491e-01
5.056129003179906656e-01
5.038839094539413477e-01
5.028431960468814355e-01
5.018030007125569014e-01
5.001760919834226105e-01
4.983548503322862144e-01
4.946597882782619582e-01
4.932908915224705204e-01
4.921675550700944091e-01
4.893377830181920296e-01
4.870621732854398256e-01
4.868509598722604581e-01
4.850599344569511140e-01
4.831570147252505776e-01
4.830463238016164951e-01
4.812141493091319222e-01
4.798533515278151640e-01
4.787344419506248672e-01
4.776696346070645749e-01
4.773434054901204426e-01
4.739890414673908481e-01
4.735509854395304474e-01
4.695067174810504396e-01
4.683514917404250077e-01
4.671903153389348473e-01
4.656490693188956587e-01
4.644120475391387282e-01
4.642527920874726655e-01
4.629973368346855800e-01
4.621233423699438458e-01
4.618860480153769155e-01
4.578876597028575524e-01
4.567074551588959919e-01
4.565816000611486181e-01
4.509751931316683948e-01
4.496892099778158625e-01
4.467790356537196250e-01
4.448440101876903752e-01
4.443357691130805365e-01
4.425391819913636615e-01
4.403147918802809979e-01
4.373005967927796611e-01
4.365234974564342618e-01
4.363414518599620928e-01
4.349199796886062952e-01
4.329924387066568792e-01
4.321806991206473270e-01
4.319904971052087594e-01
4.303028152634308379e-01
4.298983617651681022e-01
4.250788856482576872e-01
4.249442900543761170e-01
4.224245197904194504e-01
4.207419769989874103e-01
4.204504284322785890e-01
4.181220624558786847e-01
4.173024374336585796e-01
4.136329474422711927e-01
4.135223127575122781e-01
4.099776186281651191e-01
4.088087761283137889e-01
4.081854870157266557e-01
4.069186894874683436e-01
4.065758495663948091e-01
4.055442136612483206e-01
4.042645039478005575e-01
4.010178035292988330e-01
4.006854221754532763e-01
3.984167131692420427e-01
3.976793841415282027e-01
3.948655677722399671e-01
3.944107034054524230e-01
3.922969115391737871e-01
3.891394563051236433e-01
3.864372523948613747e-01
3.854925018330346287e-01
3.844680184426706449e-01
3.833499316909445565e-01
3.829249744998220462e-01
3.814137648019634286e-01
3.812094750803415311e-01
3.796752835851019969e-01
3.784786461349220477e-01
3.777208317123982861e-01
3.755848584721108163e-01
3.735292740640267506e-01
3.726690159992317453e-01
3.698342925146362314e-01
3.682399880042680484e-01
3.678366005667074723e-01
3.629531688370076781e-01
3.612305113863001349e-01
3.604679343226357413e-01
3.588364199763338647e-01
3.577870328013896817e-01
3.556802815245474481e-01
3.556366948941718231e-01
3.542590957849210409e-01
3.539883911270286787e-01
3.530166397235393050e-01
3.520072820359230747e-01
3.491283799387323583e-01
3.485720775295621521e-01
3.478525578653314798e-01
3.465562075135145692e-01
3.451802751501870103e-01
3.443236607741303468e-01
3.434125649829531945e-01
3.397553881226702543e-01
3.390377255985577709e-01
3.363842286477504717e-01
3.354969863621721227e-01
3.320537862286044861e-01
3.307405105942104462e-01
3.304047932958394940e-01
3.291484188608910233e-01
3.269911389373954536e-01
3.269842767906089298e-01
3.258200163435963637e-01
3.251809725937607198e-01
3.214478263459590868e-01
3.210783185759059077e-01
3.181441071891342176e-01
3.172131189380805738e-01
3.167162892926798090e-01
3.139790896735383252e-01
3.123452346876910979e-01
3.108078358008989350e-01
3.092514934741056876e-01
3.085594654245921165e-01
3.077723713414358131e-01
3.063645578437958483e-01
3.035483051017385803e-01
3.027816477425377961e-01
3.016217847590297874e-01
2.996600126429302402e-01
2.981211982757335233e-01
2.969990787079399008e-01
2.950928520407444244e-01
2.949057449322872171e-01
2.928903293378375405e-01
2.919742176152889113e-01
2.895393947879112417e-01
2.869073990200194935e-01
2.866373728663170195e-01
2.845688658577993913e-01
2.835868020979679383e-01
2.822064580288208280e-01
2.809839007999245242e-01
2.807357986323602561e-01
2.780156485363426411e-01
2.766401113341190321e-01
2.753464382111687203e-01
2.740722018685605721e-01
2.720009512829334453e-01
2.715594807574742142e-01
2.702723470219113855e-01
2.677818052730059906e-01
2.675097464446759554e-01
2.667177224263119206e-01
2.664913106001221554e-01
2.652000933597726262e-01
2.642222120889251569e-01
2.617591692703974404e-01
2.582196696210752318e-01
2.568583625063290965e-01
2.568439838678212017e-01
2.537821538194655058e-01
2.518696557343772513e-01
2.512950799506450950e-01
2.503089763530134682e-01
2.480375538424078041e-01
2.474697665877780561e-01
2.467943886862036251e-01
2.463606404061014221e-01
2.445795483641488022e-01
2.425420669197271839e-01
2.420700776479064176e-01
2.420666634709345566e-01
2.400751690570117058e-01
2.392443857898313708e-01
2.370099259269513869e-01
2.362393952880393055e-01
2.357755057898379414e-01
2.340343508232816672e-01
2.323045427713867350e-01
2.315018006622482083e-01
2.277454421225879322e-01
2.268657440169662698e-01
2.255506528555694667e-01
2.253536992182973708e-01
2.244870438820161240e-01
2.243683918216434481e-01
2.233413445825185029e-01
2.225597955745617917e-01
2.197487014408374961e-01
2.186592876659947393e-01
2.168189666980721020e-01
2.167080019335554109e-01
2.151099070901587584e-01
2.139866465057479739e-01
2.131424372612807372e-01
2.115607856639491746e-01
2.105338349219582628e-01
2.103222604330604595e-01
2.086741058258766157e-01
2.065857787598303630e-01
2.058886474049735904e-01
2.049796138569781045e-01
2.044376489879269898e-01
2.024071239039943737e-01
2.007680755228903324e-01
2.007323947038145429e-01
1.997534530922359941e-01
1.969619054300523198e-01
1.965757202461328734e-01
1.954156352038946276e-01
1.937841219703514417e-01
1.921829861150916308e-01
1.899931985190646822e-01
1.898471642260087799e-01
1.881849094715265236e-01
1.861921189655546816e-01
1.848788907901626755e-01
1.839408517417938649e-01
1.836500117536972176e-01
1.824792392355473469e-01
1.805569611574997790e-01
1.777624369602128218e-01
1.769793386249930711e-01
1.751448101343057451e-01
1.746587550768443076e-01
1.737980324208903693e-01
1.734105770556567949e-01
1.717554208170696262e-01
1.711436063154128107e-01
1.693225038156319640e-01
1.673385529317112930e-01
1.662373464240344823e-01
1.652396241187495673e-01
1.646615922830523826e-01
1.637126002336355135e-01
1.634664724390480495e-01
1.605010030397285570e-01
1.599544219499547115e-01
1.578953299364043161e-01
1.559498015547517158e-01
1.559446828686413544e-01
1.540119121030642246e-01
1.538479890194039967e-01
1.523288857197423463e-01
1.510838901181564553e-01
1.505273842171727106e-01
1.478830618347867776e-01
1.471314090725767687e-01
1.464023770755041309e-01
1.450612121667869681e-01
1.439420104490414520e-01
1.430181941001215373e-01
1.415732793750670293e-01
1.397536385325370833e-01
1.394593319528500408e-01
1.391721656011712938e-01
1.379895593090440797e-01
1.369832271471445873e-01
1.364855497480408353e-01
1.359059292799033591e-01
1.319546622612927378e-01
1.308291087424654775e-01
1.303886838705477502e-01
1.294710252301226883e-01
1.291892817581598851e-01
1.270835812397289044e-01
1.259118007703484698e-01
1.247049794503774789e-01
1.245087226464687696e-01
1.239289822870030255e-01
1.220242732113449163e-01
1.217858647130052180e-01
1.210765356016424987e-01
1.194508051181800007e-01
1.172545812674421761e-01
1.150378400273379814e-01
1.148885587995283897e-01
1.131768300468213445e-01
1.131320099402444573e-01
1.119114451450877595e-01
1.110998459349088335e-01
1.110370583571269748e-01
1.095587544679824804e-01
1.090149604323735893e-01
1.081183691253854717e-01
1.067664053887421860e-01
1.053827959799403524e-01
1.040399136500024940e-01
1.018855112773035948e-01
1.011003763003035794e-01
1.003977316371712919e-01
9.869389820708490690e-02
9.776538937235272619e-02
9.760184418274012175e-02
9.513084794679008138e-02
9.402288042803372270e-02
9.354287925262334824e-02
9.287496592741803503e-02
9.133515425778188090e-02
8.972165796367301271e-02
8.894754627269300939e-02
8.842752840736210762e-02
8.805555723106800459e-02
8.743788613779705787e-02
8.705705661024444597e-02
8.617422079672040769e-02
8.454427146950502236e-02
8.409164975987531987e-02
8.312413785437523794e-02
8.298675259396320891e-02
8.221849156976336614e-02
8.155667328208505984e-02
8.041946601952218443e-02
8.002578939329960117e-02
7.958090404322434863e-02
7.640377293160444117e-02
7.522950775709483229e-02
7.451703335121388772e-02
7.379075397278495041e-02
7.348543170856618179e-02
7.256304590947293409e-02
7.095651608469223659e-02
7.021455389001386715e-02
6.908506625117594169e-02
6.821604300969473511e-02
6.753420128833953484e-02
6.750471431733849614e-02
6.583932315908275212e-02
6.553792483255387047e-02
6.335236304519367700e-02
6.293794014167375384e-02
6.119650834979972059e-02
5.901108495754436856e-02
5.843679949723633998e-02
5.826975850623966613e-02
5.755611183908208861e-02
5.728455074034533717e-02
5.614458633126925835e-02
5.478291622712251618e-02
5.254621781242313494e-02
5.246428372365671833e-02
5.146628183249535998e-02
4.985940973884589456e-02
4.946904802642435039e-02
4.832783152849944031e-02
4.808408305761699419e-02
4.745841519099105316e-02
4.743248102140479316e-02
4.584682671760659939e-02
4.451943428233308409e-02
4.420484590930125190e-02
4.358335559388105962e-02
4.189422699721499777e-02
4.170869559991997877e-02
4.125644719002918848e-02
4.073486717714219080e-02
3.881786284599663545e-02
3.818690493188621471e-02
3.673566840722627957e-02
3.612225702858307130e-02
3.555370809059250209e-02
3.486204850430698471e-02
3.417259295332207569e-02
3.278742927607060376e-02
3.210482863255200575e-02
3.174174214294372964e-02
3.140296334699607672e-02
2.953195838183152525e-02
2.919989497037545761e-02
2.866060179322559368e-02
2.742732920672373911e-02
2.678435699647669851e-02
2.663138987514868106e-02
2.520826019412014327e-02
2.479837893717837943e-02
2.441185237898214552e-02
2.344415582958033276e-02
2.292691899178279577e-02
2.238533029762027754e-02
2.175071986798041493e-02
2.117172603909750137e-02
2.016416912077048998e-02
1.986231842954635715e-02
1.832889232819843658e-02
1.759440539686197083e-02
1.662459115838392856e-02
1.643575185578124639e-02
1.529759313953883357e-02
1.520696699744524157e-02
1.434860498462726779e-02
1.392764728972567360e-02
1.257448542469427784e-02
1.221247142371969727e-02
1.189528223167849244e-02
1.127254341631163392e-02
1.036951443298144739e-02
1.032495952495259342e-02
9.475914219694212687e-03
9.198110723454293661e-03
8.989836655534403850e-03
7.659175453504789115e-03
6.780210547518062195e-03
6.242060718141643171e-03
5.969106852676043552e-03
5.127173330806735797e-03
4.263983463018736035e-03
3.651293775209658084e-03
3.601910233124203803e-03
3.086827891057068729e-03
2.129119341110276807e-03
1.812970639889655922e-03
1.717797247207745884e-03
1.243813477350634794e-03
5.690446184236212269e-04
4.757908514719045635e-04
