# Singular values
1.743415345099665714e+01
7.767351181523726389e+00
7.742194660338247658e+00
6.363571365779057132e+00
5.578499036037844583e+00
5.296944702710913333e+00
5.287908159428531540e+00
4.966748285663651785e+00
4.879470109100766173e+00
4.459728004249833511e+00
4.331464078767480963e+00
4.049280287064416228e+00
4.046155323673845672e+00
3.885540021668248301e+00
3.810616816316813704e+00
3.626223199225331317e+00
3.459868662601884193e+00
3.410044534603657862e+00
3.388097938904687023e+00
3.237791194389013416e+00
3.168368240567528193e+00
3.109133738240973166e+00
3.050453973590277368e+00
2.943988491982059585e+00
2.891942563391054932e+00
2.810469875631572467e+00
2.688283926951728464e+00
2.615053311312808493e+00
2.532936604260897617e+00
2.439801053507240525e+00
2.379542952911949172e+00
2.335487297294528641e+00
2.320914613349026379e+00
2.217015051972028861e+00
2.193132101998354511e+00
2.161714470527273946e+00
2.115990044460257291e+00
1.969285788392684866e+00
1.926941744236865262e+00
1.917760473984022829e+00
1.767026543930964255e+00
1.645742270360359472e+00
1.637609669206380403e+00
1.600023883067782204e+00
1.564962427866816830e+00
1.436179468180312835e+00
1.430876056049957601e+00
1.330791891699757201e+00
1.295854223893192714e+00
1.272539736347314321e+00
1.207467477895636687e+00
1.194393229458237338e+00
1.157986314114703763e+00
1.149671366550558904e+00
1.062853835829922211e+00
1.053287517166435983e+00
9.399146530827602319e-01
9.117337598563306500e-01
9.001051199186880236e-01
8.998345177172625275e-01
8.862668719726344291e-01
8.672628170529691483e-01
7.845324163804511253e-01
7.677203975364038646e-01
7.648325179103310223e-01
7.355350788565134801e-01
7.236343694287665773e-01
6.623345979779579062e-01
5.831462068298445267e-01
5.731843244616831035e-01
5.129073765881395630e-01
4.778737119683357792e-01
4.235156926642706376e-01
3.849382377930818944e-01
3.639372079325712828e-01
3.243934117805482575e-01
3.065437380803855971e-01
3.012325539211208603e-01
2.839721423712745496e-01
2.497348961516278332e-01
2.280085625258911342e-01
2.019266883441933613e-01
1.755253897785180872e-01
1.704966171723037993e-01
1.301364663171062364e-01
1.032122339390382365e-01
5.134711547083053995e-02
5.098016257596286321e-02
4.827994869099690167e-02
4.030705548181059278e-02
2.454387807858146413e-03
