# Singular values
1.814967189936291163e+02
1.253362474930778632e+02
1.038451940912300557e+02
7.286339992734765758e+01
7.231591274733506225e+01
6.735121109958306818e+01
6.405019342081745037e+01
4.639277059559028515e+01
4.163144223976097180e+01
3.927618501646631444e+01
3.713644937532771451e+01
3.507424386293221374e+01
3.373008182738924177e+01
3.366458257046060965e+01
3.311868905482314318e+01
3.285687109074392254e+01
3.008448565359770654e+01
2.873939709471846626e+01
2.706291451554361416e+01
2.607898875608965383e+01
2.592488837997761308e+01
2.586639493166066117e+01
2.514556633279831743e+01
2.468783840576859845e+01
2.401521439702402461e+01
2.306525480329868572e+01
2.305202870005552285e+01
2.293662791605555640e+01
2.240752441312903187e+01
2.205172039334118494e+01
2.179336422837192089e+01
2.166128032985709240e+01
2.134642365145731091e+01
2.131483465983965431e+01
2.118582690219827214e+01
2.080178253014170764e+01
2.033936466829972645e+01
2.025516293024771031e+01
1.962812043048391430e+01
1.961670398222383582e+01
1.953057829562035863e+01
1.916688445845155542e+01
1.898821557898278911e+01
1.852972949685144854e+01
1.841439691337742701e+01
1.811860447927290352e+01
1.794896128607086183e+01
1.768226588299864588e+01
1.758485327901991369e+01
1.750821804497615730e+01
1.723584990400090078e+01
1.705057623519430265e+01
1.692037709018761760e+01
1.685247469243752150e+01
1.676521268538229137e+01
1.670591643869594733e+01
1.664014518118045061e+01
1.655099035200087698e+01
1.654230944784925583e+01
1.618413652622862386e+01
1.618129757025985782e+01
1.607763833748399307e+01
1.587476152379150562e+01
1.582890179846126699e+01
1.569915031256305404e+01
1.568766489187320090e+01
1.565193305964018755e+01
1.547372132169520498e+01
1.540661805867810585e+01
1.530959463894313721e+01
1.530627809923827698e+01
1.521009297306854613e+01
1.507523442612736453e+01
1.489997780106062208e+01
1.486963788650405682e+01
1.479575920863304361e+01
1.476803394243219003e+01
1.464827885149223796e+01
1.462957861549538841e+01
1.455738108019292198e+01
1.441964364166515367e+01
1.441526921883182766e+01
1.439323900208209039e+01
1.429373163502437727e+01
1.425503414043737926e+01
1.419184682908048067e+01
1.413995635397090567e+01
1.408607132081854729e+01
1.398454906814348675e+01
1.391155259458887627e+01
1.389676037287565791e+01
1.375880318961841020e+01
1.374853967267697818e+01
1.367816386190125044e+01
1.365982208905107242e+01
1.357420104082065571e+01
1.353226123070183640e+01
1.350466260788764039e+01
1.346078994133763196e+01
1.343019491011260946e+01
1.335407357476529633e+01
1.329924182978613345e+01
1.325347035989028655e+01
1.320956689792308403e+01
1.315117259177398878e+01
1.313604003738184112e+01
1.303800268970605458e+01
1.301663353237554510e+01
1.294656772287545898e+01
1.291951596676421765e+01
1.285355567599368776e+01
1.278740720433924949e+01
1.275487976761036535e+01
1.270934599987831248e+01
1.270725446594367369e+01
1.266950747693738499e+01
1.260501876928287501e+01
1.259738050673808019e+01
1.256232537741085231e+01
1.251533875106848015e+01
1.244650371838676861e+01
1.240064558748374601e+01
1.235999650814641804e+01
1.231691354539812266e+01
1.230241870659916259e+01
1.223685084220316455e+01
1.221692960446806708e+01
1.217480773013504702e+01
1.216616158216887555e+01
1.211386215484085938e+01
1.206154761437842815e+01
1.202260745763213201e+01
1.200130059501620039e+01
1.197684376038051646e+01
1.196479355250832199e+01
1.194649456576128443e+01
1.191271384157142599e+01
1.184758955479870224e+01
1.183924788004474848e+01
1.178366973613545099e+01
1.178197122052754153e+01
1.174230878108509657e+01
1.170831466039167701e+01
1.170736658820318254e+01
1.164757116772243783e+01
1.158149669661839809e+01
1.153945826217342052e+01
1.152449572859002558e+01
1.148673626756632693e+01
1.148248002442186433e+01
1.136956877261232890e+01
1.136568965451822599e+01
1.135940838317642587e+01
1.132347352010057051e+01
1.131826788448820409e+01
1.124544700157049526e+01
1.124071256894469961e+01
1.123491240375020261e+01
1.118041746392742120e+01
1.113956661664404457e+01
1.111690995191109366e+01
1.106336090625816126e+01
1.102157317651970203e+01
1.101139936426203114e+01
1.101064483269904315e+01
1.096476169978492088e+01
1.096391111426305365e+01
1.093801679462387000e+01
1.093026099161048137e+01
1.087862539702173770e+01
1.085600458558045567e+01
1.084781185362558986e+01
1.079884478657717040e+01
1.078779163006669073e+01
1.072546600845840636e+01
1.070914487355483935e+01
1.068369229766696371e+01
1.062872374980820744e+01
1.060306188310197228e+01
1.056879470147526057e+01
1.056571380708806984e+01
1.056181999579943565e+01
1.052906530250399442e+01
1.047929928225148721e+01
1.047158188091244035e+01
1.044294841614521374e+01
1.043588294761325663e+01
1.039609115405004047e+01
1.037564784186324474e+01
1.034857844742839106e+01
1.031197910014225627e+01
1.029528911668314350e+01
1.027754847688226647e+01
1.025711624949614809e+01
1.024580571819073427e+01
1.019520220063001226e+01
1.018342289456625416e+01
1.016592133661168518e+01
1.013781290081540476e+01
1.012707463139179787e+01
1.012410991312753694e+01
1.008407790948779947e+01
1.003169891659310586e+01
1.002135823733650710e+01
9.991643694415499155e+00
9.952181794580059915e+00
9.939985217077408564e+00
9.906883711435556350e+00
9.899252383915060349e+00
9.891546916399702738e+00
9.848376819926873083e+00
9.779038789096921036e+00
9.761531409305977292e+00
9.751260005771372974e+00
9.720149141517842040e+00
9.720083655578269699e+00
9.694882318660626552e+00
9.667555431721099879e+00
9.657079858442052966e+00
9.648135049066683067e+00
9.604016407047460291e+00
9.582093630686481234e+00
9.577470614276242245e+00
9.525969144082116813e+00
9.514227231722308886e+00
9.512873336968858951e+00
9.502918709193474811e+00
9.492195252486991919e+00
9.450832826478366755e+00
9.433130824637165901e+00
9.398212930586716141e+00
9.385148703779766066e+00
9.356623305262157686e+00
9.353937473826857030e+00
9.349096655775458231e+00
9.334296663663547378e+00
9.324119179029963789e+00
9.303493688953999197e+00
9.280906280834269495e+00
9.244598267714041029e+00
9.240979090523181227e+00
9.213559073031529323e+00
9.184557554872299079e+00
9.180168420712426780e+00
9.157144770614461748e+00
9.151927266186604015e+00
9.108803362695461203e+00
9.090147445941148874e+00
9.070932984257655818e+00
9.041126982350872865e+00
9.024006254758649703e+00
9.014838382765983482e+00
8.985807233953545747e+00
8.979644905894156537e+00
8.960972651522185473e+00
8.960933087791469021e+00
8.927915322224516004e+00
8.882270940929792857e+00
8.859160241897384935e+00
8.843972647036611789e+00
8.829028553060380702e+00
8.808181706389650145e+00
8.796755891861383958e+00
8.781975493263917798e+00
8.749858362486413910e+00
8.735584547918875842e+00
8.710964051038830647e+00
8.703226362490671164e+00
8.677287880080577054e+00
8.668501201477953444e+00
8.657649222244492293e+00
8.637242164545167356e+00
8.634638493579993579e+00
8.599546920795479110e+00
8.598859956871820032e+00
8.589679167444465691e+00
8.563550664662953338e+00
8.524188891417850300e+00
8.499265076569008315e+00
8.494823931006530771e+00
8.490668099152101078e+00
8.483279822522948876e+00
8.433563433345179661e+00
8.431535658030853142e+00
8.409669747469337153e+00
8.387712169587500100e+00
8.374035044114096493e+00
8.354099234985037370e+00
8.322368086918933372e+00
8.310368733271154440e+00
8.303279464012096156e+00
8.281695662556302295e+00
8.257126510231275418e+00
8.255395115220997226e+00
8.236347721471089400e+00
8.234656794226419052e+00
8.202695829620907375e+00
8.196712034518270684e+00
8.191769726134630503e+00
8.170309883067782053e+00
8.164996276924885166e+00
8.145885939976748702e+00
8.125255647273059267e+00
8.090168358517887626e+00
8.086734584465549602e+00
8.072471462093348649e+00
8.066645769702562419e+00
8.047525337826055392e+00
8.020761581669681561e+00
7.993193947846210179e+00
7.962754579381859266e+00
7.955560299104951660e+00
7.943447670114142767e+00
7.931237672074179734e+00
7.916103963523341669e+00
7.891845197834997272e+00
7.884751479143216280e+00
7.871392035936769283e+00
7.869194212312444314e+00
7.867600787740667734e+00
7.847047475393075899e+00
7.820910604787498777e+00
7.816623334490454766e+00
7.805307277703128932e+00
7.791113952013428268e+00
7.775436789519478253e+00
7.742778815530010128e+00
7.712213743278419464e+00
7.706072331461078839e+00
7.687584238140734882e+00
7.675016467894820948e+00
7.663681044674572895e+00
7.660893308868952367e+00
7.639684303329166148e+00
7.609760490111564302e+00
7.608401196531140442e+00
7.584428517018952043e+00
7.580631978970415297e+00
7.543265100704231507e+00
7.538405918671387873e+00
7.532531068535999630e+00
7.528346469553153675e+00
7.511420584544205248e+00
7.499112946314875572e+00
7.494606786116357000e+00
7.455165107702939054e+00
7.449846079245912911e+00
7.428504440042217993e+00
7.422271312591770531e+00
7.394203822091274247e+00
7.388743652764333980e+00
7.379562862340439011e+00
7.349493902853864391e+00
7.345920617085344162e+00
7.316108790061736755e+00
7.300522925796161466e+00
7.287353775825435420e+00
7.273787092250048936e+00
7.243576944289570996e+00
7.241395640589789018e+00
7.227064155095237474e+00
7.215385256124389635e+00
7.212230247494060720e+00
7.194799975501195988e+00
7.187581205121444050e+00
7.177032041988812061e+00
7.147551199380338005e+00
7.116180234706035002e+00
7.111510255745872477e+00
7.100575413059257990e+00
7.086704474760574080e+00
7.075047298398625450e+00
7.066189195596066064e+00
7.043927577332246059e+00
7.032034803320145855e+00
7.026490661115478709e+00
7.011369030972819161e+00
7.001285854537610653e+00
6.998457953264744624e+00
6.980475137992419477e+00
6.973233051211876976e+00
6.972742303549605225e+00
6.966812786044776828e+00
6.948041667825469503e+00
6.933407390712255314e+00
6.910111028778075593e+00
6.904544424125057311e+00
6.890812560103801943e+00
6.883054971369289454e+00
6.857036770941515869e+00
6.841657558426419428e+00
6.837307402625161679e+00
6.820842503205422069e+00
6.807154551970631573e+00
6.790494549989393391e+00
6.784166890096680724e+00
6.776369143950857321e+00
6.749193890573609522e+00
6.734657635739480064e+00
6.727290554635434461e+00
6.715328784304119836e+00
6.699560322622547304e+00
6.694844279615693949e+00
6.661490812480873380e+00
6.658571611999317241e+00
6.648478466643207518e+00
6.638821745813363151e+00
6.628505094617199944e+00
6.612222426895097094e+00
6.599738940745254467e+00
6.587647266282324665e+00
6.574254703356254836e+00
6.569440472645238671e+00
6.566183263406643711e+00
6.541529146816418283e+00
6.537669321902904507e+00
6.520763346827950002e+00
6.511797851658815084e+00
6.503265521549220551e+00
6.485821194761888009e+00
6.472815692611105121e+00
6.456799581125761911e+00
6.449804327097358403e+00
6.438533163100509604e+00
6.435020109583837744e+00
6.425173035103954433e+00
6.408710201016726060e+00
6.405007457136864701e+00
6.394885364525316973e+00
6.376725306570786955e+00
6.370444656404985473e+00
6.368304851267617472e+00
6.363450728239985033e+00
6.325628418109671358e+00
6.324489949373696795e+00
6.309204240994079171e+00
6.280076318124166335e+00
6.277993796834784312e+00
6.252584218709928976e+00
6.250313165400497972e+00
6.243768606521259201e+00
6.235416830980682334e+00
6.213241872401825461e+00
6.206382768574132847e+00
6.201743481019585502e+00
6.175309802476949272e+00
6.174129621512387089e+00
6.164584591871972385e+00
6.160398118554179625e+00
6.136856834130563598e+00
6.133257828536805789e+00
6.111601562470193372e+00
6.102132249087228288e+00
6.099712502233226807e+00
6.064117348140687369e+00
6.054172040215763495e+00
6.041465547919188772e+00
6.033285578842714436e+00
6.028329613970114131e+00
6.013476225604777348e+00
6.008772799385058150e+00
5.998021100098159586e+00
5.978725751082601292e+00
5.956101285738855111e+00
5.953274888037113577e+00
5.950938072188112216e+00
5.936098143546897354e+00
5.925290578327459201e+00
5.907656509172483084e+00
5.886655233830101253e+00
5.880991386245899122e+00
5.875120940024284089e+00
5.873125686226893905e+00
5.845803559071392819e+00
5.830570015692184249e+00
5.814083729642613108e+00
5.812001121633565859e+00
5.799814922732993594e+00
5.789095006023361911e+00
5.773062945996156436e+00
5.764210236305681079e+00
5.745388843220871067e+00
5.740332473168808569e+00
5.730643262433588347e+00
5.702941080238335125e+00
5.700437507336538978e+00
5.696982905208725079e+00
5.690452809445338822e+00
5.684939300390801975e+00
5.667125356215878540e+00
5.662502078555106344e+00
5.654466504031822716e+00
5.635726610876695020e+00
5.618398404206899066e+00
5.610743679784512494e+00
5.610187076760075442e+00
5.607408696908356305e+00
5.579805838940409934e+00
5.575567956861976704e+00
5.565582671040777640e+00
5.562333867254730002e+00
5.549382533587456479e+00
5.530140333096337457e+00
5.524077098954173870e+00
5.510990113798517775e+00
5.507986939990494157e+00
5.506415014585721579e+00
5.483490629215743262e+00
5.474432727549875644e+00
5.469454961675691784e+00
5.455610234657640945e+00
5.450751626384805704e+00
5.433663260885733592e+00
5.428561948705670659e+00
5.427821930574771692e+00
5.415090250380336201e+00
5.396580839110760586e+00
5.393990983465945632e+00
5.386670344687997769e+00
5.378898183607293326e+00
5.365679529790598146e+00
5.360458292204300257e+00
5.344843792720405773e+00
5.339978143932334831e+00
5.327497324678023283e+00
5.320060107375200076e+00
5.318711726904722603e+00
5.310445706529097976e+00
5.287192505416697941e+00
5.281235831857988394e+00
5.277066421401500840e+00
5.270195343872928539e+00
5.257758120442361793e+00
5.250653739700447353e+00
5.232803110330286778e+00
5.220154099542565262e+00
5.211911929143909994e+00
5.207830279324825895e+00
5.197697852884123115e+00
5.194325392192532753e+00
5.192667746159090214e+00
5.162974187716968366e+00
5.161456810193937095e+00
5.150354382750306215e+00
5.136458227948534017e+00
5.134990032374046720e+00
5.132749603288197626e+00
5.110082064187824180e+00
5.098882675158996847e+00
5.089327611650950267e+00
5.078211531302573967e+00
5.071973933732489392e+00
5.067453654587813716e+00
5.057750269812791188e+00
5.037645236546123506e+00
5.037258492653362119e+00
5.021898255112015264e+00
5.021646583004267583e+00
5.003335297725919339e+00
4.994629172091731739e+00
4.992055780166660739e+00
4.980796374579552932e+00
4.971524407561692449e+00
4.965149367625398824e+00
4.947869894641191202e+00
4.944513297913028183e+00
4.933610204862369564e+00
4.932989391791257283e+00
4.916238317004852476e+00
4.907885634048344770e+00
4.898776652577942592e+00
4.888306516000270108e+00
4.870803924957607833e+00
4.870480452573455743e+00
4.865748107407391387e+00
4.854023905598768174e+00
4.849661064490216944e+00
4.834100848156315244e+00
4.830550091681074854e+00
4.818453956073997624e+00
4.808577630487942400e+00
4.806319404357109804e+00
4.786662687724162701e+00
4.779161831934008120e+00
4.777719942351570381e+00
4.775151182661280913e+00
4.753658803687791590e+00
4.743313109528131122e+00
4.732638008869455071e+00
4.728859744938639587e+00
4.724763691482606554e+00
4.715043294220929937e+00
4.707515059404125068e+00
4.694719852988687769e+00
4.692584114052056776e+00
4.681548351977490086e+00
4.664715607273968168e+00
4.658965519727153115e+00
4.637311013034691065e+00
4.634171921687461726e+00
4.621140709829093751e+00
4.619596728995130519e+00
4.610186807395876940e+00
4.600526533236567239e+00
4.589148885075846174e+00
4.588842969726601773e+00
4.564822530259607269e+00
4.564230252321790360e+00
4.561272818593720579e+00
4.548035333069841535e+00
4.542417009328200805e+00
4.528633550105467975e+00
4.521556773569918697e+00
4.513109149085776650e+00
4.506466446883274024e+00
4.500246622222478621e+00
4.498302118109060999e+00
4.494497963717127398e+00
4.483963904498946995e+00
4.477954735715209189e+00
4.462345346269962043e+00
4.461919207156220146e+00
4.455678621314612009e+00
4.436523944655499818e+00
4.430729196376440804e+00
4.426904461548405223e+00
4.404964505743321546e+00
4.404870321290226265e+00
4.400874498296008852e+00
4.383882403197783439e+00
4.378598577087534416e+00
4.374591759566200722e+00
4.372538201978360739e+00
4.357712895609592962e+00
4.352698973179138342e+00
4.349814453975016093e+00
4.338232645102825913e+00
4.335198143915386382e+00
4.323453004191965654e+00
4.319277342508283546e+00
4.310470327807027324e+00
4.306586696673234016e+00
4.296990663177605363e+00
4.280624276298929054e+00
4.276552886567113632e+00
4.276317067222214163e+00
4.267861928078816369e+00
4.266656089684773612e+00
4.254089419284141194e+00
4.252101888476133240e+00
4.237426623210355459e+00
4.237039403288591188e+00
4.223120658697825824e+00
4.221947659968996014e+00
4.208538751533463795e+00
4.199857657526031574e+00
4.197442169848615734e+00
4.184201601324160080e+00
4.173567002316440622e+00
4.167909167508063284e+00
4.161378757139632789e+00
4.159163890626248694e+00
4.146694850692991707e+00
4.144847392317913659e+00
4.141982723266961486e+00
4.138065867401651055e+00
4.120867270261337367e+00
4.115427970432653737e+00
4.106856144284903642e+00
4.096925287482120481e+00
4.087205744364265314e+00
4.075872858639056240e+00
4.074804996768141230e+00
4.053878860384781291e+00
4.052148360863974119e+00
4.033595474943424186e+00
4.027356465852384382e+00
4.022922707451251689e+00
4.015188397090452277e+00
4.011305000085121364e+00
4.004172306046002383e+00
3.999742025251546984e+00
3.998767780062091326e+00
3.984937299906296193e+00
3.975657583155703723e+00
3.970944534066090714e+00
3.963230876827953608e+00
3.954695383127738939e+00
3.950546629997351289e+00
3.944380321613012885e+00
3.940611846831327814e+00
3.939641424576338924e+00
3.922386608978225553e+00
3.921480970227571472e+00
3.916308008795040152e+00
3.908174842804532645e+00
3.905662303672146063e+00
3.889748655103187236e+00
3.889417173741212874e+00
3.888522387031389194e+00
3.886457302521381774e+00
3.869580524174298652e+00
3.866514113417846676e+00
3.863736066931901192e+00
3.856243001522506209e+00
3.844928572961360036e+00
3.837175020448235330e+00
3.832096189417666832e+00
3.831749000669235627e+00
3.827011979512189299e+00
3.817788098979697065e+00
3.804850894287966856e+00
3.801188874941964002e+00
3.790530741699363659e+00
3.787807123638348816e+00
3.775728729449453258e+00
3.772736201064808448e+00
3.766977605251200956e+00
3.765349149376470805e+00
3.752939458648019588e+00
3.741129084336898281e+00
3.740396899723584134e+00
3.729324902041708523e+00
3.722390662369336578e+00
3.722155560873952052e+00
3.715230240961818975e+00
3.706742284639248819e+00
3.697876218830368433e+00
3.696944804412048757e+00
3.686324841546259723e+00
3.674855732603426350e+00
3.670382104730844031e+00
3.667484333344141589e+00
3.662613213723100891e+00
3.657753439453365729e+00
3.643645411972617154e+00
3.636096200328140071e+00
3.626527239492364441e+00
3.617823457558930755e+00
3.609215388932145885e+00
3.604863944370948481e+00
3.603479793580699031e+00
3.594605540371089258e+00
3.588822220309389799e+00
3.576260359772999831e+00
3.570907336929257436e+00
3.567172189391806025e+00
3.555249901299453619e+00
3.551258918844894197e+00
3.549661730792752046e+00
3.543233969178276155e+00
3.541448747198994607e+00
3.535880904045518136e+00
3.531620131187859002e+00
3.513778040066483310e+00
3.512104856208471126e+00
3.501308242324891129e+00
3.498470726834790323e+00
3.495563437201888224e+00
3.491797470553386962e+00
3.482345509590051069e+00
3.477903995415181360e+00
3.470869396813020646e+00
3.470018257501484626e+00
3.460682060841107965e+00
3.456991762590409412e+00
3.447317049701404734e+00
3.443096148079955121e+00
3.436038882340857192e+00
3.433926530819804590e+00
3.419603290980628429e+00
3.414720390556980067e+00
3.413201643273122254e+00
3.400630272999531467e+00
3.398125710141493450e+00
3.396537561635698754e+00
3.377014072028233560e+00
3.374477300623061282e+00
3.373186248097794326e+00
3.369587376079639984e+00
3.364221107840851044e+00
3.356900364036133233e+00
3.348682727199296050e+00
3.343411192590493464e+00
3.339262972659811091e+00
3.327869821510468729e+00
3.323720826095346581e+00
3.316618546999603012e+00
3.312150274884730017e+00
3.306231838673813428e+00
3.292738077061079238e+00
3.289091569582926589e+00
3.285143420714678353e+00
3.269934478894580998e+00
3.266566934946508294e+00
3.258884741043734490e+00
3.252905132678011846e+00
3.250039764949965715e+00
3.245594761417722740e+00
3.238656169247559724e+00
3.238597925266037958e+00
3.226808977510704946e+00
3.222856963121937035e+00
3.212144908726151993e+00
3.206523194888809325e+00
3.203825487225877566e+00
3.202556642290276478e+00
3.197953074427492215e+00
3.184904457389360122e+00
3.182055548331773842e+00
3.181249378434679809e+00
3.171206067143235607e+00
3.166453456759286578e+00
3.166123557002389788e+00
3.147977230280803340e+00
3.142605121254453238e+00
3.141046518684844635e+00
3.134907031706552605e+00
3.132013038321662446e+00
3.125490246884275347e+00
3.119230744311467074e+00
3.115720216370462481e+00
3.110114953636606838e+00
3.101856431809306702e+00
3.100407172430219127e+00
3.091817582463381342e+00
3.091771950453921391e+00
3.085330044486090273e+00
3.081989807795498137e+00
3.080647355839822854e+00
3.073840611044566629e+00
3.067387782247418482e+00
3.066976948837847772e+00
3.065854023460388600e+00
3.049664264680456149e+00
3.042957278815648703e+00
3.031814401393076785e+00
3.021825136074915541e+00
3.020819781314977970e+00
3.017062144271316804e+00
3.015441922848127732e+00
3.007535092782359865e+00
3.002137986825172522e+00
2.994256904919588180e+00
2.993529404703013874e+00
2.985548300006213740e+00
2.979796922768366940e+00
2.978872116807738113e+00
2.974745437601091336e+00
2.971587381058554911e+00
2.961130283855602396e+00
2.958348455252486353e+00
2.951936925454174077e+00
2.951011487195825733e+00
2.942463707551759455e+00
2.934929067075473519e+00
2.930512768042067950e+00
2.926647616820507558e+00
2.920907380464599523e+00
2.912455768763010600e+00
2.908425005247917472e+00
2.905990144076945558e+00
2.904061649625882424e+00
2.898879359121874444e+00
2.894245099105684282e+00
2.891799636646241289e+00
2.885717925810597606e+00
2.878380720303030937e+00
2.874223985298874240e+00
2.868700247116479307e+00
2.867063685106044257e+00
2.852723643970154210e+00
2.838286046565484888e+00
2.829698733307628444e+00
2.827696969503942004e+00
2.815011284082518994e+00
2.813665409422454022e+00
2.811028366637520648e+00
2.808200731876011602e+00
2.799254572333166990e+00
2.787974775554487916e+00
2.787504821036417724e+00
2.786856384336324766e+00
2.784440122940207374e+00
2.782820804153617988e+00
2.770683342074426125e+00
2.766297584985146329e+00
2.756845082393213797e+00
2.753256336027443574e+00
2.744748316537998001e+00
2.743613433216280484e+00
2.741283135515181435e+00
2.739765216721863350e+00
2.737409185728369554e+00
2.729314676758094027e+00
2.723622915624202001e+00
2.720034184438804736e+00
2.708707873189754256e+00
2.705459786442331982e+00
2.701979219797220999e+00
2.700864040355065665e+00
2.692572118264217274e+00
2.688300851291028692e+00
2.684063884447800419e+00
2.681870253774837565e+00
2.670085579941678500e+00
2.664844189782065165e+00
2.656496765937525151e+00
2.655264801911974448e+00
2.648561817223755721e+00
2.645885439604911848e+00
2.644365008710108267e+00
2.641716688231237509e+00
2.637103688797921119e+00
2.629547967238639039e+00
2.628681939894231601e+00
2.624142639724170056e+00
2.620499822011578495e+00
2.616318298034704171e+00
2.607790302499590318e+00
2.605570082120579389e+00
2.602396130126943152e+00
2.600296007962270117e+00
2.592603971383752981e+00
2.585755440380263170e+00
2.585189608202216771e+00
2.574361391337748994e+00
2.569060980329927801e+00
2.560490987116561978e+00
2.555964599960557138e+00
2.549879304351771125e+00
2.544291030568646139e+00
2.541640316464616856e+00
2.532576004431135619e+00
2.529160502782794584e+00
2.527961559906823918e+00
2.523661042325370474e+00
2.522747249937104197e+00
2.518218852980033784e+00
2.513030690079875562e+00
2.510287271416415944e+00
2.508485572986820511e+00
2.492129028497495735e+00
2.482356449330533898e+00
2.480970691183124188e+00
2.480307053000152528e+00
2.474916741552783961e+00
2.474437839770500691e+00
2.470044938033776116e+00
2.464794243738100299e+00
2.458727210173714095e+00
2.456557546589940966e+00
2.454771567657223041e+00
2.449499340820866955e+00
2.441349035166234582e+00
2.436438671990083016e+00
2.430466403578785073e+00
2.427961040762411038e+00
2.423282724519773446e+00
2.414809743884996696e+00
2.414118885693548044e+00
2.410139946847213999e+00
2.406401731831032897e+00
2.404879042412871648e+00
2.402937379113944782e+00
2.395209864123731158e+00
2.384937678929306415e+00
2.384041664281235207e+00
2.378517885177350966e+00
2.365118552823438858e+00
2.364923818620916052e+00
2.359461668911181587e+00
2.355145856686439387e+00
2.354189450344814194e+00
2.346825471295115317e+00
2.340980600502628128e+00
2.340232877587151705e+00
2.337634556751602588e+00
2.333257153667746664e+00
2.323862331440680329e+00
2.323207298239374108e+00
2.321579609823326340e+00
2.317658499775358205e+00
2.308189223786696331e+00
2.305103749408814906e+00
2.301368897512948486e+00
2.299954321356675990e+00
2.297978910406015540e+00
2.290705809304687701e+00
2.286829184705088114e+00
2.280927394007342457e+00
2.271160029476944953e+00
2.269126894061019417e+00
2.265195183173049909e+00
2.262844693363756488e+00
2.256616149361439838e+00
2.251627354773813039e+00
2.250235127213371378e+00
2.241765144610385896e+00
2.239595250894996781e+00
2.236398447323050487e+00
2.236204835143969838e+00
2.232319969294965123e+00
2.221618712915070404e+00
2.221285880663701917e+00
2.218264524662572068e+00
2.215129159511651125e+00
2.205837501629868580e+00
2.204452922706874762e+00
2.199529388825003373e+00
2.198368296272660505e+00
2.191722685388923786e+00
2.187408343185348158e+00
2.181997806365811865e+00
2.181906068351811445e+00
2.177458467355720462e+00
2.175326436489061432e+00
2.169611487150445051e+00
2.169045622111279936e+00
2.162166403353229960e+00
2.157047950789845459e+00
2.154073481066060225e+00
2.153703182116298631e+00
2.146097409356002128e+00
2.141546785353238835e+00
2.138602820535101756e+00
2.137342652794905096e+00
2.130139974641933165e+00
2.126268806266345290e+00
2.122224926147094681e+00
2.118032144335418199e+00
2.117546054903008290e+00
2.111286179296796739e+00
2.109371254354814873e+00
2.103748648367583574e+00
2.100341731214574015e+00
2.099003684404690429e+00
2.097193657394715416e+00
2.085457077999218090e+00
2.082635434847197597e+00
2.078710336696294902e+00
2.070733106008266766e+00
2.068214107199785268e+00
2.064217735746781024e+00
2.060363522283019666e+00
2.060092530274631795e+00
2.052532509414077388e+00
2.052373473045159269e+00
2.044327630290629916e+00
2.038640574665799843e+00
2.038142918061957243e+00
2.032080896492800548e+00
2.025499158475674744e+00
2.020159040399269301e+00
2.019568052164932848e+00
2.017521775781744076e+00
2.010735687845560449e+00
2.005739753694088634e+00
2.004339747464083832e+00
1.998819732595830567e+00
1.997800206865788741e+00
1.992955512731284795e+00
1.992036673558259974e+00
1.985402428905092442e+00
1.985391019716628458e+00
1.980956490799603564e+00
1.976644741204930167e+00
1.972508289399895975e+00
1.968717364118705682e+00
1.963717782353022967e+00
1.962743723990859390e+00
1.962297718803466484e+00
1.954514708119903688e+00
1.954134246936850783e+00
1.947135831360883085e+00
1.946688151117631271e+00
1.944330732013961782e+00
1.939037258250519313e+00
1.930665243614870352e+00
1.927191554180364808e+00
1.926219375977094250e+00
1.925742296537273246e+00
1.920892577080395736e+00
1.916430339425472917e+00
1.915306020180604252e+00
1.910734017756125169e+00
1.910428194733891472e+00
1.900329929449566579e+00
1.899502157530703395e+00
1.891677456720919581e+00
1.888394616329589715e+00
1.883965589784062589e+00
1.883244416408151878e+00
1.872164073455920619e+00
1.870563694286178080e+00
1.869731739749152188e+00
1.863429747880460674e+00
1.863099025458648583e+00
1.859560385036620911e+00
1.855545017960670506e+00
1.848762505556106106e+00
1.847993885802585723e+00
1.840488996630206930e+00
1.839963746118824739e+00
1.838510613143660599e+00
1.829134689228868904e+00
1.828527887962326126e+00
1.826095834287293718e+00
1.824498452288297878e+00
1.818495137305481624e+00
1.815216330863651084e+00
1.810434091176350124e+00
1.807910297463152016e+00
1.805458450608987020e+00
1.802804380737358825e+00
1.802392417177223871e+00
1.798223616106148670e+00
1.793085624011622414e+00
1.792775229459441899e+00
1.789740601178120505e+00
1.787341567401169007e+00
1.784599025686734342e+00
1.778766650637620517e+00
1.776430343193551087e+00
1.767270030741570741e+00
1.764768600507532259e+00
1.762409918771891792e+00
1.760108990920807193e+00
1.750619144389480297e+00
1.749522718341879335e+00
1.742540368954587748e+00
1.740079619974441938e+00
1.739518683429469137e+00
1.738854818973181393e+00
1.727964051534891743e+00
1.724701093470917046e+00
1.719222577618046310e+00
1.717331307033568510e+00
1.715951450681049151e+00
1.714034509552975427e+00
1.706977585025393429e+00
1.705035823287663010e+00
1.701010920194662601e+00
1.697617066253336082e+00
1.695702331752233949e+00
1.692734047531382346e+00
1.692654104990538588e+00
1.685489069801457518e+00
1.684164421446308513e+00
1.683973709279527720e+00
1.675928874603624719e+00
1.673160366277073763e+00
1.664837230266057677e+00
1.662075039848635249e+00
1.660717914534452166e+00
1.656677799362936243e+00
1.655331601248489992e+00
1.652789893422799805e+00
1.651132146725662997e+00
1.646756354601460970e+00
1.644689636443075198e+00
1.639946188016678130e+00
1.637909444363796485e+00
1.634756656827595522e+00
1.631374762753190266e+00
1.627311818815315947e+00
1.623755311215141495e+00
1.623412791100372621e+00
1.621349409129325236e+00
1.614430401533992088e+00
1.610288039890473533e+00
1.606173253977765114e+00
1.603575864373042892e+00
1.596743974718487058e+00
1.595000558338234731e+00
1.590160043510911780e+00
1.584406100205046686e+00
1.583481698932746262e+00
1.579996381264460847e+00
1.578913287179449121e+00
1.578414164055990332e+00
1.566448828186053355e+00
1.565082425119790344e+00
1.563249986161884708e+00
1.562072148962361906e+00
1.556964544921174642e+00
1.553258556506635246e+00
1.551696012813140735e+00
1.550770020366677215e+00
1.546594083841247969e+00
1.540475416798420039e+00
1.537435584037271541e+00
1.531983777402662117e+00
1.531886543530419420e+00
1.529505758933646931e+00
1.528306978068035393e+00
1.527134722103365316e+00
1.521281339926894516e+00
1.515737718822721902e+00
1.510117665912846574e+00
1.506101369186626071e+00
1.504875118435120562e+00
1.503302756780489302e+00
1.500794189691544211e+00
1.500489355113002077e+00
1.495325542832709020e+00
1.491592785136137689e+00
1.485205934579701514e+00
1.481295730836144298e+00
1.479743942697133274e+00
1.479140694114621013e+00
1.477786451628521291e+00
1.473162153614882675e+00
1.470788379374691202e+00
1.467263086282154516e+00
1.461044179798465903e+00
1.459295012641136813e+00
1.453082075020074804e+00
1.452716832537945812e+00
1.452272079207293842e+00
1.447305261387615838e+00
1.441679431748965179e+00
1.441100309346803776e+00
1.438962982704822258e+00
1.437712970131187484e+00
1.434315931483056916e+00
1.430406043509955483e+00
1.429113103765441872e+00
1.427319120182157342e+00
1.425117723563207983e+00
1.420324276718099465e+00
1.418535256624615881e+00
1.410923876235859575e+00
1.409510574624393220e+00
1.408188529467951033e+00
1.404813168215682806e+00
1.398860933179559840e+00
1.397195638728893963e+00
1.392995384605187681e+00
1.392453110056244947e+00
1.385946235456423148e+00
1.384448251996636792e+00
1.381449745046661626e+00
1.378682199941987596e+00
1.375806262205778729e+00
1.375394639522333984e+00
1.373733100660800233e+00
1.368443930135210040e+00
1.367375413050571753e+00
1.364180322035988047e+00
1.361170161452945448e+00
1.357845101946711708e+00
1.355853396202795436e+00
1.351142799060179867e+00
1.347811090586987559e+00
1.341723026723649959e+00
1.339107399629796857e+00
1.337520011066291481e+00
1.335826236559683577e+00
1.329632459418109480e+00
1.329191646410476491e+00
1.326725596727104772e+00
1.326446321813470108e+00
1.323462769864152788e+00
1.318910759133879562e+00
1.318555816689060523e+00
1.311131735518414665e+00
1.311032187281788719e+00
1.309408888612204835e+00
1.307578730154602020e+00
1.302295336234112089e+00
1.300701661597179593e+00
1.295645636386454358e+00
1.293666957956207675e+00
1.291244700836541970e+00
1.289541123017888591e+00
1.286598902242086506e+00
1.283988150411010887e+00
1.280958852398790704e+00
1.275556640081470627e+00
1.273502149356747548e+00
1.270540424786535061e+00
1.265217115242562418e+00
1.262826218655792587e+00
1.262612304510295491e+00
1.259791321087485372e+00
1.258515253858240701e+00
1.252894426295810382e+00
1.252305847477828138e+00
1.250083173287819038e+00
1.247104668340863309e+00
1.246927570026191923e+00
1.241918366031980581e+00
1.237206673237173815e+00
1.235368915465139272e+00
1.232264993744794257e+00
1.229460530471116364e+00
1.224503492567629026e+00
1.222886446796067172e+00
1.220339195694467138e+00
1.218447439362861706e+00
1.215127947392773633e+00
1.210604143796378152e+00
1.210521826280103186e+00
1.204474286339296762e+00
1.201094269504572543e+00
1.200494472836346471e+00
1.196586746204614471e+00
1.193402912068737942e+00
1.190949195305546437e+00
1.190453342557895144e+00
1.182750211767632509e+00
1.182519925331988020e+00
1.178174893563082692e+00
1.177709740420069595e+00
1.176902474480885141e+00
1.173811333830587111e+00
1.170799644193700750e+00
1.170405026144301308e+00
1.168704692466156381e+00
1.164371665949094359e+00
1.160599956249101394e+00
1.159070913178975148e+00
1.157913182599914714e+00
1.153493391455954420e+00
1.149291256075771317e+00
1.149202418723070718e+00
1.145209417116792139e+00
1.141620438186371933e+00
1.137263556011289367e+00
1.136529443538971229e+00
1.136103598118348934e+00
1.133834732266869150e+00
1.130978584409009668e+00
1.128274285825660694e+00
1.125515440993332117e+00
1.120446327943475096e+00
1.120363948014341471e+00
1.118355599173009862e+00
1.116073838888126613e+00
1.115374850489704306e+00
1.114730609590528942e+00
1.109550950824457649e+00
1.105641265210529633e+00
1.105419087582445670e+00
1.098990648517551127e+00
1.098924662946292763e+00
1.094701238951940381e+00
1.093920271597336180e+00
1.091659297831328868e+00
1.091286268820577554e+00
1.085476337753207066e+00
1.082697971479072097e+00
1.080080409873389824e+00
1.071859906458041634e+00
1.071678925242189662e+00
1.070791958131584565e+00
1.065891751577330071e+00
1.065548411767637704e+00
1.065486534383979222e+00
1.060973108022830846e+00
1.059033465521721729e+00
1.058168236390635064e+00
1.052918968776680897e+00
1.052619477834217498e+00
1.051001645657009043e+00
1.048087317649372352e+00
1.044282283395383315e+00
1.043562854248853089e+00
1.039975584747395265e+00
1.037674083396141311e+00
1.034520757811230540e+00
1.030900557930536365e+00
1.029017542295628473e+00
1.024846381368379244e+00
1.022915217527862408e+00
1.021847590632743996e+00
1.021348787622163412e+00
1.020343176169417720e+00
1.014756936536415521e+00
1.014375453511947134e+00
1.011550068758477527e+00
1.009280347284343460e+00
1.008766887192162676e+00
1.008735080356246483e+00
1.003039793058366103e+00
1.001350661675307174e+00
9.999999999999998890e-01
9.999999999999997780e-01
9.997643394736333011e-01
9.988659486004435317e-01
9.986787426364601705e-01
9.969994411198155326e-01
9.950628752778349906e-01
9.930853619071644545e-01
9.914659663420959390e-01
9.892495058110221118e-01
9.888021377092491848e-01
9.861362592665601223e-01
9.853585840432300680e-01
9.830498822631169586e-01
9.784739054998619068e-01
9.752816524323708602e-01
9.748766704553036844e-01
9.736371655570984496e-01
9.711924971106897786e-01
9.665990358071667732e-01
9.645661086115316918e-01
9.594114602112185919e-01
9.578639396769697001e-01
9.560502026600991021e-01
9.554865530117441219e-01
9.524876516185878383e-01
9.507144545708401395e-01
9.479993897962006866e-01
9.470208823875659876e-01
9.460627276266215802e-01
9.415664112913971762e-01
9.398324337456858135e-01
9.393671478913964146e-01
9.348602051468678509e-01
9.339748704999374374e-01
9.307019348290463956e-01
9.303755453167662504e-01
9.269949069784229057e-01
9.257606337874243474e-01
9.228855654462797542e-01
9.195713341709715882e-01
9.192387654476152914e-01
9.160071710647704757e-01
9.129335808532815788e-01
9.095296331648218269e-01
9.076244480829304129e-01
9.057606893393262970e-01
9.045635727018312977e-01
9.032495084839574639e-01
9.019017837123485259e-01
8.980301520165479001e-01
8.942132599946672755e-01
8.938380640901723018e-01
8.934561419205995225e-01
8.898560133978641318e-01
8.887320572591219658e-01
8.843828398919176825e-01
8.838697167030435953e-01
8.807579767072233334e-01
8.772691280394558921e-01
8.732049042223625213e-01
8.729376138110026551e-01
8.708256982939344137e-01
8.687402536340378401e-01
8.673119994396689680e-01
8.641959761453865685e-01
8.616837502099298218e-01
8.610805303408851641e-01
8.579424260465997598e-01
8.551517826248205001e-01
8.531104484985512215e-01
8.503142774608970500e-01
8.488714137410533489e-01
8.462605097597367676e-01
8.426652554278640794e-01
8.419270677942998216e-01
8.401345416976859770e-01
8.386850473415458085e-01
8.357481217021920372e-01
8.327787076993495852e-01
8.302373155206355104e-01
8.261799406055707617e-01
8.253572949741455611e-01
8.243859953478629432e-01
8.221738070111703767e-01
8.160115678071531153e-01
8.103353794093938189e-01
8.093579616406996191e-01
8.069588286462939797e-01
8.047638937961235639e-01
8.044568038710612212e-01
8.028110845371311255e-01
8.010085879294883693e-01
7.934234450029844510e-01
7.932706050784583685e-01
7.907345844260071921e-01
7.903542356294253057e-01
7.876772680975021590e-01
7.830958131880233486e-01
7.820437484383239157e-01
7.818662649380191398e-01
7.774275098940354178e-01
7.763571607004864372e-01
7.754870117127238283e-01
7.737932573920269785e-01
7.727391862629309216e-01
7.726635795635506954e-01
7.686856590039633508e-01
7.649625473996534142e-01
7.636457270675991449e-01
7.610791085433685765e-01
7.575417094367692394e-01
7.554999157903213858e-01
7.544931080660661760e-01
7.541799237091540986e-01
7.515648084714108279e-01
7.486126267416379765e-01
7.456029181471492961e-01
7.426952356045658510e-01
7.416055079257592997e-01
7.391251662235054365e-01
7.324534519626343387e-01
7.323063977815172931e-01
7.303370162599623905e-01
7.274266740766117678e-01
7.230112763009226562e-01
7.197538676773225230e-01
7.189287159657872239e-01
7.154354242530283070e-01
7.130984687685406609e-01
7.126337712340040653e-01
7.107128641495704668e-01
7.093794823734812516e-01
7.044065828026121467e-01
7.012347943859138510e-01
7.000804502571718047e-01
6.975509115766377333e-01
6.943505045592971436e-01
6.934056371034051924e-01
6.910737537885669468e-01
6.884091456766966433e-01
6.878033487959952508e-01
6.855535923635920348e-01
6.824949772076076560e-01
6.795812698738508129e-01
6.794975558043313546e-01
6.773626649140102041e-01
6.743847063677698150e-01
6.727747976556454068e-01
6.714570312260618179e-01
6.671735278641161004e-01
6.640894079035527531e-01
6.636925885431391725e-01
6.601273583018889557e-01
6.599227025800287194e-01
6.520442407899126325e-01
6.492904370371963552e-01
6.482878306118355916e-01
6.457063720982169075e-01
6.447822201960259347e-01
6.435451489643191358e-01
6.382760673550355035e-01
6.378955336415208510e-01
6.341066007452610398e-01
6.326486673898471524e-01
6.321038320133443023e-01
6.275884200238385224e-01
6.254101415450343815e-01
6.252922690875624134e-01
6.196955266562388376e-01
6.163169914092559987e-01
6.139394288046665649e-01
6.136630977305025381e-01
6.127912077848742811e-01
6.078692014360127516e-01
6.070710348348563601e-01
6.058983498371696141e-01
6.008809074723918675e-01
5.983115863157744130e-01
5.960741708363131997e-01
5.948489118522755081e-01
5.937221600582684999e-01
5.900126487404486753e-01
5.893823531775023161e-01
5.873491667759851431e-01
5.843403133963491758e-01
5.818312356710670930e-01
5.798671422444012791e-01
5.744726293354028845e-01
5.733819205407435504e-01
5.713227520799994963e-01
5.697242921631430201e-01
5.658542539088503576e-01
5.624239364606170577e-01
5.614914045146240928e-01
5.581395087232829955e-01
5.549395609537345342e-01
5.527561356653802882e-01
5.523703738345937531e-01
5.510252602812817369e-01
5.500382642090690943e-01
5.489855367285151333e-01
5.440445972420243637e-01
5.434824904469225393e-01
5.429088375533623889e-01
5.414130424021296184e-01
5.381906274096732723e-01
5.369905412187601090e-01
5.327791130588126478e-01
5.295164260636304743e-01
5.272339373848459187e-01
5.263070602562410771e-01
5.229731590131445618e-01
5.213307937097430012e-01
5.197433585667187161e-01
5.172726616469791594e-01
5.152855883679949844e-01
5.143072209816630380e-01
5.120995642507751855e-01
5.108019992170357293e-01
5.084759151233155805e-01
5.074691177472211434e-01
5.049176058784323740e-01
5.016856458377570993e-01
5.005491029509806511e-01
5.002158423332992987e-01
4.968329474088232223e-01
4.961598765719943960e-01
4.928526835977037335e-01
4.918431839303790132e-01
4.874784549436328440e-01
4.857480475311579671e-01
4.836278162793150037e-01
4.816680215938726750e-01
4.759092492079219361e-01
4.725088547907918546e-01
4.721527222748969632e-01
4.716272708831169003e-01
4.688761604754491663e-01
4.679319155999508983e-01
4.666920641824819915e-01
4.625350225757799416e-01
4.606711770963816122e-01
4.573571988154229162e-01
4.572750909530209351e-01
4.543343647260898455e-01
4.540404006415042493e-01
4.519476697969401213e-01
4.516367725497134056e-01
4.471484905839537838e-01
4.463586542144732383e-01
4.457096453135054315e-01
4.431027983292979422e-01
4.427717289854258276e-01
4.417857613159170693e-01
4.382258884675757082e-01
4.348576975849814397e-01
4.326593479961845512e-01
4.310744799889283940e-01
4.265408276868794535e-01
4.258127748957709069e-01
4.252496191089961131e-01
4.211621580836898415e-01
4.177699673224668508e-01
4.171612848077909108e-01
4.168550705895859299e-01
4.123120977546272381e-01
4.113076183841751776e-01
4.084453592628735086e-01
4.057020920289072796e-01
4.037235924446322954e-01
4.011013633767270825e-01
4.003617398089965307e-01
3.968121315291580076e-01
3.963300534619806359e-01
3.918458077529988204e-01
3.888275165555902246e-01
3.882236430083699785e-01
3.851435755748255918e-01
3.848545746946088197e-01
3.818044313027411096e-01
3.811592014642612436e-01
3.763222021869176426e-01
3.762785484448210593e-01
3.720771318394269223e-01
3.719325464454328323e-01
3.683436977277250723e-01
3.667100159696436434e-01
3.657805014221032214e-01
3.637522652723473859e-01
3.629539866388151736e-01
3.615502095482170386e-01
3.596623527800785203e-01
3.552784515563664480e-01
3.531118758221205578e-01
3.523984571627984952e-01
3.516136040169529631e-01
3.486854951415018222e-01
3.481563119414511909e-01
3.464584079207661538e-01
3.426477929817444701e-01
3.414260971331259942e-01
3.392323193454523378e-01
3.341317460525851102e-01
3.322737160509856569e-01
3.304821954502293324e-01
3.302481749017380785e-01
3.279091116175180121e-01
3.276793344985825529e-01
3.273202199839126414e-01
3.250555011778822334e-01
3.230439992297928775e-01
3.204895444424535333e-01
3.174308659932918442e-01
3.174235145909351519e-01
3.151991246429702298e-01
3.116503153196004128e-01
3.094301737774624583e-01
3.086783164730150242e-01
3.058941750075335753e-01
3.048506983032327478e-01
3.021113747132899152e-01
3.001144840437932615e-01
2.996346603881392956e-01
2.963180709862256457e-01
2.961789280571892613e-01
2.939843711384027003e-01
2.930869591734753810e-01
2.898201037156044602e-01
2.875341127174333433e-01
2.859069193454918945e-01
2.857202294389835640e-01
2.832525887959940203e-01
2.805106952745340387e-01
2.777124248308434074e-01
2.754463935320872192e-01
2.751552837150206265e-01
2.742034016121652207e-01
2.736180953273442129e-01
2.721065726846932376e-01
2.704388135839254081e-01
2.672345094107731467e-01
2.672134810427041485e-01
2.656867967387639418e-01
2.654318906422082902e-01
2.632093701053882517e-01
2.621467753939123457e-01
2.576948861535475199e-01
2.556811816023005224e-01
2.556413636764640063e-01
2.538347222529028779e-01
2.519910126545953921e-01
2.478382542887232753e-01
2.457567813356927588e-01
2.445995006043546471e-01
2.403898304259683427e-01
2.402807345014618123e-01
2.379211560727202412e-01
2.373520940608459528e-01
2.365076935699423066e-01
2.348330404275906780e-01
2.344441910624538161e-01
2.324193116831190231e-01
2.315202724408509660e-01
2.303890174585343509e-01
2.284919882576820493e-01
2.273782059708027714e-01
2.255849727257362436e-01
2.239530062579604408e-01
2.215650414494258480e-01
2.208070557909913578e-01
2.197399773233564835e-01
2.192721886095128636e-01
2.158651936256371084e-01
2.156891141440691884e-01
2.136969752211994034e-01
2.124970851363240654e-01
2.105439080775577676e-01
2.097594236734551532e-01
2.073072302667210431e-01
2.046926927225329040e-01
2.041726736369486872e-01
1.996985981712136038e-01
1.960846080767825184e-01
1.960080361353790379e-01
1.942264356155203875e-01
1.935287748897084603e-01
1.923232853109884954e-01
1.883027428891380639e-01
1.876091167801305082e-01
1.855062175238051114e-01
1.854480415473127863e-01
1.827557212521124519e-01
1.813519524343597811e-01
1.808051793503408222e-01
1.793664842062715203e-01
1.778134643277837768e-01
1.754746248238677198e-01
1.748696904896978044e-01
1.725310283823686952e-01
1.722179994607267450e-01
1.694709581708538082e-01
1.679159095110506483e-01
1.675726132622774034e-01
1.670314447399178781e-01
1.651012903381624819e-01
1.620673607488068435e-01
1.610971947279359606e-01
1.591007573187067092e-01
1.585993523185268983e-01
1.574264149133437762e-01
1.536332367971366686e-01
1.524107712242931956e-01
1.511347834444835836e-01
1.493221742089378967e-01
1.489134539898409604e-01
1.473810427578548521e-01
1.462786913078882867e-01
1.436636013837419845e-01
1.430632842389342463e-01
1.402525101144743158e-01
1.394631368407187044e-01
1.368076105132974563e-01
1.367404954708848208e-01
1.355552893556229432e-01
1.337670146644174274e-01
1.337657283736680691e-01
1.304283891396376405e-01
1.298387165271502608e-01
1.275823418116476538e-01
1.271638181347193586e-01
1.262360908263264470e-01
1.259642467915926267e-01
1.250496383944704193e-01
1.242600650443534821e-01
1.216005668931860184e-01
1.206039967708421867e-01
1.186743594822411707e-01
1.171644028882880134e-01
1.167653866043300015e-01
1.159552583282175281e-01
1.144669104530961212e-01
1.133483667441266551e-01
1.105916324766255537e-01
1.091462261122947419e-01
1.082039340605690375e-01
1.077813295070612770e-01
1.062901568450297929e-01
1.053344995841712789e-01
1.040153886653224918e-01
1.018888316104741010e-01
1.017005382731745594e-01
9.992530709262835431e-02
9.833040707069597153e-02
9.606503256582958616e-02
9.423891992584539079e-02
9.352296465996873254e-02
9.321768618355115443e-02
9.107335837298344283e-02
9.064475608559512121e-02
9.029390570004469652e-02
8.880962484640275711e-02
8.726970280174073391e-02
8.717867843135237993e-02
8.543467014297098650e-02
8.381450181045076164e-02
8.302095348340379766e-02
8.252572781839122296e-02
8.166564805688904249e-02
7.961722406924946760e-02
7.917927467137580999e-02
7.871308783991357028e-02
7.627550327236087835e-02
7.491672858188361261e-02
7.452545945826249962e-02
7.248076312917876851e-02
7.139097389753383538e-02
7.080802190468864221e-02
7.079675786818512284e-02
6.845989797034052193e-02
6.727819878937001119e-02
6.723513317344106954e-02
6.519970038690857395e-02
6.480710112785970090e-02
6.256189582972006280e-02
6.025954094009738221e-02
5.993838415611010134e-02
5.936043434111026862e-02
5.772653075478882678e-02
5.655269230447189377e-02
5.600536353978594062e-02
5.510302213562340984e-02
5.423389400221226286e-02
5.332617856442586901e-02
5.259070479642111856e-02
5.237454663584747289e-02
5.115309901406135673e-02
4.953299688070669782e-02
4.824825677710423838e-02
4.719019205326262234e-02
4.705549622181507546e-02
4.656758714163281021e-02
4.461716979919932990e-02
4.345870175635769411e-02
4.333214634238601037e-02
4.208424487853782564e-02
4.066463737871061496e-02
3.967839377006360940e-02
3.883587349054698490e-02
3.776319939335612275e-02
3.733301085892475751e-02
3.653671795338769152e-02
3.578112890311458544e-02
3.569127343329440288e-02
3.482198993385509506e-02
3.304781487316220401e-02
3.287209320784771627e-02
3.106586484773945708e-02
3.036875273930715602e-02
3.004339714540014625e-02
2.924400694604185891e-02
2.909797249393346330e-02
2.831847901830632577e-02
2.630245698188622694e-02
2.539443554674777545e-02
2.516066890372757603e-02
2.490339773152658656e-02
2.381373740067035949e-02
2.350398995375938688e-02
2.327509547793352174e-02
2.220779686863535995e-02
2.156029298766354296e-02
2.066183747833830880e-02
2.062597920282386796e-02
1.992202964511765803e-02
1.882501626863014241e-02
1.847958694551842321e-02
1.710472053413619395e-02
1.702199518601927794e-02
1.559840161671853347e-02
1.526897079101767821e-02
1.467899625666548198e-02
1.383700528730215547e-02
1.238252878707589953e-02
1.151299382477012634e-02
1.149976470171217881e-02
1.113744263264127704e-02
1.098692866971356062e-02
1.006822984640461799e-02
9.392154201141087941e-03
8.814435360170373365e-03
8.402031544399024901e-03
8.185227761265536500e-03
7.830159116058988539e-03
7.649795465078954547e-03
7.569008208577506294e-03
7.057989689980744170e-03
6.385262478403951926e-03
5.563617296809632295e-03
5.096927782721099101e-03
4.675667017053456408e-03
4.371790519648104459e-03
4.027952478158188833e-03
3.549674920862025580e-03
3.452810611463619922e-03
3.010959199518748429e-03
2.965682668505872921e-03
2.306477968370691280e-03
1.891156208480823057e-03
1.647097184973552245e-03
1.344002066433465890e-03
8.646252127611416547e-04
8.140660849396042951e-04
6.185856963642212243e-04
3.449454881054449360e-04
2.757606409631099560e-04
