# Singular values
3.315473289987216532e+01
1.298725746605864551e+01
1.090636287167807872e+01
1.009609752252374193e+01
9.460036976890073390e+00
8.195308470556675218e+00
7.640796493828799107e+00
6.960383938184396158e+00
6.716199967619224331e+00
6.611515612883106741e+00
6.577364311777610162e+00
6.222350042518009161e+00
5.809518268117143336e+00
5.576592196908156218e+00
5.285977105862767367e+00
5.222872212470765163e+00
5.155032725119835568e+00
5.035169333221323207e+00
4.949968758213881159e+00
4.899844115041982917e+00
4.894479366582372037e+00
4.630632183860265982e+00
4.586315882719387282e+00
4.535722587073815149e+00
4.457032781029747426e+00
4.444597182037549388e+00
4.233680052039092701e+00
4.198057468418971538e+00
4.032360612313055981e+00
3.948939611610617462e+00
3.811229240372613347e+00
3.710898537038494815e+00
3.668146696551660924e+00
3.595919565864746481e+00
3.537522138849515052e+00
3.437928156160542592e+00
3.408832746937779046e+00
3.401434479526415089e+00
3.307418638625038820e+00
3.216502588437487375e+00
3.172891735130100255e+00
3.117004880320787041e+00
3.079484058322284223e+00
2.970643869526619074e+00
2.966875188372043670e+00
2.945000536572863314e+00
2.883202847059079144e+00
2.695958276541137622e+00
2.619425236978413452e+00
2.576009778602708522e+00
2.558006560802410512e+00
2.490395813133117198e+00
2.423364876289394676e+00
2.410651119128488951e+00
2.368330510991817572e+00
2.354997342037480124e+00
2.247087241072232899e+00
2.204014823669611101e+00
2.093856899467962052e+00
2.088244032767796909e+00
2.017747636955776525e+00
1.998531282031717149e+00
1.939168921682805857e+00
1.933456237506624875e+00
1.888855812278990021e+00
1.872627825010603209e+00
1.834769497897265289e+00
1.771919799979823074e+00
1.756370046077919245e+00
1.739015696236352104e+00
1.704444221699430440e+00
1.657907813596531943e+00
1.637343664938069265e+00
1.551251905394230413e+00
1.527230853388318987e+00
1.518291998820752164e+00
1.461620394077217666e+00
1.430028976891057679e+00
1.365494901738386169e+00
1.358269204459995994e+00
1.309566595842010184e+00
1.296937904124146002e+00
1.261186673858685214e+00
1.207896965385375276e+00
1.183233430051647606e+00
1.182036402348505266e+00
1.117023103255472272e+00
1.075272281667630558e+00
9.928373407338149104e-01
9.796317625891073355e-01
9.433323896620575688e-01
9.181394517276908473e-01
9.039409085023814017e-01
8.841856681242510341e-01
8.784729312206943641e-01
8.402416758776376504e-01
7.886738174057630335e-01
7.342363616434339768e-01
7.322793206719678816e-01
7.131232941597731578e-01
7.095152112343746653e-01
6.795289254204720519e-01
6.790588086466772255e-01
6.153187307892881153e-01
5.980697253431065397e-01
5.800361022738573791e-01
5.739082462013567199e-01
5.313853141572295602e-01
5.199217889736648113e-01
4.846354284020522596e-01
4.755673002094129576e-01
4.519690729631452020e-01
4.133077396775647894e-01
3.826064908752689897e-01
3.048513967592858531e-01
2.690658658882468246e-01
2.640825124593290107e-01
2.422021318140304968e-01
2.263866184579176044e-01
2.153143077855984300e-01
2.110494860422431340e-01
1.681167626542543758e-01
1.261103943237612823e-01
1.246943893292710576e-01
9.715815490925773512e-02
9.646073979369090834e-02
8.215120299321160280e-02
7.910633013757426002e-02
5.166322354972131825e-02
3.482508683944652433e-02
2.747756339924035170e-03
