# Singular values
2.298593209072758441e+02
1.224535937024712808e+02
1.029150974491822410e+02
8.659376393042464315e+01
7.759024489955378101e+01
6.940556642326315284e+01
6.023722316095602736e+01
5.743960016366578714e+01
5.107589569424998643e+01
4.820464378574500586e+01
4.666489013682515719e+01
4.315722635763647475e+01
4.228287228588052926e+01
3.806082274481671135e+01
3.696939144809753941e+01
3.667207081493945964e+01
3.441485059362567966e+01
3.224432096701549000e+01
3.130946866286530650e+01
2.964212291903841745e+01
2.825010947648664938e+01
2.787855781792056931e+01
2.752802138154431688e+01
2.732005406246221568e+01
2.658002648277371804e+01
2.638931184029113552e+01
2.572616111802779670e+01
2.531703222462232716e+01
2.408896583864344976e+01
2.383499470236741402e+01
2.356411552684645017e+01
2.328736848853663943e+01
2.282361307855725130e+01
2.235022436077847274e+01
2.234808171845882185e+01
2.173605932270545793e+01
2.146006962797740769e+01
2.129384481833196929e+01
2.088940080208258010e+01
2.083750588341699128e+01
2.071638695865121704e+01
2.060712198459556177e+01
2.052020476735471632e+01
1.989483532155923484e+01
1.987966409234586962e+01
1.969620485885789307e+01
1.948780418752296839e+01
1.940478883270253263e+01
1.918408036509417158e+01
1.908243751983363978e+01
1.868550633084164048e+01
1.859806324203881900e+01
1.851545371997380940e+01
1.849871786687175756e+01
1.831345361336668276e+01
1.817348958802019254e+01
1.812902137134430447e+01
1.793577289261460450e+01
1.792764442283345616e+01
1.761382480062047406e+01
1.755233845711594753e+01
1.753255165865414611e+01
1.745942086454578401e+01
1.744505567403556157e+01
1.718730824811870761e+01
1.712161195767469835e+01
1.710762862562564735e+01
1.702816998473425159e+01
1.687249053522266351e+01
1.683552564987945033e+01
1.678836684207329810e+01
1.676499310580647872e+01
1.674334990649487054e+01
1.665873456183667400e+01
1.665705388907057483e+01
1.655307100548627020e+01
1.649685041363453308e+01
1.639772189287315740e+01
1.638753625691477467e+01
1.632760688290311535e+01
1.620216505370263960e+01
1.611978339672456073e+01
1.603069958992034216e+01
1.595498193687908284e+01
1.592243546768212070e+01
1.578808932759795525e+01
1.575631689275748393e+01
1.567550401871797483e+01
1.562178128746029415e+01
1.559196606042463351e+01
1.554738974569793619e+01
1.551036654341335286e+01
1.543592859635457870e+01
1.528664094572476451e+01
1.527198647990244140e+01
1.525361194981790014e+01
1.519661355473644448e+01
1.516751343168636268e+01
1.514717230314195717e+01
1.502537017276823228e+01
1.493369637303599085e+01
1.490906119776560956e+01
1.489044914575350198e+01
1.483939942643634780e+01
1.483860257292447926e+01
1.477715391005288303e+01
1.468143597509912368e+01
1.465570286924978660e+01
1.460998534381507064e+01
1.458924830760590119e+01
1.444176844365001777e+01
1.440441025186587076e+01
1.437607856779470517e+01
1.434783576155948914e+01
1.429351441254705080e+01
1.427738891781826602e+01
1.422179098561269228e+01
1.417503839286845313e+01
1.416914623111246563e+01
1.407064088251712342e+01
1.402644991256074825e+01
1.402541624558453748e+01
1.399977550265505322e+01
1.396443780010470448e+01
1.388349377560896691e+01
1.381126414191849072e+01
1.370193528959651985e+01
1.367344933893086179e+01
1.364583743916322867e+01
1.361868359695672126e+01
1.358750114727737213e+01
1.358646763059367579e+01
1.356212832451750039e+01
1.352477106981897315e+01
1.351944489588813170e+01
1.345993366334692531e+01
1.340360759253295342e+01
1.336744143270828289e+01
1.331067757085989278e+01
1.329215573046501397e+01
1.321710346520149493e+01
1.319317856563899305e+01
1.318196965050136171e+01
1.316099087671294221e+01
1.312911404086600164e+01
1.307090580920726453e+01
1.305598229905484509e+01
1.303069226799478031e+01
1.303033005361768204e+01
1.295259929016044964e+01
1.291936901586738706e+01
1.286759137176246170e+01
1.281726113095588815e+01
1.280891400894728704e+01
1.273731007849651142e+01
1.271347881801898261e+01
1.270818166591003617e+01
1.267428593499714928e+01
1.263599308868234772e+01
1.259183552889758140e+01
1.258452606088999737e+01
1.255733819996961387e+01
1.252499179832791931e+01
1.246469731871891717e+01
1.244900283622400750e+01
1.239050451125507557e+01
1.238216813387033710e+01
1.233686789364018743e+01
1.232224971888707543e+01
1.229539134788421784e+01
1.224903889728284234e+01
1.223672237628626647e+01
1.222036756309499594e+01
1.220529011326031643e+01
1.214485681756494273e+01
1.214099979316265454e+01
1.209225972273480920e+01
1.207733430847188671e+01
1.206258695339472453e+01
1.201528042165877253e+01
1.195223342442161396e+01
1.191669480870381648e+01
1.191373592893272004e+01
1.190505303743620402e+01
1.183099855014529922e+01
1.182926817191683355e+01
1.174744026717255174e+01
1.174391105157792659e+01
1.172900347753338401e+01
1.170561044702354359e+01
1.169094014153503025e+01
1.167379772966981832e+01
1.161833917752052159e+01
1.157843397360564808e+01
1.155789141102332884e+01
1.154470442882783665e+01
1.152954092872749392e+01
1.149423079906676826e+01
1.147910079473449940e+01
1.144768204311028725e+01
1.141762645660467257e+01
1.138218647130726957e+01
1.133899032077605540e+01
1.133700859901949975e+01
1.129690908000569038e+01
1.124882120218153503e+01
1.121916744540715882e+01
1.119301881381939268e+01
1.115854646439043307e+01
1.114497334753045799e+01
1.113183857619631389e+01
1.110597280788637775e+01
1.109983112285781282e+01
1.106441254739574198e+01
1.102974779934102223e+01
1.100975865308780044e+01
1.099831456582705691e+01
1.095903642702899639e+01
1.092513834717623666e+01
1.087258697655117068e+01
1.086882287962936289e+01
1.084982909311880306e+01
1.083597097142143006e+01
1.082230719798106477e+01
1.077883632938168823e+01
1.076774137637325168e+01
1.075553553504595428e+01
1.071954762810153206e+01
1.070952034903993422e+01
1.068211797214923919e+01
1.064427576157840427e+01
1.063107071511655377e+01
1.060229361508576318e+01
1.055583878591312796e+01
1.054860694544644240e+01
1.049818383402228328e+01
1.047812798104870957e+01
1.043018617151039074e+01
1.042310098359490311e+01
1.041383394680558361e+01
1.038250072417642400e+01
1.034843647895141494e+01
1.034674234997482145e+01
1.032447033023163563e+01
1.029278688531511854e+01
1.029149960670188513e+01
1.026033202957530044e+01
1.020986853363398339e+01
1.020736482161671610e+01
1.015365675349647212e+01
1.013531137597988341e+01
1.011010179716538282e+01
1.009304531738389699e+01
1.008356496353972531e+01
1.005934958350127317e+01
1.001406585859239762e+01
1.000999654504188641e+01
9.996709822900337272e+00
9.977736235971249812e+00
9.963770301524149886e+00
9.920558742915776662e+00
9.905365431424931089e+00
9.905147786194499204e+00
9.868383951197605697e+00
9.861089179828672613e+00
9.850423352779561270e+00
9.834982733451441916e+00
9.813580212983749718e+00
9.781833438578706463e+00
9.758992173450723229e+00
9.717479775681461263e+00
9.711570714054039044e+00
9.694265843696552309e+00
9.679242133523885627e+00
9.654233183429786536e+00
9.615983017889281115e+00
9.581544157160337249e+00
9.567785619157811894e+00
9.554898865702618593e+00
9.522410943929552118e+00
9.484922955301993142e+00
9.477410406807466714e+00
9.471564756129790652e+00
9.452139974768297037e+00
9.435614424000863920e+00
9.427326882472740976e+00
9.399542216486937107e+00
9.378929987520338685e+00
9.372298153044642532e+00
9.367818630773452782e+00
9.279263905512658894e+00
9.273511778813331219e+00
9.270141030099340540e+00
9.242963507178634686e+00
9.223927408912661718e+00
9.209206724514913844e+00
9.198663048195292902e+00
9.177687637748105587e+00
9.145908901966194549e+00
9.136304513628990875e+00
9.110277608163595886e+00
9.097816534457766835e+00
9.077479713116042959e+00
9.077045339134700797e+00
9.017543551289294967e+00
9.008732174395419179e+00
9.000228880723852853e+00
8.977439984029961906e+00
8.960984210266346395e+00
8.929888641536640748e+00
8.924427205455385703e+00
8.902279013807513408e+00
8.901502741783698269e+00
8.873126433654400458e+00
8.856166185316688200e+00
8.840123348254698143e+00
8.810748977870805021e+00
8.799923782606754230e+00
8.791770499119754945e+00
8.749576132706650355e+00
8.716364298083773221e+00
8.707855928144544677e+00
8.707209090355551240e+00
8.688946228981921038e+00
8.661196152043507013e+00
8.632340120022371721e+00
8.625572617762632177e+00
8.622294071335605992e+00
8.597062916994673287e+00
8.577094870045135266e+00
8.547661898375988443e+00
8.547607157373219522e+00
8.527542639035983640e+00
8.491557986092256982e+00
8.470436241870269001e+00
8.465438813022201359e+00
8.459568503604035783e+00
8.415208831019718616e+00
8.408862304557695566e+00
8.394471377504505227e+00
8.390588690715844677e+00
8.335656627990111645e+00
8.331885276476700852e+00
8.305363530290396312e+00
8.304301445006300852e+00
8.267466646404947994e+00
8.239488428370465911e+00
8.238562765710513602e+00
8.198957846442757713e+00
8.188569226859959471e+00
8.164531190025201113e+00
8.162496500166575686e+00
8.102076848753302585e+00
8.099250818596182455e+00
8.093548192214177206e+00
8.071720541255585246e+00
8.069606879203007566e+00
8.065871317177895961e+00
8.031410963112451284e+00
8.031390933536185273e+00
8.011561846377736273e+00
8.008892807786525125e+00
7.972400527534598602e+00
7.969369968885357203e+00
7.956540255295319497e+00
7.939405006630023465e+00
7.930052833300735848e+00
7.887243740961686456e+00
7.877460678269127214e+00
7.838205757475393831e+00
7.834872977633183133e+00
7.823047701159460132e+00
7.811082789529542936e+00
7.797711238530182776e+00
7.789758011137198679e+00
7.774702781499124526e+00
7.758665939683437429e+00
7.724467041470074236e+00
7.711172078992297507e+00
7.682596744028088231e+00
7.681267855513138620e+00
7.641656057391346124e+00
7.628952863365784154e+00
7.626912511747775625e+00
7.604377944726925520e+00
7.589791930255294972e+00
7.578715095257579470e+00
7.565996205647644857e+00
7.557822410926689827e+00
7.540784606567573434e+00
7.533958145340743151e+00
7.508617810206063226e+00
7.493606208369487653e+00
7.491201456483908672e+00
7.487998728564497775e+00
7.450708858986963001e+00
7.445540461056917358e+00
7.422651908766461304e+00
7.415319822011532835e+00
7.390439450243821540e+00
7.388248070063102801e+00
7.363235369624661963e+00
7.361425942948636170e+00
7.330498512883167450e+00
7.322165948712380690e+00
7.319594269404559483e+00
7.308302977053518390e+00
7.277464844730587856e+00
7.271114966567887805e+00
7.255727305924883908e+00
7.252800179282926862e+00
7.246683234035613985e+00
7.234819666359298296e+00
7.212001494173352789e+00
7.189672047646453734e+00
7.165718325158058732e+00
7.162828340323033949e+00
7.144603473490681367e+00
7.132332999005803309e+00
7.124714339597748136e+00
7.120292050093413927e+00
7.063811801624053643e+00
7.060270179646703781e+00
7.048718141139274529e+00
7.039996807208824592e+00
7.027007383139891594e+00
6.988770670572354682e+00
6.984005141890862411e+00
6.953519320768801748e+00
6.950708750695353544e+00
6.939045412755131537e+00
6.932446181554667852e+00
6.926228806620615686e+00
6.913858868039896244e+00
6.890914299597588055e+00
6.885288799557240047e+00
6.855512224175766889e+00
6.841753850900963663e+00
6.827795779478243787e+00
6.815424257938097696e+00
6.786198914803880378e+00
6.768837680635541254e+00
6.761414140887747948e+00
6.743017640039613347e+00
6.740902669094503530e+00
6.734586935809632635e+00
6.729234364720816153e+00
6.702264546769252540e+00
6.682778527004924030e+00
6.661469914944074588e+00
6.646290309934249407e+00
6.642161484114268433e+00
6.635021513097004942e+00
6.611056548768345031e+00
6.601770802395003024e+00
6.584538499062174033e+00
6.557469400230344192e+00
6.552594832535729275e+00
6.544108013302480487e+00
6.525605246038166385e+00
6.520477027626433220e+00
6.513391283295737466e+00
6.487351576474685189e+00
6.480824525013560766e+00
6.455423205713135992e+00
6.454008826577328328e+00
6.440700498845808752e+00
6.427775747451979882e+00
6.426354163626438520e+00
6.393911264011508777e+00
6.378387367145073483e+00
6.359064867808013055e+00
6.354439483220052587e+00
6.351277367885381331e+00
6.335835614278636285e+00
6.329435727601816275e+00
6.325651771029434656e+00
6.308451761954654735e+00
6.305554409718105546e+00
6.289497885108499275e+00
6.255403009211823573e+00
6.238881315409896544e+00
6.236793741074674102e+00
6.228838932612999812e+00
6.215083100452227782e+00
6.190903525782878170e+00
6.173936928611619912e+00
6.170923297890403170e+00
6.149363154404724696e+00
6.134835836852223778e+00
6.118571147407754651e+00
6.103975118732186900e+00
6.091360611923617441e+00
6.089229544926926252e+00
6.076486920545930204e+00
6.073886873650102380e+00
6.069170557881338190e+00
6.036537216728441457e+00
6.031820866513980306e+00
6.019841555664899424e+00
6.013339762556031864e+00
5.996578327872934544e+00
5.967330197030531913e+00
5.964766508005421741e+00
5.957617839439128815e+00
5.949531800400393422e+00
5.935693100458870219e+00
5.927961609611388738e+00
5.912137503355514134e+00
5.880723991248383520e+00
5.867206171650982682e+00
5.854111442647154995e+00
5.846759891029644329e+00
5.823805114016631812e+00
5.814823037049681176e+00
5.811227627262248951e+00
5.806813740020838388e+00
5.800735750368712473e+00
5.798480248714913188e+00
5.783507388227425494e+00
5.772978800629549490e+00
5.766920966016643391e+00
5.743360684197975630e+00
5.724852683661875830e+00
5.707535091220206525e+00
5.699938372725030789e+00
5.672595815425782284e+00
5.665208128111496322e+00
5.643599371864136849e+00
5.640554169823528419e+00
5.624056166464600715e+00
5.615602887958385914e+00
5.599151750321620824e+00
5.596957719020068112e+00
5.587875082203241917e+00
5.571245065622535186e+00
5.566403490322802128e+00
5.553747641468257612e+00
5.553448515141689690e+00
5.539902876039607627e+00
5.535944627425081421e+00
5.503044991629593596e+00
5.501855610455730350e+00
5.489532446526768972e+00
5.487612707282931268e+00
5.458750835434094562e+00
5.455650467918705004e+00
5.446265487174985154e+00
5.437903179619556049e+00
5.430721169101137669e+00
5.425167262324738893e+00
5.400466553413163950e+00
5.397598464283346331e+00
5.376535570061830249e+00
5.375474066532840212e+00
5.355025738542706470e+00
5.346002683912274733e+00
5.320510567154871140e+00
5.319033004378133533e+00
5.312272394467158598e+00
5.291925080471158616e+00
5.290105438759396428e+00
5.274486234860649603e+00
5.269578137678930574e+00
5.264854543003966825e+00
5.257010315015317126e+00
5.237180549236463811e+00
5.227296794625234000e+00
5.212054668979537730e+00
5.192022645010190729e+00
5.191343895465486469e+00
5.159328647296003822e+00
5.157342859823833336e+00
5.138443039380781840e+00
5.131501324696705169e+00
5.127413896372207347e+00
5.116376385840336383e+00
5.105240085167111808e+00
5.092096258527361030e+00
5.073704291486949458e+00
5.060594501719910987e+00
5.060047152293139838e+00
5.043050322306019240e+00
5.035885263878394191e+00
5.034032553209343064e+00
5.028391635112915203e+00
5.015585016904922533e+00
5.011185929756864610e+00
4.985643653297548994e+00
4.979401981252660647e+00
4.977882861346243359e+00
4.960893991055329799e+00
4.951879853501595541e+00
4.947806065386208374e+00
4.915959626632198542e+00
4.914052746959612250e+00
4.893950859262806041e+00
4.892042284815924624e+00
4.880332523721115479e+00
4.873418716062890788e+00
4.853778725555668139e+00
4.848360873760428014e+00
4.835750225761975329e+00
4.827292215102074735e+00
4.815208960604847377e+00
4.802041322642650378e+00
4.789059654936099975e+00
4.775477100459738722e+00
4.767514746568149775e+00
4.759575097253824438e+00
4.754372541362036131e+00
4.752168647847398120e+00
4.748389192799011838e+00
4.721500881605514621e+00
4.716129926235750780e+00
4.709659233923710886e+00
4.697317188870540505e+00
4.677357241718429925e+00
4.670602182795847490e+00
4.653648879449463038e+00
4.649907001112663529e+00
4.638142682877917089e+00
4.638033891526775143e+00
4.628394014792272415e+00
4.614231075613234090e+00
4.610305048606585743e+00
4.599920303490817375e+00
4.598834347502321229e+00
4.583968581452267266e+00
4.567699772301781813e+00
4.558510339926580279e+00
4.557631794784565038e+00
4.528040481150852337e+00
4.527573288023452491e+00
4.510235044221854395e+00
4.489398658707499656e+00
4.481793051466944178e+00
4.474980303245372326e+00
4.472510916014328153e+00
4.461292005843693786e+00
4.447406647830258741e+00
4.430507871211966986e+00
4.407886152993199858e+00
4.396926891081703204e+00
4.391730207762416960e+00
4.386186941267375516e+00
4.374767636366795109e+00
4.362736926977698992e+00
4.362646111481751632e+00
4.352147735092923853e+00
4.351864248688952941e+00
4.344003241048866037e+00
4.333681490756177368e+00
4.317265121654446425e+00
4.315261237901827585e+00
4.305681775938132283e+00
4.305491282755000704e+00
4.287958922966161879e+00
4.274393922492535580e+00
4.272480193905106027e+00
4.256055579869445715e+00
4.253566403284323449e+00
4.237336216084723439e+00
4.226514245456846730e+00
4.210773279628330812e+00
4.208769178413872325e+00
4.179427186954572271e+00
4.177115099188553060e+00
4.157296808159559376e+00
4.152894335822503002e+00
4.148276177374147444e+00
4.146759506209678925e+00
4.136984337154919089e+00
4.134342436591090575e+00
4.123968032524564009e+00
4.108130968493461488e+00
4.100234546866666108e+00
4.094482229054152711e+00
4.092163968408747188e+00
4.059395180821778304e+00
4.058599496661615902e+00
4.046778239568398661e+00
4.043669908769298438e+00
4.033929919866684699e+00
4.025131593815094000e+00
4.016688710052091160e+00
3.995590286874938446e+00
3.976083613090982460e+00
3.971980801147036999e+00
3.959405852966702000e+00
3.953765711292577034e+00
3.951462115503443506e+00
3.944750172567404789e+00
3.942286079393814813e+00
3.906854759549099665e+00
3.903069523136760477e+00
3.898238326464559478e+00
3.896154736750614411e+00
3.891610149365719362e+00
3.871874179470977673e+00
3.867561196559547998e+00
3.863991161917428752e+00
3.861139314392121769e+00
3.856505033949282346e+00
3.853578885794258113e+00
3.840277121488028023e+00
3.839274226647094501e+00
3.810507799415166375e+00
3.804929494424338365e+00
3.796333519117304434e+00
3.792770722954921681e+00
3.775091634446553268e+00
3.766980321921968411e+00
3.761798758946408139e+00
3.749467763437463574e+00
3.747211074163899536e+00
3.731449417950447600e+00
3.724432039228948277e+00
3.718987223668686060e+00
3.706934391934305406e+00
3.705940579801662693e+00
3.682172448443338020e+00
3.678670050680279413e+00
3.675633494363283571e+00
3.667377936849677500e+00
3.662630563447758725e+00
3.654737890626250429e+00
3.650690240999546088e+00
3.636638283473976774e+00
3.633717615870209361e+00
3.627066886948070668e+00
3.615553511692055189e+00
3.611149932270765639e+00
3.597218299218240656e+00
3.580788575999266588e+00
3.572895810803415451e+00
3.564950793066387291e+00
3.560033621695473549e+00
3.549844980986800458e+00
3.531001466776435560e+00
3.527099891996418712e+00
3.520076176641012466e+00
3.515599770682090952e+00
3.511508708729837558e+00
3.507222313645257827e+00
3.499405756159394532e+00
3.481032477471183384e+00
3.469328469962605688e+00
3.463182286072755023e+00
3.451762853750677262e+00
3.441191581103526964e+00
3.439792354211366199e+00
3.438728386911018564e+00
3.426148779851089898e+00
3.419500166402975161e+00
3.415945033807485043e+00
3.411987658093526665e+00
3.398319129460298349e+00
3.393259314158664885e+00
3.387724737540546371e+00
3.376031500903637905e+00
3.370767900963746122e+00
3.351084392185083694e+00
3.341680443364487552e+00
3.329972446531354713e+00
3.325454172155275945e+00
3.320180025402390545e+00
3.307826259948080772e+00
3.302903337458073629e+00
3.299802243402775392e+00
3.295747168553114115e+00
3.284671997014167566e+00
3.274902249452487979e+00
3.263598300099281424e+00
3.261379299670656984e+00
3.260449045825511760e+00
3.246177572538758938e+00
3.236519580306908672e+00
3.219389307922823296e+00
3.218454442934960191e+00
3.207231049659061917e+00
3.205831792701040683e+00
3.195617623290472498e+00
3.185344346456954412e+00
3.167878173133579001e+00
3.164935923074883029e+00
3.158306355763763396e+00
3.151506162290652391e+00
3.150839202656968041e+00
3.145494157488336828e+00
3.140607689814381764e+00
3.135224993827609108e+00
3.124505421634087288e+00
3.122628703980094844e+00
3.100140227012254446e+00
3.095376634343917299e+00
3.083448095728223759e+00
3.070125933413401675e+00
3.067097323991350155e+00
3.054463458224851991e+00
3.049265959422537087e+00
3.031175752294379411e+00
3.022012438054509254e+00
3.016845790985926090e+00
3.015410370205453550e+00
3.012710153893344511e+00
2.994016458305506223e+00
2.989287176608258267e+00
2.977562805749559782e+00
2.971376194032793183e+00
2.971082465665244587e+00
2.960596501978120187e+00
2.958986228579430389e+00
2.949045584905954698e+00
2.942141681647231444e+00
2.940397374298880262e+00
2.932845363861779298e+00
2.925544904573045724e+00
2.921598786556552252e+00
2.920992464843124470e+00
2.908337824465285770e+00
2.898337599301550771e+00
2.890583871988870790e+00
2.886145802173291752e+00
2.879720643536190394e+00
2.873359528128430984e+00
2.857960347097134424e+00
2.852683710315539134e+00
2.851381366203468826e+00
2.848007431062416828e+00
2.832856836582254623e+00
2.808289978956049815e+00
2.803610390136933805e+00
2.797569870614537102e+00
2.794116325373578125e+00
2.790434843704734824e+00
2.786356578644311188e+00
2.778812392287651534e+00
2.763313154234116720e+00
2.752268874144655708e+00
2.747885273804473005e+00
2.737975515081385591e+00
2.732551723741641680e+00
2.730776548338338827e+00
2.724633952638283674e+00
2.718749606659705442e+00
2.704639228103803639e+00
2.695904289128653986e+00
2.688985465332647262e+00
2.678687282899778754e+00
2.674090370359248681e+00
2.668716138543846927e+00
2.665322215888506818e+00
2.653737523035701429e+00
2.651683183607532079e+00
2.648784468147288962e+00
2.636379619551455722e+00
2.633588017879904264e+00
2.622391487645028274e+00
2.615812753793653300e+00
2.612040785330510317e+00
2.608756539931968099e+00
2.597282297708636278e+00
2.593846534295980444e+00
2.581992745010814883e+00
2.578112189042907509e+00
2.577374837218794124e+00
2.569494356581678129e+00
2.564465911208416937e+00
2.552021793001572281e+00
2.549596193360545549e+00
2.540958345162562804e+00
2.527941716632319036e+00
2.524506349682413830e+00
2.519969801226368045e+00
2.509626143149075173e+00
2.497515884901286842e+00
2.493702797329139020e+00
2.493050125524240990e+00
2.490691384780574946e+00
2.475611900081637451e+00
2.471028625462815320e+00
2.463769232727794467e+00
2.448299412594903135e+00
2.446373807843253978e+00
2.437069693948585414e+00
2.436252466426511276e+00
2.430079008985865041e+00
2.422929081876587176e+00
2.414855355700239237e+00
2.413153630692416840e+00
2.400197776965489638e+00
2.393137708772750116e+00
2.388670436047943824e+00
2.380647779243315387e+00
2.379755027678320811e+00
2.370854000202846201e+00
2.367650859590185064e+00
2.364003306883518896e+00
2.358059782354669842e+00
2.354838560298907257e+00
2.342813503793989227e+00
2.334860538209248215e+00
2.332272031969240267e+00
2.321942029772539495e+00
2.314326606982557877e+00
2.307759296186477904e+00
2.304156783087818017e+00
2.301054049205474961e+00
2.291822948164388141e+00
2.286792807189109489e+00
2.274374066471353650e+00
2.274352435068830225e+00
2.273443399950048072e+00
2.261972783337836912e+00
2.246702471816886870e+00
2.245440077573563009e+00
2.238451189429189636e+00
2.237472096132316235e+00
2.230935737971797117e+00
2.226769579879480432e+00
2.218933273202921441e+00
2.212443513623170599e+00
2.200445862990867862e+00
2.191173813360161038e+00
2.190866649700634827e+00
2.180935443589747003e+00
2.165837813679626134e+00
2.160894524928803850e+00
2.160014316985214400e+00
2.157516590926837008e+00
2.148677512695010616e+00
2.144959744223482900e+00
2.144718241613129184e+00
2.140046202963973965e+00
2.128107448755319098e+00
2.127834514410852584e+00
2.110754910840552778e+00
2.107949759820329394e+00
2.102336945387710099e+00
2.095152370508043038e+00
2.094435484452770613e+00
2.082352367447450003e+00
2.080263610836715404e+00
2.077077682064273123e+00
2.063362139017137942e+00
2.056729576645795809e+00
2.050162146852096079e+00
2.048356278654608342e+00
2.041308835758448570e+00
2.037862591489647546e+00
2.034565476691723607e+00
2.029537962360045356e+00
2.021982078513440140e+00
2.015036796358498083e+00
2.009356045058166895e+00
2.002761663636318801e+00
2.000381627914674887e+00
1.977503097240649765e+00
1.974508969210739373e+00
1.971782252259252965e+00
1.969223680987910008e+00
1.966767181156475086e+00
1.959654006912165958e+00
1.953662110089495085e+00
1.951390163013198453e+00
1.945395792301732429e+00
1.944250735070510716e+00
1.924896268026614843e+00
1.924098416287755464e+00
1.919400804783913950e+00
1.917965982354658427e+00
1.912617958813981556e+00
1.905900835820231176e+00
1.904734473836695585e+00
1.893481081368718399e+00
1.893094461169281040e+00
1.891896809198964968e+00
1.882002355415004935e+00
1.867841514314191542e+00
1.863399326786130183e+00
1.851895796894170054e+00
1.849876424769602901e+00
1.847762096573997148e+00
1.842101126879989614e+00
1.837324362821022739e+00
1.833146784432378995e+00
1.818559596757625130e+00
1.816984162337702990e+00
1.809637013909935366e+00
1.809451565751543312e+00
1.795223597501869994e+00
1.792543034040019911e+00
1.783678515611154314e+00
1.775754215881140574e+00
1.767359515648770252e+00
1.766526528830308918e+00
1.761626938913429807e+00
1.754935599256894463e+00
1.753284748569328810e+00
1.746989230566792450e+00
1.738088391520185905e+00
1.737247764178201370e+00
1.728828747332706861e+00
1.725386517933006791e+00
1.720164501682537983e+00
1.713968253295442112e+00
1.707040127500937921e+00
1.706914086319501589e+00
1.700537637027317750e+00
1.693533268573546469e+00
1.693051752647294128e+00
1.689886911531394587e+00
1.682730714563061225e+00
1.680130052570345978e+00
1.666862577092188324e+00
1.664317457125403799e+00
1.663065413755553834e+00
1.656904098820050297e+00
1.649847392330808127e+00
1.640853089771882489e+00
1.640831764880700483e+00
1.636163393890359696e+00
1.631881349337525267e+00
1.626115253066227506e+00
1.612763125828107436e+00
1.603410898806204798e+00
1.598845264801303623e+00
1.596265562479294298e+00
1.595392826356150096e+00
1.594073727614663705e+00
1.589344766371796558e+00
1.572507141809927456e+00
1.571920532611191135e+00
1.567439531389308360e+00
1.554006927061539312e+00
1.552275524164496101e+00
1.548258549687006269e+00
1.547973260367536685e+00
1.538409521753561382e+00
1.535551437157694599e+00
1.529068391755470602e+00
1.526796515834491608e+00
1.525542993154596294e+00
1.523647716489447079e+00
1.509250482851440367e+00
1.504398654904964161e+00
1.502729549720362989e+00
1.499371616606948621e+00
1.496157468277448332e+00
1.495373817697804641e+00
1.485480164986572538e+00
1.474283340230246875e+00
1.470186857929054902e+00
1.470048603740419457e+00
1.467506443558896478e+00
1.463832714195126616e+00
1.454053183768517110e+00
1.450194690469830183e+00
1.442955836211795129e+00
1.434911876542230180e+00
1.432910009165526688e+00
1.428124474198362304e+00
1.425868714153802008e+00
1.421572046808494916e+00
1.418408226233822234e+00
1.412752904907826901e+00
1.406747853528843129e+00
1.398572992030838735e+00
1.396546060017137103e+00
1.394418870591097592e+00
1.392786053248052491e+00
1.377829757996907212e+00
1.372952283486916558e+00
1.369308879279665492e+00
1.366915600911645434e+00
1.357860008431108323e+00
1.356479316597752671e+00
1.349361832038692199e+00
1.346072334936040171e+00
1.345502260925673710e+00
1.339142179792183196e+00
1.337525402310010492e+00
1.328179485467498422e+00
1.323131547078685077e+00
1.316627610330477705e+00
1.315542962672843652e+00
1.312414038043807851e+00
1.306562449721402785e+00
1.299453954966177882e+00
1.296749046320412324e+00
1.291947582574765496e+00
1.288685718583873152e+00
1.283416992083618480e+00
1.283209760738343252e+00
1.273184091322136835e+00
1.263623125295368910e+00
1.261567583986970886e+00
1.259175402760115414e+00
1.258344214136754902e+00
1.256048587543244555e+00
1.249251269067297443e+00
1.248159946334999937e+00
1.242177714489004492e+00
1.234488082509055173e+00
1.229373741529781183e+00
1.221923678893735987e+00
1.221428350718374523e+00
1.218553708865514951e+00
1.216262595752937825e+00
1.208378834898398368e+00
1.202099551042640657e+00
1.197458738162373360e+00
1.190903213866347565e+00
1.189753850214757547e+00
1.188369118172152072e+00
1.184399228177585472e+00
1.182612128160327680e+00
1.173181007964657407e+00
1.169032065064423254e+00
1.163486545784989667e+00
1.159925041118789801e+00
1.157133882381671919e+00
1.153084316023960776e+00
1.145763311789662620e+00
1.135194695185825164e+00
1.134728080869065625e+00
1.130510056068061875e+00
1.129463396148064236e+00
1.125652836220818687e+00
1.120004707522922693e+00
1.113095499836528779e+00
1.110050988851797538e+00
1.105447312413919025e+00
1.104713784507634022e+00
1.099491256505752856e+00
1.088494432035244097e+00
1.088474091462388271e+00
1.086613276265171901e+00
1.086238922215755798e+00
1.075439919163601488e+00
1.073346990552743296e+00
1.067768068875072141e+00
1.066639693953322476e+00
1.061438841968693980e+00
1.053269227836270971e+00
1.047676440229783124e+00
1.046961157906869389e+00
1.035028372366588290e+00
1.033838571023394604e+00
1.028728869258236145e+00
1.023303966130074460e+00
1.019324369153845167e+00
1.018206799947896091e+00
1.014104252830371200e+00
1.008012156310623686e+00
1.004457259367293354e+00
1.004242658389044918e+00
9.985541898389810322e-01
9.982032476735678284e-01
9.926965700230893086e-01
9.863620635925856028e-01
9.824670392241990902e-01
9.739090000432099048e-01
9.720456601562670329e-01
9.667345084749988660e-01
9.658167948985881823e-01
9.618620456186179890e-01
9.611491557787704698e-01
9.557998333264597912e-01
9.552235157667894327e-01
9.467676023612533465e-01
9.443611682220998116e-01
9.411198205215037804e-01
9.389112430757264871e-01
9.364244008518073370e-01
9.339929250841192410e-01
9.330543491698523040e-01
9.285694961302181083e-01
9.270907727364379181e-01
9.196270447647793000e-01
9.138009367504381641e-01
9.129853853041627332e-01
9.101966809611792275e-01
9.061734607830738142e-01
9.022643688379501370e-01
8.993096124740165287e-01
8.959295339177107964e-01
8.913481238262495054e-01
8.903952070676157682e-01
8.819383742307740359e-01
8.787180614917647903e-01
8.775397370109926376e-01
8.705423840820909476e-01
8.650420817431133669e-01
8.606466925661231393e-01
8.573148700392057009e-01
8.540177256270065076e-01
8.506896054042165645e-01
8.454823043980799202e-01
8.446410685039335009e-01
8.419908091676315820e-01
8.370806702703014190e-01
8.359620820021466114e-01
8.229213569548973206e-01
8.202309986277036558e-01
8.175224778622677269e-01
8.141699354540380407e-01
8.121803751928918791e-01
8.089463569215379346e-01
8.030912605367446222e-01
7.987357232538108143e-01
7.985681481801388815e-01
7.936481232496167548e-01
7.908444103998510943e-01
7.882547167634504914e-01
7.818388410425457513e-01
7.809115500971309798e-01
7.777950176063557208e-01
7.741231229068639141e-01
7.715305569544932407e-01
7.663770032640390140e-01
7.567514923967837426e-01
7.516209522290475675e-01
7.482734571566008741e-01
7.469361521302034790e-01
7.424176470843816267e-01
7.390677525835924744e-01
7.357518964872097333e-01
7.326937759640702597e-01
7.315386867325974762e-01
7.290337855831435787e-01
7.242310921844242744e-01
7.176178317993551214e-01
7.168164574296447267e-01
7.145155133767877587e-01
7.082899291975737199e-01
7.075809701654290906e-01
6.983182363680403570e-01
6.979339323024125186e-01
6.940956000727477315e-01
6.925238986651653939e-01
6.838612205964580415e-01
6.832162059454187641e-01
6.820283898380542498e-01
6.766583808317930826e-01
6.721976895847302513e-01
6.706892258854681987e-01
6.632338949090972324e-01
6.623786381453160566e-01
6.601755451525661567e-01
6.574789071208450020e-01
6.537251740037225423e-01
6.513777339240773845e-01
6.502995434078930881e-01
6.494613223250442768e-01
6.474106367138855456e-01
6.441937721145376550e-01
6.434452042753536771e-01
6.343470569194510356e-01
6.293364525136206922e-01
6.274970196214717522e-01
6.236863876402090057e-01
6.215007393919731449e-01
6.185285092857359945e-01
6.126962901210126766e-01
6.093324780087453485e-01
6.074788693702422027e-01
6.063840456072262519e-01
5.996704956359465433e-01
5.946388869700965918e-01
5.908171888951808670e-01
5.894600206491868999e-01
5.879310503339498784e-01
5.844935957550191352e-01
5.794639102925736029e-01
5.763612100379587044e-01
5.736848571297296084e-01
5.714118956048676035e-01
5.686325246670160816e-01
5.677080186033207632e-01
5.630564777004333221e-01
5.593748697245407575e-01
5.567387139170656418e-01
5.519571601868179522e-01
5.515583430447060787e-01
5.464557110548535768e-01
5.422286218880566500e-01
5.400808740973183086e-01
5.381096741459405752e-01
5.364881917821998636e-01
5.336973105449360766e-01
5.243068686632096354e-01
5.237547601033357703e-01
5.174965259627265501e-01
5.131966570393189375e-01
5.117158206196997794e-01
5.108689514305179147e-01
5.059727146218658822e-01
5.027945515001644994e-01
5.011138247036612814e-01
4.951116909585386305e-01
4.948720327981377398e-01
4.921039458692080815e-01
4.866236983029748608e-01
4.813415295648599268e-01
4.793262369116886856e-01
4.790234299634983928e-01
4.753030319899454459e-01
4.736609847632780035e-01
4.726129690597105082e-01
4.651884294573718770e-01
4.611001086397310544e-01
4.599939884743351470e-01
4.558026736996477202e-01
4.521572077539532386e-01
4.488557904947414468e-01
4.416420304879619119e-01
4.400031997419934782e-01
4.379608098557624118e-01
4.333186295042530944e-01
4.318401538686199581e-01
4.287389213372089780e-01
4.281941036267474798e-01
4.272724715544630736e-01
4.264852342995586465e-01
4.213695852445361045e-01
4.210692163043359137e-01
4.166043641505902118e-01
4.157074802772585675e-01
4.104189928009905342e-01
4.091770598530989900e-01
4.073867427773446570e-01
4.048344902164975889e-01
4.005878287208601840e-01
4.002737769126359368e-01
3.950732991865936183e-01
3.927074316305924073e-01
3.913070880904966353e-01
3.829737569802244002e-01
3.829364165039573775e-01
3.796261506722206636e-01
3.779127864757803046e-01
3.752431091749580117e-01
3.712470858222012837e-01
3.699364620080221600e-01
3.651078757008949793e-01
3.648115365354127060e-01
3.635279513343205315e-01
3.609868739368702339e-01
3.578764716951906566e-01
3.537658926270631499e-01
3.522613406224899268e-01
3.479845513674315050e-01
3.464637826718677815e-01
3.444778319509150810e-01
3.427970159308686426e-01
3.390704103441087303e-01
3.339240058620667750e-01
3.321195019959774508e-01
3.315366272829325944e-01
3.251608832772984736e-01
3.208089650780094892e-01
3.193581891831058228e-01
3.175526193084744486e-01
3.143548589477817568e-01
3.111424585306451496e-01
3.108449140410030065e-01
3.087371042352252681e-01
3.020054652551715235e-01
3.007475455775765472e-01
2.991640418483458297e-01
2.966115129654491867e-01
2.934688558031820493e-01
2.905131865700462113e-01
2.877901240815810002e-01
2.876343531230279860e-01
2.860708937521575512e-01
2.842909391763044913e-01
2.822956828270850593e-01
2.773754349698585586e-01
2.768412209293973913e-01
2.759112852813371819e-01
2.732313644532192165e-01
2.716480069568503741e-01
2.691927702292603031e-01
2.684479776546470076e-01
2.636719663711152295e-01
2.627027699621328205e-01
2.565906531312621697e-01
2.548489206943020391e-01
2.521629746924648474e-01
2.503299035151576035e-01
2.474277153591473155e-01
2.452878955751566503e-01
2.442955920738584252e-01
2.412062331852724839e-01
2.391353981268700413e-01
2.308223403937390839e-01
2.306671233861923298e-01
2.295191156219895667e-01
2.288612620188724689e-01
2.270378219588260194e-01
2.257435577371186830e-01
2.238892912163825410e-01
2.227027867383930548e-01
2.184825516075369345e-01
2.179794377335674271e-01
2.164011567647543821e-01
2.160508912300624362e-01
2.148055965858911842e-01
2.097925941525414506e-01
2.092539829990575362e-01
2.041834184071157632e-01
2.035169427387339136e-01
1.986370208224122191e-01
1.951669920741463671e-01
1.946095578433206796e-01
1.943606127082009027e-01
1.888859688388425939e-01
1.887573178159756004e-01
1.851608071914919440e-01
1.831924531342647711e-01
1.830604315274973193e-01
1.811372011219843092e-01
1.808971038408666021e-01
1.765884775933067585e-01
1.750962729904506077e-01
1.731369222477710246e-01
1.724557814736491779e-01
1.686212365443388039e-01
1.660593037278260686e-01
1.656929828049611975e-01
1.591526530748474388e-01
1.576925811925772580e-01
1.536449121686662145e-01
1.530733386416233133e-01
1.514563704759575580e-01
1.500314069185187671e-01
1.494420951037639667e-01
1.481195080454411617e-01
1.458111854359557535e-01
1.421921542192520205e-01
1.397648277124318994e-01
1.394657417226213836e-01
1.368653569629403599e-01
1.349908581524442708e-01
1.340579410683513939e-01
1.328439236702748383e-01
1.310256617808968349e-01
1.289094868029988794e-01
1.271001785387175786e-01
1.250093005128974366e-01
1.233716711840619068e-01
1.227915434283971402e-01
1.222109812343617485e-01
1.219586650704738012e-01
1.212493516115072806e-01
1.187652061965049355e-01
1.143712519650999099e-01
1.124557517154902292e-01
1.115596953110671585e-01
1.094499443236848640e-01
1.090580463694565405e-01
1.059551287634846739e-01
1.030515587495770963e-01
1.023269875032740139e-01
1.017137536988003410e-01
9.860643484297668127e-02
9.841202039682922509e-02
9.704130428298160527e-02
9.665157283940371824e-02
9.384426824071766260e-02
8.999593381046694374e-02
8.948659818607419825e-02
8.907672502014676863e-02
8.698203398127253572e-02
8.594804030987907018e-02
8.471833666544562047e-02
8.365657626613154374e-02
8.221866614214812241e-02
8.163220310797140999e-02
7.798800269902879390e-02
7.730716895789917220e-02
7.557848918380251357e-02
7.458708986538216401e-02
7.116733600392104175e-02
7.045390844272424180e-02
6.855417926479345780e-02
6.715538987338046106e-02
6.571350946629020418e-02
6.318415817318231986e-02
6.316231651733476837e-02
6.079824950847925735e-02
5.964580718916146634e-02
5.945643133555055665e-02
5.700877270660190121e-02
5.677822719157980119e-02
5.485262704412682128e-02
5.281904607542257241e-02
5.141334170714312313e-02
5.137564117101242611e-02
4.987940729475189711e-02
4.941754414767001585e-02
4.912404115240108504e-02
4.618498507992748608e-02
4.360004079787981046e-02
4.359787756915037976e-02
4.194578084622599401e-02
4.022451169108039182e-02
3.937757950393481338e-02
3.935261165706358671e-02
3.853289258633298825e-02
3.776390765155188123e-02
3.624404688643247108e-02
3.379601963616949561e-02
3.309866349784753442e-02
3.174277041823342360e-02
3.114473263971384229e-02
3.051893950350059725e-02
2.886647106208992813e-02
2.852710429676100917e-02
2.727797188055714611e-02
2.696292655966978785e-02
2.624551425999423898e-02
2.451380471955845464e-02
2.400779770736140989e-02
2.357277337195317832e-02
2.287309418856309229e-02
2.116559427437389104e-02
2.044154062492995264e-02
1.901704189523490546e-02
1.899907659512651767e-02
1.748026237544882469e-02
1.656926540552084923e-02
1.636966576237174759e-02
1.552467399461989264e-02
1.550734621543142615e-02
1.332770525107083819e-02
1.243373269854097622e-02
1.158954686642892085e-02
1.139322147187197230e-02
1.069150363672565461e-02
1.014830995725957315e-02
9.902824671502644463e-03
9.230275084667139210e-03
8.541599450111092909e-03
8.283396396003782011e-03
7.833457749596513600e-03
6.998062600831826338e-03
6.568881267585950298e-03
6.119516382228377613e-03
5.634867731124100498e-03
5.001565810399504798e-03
4.185911905783326441e-03
3.917524342307636583e-03
3.314290628995102649e-03
3.124145143498341728e-03
2.281035808399442272e-03
2.187316138752114312e-03
1.894706427847782501e-03
1.765755051379871423e-03
9.984779050308944127e-04
6.874275783403767858e-04
5.829345020609058830e-04
5.025735108404118289e-04
1.865167273608458372e-05
