# Singular values
2.514969818065667653e+02
1.004187323791475137e+02
9.784116306648770944e+01
8.958178611119429036e+01
6.500167950048729892e+01
6.294108069252380488e+01
6.000155911711994605e+01
5.684234436244096855e+01
5.332798639874572189e+01
5.309795165026379493e+01
5.105240196129265229e+01
4.993998387521389049e+01
4.062527363511792089e+01
3.942340998490077197e+01
3.914741015029571258e+01
3.768344115077648127e+01
3.674925977273139210e+01
3.567542801713182143e+01
3.545943265956371704e+01
3.499057295982219529e+01
3.338564816308225147e+01
3.220276916510831455e+01
3.132073500969667634e+01
3.075741402369775912e+01
3.059572098813590557e+01
2.929056191956518518e+01
2.903360409978099455e+01
2.886914424030012682e+01
2.792402560653616206e+01
2.775678115025341697e+01
2.721707134124699579e+01
2.634672376878493338e+01
2.631706693341347147e+01
2.547932801327882046e+01
2.516680819903985977e+01
2.484887129348013346e+01
2.431395232235247406e+01
2.415792819929551527e+01
2.405825152740446526e+01
2.381699795073605230e+01
2.347743662921610763e+01
2.292382701378676302e+01
2.262368314274744563e+01
2.250831250859998178e+01
2.206948502408467760e+01
2.200039823145298712e+01
2.164630142344516273e+01
2.127303266172855700e+01
2.117200899924193536e+01
2.105450206925103984e+01
2.078191228264188695e+01
2.054701295201624589e+01
2.052524755028127856e+01
2.038446655234117344e+01
2.026844713763711425e+01
2.016037145397151420e+01
1.970673260163686891e+01
1.968356993935219279e+01
1.954031647991308773e+01
1.924123744211240705e+01
1.908758758486810692e+01
1.894201933264597670e+01
1.880917127895141405e+01
1.853700592769894584e+01
1.847008577710480992e+01
1.836354779023494288e+01
1.828688586480164346e+01
1.804836180475334118e+01
1.791889130400049268e+01
1.772404316366118593e+01
1.765647901204145498e+01
1.759579511047358835e+01
1.756907772202599460e+01
1.740827919343553276e+01
1.727195903054593629e+01
1.720575164399362222e+01
1.717956370242018593e+01
1.706045881068489933e+01
1.698066169352982868e+01
1.686772326784861420e+01
1.677493770017510499e+01
1.668843497394205855e+01
1.665002695626088780e+01
1.655711979043881854e+01
1.644751058219663165e+01
1.639244934292816325e+01
1.634708014829809386e+01
1.628699710687822844e+01
1.623582032166151023e+01
1.618989345864934037e+01
1.604765846954026287e+01
1.595657241458922293e+01
1.594985289322099931e+01
1.587554861772790282e+01
1.573521738345362841e+01
1.568667579192008432e+01
1.562462465266080969e+01
1.553114183522701808e+01
1.549045754074897907e+01
1.543261841893711583e+01
1.533522289235819258e+01
1.530929547527845536e+01
1.522594416778301785e+01
1.521896430851592719e+01
1.515931528010559504e+01
1.503754871735098853e+01
1.502803058208031572e+01
1.501021472570836224e+01
1.500017487478209333e+01
1.493523657775173419e+01
1.490743776483920335e+01
1.482664662730279836e+01
1.475842263691005485e+01
1.475436541062707185e+01
1.465453978264901380e+01
1.454365536189504482e+01
1.451058736140754313e+01
1.444240428599769110e+01
1.439073127924757856e+01
1.438258125318641589e+01
1.436777532652758538e+01
1.422476539992568689e+01
1.418036744863221443e+01
1.417323824870292803e+01
1.407258563036833188e+01
1.403578365511827286e+01
1.400275765430638941e+01
1.398577211128854003e+01
1.393385544183924374e+01
1.392271138486084148e+01
1.387519997028740448e+01
1.383237729930515769e+01
1.374989424462566490e+01
1.371057150732405816e+01
1.370054167933113831e+01
1.369479343656928982e+01
1.365287959318011879e+01
1.359371983425084274e+01
1.355395720050918129e+01
1.352359125073237145e+01
1.347973072388648674e+01
1.340481528583761062e+01
1.338598826295723221e+01
1.333907082673897371e+01
1.333587121424437605e+01
1.327392216974239503e+01
1.325964104996504567e+01
1.320591323762726255e+01
1.308807033650603735e+01
1.308382206825726612e+01
1.307918311032118908e+01
1.300411885850019900e+01
1.299469695434145144e+01
1.295056072207715481e+01
1.290300778885244704e+01
1.287099213830878064e+01
1.277770058225158500e+01
1.277548551305855717e+01
1.275776547380108816e+01
1.274140494788033706e+01
1.272456562562054572e+01
1.267698085431009503e+01
1.262842809725507109e+01
1.260008124635348103e+01
1.257182736088473973e+01
1.255560619389303412e+01
1.251998886186787274e+01
1.248672515548446604e+01
1.245576051950493834e+01
1.242437109316031041e+01
1.239287869600404868e+01
1.233849109475385042e+01
1.225042059325996036e+01
1.224126621300680107e+01
1.220673050131246029e+01
1.217835850170170886e+01
1.216848150881530977e+01
1.212428857168625740e+01
1.211060531886563751e+01
1.206658377617363698e+01
1.204954254326052343e+01
1.198890838275910298e+01
1.195114431454901371e+01
1.194254509315191548e+01
1.187619876231733329e+01
1.186961183392598507e+01
1.182839495840252120e+01
1.180117533729005963e+01
1.179384398327672834e+01
1.177916456785081856e+01
1.175050055512278213e+01
1.174982503051747784e+01
1.171956679814331537e+01
1.170725458682599829e+01
1.163616122420629573e+01
1.163612056865946442e+01
1.162371395180982248e+01
1.161214149407047280e+01
1.154147822155559489e+01
1.152526050722638473e+01
1.149675570269576497e+01
1.145864852214242546e+01
1.144430342715451410e+01
1.139600632813961489e+01
1.136255451339628664e+01
1.134359503666179947e+01
1.132513073862943465e+01
1.131939792729392735e+01
1.125147462705159462e+01
1.122608789199892598e+01
1.120998052695596492e+01
1.119860042832166158e+01
1.117714321905085306e+01
1.116863596222866484e+01
1.115196648520169376e+01
1.111894854964032753e+01
1.107527072007294322e+01
1.106962320272228695e+01
1.100709153110381777e+01
1.100601662894718480e+01
1.099588045924157953e+01
1.096470192343520189e+01
1.094966939804451123e+01
1.092000967238754150e+01
1.089164904917663890e+01
1.086282373480191232e+01
1.085525180941518286e+01
1.083033586070458298e+01
1.080372260818995755e+01
1.073518724828204185e+01
1.072079827195824997e+01
1.070601160638902449e+01
1.070108224289679910e+01
1.066387481596378883e+01
1.064486926917495069e+01
1.061327849988603411e+01
1.058730059164876280e+01
1.056148484952748490e+01
1.053493514127080566e+01
1.052549046032149249e+01
1.051870496272830913e+01
1.046256340757288683e+01
1.044193604287698385e+01
1.043170409591374082e+01
1.040861865369758732e+01
1.040058732355655202e+01
1.038030542621799768e+01
1.035281835577883491e+01
1.030213310170579888e+01
1.030051455336415067e+01
1.026749702186729962e+01
1.023935141998052956e+01
1.023745904989890398e+01
1.022572996487494379e+01
1.019622295953925928e+01
1.017080100325684455e+01
1.013213562621811903e+01
1.008786885757969110e+01
1.005868666797949373e+01
1.003126461042111117e+01
1.001442850208002788e+01
1.000938144776378458e+01
9.974454193563753179e+00
9.969545683924328827e+00
9.938427971328875898e+00
9.902575436083889571e+00
9.887739265024283242e+00
9.879995429777073568e+00
9.864699957185612433e+00
9.814215923882304793e+00
9.812251436983846276e+00
9.803288334159887540e+00
9.792495204346675308e+00
9.765084734483314932e+00
9.758860647581009573e+00
9.727352177210354611e+00
9.709035204876641956e+00
9.675195270562989336e+00
9.674346457320684323e+00
9.666635364117901474e+00
9.633007743333582340e+00
9.614034511907467717e+00
9.601759019303630183e+00
9.599404948375239499e+00
9.590067112324904386e+00
9.544822797096204070e+00
9.540636862946447749e+00
9.502622572384005650e+00
9.478981368841973065e+00
9.458981481718494067e+00
9.425614626757356618e+00
9.421760351123936061e+00
9.417401808653021789e+00
9.398368983843273128e+00
9.396850623534106717e+00
9.391494452293592587e+00
9.338981116801226889e+00
9.324404084330289777e+00
9.317264584786373760e+00
9.276317269074779048e+00
9.276271859181489887e+00
9.243556325868063084e+00
9.194026057017719467e+00
9.163505714084337228e+00
9.126580994830025162e+00
9.112001656575918318e+00
9.099871151121142532e+00
9.070456441418588867e+00
9.056232035013614734e+00
9.036796828076036903e+00
9.018968314979424861e+00
9.009690383813355297e+00
8.990277931035940640e+00
8.949518961520194438e+00
8.927843074848112792e+00
8.906641198532327053e+00
8.899581211740034803e+00
8.877518198737964994e+00
8.872604776110359026e+00
8.837866875227490482e+00
8.835365748928758478e+00
8.823025473294674015e+00
8.815170225686680183e+00
8.794297298915449090e+00
8.732454213054721137e+00
8.730942452997027203e+00
8.717801349580934556e+00
8.669966198776091204e+00
8.651611948997592449e+00
8.641156277936916652e+00
8.632383836005013578e+00
8.631948204337321684e+00
8.607210056859567970e+00
8.598204557998638364e+00
8.573944530076506254e+00
8.543886066558615155e+00
8.541719248701692635e+00
8.524730661737452309e+00
8.521920205823606764e+00
8.498619105263971463e+00
8.458650521734650596e+00
8.447010580181636641e+00
8.423753366761719263e+00
8.416575402794739702e+00
8.400242076426469140e+00
8.400041530452615035e+00
8.376908550304614565e+00
8.370890465586654727e+00
8.364283944392818526e+00
8.343284627331543746e+00
8.343281878056284739e+00
8.290359998031309630e+00
8.282242875276844885e+00
8.256483919937352312e+00
8.247944367332671334e+00
8.233410483466675700e+00
8.221339015173692033e+00
8.179637961701102356e+00
8.176504770952551127e+00
8.149514348126015051e+00
8.143997367633907913e+00
8.117131656499239512e+00
8.116764961242775911e+00
8.098758845695247288e+00
8.076511058342578764e+00
8.064637239783181144e+00
8.055554786052017135e+00
8.027411294899829741e+00
8.019956149691333636e+00
8.008849212571238496e+00
7.981588043346284245e+00
7.973493986661411626e+00
7.962552916427938499e+00
7.939208029978644277e+00
7.922003603252113280e+00
7.921166574888220069e+00
7.885326333240602281e+00
7.874291722920405689e+00
7.866280407588951640e+00
7.860165631970580158e+00
7.844562722605946448e+00
7.813046981099856403e+00
7.804772932859321166e+00
7.784621430051704927e+00
7.780673412697828084e+00
7.754030635522367376e+00
7.753174099133543606e+00
7.752453960660105281e+00
7.728808837292826084e+00
7.719788786563285043e+00
7.716769724018725185e+00
7.679965870053336197e+00
7.670326342936377273e+00
7.641334754683244412e+00
7.635460730874975788e+00
7.613632707439359493e+00
7.598960011442793316e+00
7.588874654882990178e+00
7.573225767106551487e+00
7.570314884013518153e+00
7.526728875872054303e+00
7.520549900482915717e+00
7.509728514738238658e+00
7.502488440499600841e+00
7.494861160643094600e+00
7.487799282775102760e+00
7.471407618833122655e+00
7.459266848550284656e+00
7.452904862800814989e+00
7.429803604313701904e+00
7.426086901883488522e+00
7.416465610927890140e+00
7.387013352755625206e+00
7.368527170043719821e+00
7.367244456508629469e+00
7.338657260743060462e+00
7.329591263178514282e+00
7.317682148706821543e+00
7.303008990273852419e+00
7.291377459079589229e+00
7.291291280462128377e+00
7.287795164979697482e+00
7.281324336647621465e+00
7.266865340173954024e+00
7.248334490515906836e+00
7.241819589012249203e+00
7.231418520402760564e+00
7.206371311070370211e+00
7.167276510535520728e+00
7.165990588540696926e+00
7.153951654835403851e+00
7.113509150806213377e+00
7.106382985313513423e+00
7.094132553908787386e+00
7.085495918598923915e+00
7.073120623601900192e+00
7.070083479613527011e+00
7.058020007530496187e+00
7.030093038618895562e+00
7.029327619764872637e+00
7.016314952862665599e+00
7.012087248106256610e+00
6.991339161613823627e+00
6.989722755465286319e+00
6.971573945934308902e+00
6.946733243444061401e+00
6.945613302096588448e+00
6.929916321736002693e+00
6.909943878724278399e+00
6.900300544887418397e+00
6.895327697546744794e+00
6.879810951763187354e+00
6.879681891788177239e+00
6.835072463332423354e+00
6.829564224294234265e+00
6.814766430886203707e+00
6.813096298675116458e+00
6.802672269110223269e+00
6.781785399104180989e+00
6.761517943549421261e+00
6.753509138086056574e+00
6.749278163313604750e+00
6.734080893197642581e+00
6.732440740339462160e+00
6.710191690989654845e+00
6.688990210655281210e+00
6.678064824163505442e+00
6.670605198841853323e+00
6.669623818759077061e+00
6.661466056495318533e+00
6.655016367351668016e+00
6.639771179156094050e+00
6.635641846809665623e+00
6.614151132394472832e+00
6.607470510467177149e+00
6.596127999951555410e+00
6.580093753023616543e+00
6.572792047236131197e+00
6.559167154255015397e+00
6.549545779337918816e+00
6.539930975890285936e+00
6.536478847889852339e+00
6.519495262772100119e+00
6.518723181561735025e+00
6.495823374368317360e+00
6.494822681040851364e+00
6.473803889982120197e+00
6.473797419225247651e+00
6.460265748060854740e+00
6.449663041960836729e+00
6.421758073970940117e+00
6.418222038086408787e+00
6.412061703301439763e+00
6.401198788490650493e+00
6.387535301739245774e+00
6.382454063448784076e+00
6.375861944516542756e+00
6.362279172471052568e+00
6.349625275230640575e+00
6.344580743019889724e+00
6.340740443949846039e+00
6.332421109480859123e+00
6.324997301017746487e+00
6.311464475371677096e+00
6.311136231692887399e+00
6.276603522863972273e+00
6.269262631779613848e+00
6.267845856416424333e+00
6.258462476591493129e+00
6.253846088832861305e+00
6.225105700711017320e+00
6.213171993731952725e+00
6.210185455113690800e+00
6.198120000822209263e+00
6.194330006287192880e+00
6.185045979024704543e+00
6.174939064406300915e+00
6.145548624571347318e+00
6.138220279917511846e+00
6.134607975096267651e+00
6.131231847665829626e+00
6.128925070704423383e+00
6.114572828198759247e+00
6.102068537418608329e+00
6.096340579244655444e+00
6.090215704179987810e+00
6.089089182140427603e+00
6.063145569089741116e+00
6.053358076202444593e+00
6.039715060457909068e+00
6.017773277615452443e+00
6.005568979606910496e+00
5.998350101385044653e+00
5.986581507182592965e+00
5.979087268414861711e+00
5.972535037154717230e+00
5.962289629733655616e+00
5.941199044917039096e+00
5.939414375608266461e+00
5.929474494190230871e+00
5.918206865885793810e+00
5.907572764929115650e+00
5.897885523806657204e+00
5.887270722307058612e+00
5.879479969480740031e+00
5.877853617711125800e+00
5.859177280281077316e+00
5.852846768554362811e+00
5.844675060728182991e+00
5.836419282469417880e+00
5.820241618373521497e+00
5.813014040410527272e+00
5.785226447934242344e+00
5.782920796450334855e+00
5.776236775197244100e+00
5.767964385565757190e+00
5.765687985625643108e+00
5.755817598359088905e+00
5.753322280240100284e+00
5.741009806068266386e+00
5.736070994189903516e+00
5.710103818652538799e+00
5.708051425085436392e+00
5.690434048655672150e+00
5.677132026263596920e+00
5.658316362467222582e+00
5.655136589936671676e+00
5.644589217504394796e+00
5.639832443312285726e+00
5.637163960089417003e+00
5.617253255093434205e+00
5.609769441237629550e+00
5.606036278082890512e+00
5.597221833888645470e+00
5.591374569321807542e+00
5.589942425102871759e+00
5.584902829250036227e+00
5.578224057785968526e+00
5.558165490133180064e+00
5.557661213003651568e+00
5.534010667500397496e+00
5.533441390095140022e+00
5.529409112227250844e+00
5.507187855493239859e+00
5.503595459954754965e+00
5.484985847486103516e+00
5.480153161844857124e+00
5.470602752531038782e+00
5.465453241644762095e+00
5.464014184892231007e+00
5.446323661302090002e+00
5.436179715348902874e+00
5.435968301046220752e+00
5.433787552750673377e+00
5.400020371223694049e+00
5.398519629475518222e+00
5.375251331655851672e+00
5.368100379777717812e+00
5.365792911351723760e+00
5.349272534517863775e+00
5.341523110936432062e+00
5.340115642549868369e+00
5.325383748315848820e+00
5.320744675161917847e+00
5.319838103276113728e+00
5.299056360712252278e+00
5.289699062168770283e+00
5.276124731989308536e+00
5.271910708957515013e+00
5.263441219126046455e+00
5.248331592415028446e+00
5.243193000707248252e+00
5.241562141506356909e+00
5.232788991350058261e+00
5.225465642503694497e+00
5.222152241957922492e+00
5.209848104348211884e+00
5.200935742947103257e+00
5.199709108597205365e+00
5.188046223587466699e+00
5.186986716002040865e+00
5.173343853954047944e+00
5.173098150230400094e+00
5.158093440499476934e+00
5.154893272132371251e+00
5.147050983462302831e+00
5.128720912822340772e+00
5.124212458559543215e+00
5.122894389119744041e+00
5.108833770335249547e+00
5.093108541506041753e+00
5.088069381103299094e+00
5.086140424565800622e+00
5.075461161980499902e+00
5.069553379832256290e+00
5.067917031671126615e+00
5.047194628491336488e+00
5.041860570869335589e+00
5.036842249993441101e+00
5.030464335663689113e+00
5.017515657286744535e+00
5.011187699342153579e+00
5.008637097444883501e+00
5.001236717666855291e+00
4.996442002307128760e+00
4.986896544804110043e+00
4.971548253720742494e+00
4.971180358951766465e+00
4.954197053841534526e+00
4.934852962864896497e+00
4.927520030063997858e+00
4.925919270363509739e+00
4.921023751154201875e+00
4.902342615864388797e+00
4.896305499588597065e+00
4.893212520902166851e+00
4.883877720253183341e+00
4.881545957539674241e+00
4.872830556636665200e+00
4.858466894589585472e+00
4.855847808188954673e+00
4.841530720799045895e+00
4.832528267498344299e+00
4.826444973176345243e+00
4.818135632282290359e+00
4.805282803527632929e+00
4.803351110937955859e+00
4.799595302961319199e+00
4.785333277207596936e+00
4.782442887878398885e+00
4.777839349817228687e+00
4.757458320109322791e+00
4.747489767999717003e+00
4.744305618976546235e+00
4.729220328785356919e+00
4.727696317198087250e+00
4.719255300821790122e+00
4.711544067900368837e+00
4.708708497569288554e+00
4.707031878016006310e+00
4.703829700472605957e+00
4.686971681968838510e+00
4.681262892514774343e+00
4.673636959209389374e+00
4.663716169628765229e+00
4.659487211972331622e+00
4.657647044426746596e+00
4.644341831118549813e+00
4.641338812660301016e+00
4.629150869054470263e+00
4.625260228617280589e+00
4.622994403920655415e+00
4.606923946362915245e+00
4.602163072740547811e+00
4.598547074424574888e+00
4.592831542208150708e+00
4.587494582102920049e+00
4.580912052606218587e+00
4.566088106693491078e+00
4.560924826668775189e+00
4.557058701889670438e+00
4.549862197612869252e+00
4.542898793688106451e+00
4.541953634113654381e+00
4.534707213290796624e+00
4.527034053026964600e+00
4.526751178842721934e+00
4.525360848158771709e+00
4.516433790694600603e+00
4.502198651959943732e+00
4.497150420830577033e+00
4.488504868132109138e+00
4.472943051676654846e+00
4.461142252492116711e+00
4.460933030634194552e+00
4.451606204622325258e+00
4.447144484081169580e+00
4.441615294157220895e+00
4.436753887686764486e+00
4.430630642265025898e+00
4.419385259556476875e+00
4.418181157595706843e+00
4.409450024977235039e+00
4.399765586199906764e+00
4.399708239053919279e+00
4.388855841603872321e+00
4.388341348654524410e+00
4.380929398997409407e+00
4.370039763991881543e+00
4.364624863908238339e+00
4.352961551951787023e+00
4.348975957088846656e+00
4.346009353251272245e+00
4.341865977294070866e+00
4.339494505639685862e+00
4.317319526102909144e+00
4.313901609608075560e+00
4.304581262131573993e+00
4.296922668001831092e+00
4.290033840151886935e+00
4.281938651076405478e+00
4.274774065922345656e+00
4.267127758590003594e+00
4.265577046444513520e+00
4.245549632815930785e+00
4.244786250347643453e+00
4.237589005141110476e+00
4.236563635575158138e+00
4.223872937695568375e+00
4.220032015624666677e+00
4.217354379888957006e+00
4.216332455180817895e+00
4.204065122174643676e+00
4.202405422844335270e+00
4.201654376321658724e+00
4.197355258118644628e+00
4.193513644013079578e+00
4.170746630750157280e+00
4.161704997069016976e+00
4.161401116540748291e+00
4.154122814358787608e+00
4.149791461971450879e+00
4.145246162120437283e+00
4.139493731345650573e+00
4.139044696230886444e+00
4.127189517630841742e+00
4.126415535984230942e+00
4.122757770749085005e+00
4.115301314576597314e+00
4.102220987524896501e+00
4.099320524636239860e+00
4.095080800762485929e+00
4.082345753081098927e+00
4.079918729991361737e+00
4.066064009246864508e+00
4.064279329924414874e+00
4.060093744027284401e+00
4.044040199871868246e+00
4.043945844214609231e+00
4.039206985583617460e+00
4.033866668874024342e+00
4.031455469056802521e+00
4.028120904793423662e+00
4.020509620014657060e+00
4.011445431509913284e+00
4.008094103608619285e+00
4.005913872970382705e+00
3.991681445759626801e+00
3.990590118110875384e+00
3.986470028460728621e+00
3.983990941501454497e+00
3.975678726959988918e+00
3.965553167594695783e+00
3.955043810703573026e+00
3.953258779618387564e+00
3.952830446201101910e+00
3.941365180217736519e+00
3.932163144588583403e+00
3.923324976692050825e+00
3.920618090317568694e+00
3.907551420744614035e+00
3.906432869328885449e+00
3.901818057557621788e+00
3.896745286889975901e+00
3.895619393017288434e+00
3.890119306842432234e+00
3.877621507043714555e+00
3.877574749175596303e+00
3.875462557586401680e+00
3.860763804652010300e+00
3.857941271350522783e+00
3.846858047104091849e+00
3.844033409095256371e+00
3.838666160136213534e+00
3.835341092861594969e+00
3.832565856878739297e+00
3.828319433518475812e+00
3.814843740198933908e+00
3.806493932499622090e+00
3.802160618541748693e+00
3.800449618611338121e+00
3.794207686444067029e+00
3.785913289405899995e+00
3.784777623141035274e+00
3.783985697730315234e+00
3.781026998449339871e+00
3.771930271314755334e+00
3.763475962779860406e+00
3.760241423293680274e+00
3.748444986547132096e+00
3.747076091661405872e+00
3.742851810455805950e+00
3.737370024698880133e+00
3.733568733391666949e+00
3.719073228498629646e+00
3.716255484486422400e+00
3.712759257711895078e+00
3.703206886977455703e+00
3.698614162016385265e+00
3.696897805973303974e+00
3.683703351829192396e+00
3.683085516017912564e+00
3.673984651643363630e+00
3.669896728637942473e+00
3.664018150739406288e+00
3.660159094766524124e+00
3.653498013151207591e+00
3.651352726916307301e+00
3.644424976944914185e+00
3.641037013521781329e+00
3.640411957749564831e+00
3.633033650745444820e+00
3.632650935275239856e+00
3.627399799663817870e+00
3.621917711296542386e+00
3.615924658284412008e+00
3.611580962702326314e+00
3.605790240749470410e+00
3.602590671136971956e+00
3.600924722928899424e+00
3.598146440168425997e+00
3.588697708484451354e+00
3.583333593087469460e+00
3.581039284759718999e+00
3.575958922434872456e+00
3.569564712376010363e+00
3.567161850414980684e+00
3.558841188476817408e+00
3.551498239093520581e+00
3.534702748564486186e+00
3.533851876412235082e+00
3.527903338325482085e+00
3.526559880118234958e+00
3.518748716287798395e+00
3.514005958522683049e+00
3.505780064623443160e+00
3.501105787291425298e+00
3.497912217191278650e+00
3.497216392356922832e+00
3.484540991273958888e+00
3.484115519465438737e+00
3.480488945611217577e+00
3.476759055454842429e+00
3.465003431940023582e+00
3.464693585416968702e+00
3.456787509209055198e+00
3.451744894140460485e+00
3.450258986274033379e+00
3.445277387140187386e+00
3.441847374463922637e+00
3.436239438362185705e+00
3.428796672104337695e+00
3.427852185464213886e+00
3.423751698280467437e+00
3.419145950307647563e+00
3.413620899547016752e+00
3.401613168836922441e+00
3.401427079926465424e+00
3.397736011007118417e+00
3.393797154222159662e+00
3.387942133866681971e+00
3.384093373339355448e+00
3.373180678008029343e+00
3.369964053534819204e+00
3.368619532383887449e+00
3.360225595758837613e+00
3.355191314931087465e+00
3.351400810210429349e+00
3.350074421435981886e+00
3.340441736201043899e+00
3.333601747842181329e+00
3.333230942483531134e+00
3.324590420489691667e+00
3.322137581931318362e+00
3.314360230567464427e+00
3.313919155877873557e+00
3.312134725820497838e+00
3.310229422112195063e+00
3.300142553669589418e+00
3.295722168144470388e+00
3.293785516608937147e+00
3.291621905414388483e+00
3.288466429663449819e+00
3.279128133068664575e+00
3.278876512775134255e+00
3.275810033308828473e+00
3.269277500600068720e+00
3.267044237314554067e+00
3.254336627867756349e+00
3.253934205693544524e+00
3.248221563483476348e+00
3.241098574424825074e+00
3.240624566067453749e+00
3.236282679590682054e+00
3.226659272093336028e+00
3.225700279578372687e+00
3.220485398819542322e+00
3.219568859414996709e+00
3.218380925149259664e+00
3.200661098331796239e+00
3.200001955166558165e+00
3.194734539047836108e+00
3.192564389221997700e+00
3.188222137788890187e+00
3.181373390307310700e+00
3.180284004179455781e+00
3.176164967339694556e+00
3.163707579464692277e+00
3.162709058147667118e+00
3.160555982387016627e+00
3.157520627889839115e+00
3.157378508060958655e+00
3.147139592321343216e+00
3.142600742585361928e+00
3.138917698264391376e+00
3.136185187547996023e+00
3.129045753866531943e+00
3.128299734452211212e+00
3.124973498410874573e+00
3.120189856273587914e+00
3.116620899245862830e+00
3.114288246372810320e+00
3.107835695457660474e+00
3.104390527147010470e+00
3.100061942114912039e+00
3.099080688669985761e+00
3.092836863071010800e+00
3.085508346950164515e+00
3.084900224361204923e+00
3.079870405633914121e+00
3.072718337867546445e+00
3.067162668584554552e+00
3.067066763577134481e+00
3.065613541883135618e+00
3.061202197717804108e+00
3.060511937137733174e+00
3.057151427566267898e+00
3.053264601020047486e+00
3.046155537542410308e+00
3.038167842762793835e+00
3.034988090711726816e+00
3.028886451023695248e+00
3.023012843292848473e+00
3.020683632857977141e+00
3.018433450438162247e+00
3.014118816078594776e+00
3.013016804805267679e+00
3.010834760669965249e+00
3.007650744314205316e+00
2.999252070348522370e+00
2.994768292794946607e+00
2.993631850497050273e+00
2.983588174198307463e+00
2.981302678108672222e+00
2.978764202905315628e+00
2.973209294011067261e+00
2.970601654589897667e+00
2.967615006910787834e+00
2.959799588515434898e+00
2.956121308813325577e+00
2.946604719148149254e+00
2.943140791920222377e+00
2.942723424440481850e+00
2.941192301114050167e+00
2.939163023840304145e+00
2.935651913286120962e+00
2.931115882881130563e+00
2.923122451592549353e+00
2.921548442307670079e+00
2.914292731303158579e+00
2.913364821563068308e+00
2.909474730079868454e+00
2.905964169113343765e+00
2.898346415535887122e+00
2.895829773182543310e+00
2.892200272102651404e+00
2.891602262164974846e+00
2.888010617051992579e+00
2.880057595863523723e+00
2.874998970298445755e+00
2.873680329547224854e+00
2.873087219215605170e+00
2.862259013486403436e+00
2.861034484307884540e+00
2.856431973411372116e+00
2.851962740690636267e+00
2.845035454698537247e+00
2.844411132418465993e+00
2.838915057626858029e+00
2.838375495591754838e+00
2.836822134085586811e+00
2.834731349828157665e+00
2.823276810854435936e+00
2.818065244096082278e+00
2.814141539444696249e+00
2.813558910002476043e+00
2.809746344122195261e+00
2.806147951518487282e+00
2.801807822932498748e+00
2.800848980224925011e+00
2.792918830211081893e+00
2.784897179172275639e+00
2.777010998280419418e+00
2.776238351945618632e+00
2.771586297923351871e+00
2.770802002778151696e+00
2.767252901407117882e+00
2.761970772071052238e+00
2.756602033172021571e+00
2.754642103410811949e+00
2.753013771714378777e+00
2.747520955604542792e+00
2.745920037978613504e+00
2.739115133248013922e+00
2.736413504727066126e+00
2.735376592915026883e+00
2.728568461454865091e+00
2.727397860899475113e+00
2.721300127330963825e+00
2.719029442931729879e+00
2.716605590457874086e+00
2.713966481741284742e+00
2.709486733735831265e+00
2.706075128093534676e+00
2.700223920745123962e+00
2.697516238289285440e+00
2.690558225883084909e+00
2.683234512628357660e+00
2.681751340245463577e+00
2.678172241180496460e+00
2.677199258434767248e+00
2.674280435523291644e+00
2.670191036990472888e+00
2.661013852068286667e+00
2.657641187020344020e+00
2.655175112320134811e+00
2.654748635837166582e+00
2.651933970055826428e+00
2.645712171016953107e+00
2.642331814827814540e+00
2.641646374092940341e+00
2.635499044160543036e+00
2.633776366081062914e+00
2.631412171046957571e+00
2.627680247927441481e+00
2.627285976274583934e+00
2.622694438653051741e+00
2.621746468644650108e+00
2.616598720173348269e+00
2.616088802724833240e+00
2.612807752015255502e+00
2.607721565806723873e+00
2.603934552863385488e+00
2.602982251429749816e+00
2.599474330495487706e+00
2.589543326656747801e+00
2.583862429238513947e+00
2.579253974324988263e+00
2.576544079712280055e+00
2.575043651575400716e+00
2.572777099911226273e+00
2.565689967095395208e+00
2.564967229575678243e+00
2.562018981481660074e+00
2.560833605447363936e+00
2.556816703081030262e+00
2.553716622202744535e+00
2.552547298751683957e+00
2.550237140167566530e+00
2.543012088847783403e+00
2.538428312599003256e+00
2.538167751207789813e+00
2.532272396485454546e+00
2.525421069144975661e+00
2.522557494927075705e+00
2.521553244757453793e+00
2.519086898504582894e+00
2.518264816493954061e+00
2.509670741614212996e+00
2.509630503198132967e+00
2.500416410644990872e+00
2.499154072185107989e+00
2.495323353943438072e+00
2.495011589247812189e+00
2.490796696189095272e+00
2.487343710431370702e+00
2.482314315361665358e+00
2.480718198291234522e+00
2.478873648691050313e+00
2.473828843655091259e+00
2.472194935933312632e+00
2.469003787642044756e+00
2.462789219239853722e+00
2.461512555951316017e+00
2.457461598512550083e+00
2.455063496806114909e+00
2.452156159295957760e+00
2.448497681636804479e+00
2.445844573718915616e+00
2.439270013474244436e+00
2.438843700198710440e+00
2.435008739076030437e+00
2.434682070758138028e+00
2.425303962768077692e+00
2.422453484103652244e+00
2.421644962453793237e+00
2.417366533124999606e+00
2.409529108054907276e+00
2.406057182722516785e+00
2.404547316364777920e+00
2.403204976891848865e+00
2.397707054712742814e+00
2.396985883770492265e+00
2.392464906584347517e+00
2.390137029292931370e+00
2.387656084548416047e+00
2.384483518159905557e+00
2.381735056196051747e+00
2.379986760394542156e+00
2.371772257083644142e+00
2.370133557114942668e+00
2.368923556733884883e+00
2.366448420401773500e+00
2.365364503128728924e+00
2.360812844541599009e+00
2.357862713101458230e+00
2.353594850643319081e+00
2.352532096778784165e+00
2.348347342555924921e+00
2.347250525459302128e+00
2.346429404559743137e+00
2.342724753000201776e+00
2.338365211849610770e+00
2.334035125077751793e+00
2.331568203626444014e+00
2.328883473353311473e+00
2.322210895880134185e+00
2.321722112999184517e+00
2.320883290577618663e+00
2.320183693336311581e+00
2.319413464569979766e+00
2.308700678086003766e+00
2.305552588787515234e+00
2.304825202253183658e+00
2.299595235904654533e+00
2.295048029073852636e+00
2.289905048894722572e+00
2.289749824781288634e+00
2.286747820754405414e+00
2.285868134355282244e+00
2.282670567515083349e+00
2.275658613150210563e+00
2.275102308005014340e+00
2.269842926572561481e+00
2.263608172981361299e+00
2.261477176765804398e+00
2.259789786129751565e+00
2.255917098847564972e+00
2.254623080138437263e+00
2.253285561609011278e+00
2.245852271033111691e+00
2.245259548770891733e+00
2.242223395392587193e+00
2.239421610753103753e+00
2.236469418211052496e+00
2.234433889812412311e+00
2.227817045401637053e+00
2.227652776723447303e+00
2.223566616935560347e+00
2.219621462529052458e+00
2.214837032912804649e+00
2.213636192445361139e+00
2.212188963719512902e+00
2.209706887424789823e+00
2.209009034966445295e+00
2.206685299308986270e+00
2.203818999373321486e+00
2.201552943884168112e+00
2.197773880040181815e+00
2.191503662253460938e+00
2.188594605045815822e+00
2.185407020496576536e+00
2.184092854407176709e+00
2.178689459980008625e+00
2.178268749560212658e+00
2.175697115868275855e+00
2.174731681584557652e+00
2.171098600067004725e+00
2.164680865051822778e+00
2.162432468934918806e+00
2.161910574736717994e+00
2.158226577043063532e+00
2.153708098274250471e+00
2.151923310703795611e+00
2.147910142449492632e+00
2.146079921188844164e+00
2.143494697449213948e+00
2.136372982366629536e+00
2.134346881980250910e+00
2.132316520294958551e+00
2.131404589469704458e+00
2.128667503642144521e+00
2.123341801572470100e+00
2.119874602549463027e+00
2.118447137451920703e+00
2.116213285487082985e+00
2.113125403667829971e+00
2.112562786366309453e+00
2.107767851451337382e+00
2.104332246541896989e+00
2.102009516595435112e+00
2.101027102617966325e+00
2.097945825185126179e+00
2.091287199331832714e+00
2.089683617608748101e+00
2.089310101523998764e+00
2.088811831493587512e+00
2.084342551918117348e+00
2.076791951234479239e+00
2.075545041287586212e+00
2.071549408912184642e+00
2.071363306914232538e+00
2.068016831487969220e+00
2.067145578356758939e+00
2.065734769562484363e+00
2.059247229320644301e+00
2.055976386064412686e+00
2.053427719317529210e+00
2.052879811520533337e+00
2.051798875115920406e+00
2.046973791443919666e+00
2.045537303017628261e+00
2.041906581994890502e+00
2.038186688958915749e+00
2.035837359385346712e+00
2.033313736323081766e+00
2.028728391075600879e+00
2.026480313781897191e+00
2.022662718744657528e+00
2.021880984533042991e+00
2.015878611340101489e+00
2.012918259320954917e+00
2.012393220810019923e+00
2.007097379202920528e+00
2.003729371275835280e+00
2.000603653609769328e+00
1.999731227332633754e+00
1.993853359693646077e+00
1.990485684887345563e+00
1.987856977299571337e+00
1.986777605069537822e+00
1.981694792739868261e+00
1.979753348832194115e+00
1.976566743397073056e+00
1.976300327394150846e+00
1.975368452606208525e+00
1.973758706583207401e+00
1.971674479097364152e+00
1.969424740843813693e+00
1.963017585944553112e+00
1.959911759204791659e+00
1.957655027742300380e+00
1.955356462832652520e+00
1.953527370759092996e+00
1.952353510852092189e+00
1.949325763519879073e+00
1.947874038154296494e+00
1.941028388784309611e+00
1.940664398854552219e+00
1.938108805174268312e+00
1.937721494973327241e+00
1.931722798972597577e+00
1.929514849579170743e+00
1.925833839902023392e+00
1.925737445624398747e+00
1.922442150312510867e+00
1.920920175187486034e+00
1.915958047378204965e+00
1.913551758188556384e+00
1.912118483695815607e+00
1.909560662578305257e+00
1.906228825658169423e+00
1.901691170216371018e+00
1.901157610635830109e+00
1.900477390789992560e+00
1.898822592276286469e+00
1.895891135578120279e+00
1.895405704696476068e+00
1.891707379362446151e+00
1.890245390113857615e+00
1.887830556988050468e+00
1.885551397276392871e+00
1.880521616353496128e+00
1.880227805356219806e+00
1.874098756558504775e+00
1.871369215499110839e+00
1.866667980057251874e+00
1.864485609420712731e+00
1.864123747161856359e+00
1.862559247793699413e+00
1.856756706519053335e+00
1.852152173266037094e+00
1.851825025037279415e+00
1.849131540808006235e+00
1.842456669214468379e+00
1.841618693262078166e+00
1.841154435931303901e+00
1.837734827163306273e+00
1.836273581598845350e+00
1.832466805210732685e+00
1.828837518005419716e+00
1.825183656025512136e+00
1.824946013211871776e+00
1.822476539663276718e+00
1.821392892190666801e+00
1.821062322340784911e+00
1.818077785573126492e+00
1.816874917364963427e+00
1.815400719922825479e+00
1.813363808429318214e+00
1.809655192853611760e+00
1.809271803647647392e+00
1.809015193394345467e+00
1.801481787508077748e+00
1.797773760183593250e+00
1.795243733425820887e+00
1.792513601435072879e+00
1.791984444356927497e+00
1.787819752635375847e+00
1.786751368314918986e+00
1.784139365998286264e+00
1.778804213552266811e+00
1.778238689438513598e+00
1.776636841165136538e+00
1.773255005659257089e+00
1.771085075081575422e+00
1.769588831811382157e+00
1.766541003043424984e+00
1.764888675470149160e+00
1.760175649986851054e+00
1.759101292419526397e+00
1.757244821669920576e+00
1.756565688947146819e+00
1.754413903962112498e+00
1.751669683214442497e+00
1.748936823482404979e+00
1.746127207825604488e+00
1.745903290797238050e+00
1.743647413001558011e+00
1.736829976127346686e+00
1.731220648735935619e+00
1.730031436382054588e+00
1.729634870268739189e+00
1.727503629677545227e+00
1.725332775810790809e+00
1.723993435391016904e+00
1.722175724639367189e+00
1.718862441033488953e+00
1.716633598594969889e+00
1.715520640968245747e+00
1.713335807376487274e+00
1.710154531464002536e+00
1.707954117438636565e+00
1.702279187748841904e+00
1.701766355140579945e+00
1.697677617856609755e+00
1.696354063633980891e+00
1.693232403435717126e+00
1.692846405782692853e+00
1.689708854133679328e+00
1.686479262737026419e+00
1.684998321641568486e+00
1.682813494969657153e+00
1.681476559716436503e+00
1.680237608230685131e+00
1.678670561533007088e+00
1.674494773286852034e+00
1.674325578940387249e+00
1.670047239402464356e+00
1.665893940694399999e+00
1.662206991013024826e+00
1.658515282971052107e+00
1.657789988963541461e+00
1.654767806216525194e+00
1.653519087755938921e+00
1.652695214465029316e+00
1.648878657658199298e+00
1.648441225400381738e+00
1.647231602078978785e+00
1.643938145154498098e+00
1.641867077878690129e+00
1.640587734808445886e+00
1.638456844425072223e+00
1.637379603556836205e+00
1.634463634727999493e+00
1.632672777832372413e+00
1.631378267684372441e+00
1.626509940375006957e+00
1.626229290214588952e+00
1.621121136837984533e+00
1.621018250064908184e+00
1.619517831645345129e+00
1.617758882370497586e+00
1.614070490794512702e+00
1.613254377512539861e+00
1.607297789404088739e+00
1.606103226671480977e+00
1.604073723560689002e+00
1.602176475647376197e+00
1.602126639647915018e+00
1.600226539662082503e+00
1.597704949866563862e+00
1.595576905835215609e+00
1.594246112806221305e+00
1.591148870966455409e+00
1.590012917480580379e+00
1.585259562724201876e+00
1.584805962124829160e+00
1.583436879791622953e+00
1.581593422528579485e+00
1.580680060657118080e+00
1.577343509734183691e+00
1.576324033638198729e+00
1.571543181573934467e+00
1.571269050764215969e+00
1.568844310311005685e+00
1.565858906124294014e+00
1.564121169691071289e+00
1.562940709403930484e+00
1.560844576290830510e+00
1.558586047905677008e+00
1.558045907319267620e+00
1.553380460368272153e+00
1.552397394989979640e+00
1.552307977870433175e+00
1.549093113730204641e+00
1.547221414672465212e+00
1.544874711861787597e+00
1.544169977790714965e+00
1.541000385795526562e+00
1.538451267296305103e+00
1.536335977103649553e+00
1.535117866616545035e+00
1.531845560996610844e+00
1.531171185819087510e+00
1.527008965838088095e+00
1.525676847224587407e+00
1.525307218967333567e+00
1.523027700090452630e+00
1.520894492918168694e+00
1.518707265162735132e+00
1.516668550327108456e+00
1.515201556280288742e+00
1.514777034824805746e+00
1.509653526952854152e+00
1.509017403301028848e+00
1.505371018536715066e+00
1.504328642754852785e+00
1.503675839518673785e+00
1.501134780656614875e+00
1.499006336629621794e+00
1.498001507247372022e+00
1.496558950798137833e+00
1.496076182562595003e+00
1.491386917063372231e+00
1.488641193988955669e+00
1.488097217660856453e+00
1.483454555965124655e+00
1.481773228551207522e+00
1.479341740941582550e+00
1.478542966860579844e+00
1.477185005227137582e+00
1.474596944028894852e+00
1.473307612450628135e+00
1.473273290602010732e+00
1.470365458841375705e+00
1.469231653244697400e+00
1.468167649747888381e+00
1.467648923769864666e+00
1.464584345520472342e+00
1.463002814714757127e+00
1.462652149246743027e+00
1.460555361653463446e+00
1.460110747069525594e+00
1.454717637318212908e+00
1.453874654581485570e+00
1.453070765461437652e+00
1.452609227736548769e+00
1.448436779885674319e+00
1.444523598346339366e+00
1.442618827039403806e+00
1.440235707530428622e+00
1.439379967351887224e+00
1.439105505709016297e+00
1.436539795317586021e+00
1.434059715745028329e+00
1.433135997302088516e+00
1.427925570100104569e+00
1.425727622939300776e+00
1.425223667737929967e+00
1.423965388010683286e+00
1.423540271777007593e+00
1.420135038819606121e+00
1.416611748534581272e+00
1.415781372536358829e+00
1.414780733268795387e+00
1.413391553083140240e+00
1.412811753921192404e+00
1.409680775690618004e+00
1.408464658971450456e+00
1.408100410041606798e+00
1.407397056000283531e+00
1.407119425158328996e+00
1.404137529237973414e+00
1.403156819567418001e+00
1.401557597778992692e+00
1.401052813195907021e+00
1.397577931334720747e+00
1.395439560169558613e+00
1.393826421040528007e+00
1.391559002700222925e+00
1.390584922171062887e+00
1.389630969866785470e+00
1.389315786257259155e+00
1.386724588025115779e+00
1.385444358616235716e+00
1.383004075086822438e+00
1.380915762096847521e+00
1.379783585263648416e+00
1.379756658392380819e+00
1.375769184656300492e+00
1.374765136051065095e+00
1.372101432077733829e+00
1.369866240499058030e+00
1.367487481125729376e+00
1.367033517300049850e+00
1.364972343218645801e+00
1.362682258462738716e+00
1.360641303252460466e+00
1.359473741635145894e+00
1.357942558980208769e+00
1.357444622934403045e+00
1.353694107340596142e+00
1.352968473781728242e+00
1.352660822773629645e+00
1.349906793950940598e+00
1.347063219634744735e+00
1.345829163175881638e+00
1.344538428391387708e+00
1.342639611573154257e+00
1.340271653754264936e+00
1.338189257454841741e+00
1.337392274471032483e+00
1.336350622247287845e+00
1.331292476193091323e+00
1.329536830215811705e+00
1.327092547891913554e+00
1.325807681782216862e+00
1.322885148135078071e+00
1.322570841147372889e+00
1.322315992548658503e+00
1.321709098762742896e+00
1.320848662616296298e+00
1.318915764701568794e+00
1.318385546565675970e+00
1.312320255727461804e+00
1.311053523367656570e+00
1.310047069253288843e+00
1.309012506985065105e+00
1.308824561097903683e+00
1.306747010815973775e+00
1.302680021439155400e+00
1.299485298265152800e+00
1.298531144217518918e+00
1.298288182414441883e+00
1.293992813558011878e+00
1.293241293270023018e+00
1.290081174439285272e+00
1.289136148341786914e+00
1.288431109605302050e+00
1.288047552009261576e+00
1.286422612521967324e+00
1.285924086507163056e+00
1.281712754190921011e+00
1.281386496485381610e+00
1.277820875509914300e+00
1.276004442230473046e+00
1.275927911204707721e+00
1.275380271064491255e+00
1.272762476748921845e+00
1.268560602209168886e+00
1.268076610245749247e+00
1.268047503840612267e+00
1.267744956378646259e+00
1.265682522770350538e+00
1.259720553800472098e+00
1.259565740887709007e+00
1.253680709067184429e+00
1.253555478628881836e+00
1.252064200579425801e+00
1.249705109776809042e+00
1.248799272132244065e+00
1.248225680846025254e+00
1.245700801121969015e+00
1.244634851934105280e+00
1.242672918711960728e+00
1.242500576161811310e+00
1.240280453431991559e+00
1.238807693211467775e+00
1.236029686853911791e+00
1.232841890859315059e+00
1.232498854463962346e+00
1.230618570964697067e+00
1.228368337620536765e+00
1.227361495249653212e+00
1.224867520367411311e+00
1.220559487888131178e+00
1.219695603515898341e+00
1.219639878719310344e+00
1.218077880275559188e+00
1.217230756653802315e+00
1.214859648249320800e+00
1.212387211703991108e+00
1.210751108107997132e+00
1.208614918839802099e+00
1.207603181845065876e+00
1.205207468655300929e+00
1.204538760874935388e+00
1.202981130150215350e+00
1.202070002658153891e+00
1.200577521706712725e+00
1.197680176916956718e+00
1.194943672882469832e+00
1.194358969254294855e+00
1.193789969314789090e+00
1.189527992972220671e+00
1.189139970973270177e+00
1.187716246208221138e+00
1.187630990859935398e+00
1.185415159966464405e+00
1.182149828894313082e+00
1.180786923830699608e+00
1.179549885942577259e+00
1.178769109242450375e+00
1.178452998244064576e+00
1.175090248783351443e+00
1.174533464507117708e+00
1.171887251609616820e+00
1.169941810846419683e+00
1.168930387561597506e+00
1.168052877860235927e+00
1.162894682880614594e+00
1.160181910089381763e+00
1.159389132069312600e+00
1.154741056174202196e+00
1.154409531255567112e+00
1.153848873618166015e+00
1.150357822760981863e+00
1.150105287491453909e+00
1.147689938568611456e+00
1.147569761755037554e+00
1.145963216736764601e+00
1.145546880776952658e+00
1.145170689958881161e+00
1.143502094092818444e+00
1.142333516381789371e+00
1.141962839100105542e+00
1.140454011932860112e+00
1.137198588618809403e+00
1.136867855455057086e+00
1.133179825109741357e+00
1.131086191431897703e+00
1.130029181807232996e+00
1.127823868207754598e+00
1.126578224205555312e+00
1.125973181712806914e+00
1.122289718905821410e+00
1.121650958457677705e+00
1.121153052623194535e+00
1.119884785961051454e+00
1.119803443938034881e+00
1.115015884279623171e+00
1.114587848849194707e+00
1.112891872401229776e+00
1.110833827808917151e+00
1.110111751777533406e+00
1.106733680365412642e+00
1.106529984296385605e+00
1.104831128587083988e+00
1.104077035314129152e+00
1.101709882254516826e+00
1.099030703633162576e+00
1.098198321316626425e+00
1.096857609858920668e+00
1.095172282273094932e+00
1.093028168360803409e+00
1.091761225932542656e+00
1.089905411145147385e+00
1.089668793474229513e+00
1.088053565581475590e+00
1.086041807188704578e+00
1.085156216656431249e+00
1.081950990106598898e+00
1.081921027581169481e+00
1.078973975357949477e+00
1.077210525828924403e+00
1.075620422652673991e+00
1.075613838005615497e+00
1.073298733001112337e+00
1.071980591356128665e+00
1.070286497935546643e+00
1.069785446510849614e+00
1.068668066657312066e+00
1.066056820031995978e+00
1.064901798759329221e+00
1.063762916739288356e+00
1.063178402048560400e+00
1.062536351679983948e+00
1.061037713304221919e+00
1.060133964605939560e+00
1.059736997708025541e+00
1.055667348910003245e+00
1.052856275243349016e+00
1.052622493383287283e+00
1.051969678103636507e+00
1.050253484672396098e+00
1.048352294550072950e+00
1.047384486777486856e+00
1.047050363670273043e+00
1.046377553073622124e+00
1.044647523787476384e+00
1.043975943900680381e+00
1.042875986756039763e+00
1.041761143156051617e+00
1.039452429964216940e+00
1.038846027705601749e+00
1.036831500715857945e+00
1.035956078413221793e+00
1.035359871212257588e+00
1.034051031771191731e+00
1.033512141728238243e+00
1.031308831248892055e+00
1.029691667167200064e+00
1.026191267261646667e+00
1.026181936162838371e+00
1.025065511504638982e+00
1.024385733909072949e+00
1.021708078625536587e+00
1.020817526448217327e+00
1.019544523113104617e+00
1.018394738113899578e+00
1.017553794668998313e+00
1.017145751976240575e+00
1.015230913524782563e+00
1.014264347976328251e+00
1.014029914389124487e+00
1.012182284139586219e+00
1.011664562347500684e+00
1.010024866621449524e+00
1.009299189557222309e+00
1.007636704200322475e+00
1.007511839133071518e+00
1.007504821490138092e+00
1.005995236885785848e+00
1.004407359861990701e+00
1.003744102993449738e+00
1.003254715080724280e+00
1.002827750633753956e+00
1.001424478693471398e+00
1.000376384377494654e+00
1.000096470662785286e+00
1.000000000000003553e+00
1.000000000000003331e+00
1.000000000000002887e+00
1.000000000000002665e+00
1.000000000000002665e+00
1.000000000000001998e+00
1.000000000000001998e+00
1.000000000000001554e+00
1.000000000000001332e+00
1.000000000000001332e+00
1.000000000000001332e+00
1.000000000000001332e+00
1.000000000000001110e+00
1.000000000000000888e+00
1.000000000000000888e+00
1.000000000000000666e+00
1.000000000000000444e+00
1.000000000000000000e+00
1.000000000000000000e+00
1.000000000000000000e+00
1.000000000000000000e+00
9.999999999999998890e-01
9.999999999999998890e-01
9.999999999999998890e-01
9.999999999999997780e-01
9.999999999999997780e-01
9.999999999999997780e-01
9.999999999999997780e-01
9.999999999999997780e-01
9.999999999999997780e-01
9.999999999999992228e-01
9.999999999999992228e-01
9.999999999999977796e-01
9.999999999999977796e-01
9.999999999999975575e-01
9.999999999999955591e-01
9.997745210682787986e-01
9.996115280685264892e-01
9.990602960526251408e-01
9.988163501435336489e-01
9.985976689658349059e-01
9.984691688794522513e-01
9.983070816409277404e-01
9.972603366738357344e-01
9.970844779608111219e-01
9.966583623492548671e-01
9.961882005142851382e-01
9.960382633295338239e-01
9.951808767496406194e-01
9.945078534154558891e-01
9.941797952535513794e-01
9.935471975325448346e-01
9.924626469083190905e-01
9.923666487514286594e-01
9.918180326559300486e-01
9.911190392283326656e-01
9.905062140792578740e-01
9.898039010083699019e-01
9.889977055124083982e-01
9.889722308302381082e-01
9.881629810738441488e-01
9.879997054356800534e-01
9.872981840219648975e-01
9.863433407487687266e-01
9.853273522446917010e-01
9.849225481512016156e-01
9.839202852386712550e-01
9.825665113374245641e-01
9.817348828104979219e-01
9.817263554232347200e-01
9.795088191444540904e-01
9.791573953094266924e-01
9.790822335440702018e-01
9.789250199483586767e-01
9.777071569294188969e-01
9.776544087544857264e-01
9.770269841372938302e-01
9.756506239928859348e-01
9.754005219819612549e-01
9.751838839543144344e-01
9.741175534113484247e-01
9.731448943779174021e-01
9.725455839841627981e-01
9.719892163958866460e-01
9.701293270618435161e-01
9.701000680993063785e-01
9.689754853759836584e-01
9.676056973469010503e-01
9.675090147080188663e-01
9.653362912514176220e-01
9.648998715259576864e-01
9.635292903762203709e-01
9.620829111995634619e-01
9.619483164638710226e-01
9.612545523924684865e-01
9.602754817567836776e-01
9.597897419780935246e-01
9.579708040229554245e-01
9.569845678088589880e-01
9.564563133840358056e-01
9.561064486632119275e-01
9.531929781874501906e-01
9.520059249486524378e-01
9.509578111699641401e-01
9.506292716937060350e-01
9.487522908675671829e-01
9.486434610924162625e-01
9.473158105751947611e-01
9.467383842644440106e-01
9.461505181403427889e-01
9.454120252304466510e-01
9.449880496680033160e-01
9.429520285886330289e-01
9.416934426742677999e-01
9.408571882588427915e-01
9.402978497340179764e-01
9.401854209725368783e-01
9.368852592283715142e-01
9.359524438754676101e-01
9.350605379495456893e-01
9.331219544978319735e-01
9.330418961647157783e-01
9.320941740987752633e-01
9.318761622911386766e-01
9.310646189150929564e-01
9.300750933883049631e-01
9.297112337288242490e-01
9.272811768712646563e-01
9.272507968531702449e-01
9.251496894993191944e-01
9.247047220609870832e-01
9.242250910151251775e-01
9.234261244797954404e-01
9.227661392378215810e-01
9.203501682357334568e-01
9.193564858994093258e-01
9.187018246771612162e-01
9.163454403621799083e-01
9.162313317477366326e-01
9.154233764660832939e-01
9.152419771330460030e-01
9.150680526790543334e-01
9.122517454864520481e-01
9.100340419339847386e-01
9.082588116934628975e-01
9.073619736457178009e-01
9.044118672849824625e-01
9.040745812267415582e-01
9.034975553963521255e-01
9.030522440941846085e-01
9.020431333016321052e-01
9.013031171039501688e-01
8.990765597706653622e-01
8.989809583746874999e-01
8.974767693573811878e-01
8.958965521774434615e-01
8.956961864376986604e-01
8.940615745908219170e-01
8.935580361950248296e-01
8.927230258137823782e-01
8.919657691387220533e-01
8.911839301595402274e-01
8.894141441129851389e-01
8.882675242297176643e-01
8.868523645981277737e-01
8.839275612075490063e-01
8.827669076038643370e-01
8.826331576984158822e-01
8.807806223737065787e-01
8.777666150576712845e-01
8.773469249102002765e-01
8.759996138903344276e-01
8.752906812322444052e-01
8.745307738840510936e-01
8.740892241979090205e-01
8.717395508160459272e-01
8.686875186117728465e-01
8.683728068528430155e-01
8.674193193177921479e-01
8.665324952844003503e-01
8.654167795737626179e-01
8.645092784863437352e-01
8.627198295677757089e-01
8.621565960372535864e-01
8.599893317155178352e-01
8.593598983225626542e-01
8.587931960722620106e-01
8.579414929958864011e-01
8.552584254115055407e-01
8.547337930856494514e-01
8.542508566173274698e-01
8.516273584110314321e-01
8.511007687623209916e-01
8.487358794821462382e-01
8.473656855217412964e-01
8.455883767881585689e-01
8.437744546565296710e-01
8.427858750182893877e-01
8.426702651076131145e-01
8.417333593109770362e-01
8.405288241407442573e-01
8.375464908625641636e-01
8.360203020892216230e-01
8.345041112408894124e-01
8.341974166523106193e-01
8.334657955083347725e-01
8.324826386897947739e-01
8.323245819459988981e-01
8.293125842517963253e-01
8.282014541125015672e-01
8.276549232626460029e-01
8.266979954169859646e-01
8.256560552191919422e-01
8.254026276310635346e-01
8.228891534419273679e-01
8.225011167034156356e-01
8.213232704734318990e-01
8.194874470074650086e-01
8.190578095543670223e-01
8.161990203818707545e-01
8.161100356770331077e-01
8.156568618580573027e-01
8.152750848304866071e-01
8.124075466781827126e-01
8.107315520842870438e-01
8.095912397439373187e-01
8.093436101706537045e-01
8.077789620035338292e-01
8.066674780962579394e-01
8.056362012002838968e-01
8.043051224715435099e-01
8.037159918164059613e-01
8.033644791137440899e-01
8.027842344318359968e-01
8.010376802001131225e-01
7.995159278943204662e-01
7.992205506979146445e-01
7.980958713123753601e-01
7.944973601290368226e-01
7.925053456930071238e-01
7.913038764572060124e-01
7.906183925926990597e-01
7.892377182298356830e-01
7.865625591221321322e-01
7.861630424182295407e-01
7.851617501222365458e-01
7.849819554119106257e-01
7.830567980472344924e-01
7.799953928746594656e-01
7.786039219421697632e-01
7.775717812060174428e-01
7.769023086766093655e-01
7.756608025223253877e-01
7.749378566702397331e-01
7.737637896331993614e-01
7.720634752103046061e-01
7.702521632823242648e-01
7.698506525888151319e-01
7.672283915512531083e-01
7.662306547404985624e-01
7.661680941140334156e-01
7.642798458148988283e-01
7.628628159885393334e-01
7.622818299940820053e-01
7.595665054555206241e-01
7.586762247557701233e-01
7.580504199512216879e-01
7.570707540958711013e-01
7.556621224052181285e-01
7.548340050435907722e-01
7.529161314278036699e-01
7.524518266057607097e-01
7.500011169177351888e-01
7.466005861653409736e-01
7.458078640296658124e-01
7.454045121215646663e-01
7.444439898753048013e-01
7.428152938438571384e-01
7.426622369691132652e-01
7.399763385845707919e-01
7.390976043727311984e-01
7.370821046104623075e-01
7.362057197329392455e-01
7.344577725701625370e-01
7.338873253237396810e-01
7.338825044386976248e-01
7.330791817158809343e-01
7.318171698861833940e-01
7.298084852340930295e-01
7.283750000696525007e-01
7.262405961566151813e-01
7.247422004953417707e-01
7.216628831776559228e-01
7.204379759261978489e-01
7.203945081756215618e-01
7.186103467804892952e-01
7.164417620058675107e-01
7.162526273831645307e-01
7.141197991621487384e-01
7.129801645984107372e-01
7.126754950752826057e-01
7.111525948464257896e-01
7.098769896919093769e-01
7.077819390975261804e-01
7.068696565122263298e-01
7.060380133626483756e-01
7.055352309302999059e-01
7.043128655072072863e-01
7.001259916739470679e-01
6.994515701566836885e-01
6.992872928998954407e-01
6.974624826493952545e-01
6.958392780301377867e-01
6.935114262776559402e-01
6.933316528450884642e-01
6.928756852764399454e-01
6.903984449630484743e-01
6.891623763761204335e-01
6.888607809863436238e-01
6.878866794773464965e-01
6.866370329665257843e-01
6.842020229736560655e-01
6.836149875290298272e-01
6.828900954162910875e-01
6.822288044440233401e-01
6.820702171987421680e-01
6.795905987428545458e-01
6.774580896023820742e-01
6.769362304656820761e-01
6.734517996922509964e-01
6.715226336158953702e-01
6.705965570669223386e-01
6.687124010038294486e-01
6.684207303480940165e-01
6.678910921825055302e-01
6.640461332171134767e-01
6.629872313955121887e-01
6.627795926951817185e-01
6.621182998594458136e-01
6.611139841375371917e-01
6.593410927815432920e-01
6.581860914527504214e-01
6.562183389723120763e-01
6.545044084010828156e-01
6.540092995870233628e-01
6.504408525434403066e-01
6.493812953670570209e-01
6.492841711205098454e-01
6.472335776140951680e-01
6.468990165754952004e-01
6.444097087122976353e-01
6.441900582849215962e-01
6.416235634911860997e-01
6.400181535874619465e-01
6.382337506113071601e-01
6.376054489793683278e-01
6.368606323801395686e-01
6.358661845006131630e-01
6.342328836857432650e-01
6.319309951155702709e-01
6.304194942514014244e-01
6.299673628219740751e-01
6.287047824872541435e-01
6.285157329472714771e-01
6.264255485948304614e-01
6.254254076453967803e-01
6.240244145042862511e-01
6.231230116812099817e-01
6.222421974814225099e-01
6.197657992421867768e-01
6.183175485547171002e-01
6.181237623457819241e-01
6.172712538877604960e-01
6.156556558381056643e-01
6.133373489425094638e-01
6.117278258602607544e-01
6.105135808288274513e-01
6.083594285898619169e-01
6.079125388795002527e-01
6.069170704537751870e-01
6.039692497834752150e-01
6.025234893159973071e-01
6.020368685072099435e-01
6.010605191629113664e-01
5.989643289917101487e-01
5.987878557059183038e-01
5.966131684176562144e-01
5.940401675137128024e-01
5.936878392456842457e-01
5.923793215919795907e-01
5.919113640477577931e-01
5.902537519534030164e-01
5.901784227074453604e-01
5.882571186879977931e-01
5.864055066781019843e-01
5.863197211669622932e-01
5.842636217902726914e-01
5.836872494847877846e-01
5.804259872623501737e-01
5.800139920718329067e-01
5.792940530940914323e-01
5.735223968169421704e-01
5.732575347429531565e-01
5.728390737061520577e-01
5.726588784387481867e-01
5.718266906854334586e-01
5.688390295125463902e-01
5.670688599676383390e-01
5.656007647376982694e-01
5.634206597976644249e-01
5.623629667938396803e-01
5.610284334748413260e-01
5.584506882649004078e-01
5.583560425172882091e-01
5.574384561231079394e-01
5.572859042120834605e-01
5.544752282213770700e-01
5.533605369175798039e-01
5.526456356999104313e-01
5.523069224230108265e-01
5.496664459333125974e-01
5.496267022105042477e-01
5.478098173929145664e-01
5.461121474203105564e-01
5.444982668525455427e-01
5.419014358516143215e-01
5.408883064482189473e-01
5.393213171065237566e-01
5.389760630914351980e-01
5.382622176065691155e-01
5.377311448561948870e-01
5.362792333803497735e-01
5.353865861209026189e-01
5.340201298378434158e-01
5.337582758775070157e-01
5.328793894643218954e-01
5.302750421877229225e-01
5.279611919631744810e-01
5.274399685826061113e-01
5.247212859790807427e-01
5.227166904553066651e-01
5.216305426564041836e-01
5.214682895065718693e-01
5.189526849800490949e-01
5.187091840714307400e-01
5.157121584011477022e-01
5.152825352749169641e-01
5.145873546177234248e-01
5.133829401134361037e-01
5.117393629683466560e-01
5.110531316238768884e-01
5.094173918485733754e-01
5.073571637628679909e-01
5.063850663557877274e-01
5.052229329110602407e-01
5.037090975286048211e-01
5.024645042762659886e-01
4.999708672277885513e-01
4.996743986740692645e-01
4.985843349973769767e-01
4.968991570875080921e-01
4.961501327617385826e-01
4.956082275882759403e-01
4.946922353950398699e-01
4.938139241484761355e-01
4.931097812670087177e-01
4.919396764310521863e-01
4.895919207193898948e-01
4.874404750527923103e-01
4.874074872997263275e-01
4.859709678749380979e-01
4.859021358591876782e-01
4.822483771291492527e-01
4.803196355721036093e-01
4.787487366614421314e-01
4.772612172502703198e-01
4.771951069226120223e-01
4.763070118759241689e-01
4.752038396183747015e-01
4.750696852278240567e-01
4.740774325072727446e-01
4.721879277883240800e-01
4.717045300986374978e-01
4.690192110288403105e-01
4.675500114467260326e-01
4.661543898877450465e-01
4.627973291002785428e-01
4.617149537491532785e-01
4.610411614518445389e-01
4.607418901455943017e-01
4.600744193606214893e-01
4.591553407933822162e-01
4.575118845187938765e-01
4.567015875034911021e-01
4.562751118017657204e-01
4.547873018008236068e-01
4.533740099500625509e-01
4.525509388306393488e-01
4.502301090741361311e-01
4.487137441004944161e-01
4.459774939467477384e-01
4.449523757613035313e-01
4.444200810574556182e-01
4.440085870342054264e-01
4.425454940510902269e-01
4.409408548601617683e-01
4.399355601596048881e-01
4.367207660984955275e-01
4.352805783369976811e-01
4.349821036564858745e-01
4.322861059729883881e-01
4.313642168206430760e-01
4.302564602587658493e-01
4.296073455660270324e-01
4.290126268319495173e-01
4.279901411238666853e-01
4.263025802849897405e-01
4.262184257728638959e-01
4.247000081328710652e-01
4.228433036540331647e-01
4.221318314047861620e-01
4.200020456977137662e-01
4.199254826824690978e-01
4.189092392645911156e-01
4.174880288443501009e-01
4.160144936902885338e-01
4.158806230888865141e-01
4.142615220194531545e-01
4.117339080567022358e-01
4.094551258977122132e-01
4.086977522612499913e-01
4.078058425369516793e-01
4.058064228846582355e-01
4.052869084444316594e-01
4.051097370410814413e-01
4.042986086174312765e-01
4.019645674243308986e-01
4.013208173640906984e-01
3.991262245707661305e-01
3.971518220469981708e-01
3.967100898673838749e-01
3.961904512743827933e-01
3.928090099253844225e-01
3.924289000240310799e-01
3.906225023780381944e-01
3.896270958943499063e-01
3.885685465164553931e-01
3.872546989974522957e-01
3.869254667701068073e-01
3.848170209844923861e-01
3.836899061216491602e-01
3.818896971753207303e-01
3.813236978714943937e-01
3.801417186545073545e-01
3.791812414358779471e-01
3.790117841286683720e-01
3.781997330827929216e-01
3.766252746794387929e-01
3.728682993207029783e-01
3.726523500537335387e-01
3.713212270353092870e-01
3.704007813113303071e-01
3.683280539136607468e-01
3.669545415139885969e-01
3.662426439340111251e-01
3.648823753730152109e-01
3.636092372587238497e-01
3.630922361228807738e-01
3.611363481141812715e-01
3.585428384871025553e-01
3.584702340886187222e-01
3.579746710516669150e-01
3.578340316322439207e-01
3.567206041844371844e-01
3.547994145740082095e-01
3.545577084983941307e-01
3.527911698536520535e-01
3.511667149544947519e-01
3.508114341691123683e-01
3.502139834973733712e-01
3.481037136238975815e-01
3.473278889726281182e-01
3.459350991731373615e-01
3.447843085502649285e-01
3.439871776363418454e-01
3.434239713853398657e-01
3.421284788539080690e-01
3.404390818350444547e-01
3.388824089364646519e-01
3.386341473310140460e-01
3.378040175999345585e-01
3.326615407922511314e-01
3.324859466491540405e-01
3.318988377189137084e-01
3.312406299448026337e-01
3.299004622907295570e-01
3.297796909093145823e-01
3.266704288366747977e-01
3.264174726550401751e-01
3.257820449286644160e-01
3.249658799012739019e-01
3.248937416164973113e-01
3.234085662096792824e-01
3.224358580433198118e-01
3.203181436122329862e-01
3.191893968451699481e-01
3.185638547251842256e-01
3.177524577051401566e-01
3.170965551032464691e-01
3.153169577245207855e-01
3.143023730724120446e-01
3.122096707486560208e-01
3.105569928506105581e-01
3.098002594857706682e-01
3.081726892692178144e-01
3.081658152550263430e-01
3.052435750994380581e-01
3.030124194734191700e-01
3.024186800466261427e-01
3.019977658225421746e-01
3.007890466901063098e-01
3.007328964161055662e-01
2.990531384264921710e-01
2.983484376765043744e-01
2.962754149251548008e-01
2.961804168892137046e-01
2.961344702982353638e-01
2.944044831522519834e-01
2.939175148399458259e-01
2.927018368395431502e-01
2.889103156727066968e-01
2.889020500918738632e-01
2.875704347603873501e-01
2.874890297433100872e-01
2.845662544635349511e-01
2.830643128514604978e-01
2.829174370814638850e-01
2.818912727945402930e-01
2.802622825398546902e-01
2.791429134693127478e-01
2.782497503448651544e-01
2.768171604425598842e-01
2.757003628584559496e-01
2.738722807567746109e-01
2.718651561779538706e-01
2.718185967753674603e-01
2.699228270095938576e-01
2.690556313436046620e-01
2.681645583641313335e-01
2.666622296234322786e-01
2.656951934691768602e-01
2.649341651223994787e-01
2.641891981301200398e-01
2.639267507101311083e-01
2.628216226465274752e-01
2.623100955537797097e-01
2.608735188337319433e-01
2.606095417735156405e-01
2.569324176443682495e-01
2.562328695729951811e-01
2.547593794081534635e-01
2.534668251674539463e-01
2.528594634874392066e-01
2.514845638888008050e-01
2.499810376771980369e-01
2.499761084319901960e-01
2.486697426373145614e-01
2.477043573662767173e-01
2.460105092654059356e-01
2.453532815095235964e-01
2.451537132563865462e-01
2.435924190559727587e-01
2.428080760752504841e-01
2.421063394255253409e-01
2.412422704486323066e-01
2.399166779738307886e-01
2.395259479443553052e-01
2.381223115847177774e-01
2.361774934297090622e-01
2.346407861699118247e-01
2.345728640637932128e-01
2.331746912632460811e-01
2.320415830531157297e-01
2.319235038039685615e-01
2.312183509030006912e-01
2.307408860752887259e-01
2.295585055890702886e-01
2.268749681955915254e-01
2.261829009358837517e-01
2.249613617610521643e-01
2.236805970615105277e-01
2.215478771759183119e-01
2.200625853410236588e-01
2.198375116264391915e-01
2.186018265660233661e-01
2.177982391884597524e-01
2.167850998028897358e-01
2.166026715154755755e-01
2.147716103717166314e-01
2.136751363482185806e-01
2.116411166361489293e-01
2.116276741797709360e-01
2.102130751141662313e-01
2.089840884293307777e-01
2.084847914327477292e-01
2.075024880422483287e-01
2.071803187734521379e-01
2.053477183733006528e-01
2.051120529095632472e-01
2.026880676752660093e-01
2.021521156744777448e-01
2.002646430036174041e-01
2.000480831204056176e-01
1.988256373808253985e-01
1.984102664578535069e-01
1.980823974233245077e-01
1.974900145384077266e-01
1.959950813980902984e-01
1.955473225665336767e-01
1.939502872364256558e-01
1.933700031254595164e-01
1.929083248128581340e-01
1.916729651419434299e-01
1.907321826095826622e-01
1.903631663681030761e-01
1.896510698766115666e-01
1.881177117691391343e-01
1.868611840028328863e-01
1.839068531871634604e-01
1.838930864193310533e-01
1.831103609372831953e-01
1.826026234454761754e-01
1.819287953127274871e-01
1.815055595280674061e-01
1.797808436988526104e-01
1.791674561508041774e-01
1.778375537930918793e-01
1.768489426889893468e-01
1.760218852541783063e-01
1.750670803985132640e-01
1.745545667180768146e-01
1.736956245677398480e-01
1.733206715608128501e-01
1.732943178196578449e-01
1.726638909578179781e-01
1.716795229359694142e-01
1.711800702825664322e-01
1.684480277770536993e-01
1.682550343738509202e-01
1.673860653116268637e-01
1.651487234816617355e-01
1.634218043173491508e-01
1.626348099549540793e-01
1.617874988834029359e-01
1.614181294870968009e-01
1.608317555203180871e-01
1.597707058654987688e-01
1.588404113491359848e-01
1.582513716722313002e-01
1.565170878768648299e-01
1.562644577624086595e-01
1.557710017085390530e-01
1.534005572043276588e-01
1.530651643529269690e-01
1.514430647753070847e-01
1.506544801627500707e-01
1.498973190002652611e-01
1.490155008188476238e-01
1.482461715215849518e-01
1.478500747311502495e-01
1.455688704202542649e-01
1.451269787321378402e-01
1.429323692557327441e-01
1.428854212527404521e-01
1.414184861232512247e-01
1.410987234060181172e-01
1.404002884802489359e-01
1.398683134304221087e-01
1.395292669054135903e-01
1.383335098654012163e-01
1.377982516900163601e-01
1.370795220000779746e-01
1.357131808955077679e-01
1.352304453310252674e-01
1.345987672326938445e-01
1.344315938089656326e-01
1.343703730369119054e-01
1.327476621268496582e-01
1.319663601467997716e-01
1.311914082532009695e-01
1.298080819039578171e-01
1.297666573492624320e-01
1.284660199683287374e-01
1.280543234381563700e-01
1.271294726477771586e-01
1.255547681369175717e-01
1.252055017362887490e-01
1.243758334410741684e-01
1.236329417563890726e-01
1.228600623586639518e-01
1.222543010150156095e-01
1.217322212697001943e-01
1.212423357741112123e-01
1.207231238935908280e-01
1.203644000415123733e-01
1.191723526413300260e-01
1.185975595689857803e-01
1.175795137425877102e-01
1.160988443172301376e-01
1.155013472025621518e-01
1.151531943110033901e-01
1.136214934523363668e-01
1.133168733212556872e-01
1.126349502578779527e-01
1.126338852794640938e-01
1.122725732998355597e-01
1.108746952168841865e-01
1.093819050566491730e-01
1.085726730832254905e-01
1.080677224932291985e-01
1.072212409148878970e-01
1.059951344293470904e-01
1.057467702220584865e-01
1.040310492189058383e-01
1.038486215513456656e-01
1.026731080252543393e-01
1.014539333922684222e-01
1.013440037537751692e-01
1.006581924812181561e-01
9.942764247587164428e-02
9.889052547268602222e-02
9.756559124461880450e-02
9.747460100089148927e-02
9.648681170590681089e-02
9.566394419617538225e-02
9.449664623948615672e-02
9.307835571297032318e-02
9.303779153730673546e-02
9.229774695352258029e-02
9.157859502284497466e-02
9.117289522218428865e-02
9.083979665367430956e-02
8.988511286244568743e-02
8.930111267570492450e-02
8.822699181568478821e-02
8.744546623752580405e-02
8.691403133850228446e-02
8.535961668507506539e-02
8.476197077678315761e-02
8.469451746515924140e-02
8.344757293649390784e-02
8.300500562176628405e-02
8.232848296727568460e-02
8.141993101131816957e-02
8.140329542820969044e-02
8.029936272046792056e-02
8.022325256627443890e-02
7.960042314938364783e-02
7.907171454870669247e-02
7.866300903849354764e-02
7.728574939440992220e-02
7.724450086604670029e-02
7.684297818138305369e-02
7.632920818806954166e-02
7.562460518838383383e-02
7.551598160109000701e-02
7.340799426616131940e-02
7.273095084900305096e-02
7.209005043899585630e-02
7.192398895033402795e-02
7.036729310992476116e-02
6.997322606776569531e-02
6.994394836426752471e-02
6.878529022153576089e-02
6.809349731032071640e-02
6.754808566572817474e-02
6.739452733386407102e-02
6.645548296977543679e-02
6.558155151765171498e-02
6.529855561687673837e-02
6.443890423699964731e-02
6.337779315592706464e-02
6.320207968995390779e-02
6.276960693445302053e-02
6.152082684451797706e-02
6.141937168394440150e-02
6.108623311105514792e-02
6.072906480524650763e-02
5.990101813097108846e-02
5.946551394289801423e-02
5.794588803856470793e-02
5.723216198189796239e-02
5.679359546348413529e-02
5.624412013297482027e-02
5.573620645961224751e-02
5.530388142597931350e-02
5.351338619346445585e-02
5.340734301277875323e-02
5.261124830847773576e-02
5.214191843110495272e-02
5.091810423474781022e-02
5.052852850070670837e-02
4.986461359120534370e-02
4.956271012775586432e-02
4.926421159059375665e-02
4.909169622616320339e-02
4.822835060848731231e-02
4.800724066244416166e-02
4.775811249260875080e-02
4.719242868173477434e-02
4.620671132454538810e-02
4.613299676634854962e-02
4.511568299023595296e-02
4.387980386078221828e-02
4.373121644421813781e-02
4.368189502457766465e-02
4.309140497013497217e-02
4.260337097977016929e-02
4.204513558960602804e-02
4.117627676753695537e-02
4.080389766424333958e-02
4.040800519841718924e-02
4.024682817444481114e-02
3.964826832776700144e-02
3.958901102686570445e-02
3.895596058593883693e-02
3.826862006342476863e-02
3.735053812503563025e-02
3.725814063243855501e-02
3.654492761280826035e-02
3.602769465037842372e-02
3.547555839597035798e-02
3.492401585944843873e-02
3.459094447704166159e-02
3.401718591536009167e-02
3.386419258013433770e-02
3.367033836272095154e-02
3.360155294296090361e-02
3.278642327841802678e-02
3.204805521329905788e-02
3.167542565483182082e-02
3.131261203633218387e-02
3.119784652011586487e-02
3.063781061183269358e-02
3.016031905720280640e-02
2.998360361628971821e-02
2.934916121923235657e-02
2.922972592643819853e-02
2.916093429513792398e-02
2.872118917673623789e-02
2.823233129660667265e-02
2.779567760226735532e-02
2.761271294546628619e-02
2.697375548601636461e-02
2.689374359440757992e-02
2.674135402257591179e-02
2.615988913680776864e-02
2.554464658862682508e-02
2.466257169861536813e-02
2.426197807224070649e-02
2.388892590590301415e-02
2.358759326091585187e-02
2.300041586570121185e-02
2.282936469772839719e-02
2.248285302013003015e-02
2.219300241805554491e-02
2.208296895138936108e-02
2.169405492056345960e-02
2.113963978966676080e-02
2.086773110469943709e-02
2.024411041004319303e-02
1.956142277934680082e-02
1.930664909324658271e-02
1.884687117490154579e-02
1.852568790755316705e-02
1.821458528011265024e-02
1.803124547970149510e-02
1.753443646258589367e-02
1.708353823913136282e-02
1.654973902484215345e-02
1.631712854446228447e-02
1.612718521909281208e-02
1.606679397430525041e-02
1.545274835908833598e-02
1.526021803328518785e-02
1.478754919900168371e-02
1.468097171323145406e-02
1.438145168772908371e-02
1.424164226467172084e-02
1.424154868134198774e-02
1.384497145254904964e-02
1.378267488056883310e-02
1.326988727683377396e-02
1.263243403552927711e-02
1.231002605002036107e-02
1.228112554754055494e-02
1.189442120095956026e-02
1.178563247097827102e-02
1.142096402484628521e-02
1.133909694323530920e-02
1.098378359159012975e-02
1.070910223952912209e-02
1.050920928942164663e-02
1.042317763628330951e-02
1.026238997679392896e-02
9.791261137209137169e-03
9.543624930992285552e-03
9.336247546645408402e-03
9.025027067150415139e-03
8.893329315602948454e-03
8.522107879185307142e-03
8.302714487665341370e-03
8.223853824731631665e-03
7.923740697973235061e-03
7.442850239054897392e-03
6.783692980044274054e-03
6.754095348996244988e-03
6.564654236814234517e-03
6.465125321009779907e-03
6.143184873602981072e-03
5.968631133972617138e-03
5.793746387593392937e-03
5.711711607258186836e-03
5.560965932231026927e-03
5.516429634747633572e-03
5.513332579893624567e-03
5.135440248184248990e-03
4.866847624488446732e-03
4.781097911049403230e-03
4.573523089603419647e-03
4.379852638579135801e-03
4.140141737426125332e-03
4.085791422561968131e-03
3.755325703588691978e-03
3.682211685813426786e-03
3.468482790531201426e-03
3.224697832902172472e-03
3.078861624142789546e-03
2.960368730060776270e-03
2.924000317532216182e-03
2.751719985150130002e-03
2.666344121586357915e-03
2.367760307139888179e-03
2.228313236011770886e-03
2.123769018365359324e-03
2.010822999867402198e-03
1.819785306575603858e-03
1.800626429241593924e-03
1.675448644647570739e-03
1.457661827874105276e-03
1.401459929742940487e-03
1.291021855306200483e-03
1.263604059713210707e-03
1.127772944299623714e-03
9.863329155798165274e-04
9.238065938801719255e-04
9.179976831133535757e-04
6.773340087692534747e-04
6.475308987987846415e-04
6.036447525701748749e-04
5.855401363141340878e-04
5.552475474350673616e-04
4.520417407318506713e-04
2.991057396814638964e-04
2.506603712357817417e-04
2.156967045142480497e-04
1.678268135278694888e-04
1.509049805821130030e-04
9.916069774553933102e-05
8.094848225833931282e-05
4.457276709805436791e-05
1.662663114704258775e-05
3.536462686662600734e-06
