# Singular values
8.016383348098035810e+01
5.317614767436860035e+01
4.470191567161831614e+01
3.286274195687278876e+01
2.772123404539705049e+01
2.598411610985688824e+01
2.268463488568625763e+01
1.890217892685016210e+01
1.764727539207923712e+01
1.477354929196501310e+01
1.412278807661799895e+01
1.335303942551452927e+01
1.303426518365238884e+01
1.247677919102409838e+01
1.195455412118518979e+01
1.180299369302954915e+01
1.127694993718919036e+01
1.105290845401246358e+01
1.076556153811013772e+01
1.062260174373115973e+01
1.039910073551186542e+01
1.033491820964267482e+01
1.029112591130454923e+01
1.001834977009696814e+01
9.981280568386710073e+00
9.837522328957149398e+00
9.628318732555992909e+00
9.475043065450211799e+00
9.332129835200682066e+00
9.261675001895392612e+00
9.260081233057158911e+00
9.164906423787591905e+00
9.033323955072400935e+00
9.006911893908078781e+00
8.828616723943078171e+00
8.756455273421609675e+00
8.717626818468660943e+00
8.589065932718671803e+00
8.575659466812998843e+00
8.473751049147631775e+00
8.450896795310397280e+00
8.374916830551535796e+00
8.277866746051591562e+00
8.195497090328334622e+00
8.144666272922920669e+00
8.106077379993161358e+00
7.921312563693594377e+00
7.891265721666939292e+00
7.878287495884551461e+00
7.797161727457975644e+00
7.776159379169921948e+00
7.628897464359782887e+00
7.624035163597234543e+00
7.564141275256939245e+00
7.507053744369128978e+00
7.496673679755393671e+00
7.442769564521232617e+00
7.412465120951313935e+00
7.299294017304456261e+00
7.276321752894360451e+00
7.237053535767594248e+00
7.227172463650226142e+00
7.202295085027528465e+00
7.110306433859854280e+00
7.033387900730886599e+00
6.962736740611502384e+00
6.905335793220126028e+00
6.862410096996563347e+00
6.778780486431558394e+00
6.754009228930019759e+00
6.731772701098879708e+00
6.658982168256790679e+00
6.600562508796235406e+00
6.586263127625618274e+00
6.528514868843501517e+00
6.522223803725283098e+00
6.496090273639565815e+00
6.448168358651447107e+00
6.427293332768645229e+00
6.381810647019430682e+00
6.325694682559869442e+00
6.300288970087956741e+00
6.237570129169565547e+00
6.234585143174323107e+00
6.211725096024711235e+00
6.182448292806856927e+00
6.160548387313280472e+00
6.123171746863265597e+00
6.099914445865199930e+00
6.062666594128452324e+00
6.012350941942687044e+00
5.944332549690647838e+00
5.944079144794494951e+00
5.911694781110433894e+00
5.821013871426148789e+00
5.798572874156675105e+00
5.777173469916919935e+00
5.724041937034794358e+00
5.706642120470146295e+00
5.671612897289046273e+00
5.623966707255116937e+00
5.586001967090476583e+00
5.566465698298650899e+00
5.526586250412187873e+00
5.523103229503887768e+00
5.419436760427929656e+00
5.393166034042158330e+00
5.388041473904332079e+00
5.351724600446230440e+00
5.312773329611408357e+00
5.302638492120550495e+00
5.292339329890297428e+00
5.229572135530099253e+00
5.218507189305837457e+00
5.174729809990102680e+00
5.168143785059704953e+00
5.152767745472701222e+00
5.099024131254738634e+00
5.077058728634682438e+00
5.074544408252725347e+00
5.022744135763417717e+00
4.970878297168913384e+00
4.964657669938384643e+00
4.956270448873598689e+00
4.948925155048219615e+00
4.893698017602372552e+00
4.857033220093126324e+00
4.844612344141387084e+00
4.830281690458730459e+00
4.730147116327882095e+00
4.717201700422053001e+00
4.706567200392170136e+00
4.688702629308972192e+00
4.649827808047647615e+00
4.622132619781665674e+00
4.607055591574066078e+00
4.580997088335316825e+00
4.555541038788115671e+00
4.550010737913313008e+00
4.505498813598765473e+00
4.494343379827261842e+00
4.459668838193891816e+00
4.445103503523749389e+00
4.442557977725449803e+00
4.408908103652513510e+00
4.361542480870187255e+00
4.349780084575268546e+00
4.343179066236385388e+00
4.300973022240008881e+00
4.279060175068085670e+00
4.266819053971747877e+00
4.255690835805918226e+00
4.210692740531500000e+00
4.206811647461347725e+00
4.196619820188462135e+00
4.172898274542157004e+00
4.147175045469163379e+00
4.111004278845046045e+00
4.085373519623836991e+00
4.062230258823635864e+00
4.043422426312497819e+00
4.032744249623099186e+00
3.993636085509840061e+00
3.961222908507674667e+00
3.957684065473253909e+00
3.933669584969263777e+00
3.914921590244280658e+00
3.909494565479253669e+00
3.903150611165644435e+00
3.860221150190198625e+00
3.854007933884148418e+00
3.829577475695075339e+00
3.814557575538165324e+00
3.790999779118639168e+00
3.765143283118430162e+00
3.741286624124635640e+00
3.715063029673996375e+00
3.696970169463958733e+00
3.692496964834800721e+00
3.654511513615138263e+00
3.641395332590928291e+00
3.613570791687456651e+00
3.595168982393010193e+00
3.586975405262948779e+00
3.541329208770822135e+00
3.534067777527380105e+00
3.508831289184706659e+00
3.494223753498758800e+00
3.489376941233189200e+00
3.460945836175705281e+00
3.456893549698471180e+00
3.438272022758945834e+00
3.417290959320774757e+00
3.405641763128020028e+00
3.371612344684595808e+00
3.345093692593989143e+00
3.328216172170193943e+00
3.312045418565872534e+00
3.292509131512487475e+00
3.280942915706186458e+00
3.250374916710438544e+00
3.227014442335487843e+00
3.218526832317499586e+00
3.211322547312169373e+00
3.176726810005282342e+00
3.149348558467472969e+00
3.134537666302641412e+00
3.131100889854547376e+00
3.115114808618296482e+00
3.079135334304541782e+00
3.075442362673443064e+00
3.054343335080375255e+00
3.039578218936819898e+00
3.027498189057111766e+00
3.019251204255339438e+00
3.015171580566693432e+00
2.991710456895184667e+00
2.982416762366170815e+00
2.954273802052571618e+00
2.900835154266920402e+00
2.888420062730069127e+00
2.857417813745494417e+00
2.843265899415535536e+00
2.840573380330293052e+00
2.810022443842833173e+00
2.808338596189874803e+00
2.799146295604276968e+00
2.784599737383372187e+00
2.776544792346983481e+00
2.744853809218126273e+00
2.742843482557055790e+00
2.722382072850459522e+00
2.690857732368638899e+00
2.685199558395301445e+00
2.668165397245315429e+00
2.658461588208014259e+00
2.646391941503701606e+00
2.641780970229582248e+00
2.626733872174347173e+00
2.611103133728995829e+00
2.602957943609747193e+00
2.588517400749282604e+00
2.563989503039642681e+00
2.535408582214770945e+00
2.518824534646384450e+00
2.508367846306200466e+00
2.506558102374376151e+00
2.479876748853699464e+00
2.464350575510392716e+00
2.457202187200903332e+00
2.446905090553538109e+00
2.444072011396184685e+00
2.431751076580229931e+00
2.424095897229917362e+00
2.389945860144204737e+00
2.381947160190188040e+00
2.357899986022185423e+00
2.356770213162246996e+00
2.326986564028985960e+00
2.325584876778558741e+00
2.287707155898071942e+00
2.276778862279985383e+00
2.251871730497369661e+00
2.250684410556167858e+00
2.235880823339191359e+00
2.233394543887217587e+00
2.221126497789917220e+00
2.198786400055225965e+00
2.172871453778736583e+00
2.164341154933125289e+00
2.163612117651806166e+00
2.133584376549501727e+00
2.128513022772590801e+00
2.095860643953863178e+00
2.083309684860557010e+00
2.083034564330862981e+00
2.074126739634754912e+00
2.061976714111524167e+00
2.053755046650353133e+00
2.039059369346042150e+00
2.032850326570697863e+00
2.028334445781707185e+00
2.019327188252784122e+00
1.994850402940817613e+00
1.980947663381849244e+00
1.973932447607640306e+00
1.962624009282628146e+00
1.958206741408738960e+00
1.952570562000672361e+00
1.931107218869903885e+00
1.903801661971816550e+00
1.885802729880601269e+00
1.877478268185109211e+00
1.868084613941074279e+00
1.841688931528627560e+00
1.835634327843792768e+00
1.807606855792880385e+00
1.797081045359574691e+00
1.795113279196294487e+00
1.787718680968924723e+00
1.772966399165177620e+00
1.766139349362853439e+00
1.761505126609859584e+00
1.746876781669482570e+00
1.727517664939667741e+00
1.714458385150926301e+00
1.710658564578894092e+00
1.687381290685774804e+00
1.678961485954432398e+00
1.675553962537859043e+00
1.670668858227534637e+00
1.635788651797226434e+00
1.625330882017177014e+00
1.618648941561702248e+00
1.618424272417474441e+00
1.595920375892048826e+00
1.591786202844434506e+00
1.587955837954442506e+00
1.561847849045834069e+00
1.557317110578561037e+00
1.555134326311021997e+00
1.541922444692896077e+00
1.538271551504543977e+00
1.511496553022996459e+00
1.504609167894071620e+00
1.484904753147766376e+00
1.477651075831455829e+00
1.461532000556257982e+00
1.458720478167855106e+00
1.436059456514928945e+00
1.434609355548215559e+00
1.428850135849781378e+00
1.424482423854655178e+00
1.402955475867502910e+00
1.395950238460264892e+00
1.387787925688039659e+00
1.370843894189190282e+00
1.355457688095224933e+00
1.341473874495522134e+00
1.338925542785893930e+00
1.335299469624054547e+00
1.305030311669962861e+00
1.294275511781570076e+00
1.287673571417450757e+00
1.272687145731358882e+00
1.267822823210898342e+00
1.260438552488319930e+00
1.253111724468601196e+00
1.241625689215316797e+00
1.235959372264424205e+00
1.212827275938372029e+00
1.209239042539870690e+00
1.199524689722974546e+00
1.183283047624646978e+00
1.182884812589243273e+00
1.179264029641031053e+00
1.159873879126451346e+00
1.155839975759148430e+00
1.146690433291141398e+00
1.145872772820506702e+00
1.116294910277465746e+00
1.116063970364530311e+00
1.099963937038981765e+00
1.096707168669572408e+00
1.086810448936282425e+00
1.078431956272506653e+00
1.077225957189887229e+00
1.068488622903210228e+00
1.062732843476638767e+00
1.047250058391313576e+00
1.035149657844807392e+00
1.024351185438032719e+00
1.016029063107502184e+00
1.006789366427470522e+00
1.003751092829573865e+00
9.932521364202286929e-01
9.923860774226289649e-01
9.912975171372582217e-01
9.719392357636625901e-01
9.658562612077662424e-01
9.577887874658971290e-01
9.574904279992665357e-01
9.563150343188837610e-01
9.429037293698182554e-01
9.354926477366742876e-01
9.289442456513338220e-01
9.244911136512257155e-01
9.078736438206720383e-01
8.929732124815570327e-01
8.904572072074450340e-01
8.865648619045707335e-01
8.717957809068074271e-01
8.670771752857234782e-01
8.529913662348292958e-01
8.518746438376173513e-01
8.390758626837515610e-01
8.308794038700890727e-01
8.294744610256106210e-01
8.257272887911941694e-01
8.124729932312377834e-01
8.009570275907240688e-01
7.919324202688751146e-01
7.756204063776428459e-01
7.682338876715920639e-01
7.571121587869872327e-01
7.561586845474143059e-01
7.449866706323823307e-01
7.366419563770861823e-01
7.348799305165295559e-01
7.317530540089238755e-01
7.217286479180118342e-01
6.999347322515665493e-01
6.991366544329069566e-01
6.868051118008924316e-01
6.812792051574244612e-01
6.747697583736740334e-01
6.620205249537615133e-01
6.534641928000479716e-01
6.437005941761217986e-01
6.366377839217070012e-01
6.359603698123219573e-01
6.237161201208660799e-01
6.216130148386499465e-01
6.095525616841062089e-01
5.904407168111410753e-01
5.903025111449798912e-01
5.873174510524094005e-01
5.758154316899053438e-01
5.674433683365947001e-01
5.539358213085259219e-01
5.502197828221420117e-01
5.464888512899871431e-01
5.446215235830830226e-01
5.383588313019022076e-01
5.285122798977958114e-01
5.267659223044266481e-01
5.195996935449763710e-01
5.046775343649666512e-01
5.019469158630516237e-01
4.936887875915301205e-01
4.919773876310876148e-01
4.790568212868174802e-01
4.757407847307822402e-01
4.620727270531519437e-01
4.540727183707733983e-01
4.539848570621787260e-01
4.430185850856528385e-01
4.369101887228808989e-01
4.272879464873062805e-01
4.259772414305075805e-01
4.238704568958928109e-01
4.109935961488790923e-01
4.014156502624904310e-01
3.915913371667991139e-01
3.915141208834119757e-01
3.737912522575485008e-01
3.707048324471423628e-01
3.640645599332907878e-01
3.598929033337475714e-01
3.429384068458598001e-01
3.413557493275027332e-01
3.357976421990234717e-01
3.300282406525260614e-01
3.290766015278916989e-01
3.205654280194647487e-01
3.169914300207608004e-01
3.112373111918508850e-01
3.092052984205779231e-01
2.981411034342515420e-01
2.955500747844810316e-01
2.915592941670686611e-01
2.850683182393768389e-01
2.788596162155127511e-01
2.692562950091454410e-01
2.527508945049338762e-01
2.503810094399491204e-01
2.481641280704152130e-01
2.401149064606526440e-01
2.343728951446678588e-01
2.321333402739412799e-01
2.212805098407596704e-01
2.197241255809623817e-01
2.152290998329672578e-01
2.099805904313437055e-01
2.070412840558568945e-01
2.045181452729790128e-01
1.983535226776129978e-01
1.958094729951974367e-01
1.845579861388131071e-01
1.833721936312562306e-01
1.741565004309114650e-01
1.707888799249084877e-01
1.617051087680605181e-01
1.610348616268760802e-01
1.535856692825197933e-01
1.474338557710345443e-01
1.387880212186248241e-01
1.377960369857956779e-01
1.360134690309228733e-01
1.262363197223700384e-01
1.243941465491851667e-01
1.224334865752228219e-01
1.214037072446887688e-01
1.178435831120676208e-01
1.117730233239790372e-01
1.104753231376627287e-01
1.022696505814879447e-01
9.154977131260547130e-02
8.806312486713201160e-02
8.494793219928406525e-02
8.372891038097252103e-02
8.222606523791808897e-02
7.993719160938972390e-02
7.310064623133386008e-02
6.837193931594605367e-02
6.273420040433795586e-02
5.942739961594969977e-02
5.851335123347994188e-02
5.470773727831917260e-02
5.409851709620344673e-02
4.954992060983217511e-02
4.858009881085469800e-02
4.445380775423089792e-02
4.264553252870306732e-02
3.778299316535407154e-02
3.386532364367406123e-02
3.249923209914173244e-02
2.686920565311199868e-02
2.555250831221087329e-02
2.442848073868280484e-02
1.996932310443445477e-02
1.812663909150259364e-02
1.784959547887901912e-02
1.536448801714189981e-02
1.192117857648729989e-02
1.154436809846307380e-02
9.874082886377127249e-03
8.140343547579677319e-03
6.873780503326086012e-03
6.100909437613682984e-03
4.074732614462390871e-03
2.655100854561302879e-03
2.362593729115308998e-03
