# Singular values
1.456956982376808796e+01
9.058197252668437116e+00
6.008593906042206001e+00
4.975876320885896931e+00
4.743233935498062159e+00
4.370890162907609344e+00
3.326269510636478355e+00
3.170950488363001085e+00
3.041731285133375096e+00
3.028932050757485062e+00
2.932606418853702657e+00
2.756914167331916854e+00
2.638626570530230087e+00
2.389132998221520143e+00
2.352228801346251785e+00
2.285641636454122771e+00
2.247916385493928360e+00
2.098706203752665367e+00
2.010114666630936853e+00
1.986928008257830669e+00
1.939850037227628388e+00
1.808203853021688179e+00
1.708358992289727984e+00
1.577401866070415659e+00
1.545833686315525091e+00
1.530538315698853014e+00
1.505323623545294032e+00
1.479149494403673160e+00
1.412395061438221688e+00
1.382146231104278922e+00
1.376064043332912989e+00
1.257238450994790258e+00
1.248138976570954517e+00
1.154647426462995341e+00
1.135030056757573291e+00
1.109617518149265569e+00
1.000000000000000888e+00
1.000000000000000444e+00
1.000000000000000222e+00
1.000000000000000222e+00
1.000000000000000222e+00
1.000000000000000000e+00
9.999999999999996669e-01
9.533724144676073431e-01
9.357050791801939660e-01
7.873968521036204260e-01
7.278724112224720377e-01
6.366085857072852905e-01
6.199320924615304707e-01
5.706849111329505009e-01
5.139969009381166742e-01
4.671158475996292636e-01
3.928377351074577861e-01
3.404054157653346180e-01
3.195774878779323869e-01
3.153868221692950335e-01
2.733564959502113867e-01
2.702471692849927609e-01
1.335779150836342577e-01
8.164632261971871419e-02
