# Singular values
1.729293090439867910e+02
8.361276653936106129e+01
6.646238836041716525e+01
6.189612994744647523e+01
5.452682463846245753e+01
4.841152009002793477e+01
4.275209850629730823e+01
4.250528341476021410e+01
3.931304706213925471e+01
3.924881651127468274e+01
3.823537510857043031e+01
3.529750372315707097e+01
3.509533849810039641e+01
3.463575717015561395e+01
3.362941825564018927e+01
3.292486522798289172e+01
3.236566344864328215e+01
3.126969476112882518e+01
3.086196871079260973e+01
2.905272497861275838e+01
2.767757785369073531e+01
2.676779280223366442e+01
2.666423629029921827e+01
2.601083635124947335e+01
2.576603197665096090e+01
2.537018666460583205e+01
2.496288364146924721e+01
2.391591255807053429e+01
2.381363721734378558e+01
2.370112764848774844e+01
2.352046253086396987e+01
2.302139570667918989e+01
2.279248201752194092e+01
2.275308367663099318e+01
2.212677860465698032e+01
2.189796078416269154e+01
2.134069595703280697e+01
2.132652402737433306e+01
2.103168514247920129e+01
2.079050356635977792e+01
2.078994385019490920e+01
2.071802763970002559e+01
2.071159546500794235e+01
2.040683621405729653e+01
1.993046197775657546e+01
1.980306596280853881e+01
1.967412334903572102e+01
1.963993220069789558e+01
1.961641247738140947e+01
1.949937998947145346e+01
1.938020341112968481e+01
1.920222424193273625e+01
1.915648866098575809e+01
1.906684403964819907e+01
1.895604894895819470e+01
1.883510597596972858e+01
1.874707686761905379e+01
1.850454077137381148e+01
1.841235448986562062e+01
1.841141563053204422e+01
1.824506216807932901e+01
1.820241483157478868e+01
1.805371550851105411e+01
1.799140244451585957e+01
1.781011702223762683e+01
1.780358596369565305e+01
1.773676692070689853e+01
1.770320826748897858e+01
1.761452600289837989e+01
1.760861458150148096e+01
1.745102590756223648e+01
1.739295086770320964e+01
1.723978880799349156e+01
1.720451914925696357e+01
1.718061872428248194e+01
1.715314452455485039e+01
1.705985148186536904e+01
1.702595456320570477e+01
1.699510511014981518e+01
1.682994251241634132e+01
1.679850402601870840e+01
1.670279410687797395e+01
1.664558983353773769e+01
1.661513338965718134e+01
1.660840315460409045e+01
1.651989567409593818e+01
1.646873428239872439e+01
1.643835440161543815e+01
1.632804417329360547e+01
1.628380442660158778e+01
1.620971510667625282e+01
1.613798600264012251e+01
1.612929766234806550e+01
1.611249749094946893e+01
1.602660386734234166e+01
1.594670010047141417e+01
1.592443780299030109e+01
1.585264945188011154e+01
1.582213284096919281e+01
1.580556668257922048e+01
1.563731274822496964e+01
1.563006653540690927e+01
1.555941686381498279e+01
1.552718321842815463e+01
1.549454604139635450e+01
1.544911036436757534e+01
1.539858376918950889e+01
1.537058714994931918e+01
1.534828278760511111e+01
1.531420043171571344e+01
1.529470531467390693e+01
1.516943945673665262e+01
1.515865072255614443e+01
1.514669164328523365e+01
1.514107668725907629e+01
1.510142554154170469e+01
1.500975775979347482e+01
1.498399620491058748e+01
1.495254761793777831e+01
1.493168084597079037e+01
1.482364283863326726e+01
1.480987235563141269e+01
1.474089117114595915e+01
1.473067039749996177e+01
1.468697579127355546e+01
1.464788981898766096e+01
1.457637956705510263e+01
1.455467964462228991e+01
1.454038518982614647e+01
1.447757964732112157e+01
1.446457416988480915e+01
1.444287156611418155e+01
1.443663072433849770e+01
1.442418982284019791e+01
1.437309427975719522e+01
1.426313695529702130e+01
1.425972483219646136e+01
1.422218756070088475e+01
1.419769398772099578e+01
1.417500776680606656e+01
1.408013101782554877e+01
1.407404382848646307e+01
1.405000280387302070e+01
1.402804054285633484e+01
1.397732819826869388e+01
1.395890395789060001e+01
1.388978533157343342e+01
1.385830552853188813e+01
1.382062481024159872e+01
1.380201228486130383e+01
1.372721502071342670e+01
1.369674596381098119e+01
1.367670771375869343e+01
1.366760579691421995e+01
1.360773114449450460e+01
1.360712650487525899e+01
1.358749240105748868e+01
1.353106317324494334e+01
1.351024565414958722e+01
1.347573865153228745e+01
1.344186803681062159e+01
1.343253653940819170e+01
1.336597536018152965e+01
1.336065705134754644e+01
1.329110792518602224e+01
1.327855001733827578e+01
1.323880029681625281e+01
1.320961849866019655e+01
1.318643078476946329e+01
1.315066770165166865e+01
1.311559149869959739e+01
1.309798859809703764e+01
1.308140364737320915e+01
1.302261806936084731e+01
1.301061606837618179e+01
1.298169249711209972e+01
1.294071364087918141e+01
1.292855268068274022e+01
1.284521399349385540e+01
1.284455367511064949e+01
1.280155088565387622e+01
1.280007368234888787e+01
1.273463891142533022e+01
1.272909066986914262e+01
1.268247944266496496e+01
1.265833899995748801e+01
1.262588240758185165e+01
1.258053048650686101e+01
1.257404633403646343e+01
1.254558737387294798e+01
1.254208932269128063e+01
1.252830143112419137e+01
1.252077157466504431e+01
1.249091037779395208e+01
1.246602702407635732e+01
1.242511425401088054e+01
1.241076490426374690e+01
1.240654969692425880e+01
1.235071303925236208e+01
1.234117940068981589e+01
1.231822062925229488e+01
1.227882766887367083e+01
1.226636501057186379e+01
1.224040173090949324e+01
1.221149902420613742e+01
1.215928624953212100e+01
1.213595069871486309e+01
1.212660883489599506e+01
1.206136900905463172e+01
1.203847819433632260e+01
1.202585647047581574e+01
1.200529109360976143e+01
1.197272111038721576e+01
1.195477388404487940e+01
1.191264571969805885e+01
1.189002132891913455e+01
1.188071034861689945e+01
1.184009787300920991e+01
1.183497041593620125e+01
1.180318295851435018e+01
1.180193317976918799e+01
1.175734095227564069e+01
1.175131833032813944e+01
1.172677191195374924e+01
1.170548639420988835e+01
1.166017455703122607e+01
1.160958234000165668e+01
1.157137518355851213e+01
1.154769709788798515e+01
1.153006715838301410e+01
1.152959540182354559e+01
1.151370718394384696e+01
1.147823281625790770e+01
1.142990509307902691e+01
1.142183910803425917e+01
1.139571722508798857e+01
1.138189703634795968e+01
1.137419352312173615e+01
1.135166704557398809e+01
1.131952571894820991e+01
1.129450628172825510e+01
1.127706020439929269e+01
1.127069541423408516e+01
1.123304234711017813e+01
1.118849904308044607e+01
1.117212750673806632e+01
1.114768741565905508e+01
1.113772298696352792e+01
1.110171457187909105e+01
1.107820343326691415e+01
1.102950393805334883e+01
1.100497891795056127e+01
1.098548356232036305e+01
1.096170327542919587e+01
1.094535383488270952e+01
1.092253097571206411e+01
1.092032461298870949e+01
1.090007648101740045e+01
1.089171847238868018e+01
1.087588097777521767e+01
1.084406571414948317e+01
1.081576736645571124e+01
1.079559692582471264e+01
1.077683014864491007e+01
1.071548997951808779e+01
1.069863581924093587e+01
1.069574712199472621e+01
1.069097050821951100e+01
1.067082655741230468e+01
1.062909303255941218e+01
1.062735388762074606e+01
1.056943324162815401e+01
1.056852806419407820e+01
1.056431856442373096e+01
1.053530371440594315e+01
1.051927059901826134e+01
1.051060959392251171e+01
1.051038884512165161e+01
1.043776708277257015e+01
1.043476113358528856e+01
1.041445049384117105e+01
1.039414432974652946e+01
1.039090913020902462e+01
1.037104031786427072e+01
1.033787505678242269e+01
1.032943401426993901e+01
1.026987571733093851e+01
1.026177541854860564e+01
1.022996472634257081e+01
1.022601004060978980e+01
1.020739623433403409e+01
1.019096796770199731e+01
1.015321068242230140e+01
1.014370485364007379e+01
1.012116137643581126e+01
1.011497849100671154e+01
1.007211010763285408e+01
1.004600799771214170e+01
1.003502888635326862e+01
1.002059063938458294e+01
1.000083659486986498e+01
9.989446885624262862e+00
9.976446232340240527e+00
9.958875967808852536e+00
9.943585264849517102e+00
9.908915996199933574e+00
9.906591210971802397e+00
9.897858778999134799e+00
9.880248759093861466e+00
9.863614273265227439e+00
9.830501532428272071e+00
9.809473042245281604e+00
9.797326542019074935e+00
9.788707487174262312e+00
9.764087175088658199e+00
9.726791350474746523e+00
9.719147466078311481e+00
9.683133063303461796e+00
9.638757898511819633e+00
9.627201532773078441e+00
9.615510554380644948e+00
9.612353627252078425e+00
9.608866878705507375e+00
9.596328194170949288e+00
9.582090321661356214e+00
9.540698855879881535e+00
9.531869522153545660e+00
9.527199130232919089e+00
9.506258743022046431e+00
9.476422023106085391e+00
9.474979791253797856e+00
9.467594148511674135e+00
9.421208163244884304e+00
9.407834508277318264e+00
9.377344723476099375e+00
9.357709051068987094e+00
9.347567921889520903e+00
9.326236336965491702e+00
9.311445477170353868e+00
9.299355271338175299e+00
9.295703105829645096e+00
9.264421049035620470e+00
9.260775002314288074e+00
9.217108585659660847e+00
9.214003634355419692e+00
9.205390311414523907e+00
9.179524117978269615e+00
9.179298056717989596e+00
9.162638500505096317e+00
9.160423236944360781e+00
9.131333694395996403e+00
9.113168432690777365e+00
9.097167588256718673e+00
9.086241241459482865e+00
9.081719042986859947e+00
9.070738267890520845e+00
9.029769102329758823e+00
9.019613947483867022e+00
8.994520037769701659e+00
8.973740319093266748e+00
8.954906287477248483e+00
8.936302485533280660e+00
8.923876201408608821e+00
8.905868428400134817e+00
8.892041062375874105e+00
8.886041436755121481e+00
8.858672944865890742e+00
8.838736954995237483e+00
8.807977330117907400e+00
8.770857485088074057e+00
8.768926858785373923e+00
8.746597121236414196e+00
8.742911060154428426e+00
8.731014983554661768e+00
8.705181098199016532e+00
8.687517152965085643e+00
8.667723982463822807e+00
8.655680656155283259e+00
8.646020937971874432e+00
8.630029964687295774e+00
8.624163711045561342e+00
8.603301351286395615e+00
8.588103434862853547e+00
8.583237391181981479e+00
8.566865962857045602e+00
8.554525295909652272e+00
8.544544660409055581e+00
8.541970504901597039e+00
8.502887555846626810e+00
8.500754104757881180e+00
8.491899080985064074e+00
8.479093164174139829e+00
8.474420998065207655e+00
8.448657571675683542e+00
8.411691570174099297e+00
8.410146717802856386e+00
8.384658897426247037e+00
8.359531480563525463e+00
8.347386289599906917e+00
8.344819044806525810e+00
8.325640118790119004e+00
8.312984155657771268e+00
8.280219681375356799e+00
8.269084870264347131e+00
8.250214631760512063e+00
8.230740555587198415e+00
8.229955354507637821e+00
8.227261334483799260e+00
8.210615071570408929e+00
8.181455090524421436e+00
8.177413392979698159e+00
8.165359104250653033e+00
8.146847033871434718e+00
8.131985633901958721e+00
8.119578939537985818e+00
8.116401566064054052e+00
8.084063275790931868e+00
8.076971297919298465e+00
8.068767982988743981e+00
8.049725702289537210e+00
8.042677821484277345e+00
8.021496785939095986e+00
8.008325052596630300e+00
7.989279959080488602e+00
7.975435971946910563e+00
7.971620522614312421e+00
7.958469551245947571e+00
7.954483548656789083e+00
7.917957213730670851e+00
7.917846125559313109e+00
7.889643550647202019e+00
7.871195669686848362e+00
7.860830034072940009e+00
7.860257762259760028e+00
7.835435685639145831e+00
7.832039248614452553e+00
7.818155674473708849e+00
7.815798125077045633e+00
7.789803464098964625e+00
7.766309955392340925e+00
7.754336900661633614e+00
7.753110259841251128e+00
7.738555405761062822e+00
7.730074117336831030e+00
7.716332229062619064e+00
7.690954949762930148e+00
7.684924284069116318e+00
7.681416476324140596e+00
7.658414745525791822e+00
7.651920144648538979e+00
7.643513080158372830e+00
7.637181188273668653e+00
7.634650621623757516e+00
7.609247068082004795e+00
7.575839175057415886e+00
7.567782704818223571e+00
7.553898818118787162e+00
7.544637148051832831e+00
7.516789441924336401e+00
7.506983761766575114e+00
7.501197755152382740e+00
7.497711827097895743e+00
7.465664680323971680e+00
7.458018215756538005e+00
7.427985930555626837e+00
7.424553485511458106e+00
7.405657313186050139e+00
7.404670348208162167e+00
7.379291122833691041e+00
7.378478027124987904e+00
7.350146825486448598e+00
7.344238020551634882e+00
7.341504376624166106e+00
7.335033433421677351e+00
7.310416720295928705e+00
7.294582067110298773e+00
7.288092330101306970e+00
7.279046732608774661e+00
7.277810979850597661e+00
7.256792276600286584e+00
7.244043838411722724e+00
7.232455662202981195e+00
7.212611352483886407e+00
7.211291888905791758e+00
7.196757203807956138e+00
7.185804109391488836e+00
7.174159248296311020e+00
7.147455182610139346e+00
7.144334650806169584e+00
7.135467646463320435e+00
7.131671769998502164e+00
7.118972455153710577e+00
7.105075566786001495e+00
7.093666571541548116e+00
7.075650866521309368e+00
7.061026335982888646e+00
7.051136691675766954e+00
7.032494447547874117e+00
7.016180403512024988e+00
7.004956295049491466e+00
6.999720782267038643e+00
6.979420318762127984e+00
6.965448615474014282e+00
6.960069498983274094e+00
6.943087191484869081e+00
6.925485146378340673e+00
6.909794610200629350e+00
6.888186384881715973e+00
6.884647292569386678e+00
6.868618513705459172e+00
6.863208403676686942e+00
6.862904890088209697e+00
6.859378813331236557e+00
6.825324682464527726e+00
6.824847718941823516e+00
6.808127169473966234e+00
6.791922527512801899e+00
6.789314405872558744e+00
6.764592191969035717e+00
6.755895896764911868e+00
6.755302461581430329e+00
6.741849823585412516e+00
6.731350001536669403e+00
6.725483680949003507e+00
6.713346632256254942e+00
6.696656332966602676e+00
6.683970633687880358e+00
6.656641820764995998e+00
6.654293033498599463e+00
6.652257245300122968e+00
6.643411924293004311e+00
6.634226005000954274e+00
6.627441457524227530e+00
6.602551913675213768e+00
6.585438012501737326e+00
6.580762891436126694e+00
6.554168181919756364e+00
6.551530253823046657e+00
6.528986339828523278e+00
6.528965138921366318e+00
6.507543360512610064e+00
6.506047289520326515e+00
6.496920405835569845e+00
6.487708115175937706e+00
6.482675676238345730e+00
6.472147297981464931e+00
6.467592368116990897e+00
6.450899842689665320e+00
6.428823007114977450e+00
6.428691079488706883e+00
6.413174708408101665e+00
6.394440440342527232e+00
6.383257539524740842e+00
6.369367186096912548e+00
6.356462312970702300e+00
6.346369466653301927e+00
6.344071169317954784e+00
6.320078984357769158e+00
6.314993963125153265e+00
6.310612533246495737e+00
6.299398925592015530e+00
6.288369311178463761e+00
6.284114208495426901e+00
6.281264456795276452e+00
6.271062284829872269e+00
6.259850182848911260e+00
6.256848473582909520e+00
6.240975258714447804e+00
6.223270097062025386e+00
6.214126618580700701e+00
6.206510739449223379e+00
6.183185411310073043e+00
6.167610498151831600e+00
6.163880440694040175e+00
6.145917839802434557e+00
6.142070171171987170e+00
6.131098387464947841e+00
6.130922535387063554e+00
6.121979552557460735e+00
6.098000803348540444e+00
6.094496067324557842e+00
6.079383133420989793e+00
6.076523505442949613e+00
6.072478205048756905e+00
6.055743025384927591e+00
6.041315737087395554e+00
6.032145377054279223e+00
6.025812174299766788e+00
6.023760842115988723e+00
6.013053299573186905e+00
6.008090411666406894e+00
5.982634690650482590e+00
5.981770830971083974e+00
5.974448198521620235e+00
5.954705930915478618e+00
5.949717763329147147e+00
5.940844396735182720e+00
5.936522979803500633e+00
5.929136629584251139e+00
5.909114938882098045e+00
5.899902786084290973e+00
5.896275233618235134e+00
5.881988032375192965e+00
5.872453904336424557e+00
5.847857201119201598e+00
5.843950786139060050e+00
5.836006137741905242e+00
5.835724811047051652e+00
5.812851615981016629e+00
5.810920523286294603e+00
5.800019483686219779e+00
5.780479993199647559e+00
5.776689855638444726e+00
5.765981720077687278e+00
5.754825642696081545e+00
5.747527206133407951e+00
5.729489940817980020e+00
5.725390646221980795e+00
5.721779932617593545e+00
5.699689310485331006e+00
5.691390128568103002e+00
5.680002661629816707e+00
5.666192160174298387e+00
5.655204328185573281e+00
5.646026392893262802e+00
5.636841865109760263e+00
5.633692852853842581e+00
5.628357917627096363e+00
5.610091001160846247e+00
5.588705964902488610e+00
5.586818120737482296e+00
5.571895818182070137e+00
5.568347806089278151e+00
5.544132558459533122e+00
5.541464511515914459e+00
5.537762565070281084e+00
5.531826337841847518e+00
5.528774340415512079e+00
5.514787982890850593e+00
5.508339476912222032e+00
5.491250646863114149e+00
5.483468989402499716e+00
5.481828246907027413e+00
5.463187115141498573e+00
5.459357528674971149e+00
5.458855662706559642e+00
5.442494281081665441e+00
5.428199846705338061e+00
5.425601107499510078e+00
5.416171720802672063e+00
5.409111121388647803e+00
5.408426486378369979e+00
5.398906391869964239e+00
5.390809967762545618e+00
5.371004901866276882e+00
5.370586989450765181e+00
5.350301662254403290e+00
5.350042337306411433e+00
5.345872162670997518e+00
5.326484724170120977e+00
5.320393508070759836e+00
5.319203114187427417e+00
5.309260121635263729e+00
5.300653646254829710e+00
5.293733935247072253e+00
5.291931229757212307e+00
5.290778321449552735e+00
5.288740227536315786e+00
5.271947735649324507e+00
5.266317456386854445e+00
5.243448067233936527e+00
5.235682285187630569e+00
5.231211897414087986e+00
5.225091830789898140e+00
5.223537457138760942e+00
5.210240847678828224e+00
5.195648596352875792e+00
5.192860964496250453e+00
5.189922128998665229e+00
5.176316866473569256e+00
5.164327961637153130e+00
5.158851344446284237e+00
5.153710526741503095e+00
5.142257927812501350e+00
5.125308686504113531e+00
5.124750499110367841e+00
5.114527824986074833e+00
5.107255186490130328e+00
5.089867025502575970e+00
5.081089432257710037e+00
5.071779078393308104e+00
5.061091222219013197e+00
5.046773205411501095e+00
5.046182297175702658e+00
5.032039231616691310e+00
5.023429947226964565e+00
5.018494123126843398e+00
5.011827215862653340e+00
5.009284942556091025e+00
5.004727006617915919e+00
5.001101052182312934e+00
4.988123414844589654e+00
4.987859873183883685e+00
4.970960235620435874e+00
4.968158779973782302e+00
4.956358967789882719e+00
4.947240344899732634e+00
4.940257922575105987e+00
4.933676837243862856e+00
4.933150971663582851e+00
4.925670345761371749e+00
4.916201002413954413e+00
4.908471893176671763e+00
4.905482365432082936e+00
4.904494763412001745e+00
4.880318530444716529e+00
4.877406050369168078e+00
4.876258939914293045e+00
4.862725918355748078e+00
4.848238919894906296e+00
4.844584647254061238e+00
4.839403556502745118e+00
4.838079723098259954e+00
4.830004916205102639e+00
4.819650593859777565e+00
4.816655494167467744e+00
4.804943724652185111e+00
4.800593339974708940e+00
4.792711808434969356e+00
4.789403125394350091e+00
4.770520517712818709e+00
4.768207827670702947e+00
4.752800599304847218e+00
4.749754374286167646e+00
4.741347228997819130e+00
4.733777536654544704e+00
4.729622905789157450e+00
4.727910469021517237e+00
4.712118163560444550e+00
4.708953851470352170e+00
4.697013256024925809e+00
4.696097140454620344e+00
4.678235511689933901e+00
4.676541990009222438e+00
4.666785727881427981e+00
4.657928762882346696e+00
4.654969563395766841e+00
4.649217074419995654e+00
4.625879298798986738e+00
4.617465468886700286e+00
4.614966655468234258e+00
4.607511967847196743e+00
4.597441265941279553e+00
4.596811775931666233e+00
4.584689932601097695e+00
4.577063923532732836e+00
4.574290011911727127e+00
4.571800107227814713e+00
4.564245075061217349e+00
4.562499070703188941e+00
4.548001305272777905e+00
4.538172302312193374e+00
4.529775019414265635e+00
4.520084534452605496e+00
4.516178324334669369e+00
4.512551015249884223e+00
4.509926680103614416e+00
4.502381586763255505e+00
4.498064309028737995e+00
4.491436208231203153e+00
4.482043649846985112e+00
4.480770802503330152e+00
4.470833715824360510e+00
4.466819315174769045e+00
4.463520329552617127e+00
4.454130462073858432e+00
4.446450045486763258e+00
4.444608533366060321e+00
4.438752559562098909e+00
4.424160784037328042e+00
4.411321325668419391e+00
4.410001964494463245e+00
4.400891035377743066e+00
4.394956609400249015e+00
4.389694449136501753e+00
4.378286970222696972e+00
4.371099219649903667e+00
4.366722070698246583e+00
4.357980597108220167e+00
4.339658540540494158e+00
4.338312993097932946e+00
4.332866626044483915e+00
4.320971822073500945e+00
4.317090238041958905e+00
4.312375150704980342e+00
4.306496993128263284e+00
4.295518807401902173e+00
4.285814241788522772e+00
4.284811797172269010e+00
4.274591097060587153e+00
4.262032563598665114e+00
4.259290917376305607e+00
4.250228504748295499e+00
4.247585314890360841e+00
4.245545779328395497e+00
4.242296988716239170e+00
4.228090836315987033e+00
4.226676383771468259e+00
4.219542493065182143e+00
4.213644073058604000e+00
4.209654110203100430e+00
4.194579202847225297e+00
4.192523564472180553e+00
4.191346245135377124e+00
4.179821047425081204e+00
4.170837840849668687e+00
4.165913471730520179e+00
4.158959485795101330e+00
4.152258521890584753e+00
4.143079773304999769e+00
4.140029657018121867e+00
4.130718752853075770e+00
4.120338139196472405e+00
4.114595182992922595e+00
4.111500695282836126e+00
4.106230213797038786e+00
4.103499383392563260e+00
4.092748440694253809e+00
4.091339755726568050e+00
4.071541306745449340e+00
4.067035590199439277e+00
4.063480218774173203e+00
4.055570272360757400e+00
4.051758814370058914e+00
4.046680219958111557e+00
4.038250727450355626e+00
4.030346625322966503e+00
4.026901631237743473e+00
4.022883518149246385e+00
4.015837723725173447e+00
4.007644377044790929e+00
3.999948866058033126e+00
3.998574845899855568e+00
3.995485321323255956e+00
3.993306000792298249e+00
3.986889320674558146e+00
3.978131230372797589e+00
3.965627925350460714e+00
3.961743727444723362e+00
3.957311746751882797e+00
3.949062867741543137e+00
3.948490437827079536e+00
3.936235526808669505e+00
3.933982725311347739e+00
3.926075576893844676e+00
3.925432132567262311e+00
3.918969524140256233e+00
3.908326351643955920e+00
3.908291100815397545e+00
3.892925900428922947e+00
3.888998964506708678e+00
3.882462399806831943e+00
3.879666908515138513e+00
3.871233943916562836e+00
3.867237535143395633e+00
3.858921894332658642e+00
3.847795895768316932e+00
3.845006891682270833e+00
3.842232732593830136e+00
3.834467114546897815e+00
3.826850557772778494e+00
3.820939346098183531e+00
3.819587402671935639e+00
3.812714254702703531e+00
3.812607013292085512e+00
3.804697556285261406e+00
3.803034254199029629e+00
3.789251119356955577e+00
3.781515190842736018e+00
3.777736215190162561e+00
3.762779795831513230e+00
3.760270183233442864e+00
3.755043278334688317e+00
3.750055575697422761e+00
3.740800984670651363e+00
3.738744679256885473e+00
3.735675416883186717e+00
3.720244335689748549e+00
3.718745261022549098e+00
3.712414490056097360e+00
3.705364081901300288e+00
3.694720759098613971e+00
3.691803416889481770e+00
3.680498640694301660e+00
3.678078027647524006e+00
3.672605275303703287e+00
3.661703510946259676e+00
3.659382854411843411e+00
3.649683597713680783e+00
3.649682904908384096e+00
3.648223752401570152e+00
3.643178288159925060e+00
3.634234256950460651e+00
3.628419289216617383e+00
3.624202404092308427e+00
3.615279144764131480e+00
3.613359636472684322e+00
3.611745856547934785e+00
3.601668864701247585e+00
3.598265692185543152e+00
3.594758073038955448e+00
3.589977883129422676e+00
3.574807656686651125e+00
3.572892564965594264e+00
3.571601184567688936e+00
3.552562824764940785e+00
3.548580641140018699e+00
3.544693090621839460e+00
3.541172243782645612e+00
3.531963021086672594e+00
3.521092290965552873e+00
3.515235583373654826e+00
3.514980170870124265e+00
3.509024357950963680e+00
3.508666846585017041e+00
3.502070914096438337e+00
3.499846984096918856e+00
3.491628978668289474e+00
3.488534431604883412e+00
3.480600191665840004e+00
3.473241065258957594e+00
3.464808316337995464e+00
3.462885278858546911e+00
3.456681792410794429e+00
3.448289361433610978e+00
3.442148101977207109e+00
3.441336734090524985e+00
3.433766483122444146e+00
3.429906716095851849e+00
3.429344726458888548e+00
3.424566112766233239e+00
3.422264309735583598e+00
3.407692229182190058e+00
3.403247742180914415e+00
3.398644646806491476e+00
3.391353045358791896e+00
3.391193989657749430e+00
3.389664425638330147e+00
3.376589445963317893e+00
3.370751471696563417e+00
3.359455186542563698e+00
3.353797313368481081e+00
3.350624982978419819e+00
3.350245850097304690e+00
3.338242335666572913e+00
3.334059027302084033e+00
3.332669236700215976e+00
3.327665972056119248e+00
3.312744398458277839e+00
3.309164952633040446e+00
3.302314837352027688e+00
3.297922987595417688e+00
3.295209809178709204e+00
3.294566585910953194e+00
3.286475017484411065e+00
3.283106888012983227e+00
3.278709855933422013e+00
3.274554044102715444e+00
3.269857091887920397e+00
3.265282070704220718e+00
3.260954373354883806e+00
3.248289439624125308e+00
3.245595983836638609e+00
3.245288338745009771e+00
3.241630268332385878e+00
3.239865925963469007e+00
3.232742090960529335e+00
3.230671934474961038e+00
3.227301738091418404e+00
3.215247555421409054e+00
3.209838575918542602e+00
3.204850020137500533e+00
3.201902778496145352e+00
3.189495603235080523e+00
3.186759953257832567e+00
3.184311335021713596e+00
3.177893490656642062e+00
3.166605912422375990e+00
3.159135139606661813e+00
3.158556101392583138e+00
3.153070613046455861e+00
3.140026094634185583e+00
3.138839638576229607e+00
3.133383848845726405e+00
3.131376153837837517e+00
3.126809009234248204e+00
3.125028200286108948e+00
3.124546147514033922e+00
3.117460374622714969e+00
3.113396536122016389e+00
3.109957964289437715e+00
3.107561349864385924e+00
3.097723795644336420e+00
3.085496635957922340e+00
3.079726817642102876e+00
3.078614680530559866e+00
3.077431777806695301e+00
3.068915968500750324e+00
3.061200834238683388e+00
3.059009094248920313e+00
3.057431812495490675e+00
3.044810500507597606e+00
3.041044699916246596e+00
3.033574348347328975e+00
3.027039143058940507e+00
3.026359308366652456e+00
3.020625873156045582e+00
3.020498613259477327e+00
3.012269385026320467e+00
3.008099720781876929e+00
3.000758091620511880e+00
2.998327509697901405e+00
2.988675990403049099e+00
2.985641651845039490e+00
2.980045711623199090e+00
2.973679405940448550e+00
2.963265072657874644e+00
2.960703797364403478e+00
2.957592741443647810e+00
2.957551772719409833e+00
2.947370307204602913e+00
2.947137857276039608e+00
2.940112061328763904e+00
2.934253802446734838e+00
2.929692301734013071e+00
2.926168100135297045e+00
2.924151299698335649e+00
2.919572850281198839e+00
2.916182350091549136e+00
2.916173200272672350e+00
2.905869665644860156e+00
2.900773041278227993e+00
2.895690135868656423e+00
2.894220766091384789e+00
2.891398966776145496e+00
2.881939780602491119e+00
2.879653510027976093e+00
2.874530285197621104e+00
2.870440372080593772e+00
2.865287504374101957e+00
2.859931748606763247e+00
2.856191637728038746e+00
2.855756854634646569e+00
2.851263053937393988e+00
2.843040862305652006e+00
2.836424189514801686e+00
2.834187181153247526e+00
2.826386494032399277e+00
2.826288814844589492e+00
2.815935923761561099e+00
2.814565849155312272e+00
2.808465281807159375e+00
2.798231111624979395e+00
2.793222445750495719e+00
2.787553625831659332e+00
2.786724584352284317e+00
2.785691648303486367e+00
2.771888965138292527e+00
2.769970528276018751e+00
2.765380828319084827e+00
2.763623052720937334e+00
2.762271279119409506e+00
2.754539300120727230e+00
2.752025549975429364e+00
2.747079365602421497e+00
2.743411251759774405e+00
2.731590719387302357e+00
2.730706580513457826e+00
2.723638520111642425e+00
2.720732371559807294e+00
2.715946059269709334e+00
2.712375578506043272e+00
2.710949583449707934e+00
2.695678825413099666e+00
2.691590104275443540e+00
2.687423091089236937e+00
2.686206047441351608e+00
2.684114990432412196e+00
2.679080753160000938e+00
2.678808872701490706e+00
2.675521436252933150e+00
2.667263392400618827e+00
2.667095861013150770e+00
2.662388905083012069e+00
2.659132283155165144e+00
2.658017419933623060e+00
2.652561107863873335e+00
2.647668102361798059e+00
2.640515236178403224e+00
2.638351941693044544e+00
2.631133445503930357e+00
2.629710697135318576e+00
2.628476177525581381e+00
2.626330146717268832e+00
2.615547430670953855e+00
2.609533033440890382e+00
2.602348135298263365e+00
2.600882861125102696e+00
2.597901545267168100e+00
2.597261599772658247e+00
2.591296499414061039e+00
2.588985883099640173e+00
2.580409189552558047e+00
2.574787493246199155e+00
2.574201106245387116e+00
2.567568251264472412e+00
2.563308391426618371e+00
2.562368696870211959e+00
2.556991734268622363e+00
2.549988670219112130e+00
2.545129159791692519e+00
2.540762170080714366e+00
2.536892377440525870e+00
2.530993538337999116e+00
2.529477632604368420e+00
2.521920213769090591e+00
2.520219761609639342e+00
2.519820287850419227e+00
2.512034902196649711e+00
2.509292827871173248e+00
2.508124845372181611e+00
2.502543033025034891e+00
2.493207505818124226e+00
2.491832535762049439e+00
2.486626460834969521e+00
2.485591481553800275e+00
2.478578784765070875e+00
2.471997385871666175e+00
2.466113457330276759e+00
2.460420210520880779e+00
2.459613474943552092e+00
2.452613805334794783e+00
2.450659243630022299e+00
2.442749677929240804e+00
2.436073938203838551e+00
2.431658028415068618e+00
2.425951753820934087e+00
2.424712887121368787e+00
2.423014580062992973e+00
2.422832766320397457e+00
2.415790756483044976e+00
2.408405925437001827e+00
2.408293678562082540e+00
2.402722871984069197e+00
2.402470940310788894e+00
2.397535189102424802e+00
2.387532642804331751e+00
2.384823324023050972e+00
2.381717086353994706e+00
2.381488121295318283e+00
2.379359772394646022e+00
2.373010141934954742e+00
2.368636991770266764e+00
2.364052423846064954e+00
2.362641978035447288e+00
2.360062227724539774e+00
2.357955355658316154e+00
2.352941297359782524e+00
2.346089750893997294e+00
2.343950135923819733e+00
2.339559225729987979e+00
2.335544678947707009e+00
2.333686262564869995e+00
2.332573061647830848e+00
2.320259216769820387e+00
2.315361578190051173e+00
2.313867023426691372e+00
2.311446416796189229e+00
2.309371877525154382e+00
2.308634099149078800e+00
2.304696240943919339e+00
2.300451960980418598e+00
2.296965378370545263e+00
2.291093855564233284e+00
2.287685048401820964e+00
2.277273817398487221e+00
2.276655682273421633e+00
2.273496306293996128e+00
2.267436463203538644e+00
2.267375915857525737e+00
2.264243981312828335e+00
2.259356174527495487e+00
2.255197528852867617e+00
2.250314524294416696e+00
2.248060490019024193e+00
2.241052943495944305e+00
2.235289219731839694e+00
2.229689703380620891e+00
2.227504472023743798e+00
2.219547970568828354e+00
2.213077380236700087e+00
2.208937882106988049e+00
2.204299463533808900e+00
2.200900395313534652e+00
2.200534774374217406e+00
2.198227901909154625e+00
2.193395957098450921e+00
2.186966084242605746e+00
2.184241068955542708e+00
2.184116403289526609e+00
2.179683016951787788e+00
2.178547004190144243e+00
2.174401410820050007e+00
2.166665765343481986e+00
2.165300143033222824e+00
2.162537207064304745e+00
2.158610736465913948e+00
2.152553671004473479e+00
2.146995062120036213e+00
2.141844560278474585e+00
2.138870807819447606e+00
2.137350398853946842e+00
2.135484570715648900e+00
2.129244957050238085e+00
2.121708270277870234e+00
2.116513882051226147e+00
2.111788712235104892e+00
2.109470074845992027e+00
2.106915454987784653e+00
2.098145677796495079e+00
2.097195997709223381e+00
2.095348867165256923e+00
2.092097963739196320e+00
2.089338675197450534e+00
2.085189663644235747e+00
2.083355820829037697e+00
2.076821030978965865e+00
2.073157779021575386e+00
2.072797427904073952e+00
2.066826706208959585e+00
2.065909041286482228e+00
2.062316918403928057e+00
2.058597201595913084e+00
2.049710201053893677e+00
2.043750679685444549e+00
2.041738998322838672e+00
2.041110714012544403e+00
2.037655084744171674e+00
2.037244547876780221e+00
2.023450077893369503e+00
2.022234434659968993e+00
2.019401434072258805e+00
2.016026627512499392e+00
2.010789252811344685e+00
2.009964088383869196e+00
2.003536700501413748e+00
2.001048935412145013e+00
2.000506961634000991e+00
1.995885763335822904e+00
1.994996607383318743e+00
1.986594120195266377e+00
1.984368577164113967e+00
1.982118053607511809e+00
1.978397576400425129e+00
1.973220097529458483e+00
1.968188941900125055e+00
1.963709370920306396e+00
1.962016729203309051e+00
1.958387098966234197e+00
1.953861921949073599e+00
1.953419498043222235e+00
1.948356277966608818e+00
1.946800794579840233e+00
1.941872720797354068e+00
1.937888014309121498e+00
1.931806500068361521e+00
1.930217801420254453e+00
1.928094345915736474e+00
1.924061764598083979e+00
1.922445456632044358e+00
1.918255318974214196e+00
1.917527856018950594e+00
1.913046605698442093e+00
1.908208779198285132e+00
1.901939929791065298e+00
1.900027771756650496e+00
1.899887915262654658e+00
1.894567252460970241e+00
1.893376750898885907e+00
1.886534426536972342e+00
1.884490018453390370e+00
1.882897013310320222e+00
1.879521029727697412e+00
1.877334422644592493e+00
1.872727482098661689e+00
1.868020146376607737e+00
1.863086874556507677e+00
1.860172464851147511e+00
1.855374727247679267e+00
1.848392647817983736e+00
1.848312640709509180e+00
1.844936943258649320e+00
1.843060385458308970e+00
1.837904757417524904e+00
1.836252915368174143e+00
1.827497847072067083e+00
1.824909979382194125e+00
1.820201399467265890e+00
1.819097892820677798e+00
1.816609966511337770e+00
1.813900465548614616e+00
1.811695906057529726e+00
1.806323607165882139e+00
1.801874869436049131e+00
1.801270465787955466e+00
1.799132783759327170e+00
1.797622626267073365e+00
1.795022882155869359e+00
1.789230085922341340e+00
1.786462207359524879e+00
1.785283545684208883e+00
1.781243832194406185e+00
1.772502635080032363e+00
1.770119720974761446e+00
1.765299655107306132e+00
1.764566180696828468e+00
1.762206461481656383e+00
1.760643162806138529e+00
1.758261319831626812e+00
1.756540141622310758e+00
1.751465900604395998e+00
1.747532774624257934e+00
1.741817055453332097e+00
1.739587269980159778e+00
1.738611270651750473e+00
1.737005596205475122e+00
1.728378430700334478e+00
1.727703260613577374e+00
1.724514987714870884e+00
1.721836047101255707e+00
1.718466787077463476e+00
1.718243421431696616e+00
1.714880804013863891e+00
1.708895978088275092e+00
1.706508758225109057e+00
1.702492178015534874e+00
1.699057550941994288e+00
1.694597337139011728e+00
1.690941492103692489e+00
1.689929153968987130e+00
1.685231714652261736e+00
1.685149841137760784e+00
1.680440852162681020e+00
1.678987759930246293e+00
1.674121761974336042e+00
1.670066677883740081e+00
1.665107941077309972e+00
1.663180560594189616e+00
1.659409873263631097e+00
1.658903182593270076e+00
1.655041458180978253e+00
1.653351837585391282e+00
1.649190222962263919e+00
1.642867791117186282e+00
1.642055523264273953e+00
1.641275451143030528e+00
1.632790643228215544e+00
1.632116492863186163e+00
1.631444418495845872e+00
1.623842361273308610e+00
1.621196426924757406e+00
1.621006411723900476e+00
1.618360149527402925e+00
1.614500890132092081e+00
1.613173162711039277e+00
1.610759051008493037e+00
1.607695752074709938e+00
1.601958280739419482e+00
1.593622927196773453e+00
1.593468990009848874e+00
1.587816264772438979e+00
1.586481528128976359e+00
1.582741343200581241e+00
1.580873594107023328e+00
1.574999202339743887e+00
1.574744805146838234e+00
1.573784925853186412e+00
1.569841149723906426e+00
1.567311120310885819e+00
1.562389767108813166e+00
1.561929144669028879e+00
1.561470500587658572e+00
1.554778235201943470e+00
1.551267646461016225e+00
1.549708289856946752e+00
1.548687642627347483e+00
1.542580489257785681e+00
1.541474636067974524e+00
1.532816269533393783e+00
1.530497620577272233e+00
1.530279128140322076e+00
1.527774950765554696e+00
1.525012909226952873e+00
1.523977722226368625e+00
1.519956927694822157e+00
1.517547760764674125e+00
1.515322295175786760e+00
1.507805647009510919e+00
1.504359996549000655e+00
1.503352425797795711e+00
1.501792420048786880e+00
1.497274636767329525e+00
1.495157225344986074e+00
1.490407097171560169e+00
1.486616192769849132e+00
1.477291293593538946e+00
1.475754644287756046e+00
1.475343711208432662e+00
1.470335999835898910e+00
1.469829166447075952e+00
1.469051163180485009e+00
1.465214305994645638e+00
1.460685531029120687e+00
1.458645008741114690e+00
1.458583847321900384e+00
1.457648506374640718e+00
1.451294962961121815e+00
1.448850687113071967e+00
1.448475409558740878e+00
1.440510355895018968e+00
1.439461925604789139e+00
1.432527177455573897e+00
1.427243788712740713e+00
1.426854015004426435e+00
1.422916233314573287e+00
1.419685037564299090e+00
1.417336643349705660e+00
1.412013319876373352e+00
1.410874034179799619e+00
1.409530009588117583e+00
1.407803843412936740e+00
1.402537877687958900e+00
1.397927129762193132e+00
1.397227398358408479e+00
1.392268708947121958e+00
1.389170819024685866e+00
1.385809389137653724e+00
1.382727921662353143e+00
1.381206952820734024e+00
1.374920821880239785e+00
1.374272702783044142e+00
1.369959596383394596e+00
1.368310902599499501e+00
1.364625995122576985e+00
1.362154141884262870e+00
1.359687503902399675e+00
1.358599915248650980e+00
1.358146644199615949e+00
1.353668926090004332e+00
1.350016888925357650e+00
1.348475515553106518e+00
1.344350545944954067e+00
1.342123753100444405e+00
1.336462986202896053e+00
1.335665773354841823e+00
1.328585245464457332e+00
1.326325443988348285e+00
1.325152313050972586e+00
1.322794635425961207e+00
1.315349924413084848e+00
1.314372788263416636e+00
1.314311836269956846e+00
1.309902557152977653e+00
1.308844935700303580e+00
1.306477330794819425e+00
1.303395598343362272e+00
1.303259096009829809e+00
1.302626136039378268e+00
1.295379741976632859e+00
1.294463274211892001e+00
1.290379059763661518e+00
1.287868708694270614e+00
1.285186862823401110e+00
1.280778593736266791e+00
1.278282818269852017e+00
1.275128730007039968e+00
1.273928508500413281e+00
1.269260438912103828e+00
1.265641979773978187e+00
1.259976187531805403e+00
1.255863506706686783e+00
1.254917577263689576e+00
1.253877971983015760e+00
1.252163196706120640e+00
1.250222811310633508e+00
1.249407480574185492e+00
1.245074039609742389e+00
1.240480586898462745e+00
1.239340135755901740e+00
1.235947890653958936e+00
1.232981339967939904e+00
1.226791774092521825e+00
1.226188001847966502e+00
1.224224666609286638e+00
1.223049582243834088e+00
1.217568915907841776e+00
1.216641602037879855e+00
1.211541765835738804e+00
1.210022582978297567e+00
1.208333284432354882e+00
1.205910809763059977e+00
1.204795733803014413e+00
1.204389563815437159e+00
1.203289012357640297e+00
1.197093411061821877e+00
1.191030436114971058e+00
1.187314236543590029e+00
1.186467319986362901e+00
1.181124775708060959e+00
1.177525498191105413e+00
1.175332336883570417e+00
1.175077866784018266e+00
1.172903784940832139e+00
1.169661138155151603e+00
1.165929778440030429e+00
1.165016253241470290e+00
1.162731043321912683e+00
1.158748428861495983e+00
1.157047139379093981e+00
1.154012026621060283e+00
1.153054219431230099e+00
1.146246747967619717e+00
1.144809606152364934e+00
1.142240473947670143e+00
1.141850896251068059e+00
1.139295253144190001e+00
1.136292665422228509e+00
1.135879212257141280e+00
1.131467315028540144e+00
1.127906715284672456e+00
1.124381733093657409e+00
1.124216045162436783e+00
1.119815675113457809e+00
1.115221361622212415e+00
1.113818143221602330e+00
1.108907530474218195e+00
1.108570179507178732e+00
1.104076953958541552e+00
1.103587580054175898e+00
1.099249138676924087e+00
1.097746823116122927e+00
1.094838556825371345e+00
1.091498492952798882e+00
1.090190246962478016e+00
1.086104360012899006e+00
1.085831174106345332e+00
1.081222224661233744e+00
1.079231863568784977e+00
1.078557850772650095e+00
1.074349201086018502e+00
1.073453707844014282e+00
1.069571286910967034e+00
1.068420078480761148e+00
1.065520588110854705e+00
1.065022481464127813e+00
1.062126060030503139e+00
1.059539598247845493e+00
1.054876455493397369e+00
1.052876070638510075e+00
1.051432639954868131e+00
1.048390530798778641e+00
1.047641851832182835e+00
1.044160248187320006e+00
1.041575403014952439e+00
1.033973500390393374e+00
1.033570683073510521e+00
1.032601646085418601e+00
1.027429062382631653e+00
1.024530510131668626e+00
1.021782562097078406e+00
1.019925213405114883e+00
1.018070820253773379e+00
1.016400438304302156e+00
1.013142547151919759e+00
1.007785368842050389e+00
1.007452187306246971e+00
1.003699768369717749e+00
1.002022000190825990e+00
1.000518222441315386e+00
1.000000000000000222e+00
9.999999999999997780e-01
9.972190069260329359e-01
9.955107458913963203e-01
9.942212602034351532e-01
9.923823780857633503e-01
9.918677295121047788e-01
9.852008347832146296e-01
9.842598175895467261e-01
9.819324764237392644e-01
9.765036465505976260e-01
9.740058569186405002e-01
9.723545428286813896e-01
9.680787112520944371e-01
9.653817102303668962e-01
9.638994891368893869e-01
9.638347718784603391e-01
9.546560742316847481e-01
9.526426099481158927e-01
9.520950673349005688e-01
9.512521815678328663e-01
9.495103880773506644e-01
9.466251357550290457e-01
9.438923674717459855e-01
9.410508018291139365e-01
9.388928385353667583e-01
9.360497714733875263e-01
9.326913246660715195e-01
9.288594918192035754e-01
9.254652095688310487e-01
9.252722429058906073e-01
9.227624438442296739e-01
9.185755787076793633e-01
9.176852621558787559e-01
9.141992506172464950e-01
9.127217335122891351e-01
9.083263905402891858e-01
9.081668147265379298e-01
9.064208581462682712e-01
9.050663534465029914e-01
9.033433978796613362e-01
9.012761756627051257e-01
9.004590354304744526e-01
8.966276309751360918e-01
8.943956596104434276e-01
8.913042303891821616e-01
8.880209983077962388e-01
8.870173134320170627e-01
8.861264904914214480e-01
8.855479103956421794e-01
8.807667189266574770e-01
8.792943966331745465e-01
8.774591056263714162e-01
8.754470442068399416e-01
8.739630011922090436e-01
8.665648780475245783e-01
8.660448088272471034e-01
8.628187416560670897e-01
8.612309096669100716e-01
8.585488017877471734e-01
8.566526621039320943e-01
8.558928310343045798e-01
8.544081250264394800e-01
8.504740954829344002e-01
8.490769367439061632e-01
8.487016211958242629e-01
8.467616691282437991e-01
8.414364886978126234e-01
8.383307798808551370e-01
8.367950709904281581e-01
8.352223483049229236e-01
8.317575982959140024e-01
8.301560975929920261e-01
8.265916236867386635e-01
8.256091461111142449e-01
8.251317992051776518e-01
8.229802069706615431e-01
8.208996931089325155e-01
8.186628247958313009e-01
8.158946526692989476e-01
8.141938752330543094e-01
8.126662502951277345e-01
8.108757497333931585e-01
8.098104944161512719e-01
8.082182196807857766e-01
8.016886936642145800e-01
7.985009601747236063e-01
7.979914743206927286e-01
7.959887196230396311e-01
7.925347241667766163e-01
7.923323970832931717e-01
7.888826929775063501e-01
7.861848946828872142e-01
7.855521207168236764e-01
7.808155248664619963e-01
7.782011654603109285e-01
7.768462446988408932e-01
7.712182441037025438e-01
7.698384434468645843e-01
7.646054489387645869e-01
7.631533680616152671e-01
7.614705272819990434e-01
7.592031376552843547e-01
7.584591980357686669e-01
7.542584114385771921e-01
7.538095535555803250e-01
7.520584608960513284e-01
7.498344734903353848e-01
7.486825388576858753e-01
7.446317879344439561e-01
7.426995705155186034e-01
7.418449439864929218e-01
7.417098264820185527e-01
7.395412252577595602e-01
7.340518398321256299e-01
7.328061779274852583e-01
7.305714961177283140e-01
7.276036410811929089e-01
7.253164681735482233e-01
7.245997076233005041e-01
7.238224928068998087e-01
7.199684629287048665e-01
7.157504402829920620e-01
7.139548989441691917e-01
7.119600630720385182e-01
7.089032799399499485e-01
7.057610177469532120e-01
7.026709589904897024e-01
7.012634357500396876e-01
6.996454931822524426e-01
6.994966592302238606e-01
6.964420946588691930e-01
6.950737914552962415e-01
6.928812666222077254e-01
6.897485812176094022e-01
6.887643013918601786e-01
6.844370797552024044e-01
6.842238966076724660e-01
6.833768933304370519e-01
6.788509802240875191e-01
6.770693676927316274e-01
6.749416546570360387e-01
6.737729188559308247e-01
6.724542840137980315e-01
6.680509114759245470e-01
6.654378879406399605e-01
6.625429167659747653e-01
6.618084097002577826e-01
6.580588460143463880e-01
6.578098085462035227e-01
6.574429576603889602e-01
6.526041608166317509e-01
6.524062855182936049e-01
6.456627115181267085e-01
6.452030589920916270e-01
6.447845640521343569e-01
6.440457324574976328e-01
6.375054031830601486e-01
6.343759717455396130e-01
6.324881391635022165e-01
6.306874240342744686e-01
6.299680774254897697e-01
6.293985162337396577e-01
6.268058668229190555e-01
6.232941839127797978e-01
6.226889888296885944e-01
6.183507155473184635e-01
6.156078158139556278e-01
6.123622378981311565e-01
6.094705976609583464e-01
6.071117502745952965e-01
6.051052630571744917e-01
6.048185143577188283e-01
6.013959056973664508e-01
6.008829044160711730e-01
5.963757240542441052e-01
5.958801402072044784e-01
5.933078329414602781e-01
5.893216334627329189e-01
5.889814917583072740e-01
5.869743517394125920e-01
5.864119483492113982e-01
5.848364860064797499e-01
5.826779836375479693e-01
5.817997280850349950e-01
5.808209538552704387e-01
5.789466959201862162e-01
5.751319457121948364e-01
5.742918805620804701e-01
5.736536962427022379e-01
5.726167787512896901e-01
5.712054458550384073e-01
5.658195627150435225e-01
5.654170449772463192e-01
5.634762338603216403e-01
5.596135333656087063e-01
5.572954061467397802e-01
5.562606104239915528e-01
5.535945515465556799e-01
5.514998881601599345e-01
5.509103217816645470e-01
5.481083981629593094e-01
5.456099631457904664e-01
5.431906693800444552e-01
5.429402858615750560e-01
5.411483869264452906e-01
5.382251616282045514e-01
5.380042542205054623e-01
5.344158753188382738e-01
5.318327704223553276e-01
5.310001798025001385e-01
5.275025527399084257e-01
5.240910974224125551e-01
5.224779327707977927e-01
5.213730733404420281e-01
5.208092483550195162e-01
5.172797051962346737e-01
5.135286260867343300e-01
5.119656055979825426e-01
5.114984552675700957e-01
5.109752191843326408e-01
5.101395215867216004e-01
5.049452120280283340e-01
5.025173422417384961e-01
5.023101185181509942e-01
4.987435350881828655e-01
4.978346735680611035e-01
4.958170140575858253e-01
4.938340617846510017e-01
4.894763704729808707e-01
4.873616062975833496e-01
4.862970599463518062e-01
4.845753938298166252e-01
4.822171867236959564e-01
4.795816099298665369e-01
4.751772393011675644e-01
4.742823511101444400e-01
4.729623271672338536e-01
4.707890699327101358e-01
4.685395875884161843e-01
4.678355048056561105e-01
4.666745976166681853e-01
4.627768403519443297e-01
4.620609978899415937e-01
4.606172691172851219e-01
4.584871491696882462e-01
4.562622148550945500e-01
4.556647916206206239e-01
4.549304616096102039e-01
4.525623823254903977e-01
4.491301491494472109e-01
4.478553762315473641e-01
4.460274323419481379e-01
4.413675850303722115e-01
4.413307535872285636e-01
4.377903655678326844e-01
4.361599476866290792e-01
4.348452225678202110e-01
4.302317894306137980e-01
4.260165834682707597e-01
4.257491899493319187e-01
4.249134951444364927e-01
4.237959330959110704e-01
4.232151547862393892e-01
4.215206349287606291e-01
4.178109953169029667e-01
4.169133483888637359e-01
4.151436776421649211e-01
4.122227835532302764e-01
4.112389705330366518e-01
4.094290859306672359e-01
4.088827944425254546e-01
4.048297090031475753e-01
4.047886497390726923e-01
4.018308829445773611e-01
3.985966827605400553e-01
3.971249171409592105e-01
3.961366775463631140e-01
3.954321173142173462e-01
3.936397043299981191e-01
3.919754425182668256e-01
3.901179129897718312e-01
3.891232103520212426e-01
3.866752101284305354e-01
3.849267503299444448e-01
3.808534360303069688e-01
3.805567157520538535e-01
3.785935657544373667e-01
3.767630677607960443e-01
3.744667317099169557e-01
3.720332702067402630e-01
3.715490165362384523e-01
3.706477160699330198e-01
3.689067466998203204e-01
3.662460580170694424e-01
3.636888562002779102e-01
3.622705775955181728e-01
3.613793378018097524e-01
3.596398706581314664e-01
3.595167321000719007e-01
3.583903770498959585e-01
3.528416257319281213e-01
3.508739904619596062e-01
3.493194552635632277e-01
3.490442405194081887e-01
3.476334568046473006e-01
3.468380907700310822e-01
3.436898042264237008e-01
3.431966385491805882e-01
3.412169490810249006e-01
3.393736228675081068e-01
3.385601538617210027e-01
3.353692290703438883e-01
3.339799025544206157e-01
3.320421103518461092e-01
3.316275516341701257e-01
3.311766311647382777e-01
3.294620862736475364e-01
3.285854164728838622e-01
3.270061896087850251e-01
3.218581454389773389e-01
3.205692756653256703e-01
3.182908285734992737e-01
3.181443097876996418e-01
3.163470176094171915e-01
3.122176385800132237e-01
3.114415036411932736e-01
3.099498953084621755e-01
3.091005615808800067e-01
3.049965102363635383e-01
3.031159421547993671e-01
3.018629780851807554e-01
3.002144296579692395e-01
2.983870441473843171e-01
2.982472204153184259e-01
2.962157594156294982e-01
2.935850895520840109e-01
2.932833416252677017e-01
2.920746385664781397e-01
2.899519807338528654e-01
2.895435120431415488e-01
2.879091104934222156e-01
2.855987434567101579e-01
2.844864691688561709e-01
2.832968050266976290e-01
2.797005797983040942e-01
2.775480041419463584e-01
2.764970737041876347e-01
2.763937962673712612e-01
2.730551904210160585e-01
2.700382624930985354e-01
2.694392864770022156e-01
2.676486275705495244e-01
2.654394121183565880e-01
2.649824613795973560e-01
2.624922356730022832e-01
2.624048867412487329e-01
2.597236328332832578e-01
2.582706593328548683e-01
2.538733395187418584e-01
2.530164434382768945e-01
2.525101625624363022e-01
2.503400423415352294e-01
2.494622021581963112e-01
2.471507813476460924e-01
2.461254200985964480e-01
2.454211317247632362e-01
2.430407454382036425e-01
2.425321664916435527e-01
2.399579365353326221e-01
2.390863279176451417e-01
2.381113348486174897e-01
2.339672631364984601e-01
2.335865181311392869e-01
2.318920530828716686e-01
2.297939430030108976e-01
2.297807770409726891e-01
2.290071745796763703e-01
2.277611596954795259e-01
2.244098050581822545e-01
2.242896204592818576e-01
2.204820105155687882e-01
2.200066726301733722e-01
2.172363444508481067e-01
2.141666899800456214e-01
2.139438032579870086e-01
2.130542331152116831e-01
2.124659894156644135e-01
2.112676342525956485e-01
2.090879102435251324e-01
2.077801858040741190e-01
2.036991718157299125e-01
2.032313140664938345e-01
2.019220526240172453e-01
2.017134504782405191e-01
2.002160359633682052e-01
1.991884871681896541e-01
1.977665529960991042e-01
1.947148539081303975e-01
1.936295075569963720e-01
1.936112770956717466e-01
1.925462399405297453e-01
1.908379189919764407e-01
1.893152933361872958e-01
1.890452337054748799e-01
1.879607941004971527e-01
1.860081559385476924e-01
1.841151703750834312e-01
1.814408392827299155e-01
1.806763401996167584e-01
1.796654219386736862e-01
1.782734526713606882e-01
1.772162956729881611e-01
1.768427441401464184e-01
1.739629478539461427e-01
1.732252055679145419e-01
1.728925918610183521e-01
1.718770767597318228e-01
1.696578749788847096e-01
1.676150910503628189e-01
1.667297188259183327e-01
1.649559656693670440e-01
1.644894126735670925e-01
1.617965804764355253e-01
1.600836338804613457e-01
1.592994571467497289e-01
1.578708179477476548e-01
1.535172549797931274e-01
1.506591213059491896e-01
1.504381647831601054e-01
1.485704684062379988e-01
1.469641470036069375e-01
1.463172595933187048e-01
1.461921848918330824e-01
1.431297981132672870e-01
1.430768040021544174e-01
1.421676545603651476e-01
1.411389575150660269e-01
1.398073042598036719e-01
1.390136713682041114e-01
1.373196395401955761e-01
1.369463849874308359e-01
1.352421207142508186e-01
1.347200874347320998e-01
1.314339979921485824e-01
1.303212815003716996e-01
1.292024689033853535e-01
1.260849204834124104e-01
1.259734027081766961e-01
1.247032230816092352e-01
1.233794786347012090e-01
1.219813682952455014e-01
1.196992510335219972e-01
1.190005644883464220e-01
1.176173193227627867e-01
1.171720189265917644e-01
1.165672800000559367e-01
1.164655919046703597e-01
1.156953495298316675e-01
1.129958310506691543e-01
1.121285249567062353e-01
1.114976917658951489e-01
1.111858947457348701e-01
1.101012145690306032e-01
1.097217327789993535e-01
1.064791526901712887e-01
1.031580197636533386e-01
1.029704220448846158e-01
1.014540981825698268e-01
1.005566619119955957e-01
9.978827001791643059e-02
9.810798831718683943e-02
9.809915276031112852e-02
9.735608975193864312e-02
9.571912561339200598e-02
9.316205241765283807e-02
9.106389988733164242e-02
9.070724938085397704e-02
8.998504717231631256e-02
8.989099589281253355e-02
8.916520205133741939e-02
8.717860630325863225e-02
8.615251184682022612e-02
8.567789594146719978e-02
8.444719338565964684e-02
8.280599158214839439e-02
8.193242939495644361e-02
8.025086018188441750e-02
7.815931060567547772e-02
7.791559309182710669e-02
7.644790921706445808e-02
7.504528886067543536e-02
7.455897473970315992e-02
7.417328498950133409e-02
7.369544232021643659e-02
7.157535537450057661e-02
7.089117271485458061e-02
7.077453093425332964e-02
6.823936869291286067e-02
6.772425857712015274e-02
6.625137453186934200e-02
6.576761315939720631e-02
6.523118464841400066e-02
6.250387858468077484e-02
6.224929899469529987e-02
6.204286902201307935e-02
6.104905949109534075e-02
6.089516410665549856e-02
5.966693136984872053e-02
5.858949949064226614e-02
5.800582081205907931e-02
5.726077752863007603e-02
5.516548786741616583e-02
5.471849114224901917e-02
5.348408257675421607e-02
5.312092433248913337e-02
5.301810340183905207e-02
5.177802336289320795e-02
5.076324857781126104e-02
4.957989287829456942e-02
4.858950179813711912e-02
4.761689096651301051e-02
4.752433449868873061e-02
4.622660614831397563e-02
4.567171896313457213e-02
4.499181798400005150e-02
4.289869951737277504e-02
4.211420656998213219e-02
4.197078355692780705e-02
4.196343518001610651e-02
3.960172567427315549e-02
3.917058383313989228e-02
3.851499984609781796e-02
3.768911333187452417e-02
3.758465440600506496e-02
3.700733252180107152e-02
3.686276250306408375e-02
3.480249732732203921e-02
3.427857480020734399e-02
3.333004006676125452e-02
3.225792349091460842e-02
3.089304696902929817e-02
3.033258301540953453e-02
3.009277406377293754e-02
2.991362591159039616e-02
2.869961672379342521e-02
2.839641808270223708e-02
2.803902294390930861e-02
2.764245236180023005e-02
2.661135545173822295e-02
2.645886880127508792e-02
2.554709762901991033e-02
2.432488712322535690e-02
2.428126989582724340e-02
2.383618984588981027e-02
2.223493890799054656e-02
2.206079397269037831e-02
2.037335599558165455e-02
1.937208737282596765e-02
1.919855926292156345e-02
1.863922292170169109e-02
1.859402231170174252e-02
1.725845805904678218e-02
1.712514885949205021e-02
1.619924324373103741e-02
1.616748241302229036e-02
1.468568182959700298e-02
1.372941382429100111e-02
1.279887859930998843e-02
1.269484651349697506e-02
1.216032543358834712e-02
1.212897460870883924e-02
1.100353973523227058e-02
1.039498963728955477e-02
1.020923111048794955e-02
1.013854682343793764e-02
8.979162918477104002e-03
8.760396360184960138e-03
7.616368136328202296e-03
7.128377347492120125e-03
6.055789956616377916e-03
5.369621313298181438e-03
4.622191199543891280e-03
4.404694015087321814e-03
3.985832336901382576e-03
3.309395106679084535e-03
2.545110981283214141e-03
2.536010754540226741e-03
1.957973457472583258e-03
1.740375127385110875e-03
1.323001245118873848e-03
9.367573069091495461e-04
5.915606253385061099e-04
3.832663455514672139e-04
