# Singular values
1.842331868152705709e+01
1.340575044483324341e+01
1.314005218491721472e+01
1.038228317792124322e+01
1.000925116855129993e+01
9.852801434834617567e+00
6.810327459625270308e+00
6.592859209286283217e+00
5.930574995631021196e+00
5.637922750084105594e+00
5.508488467374948350e+00
5.292956359661525667e+00
5.194638489756513877e+00
4.876455584393514009e+00
4.719493501435357175e+00
4.640216712359277018e+00
4.412155451243530813e+00
4.342132634100844157e+00
4.310700261173106895e+00
4.219674771797178536e+00
4.171499919412201329e+00
3.973406436710613665e+00
3.854566501642755050e+00
3.710524843564358299e+00
3.653593067919706616e+00
3.644803983573529749e+00
3.542339910597026353e+00
3.535105525327108644e+00
3.477945503012128903e+00
3.396744819334859056e+00
3.380768148797400841e+00
3.305859089576735244e+00
3.270187506191057913e+00
3.215538354396463738e+00
3.102937677188441157e+00
3.048909247583264648e+00
3.027287604194676351e+00
3.015555041000514080e+00
2.937422607071470182e+00
2.884203812660647959e+00
2.829454086830463844e+00
2.818459464522786284e+00
2.798142069934523857e+00
2.772352617664694652e+00
2.754726386161815199e+00
2.661473254461228954e+00
2.618535737302038591e+00
2.543154446433727234e+00
2.490917276181839224e+00
2.436708757092151512e+00
2.379478738873535004e+00
2.368286278720344917e+00
2.353427000796453061e+00
2.346716822012424597e+00
2.292527359548064414e+00
2.277197162778547668e+00
2.266015110339771876e+00
2.173610550275965725e+00
2.164941107339046322e+00
2.139618548221233763e+00
2.119709009965044189e+00
2.098227723476738138e+00
2.094608092903984531e+00
2.017976306427120115e+00
2.000000000000000444e+00
1.999999999999999778e+00
1.986298627577596010e+00
1.975384957250333917e+00
1.936586607428079754e+00
1.916839060964335983e+00
1.855174945166136569e+00
1.805070503785702218e+00
1.791987783688661295e+00
1.764184338621435311e+00
1.731001394408446803e+00
1.728911616854102995e+00
1.718591940923461792e+00
1.651020451606842299e+00
1.627236665331637688e+00
1.624329884059025009e+00
1.592086595792060688e+00
1.581182485401145588e+00
1.566905470301625192e+00
1.551974566238066178e+00
1.534954306602571261e+00
1.501740124501618423e+00
1.463143978349622953e+00
1.443970550603879355e+00
1.413331076158988120e+00
1.389356170722318540e+00
1.379863885706314131e+00
1.379150486458439406e+00
1.337151723332565600e+00
1.334291682888663733e+00
1.316057344716617061e+00
1.305203014990624855e+00
1.264588676899696340e+00
1.251664889914795076e+00
1.230825664220271065e+00
1.229577609732717791e+00
1.219364030862378989e+00
1.211757450910873724e+00
1.143127729267811921e+00
1.135137324384064117e+00
1.073843383361968051e+00
1.052950839710451447e+00
1.041130588604926466e+00
1.018973919378607373e+00
1.010639907252557812e+00
1.000000000000000000e+00
1.000000000000000000e+00
1.000000000000000000e+00
9.999999999999998890e-01
9.999999999999998890e-01
9.999999999999998890e-01
9.999999999999998890e-01
9.999999999999998890e-01
9.999999999999997780e-01
9.999999999999995559e-01
9.999999999999995559e-01
9.999999999999994449e-01
9.999999999999990008e-01
9.828017773755622910e-01
9.778036133470711100e-01
9.587471588554415947e-01
9.218535253249717787e-01
9.215852268349948861e-01
9.023693557845605673e-01
8.878978595192209555e-01
8.636082693246757147e-01
8.483725503543723123e-01
8.270748150994936543e-01
7.944099395262415042e-01
7.917519980496290355e-01
7.835909310682014350e-01
7.449684227953087268e-01
7.445583306695758852e-01
7.070520754064345548e-01
7.012391443432235416e-01
6.683926968307946082e-01
6.415244411582808892e-01
6.373985995022417583e-01
6.284668393530518093e-01
6.277475912329152363e-01
5.960439055001851560e-01
5.804293523319544734e-01
5.722569105525034949e-01
5.302274511549950331e-01
5.300910058429768590e-01
5.039938796728614667e-01
4.998026821481555415e-01
4.644308607922507659e-01
4.513635078324894634e-01
4.365290313759990770e-01
4.110019736033959648e-01
3.936752069860789960e-01
3.636420146692524447e-01
3.483617882814521449e-01
3.258865717114209359e-01
3.112375917379034407e-01
3.039463946961721286e-01
2.893773710856668568e-01
2.605835934881614580e-01
2.571397981150150835e-01
2.193535225882229101e-01
2.168399149576402951e-01
1.831294353702851430e-01
1.807661186880514526e-01
1.614269210533242349e-01
1.371854570244656346e-01
1.334173287517272932e-01
1.011896063347319796e-01
1.002806240559898920e-01
3.746834504104218366e-02
