# Singular values
8.968067153570137862e+01
3.737187476476756132e+01
3.595740048886457174e+01
2.547790180633827362e+01
1.978818931603686337e+01
1.856146257830601698e+01
1.699491596675552074e+01
1.692061728708666024e+01
1.525221524156491171e+01
1.519193021293968293e+01
1.451516040436276178e+01
1.402149615652947645e+01
1.386161818730380801e+01
1.377544237253035497e+01
1.297756274179447544e+01
1.248095862379910237e+01
1.229480243391170013e+01
1.211261496852887909e+01
1.172060303340549403e+01
1.167401954783346874e+01
1.160531117440348048e+01
1.144298817617341868e+01
1.114983730670697426e+01
1.107607772828147041e+01
1.105767802523398480e+01
1.080852972153421732e+01
1.068687682084065216e+01
1.053655893673432864e+01
1.047920049679829724e+01
1.024084705548120944e+01
1.018342879991141281e+01
1.009792323959418070e+01
1.004181423330338951e+01
9.981949017837347782e+00
9.883563030321699472e+00
9.848511824222436317e+00
9.638992668559358989e+00
9.589767587444791630e+00
9.405010900469692459e+00
9.333329588223685747e+00
9.285926455561392956e+00
9.227850899758699654e+00
9.176995082682912752e+00
9.154555165446211618e+00
9.048121226489353575e+00
8.963269201946042486e+00
8.935651052913472725e+00
8.864417170339649488e+00
8.704247566599889296e+00
8.700366330190435704e+00
8.637129187782139894e+00
8.626772860792319975e+00
8.554914086940891949e+00
8.433793354894977057e+00
8.386693859506053172e+00
8.326092780770506963e+00
8.209346986377621391e+00
8.167479477160789259e+00
8.156985788222035794e+00
8.049207311247332797e+00
8.007714344624384140e+00
7.970683243619776093e+00
7.851556532445604475e+00
7.842788495013106598e+00
7.824541241680622150e+00
7.753877484165495382e+00
7.679922749265047699e+00
7.659675286237284553e+00
7.641220113862845942e+00
7.563614032833262613e+00
7.537934788005880016e+00
7.478579430882959400e+00
7.456493570360624545e+00
7.419719800984649893e+00
7.241338514745645050e+00
7.207768427537009970e+00
7.200724318164724913e+00
7.110257906831316532e+00
7.085195474582938857e+00
7.078186759023104457e+00
7.035711832296791535e+00
7.033194143695457257e+00
6.996444695960319038e+00
6.905810455646122392e+00
6.893825290238422276e+00
6.804172757755850398e+00
6.763251266845547782e+00
6.647467219160578367e+00
6.627301981443548762e+00
6.599033215125770901e+00
6.584136625413471222e+00
6.558443201725417282e+00
6.534534167867790622e+00
6.490024766643670340e+00
6.470934014522714328e+00
6.388232677983877394e+00
6.372033247130787004e+00
6.365146648244009775e+00
6.319474913511425207e+00
6.292499006279308027e+00
6.274834559653838184e+00
6.258249669040237606e+00
6.174090130321803649e+00
6.124324349755664976e+00
6.116110160290907594e+00
6.099138075032752404e+00
6.038654606161241389e+00
6.009289222542527398e+00
5.925239487606621225e+00
5.888491804191212431e+00
5.847796946872492185e+00
5.842963829473474036e+00
5.808992718404017097e+00
5.798110159331346658e+00
5.788601067987981352e+00
5.706639588284168951e+00
5.695393919247980108e+00
5.691431340857092458e+00
5.607014702963948771e+00
5.578643569955067605e+00
5.555466528437374762e+00
5.517977240359375202e+00
5.458148067431389805e+00
5.435864008596001717e+00
5.389357627915975613e+00
5.385427538193141572e+00
5.267451540786251662e+00
5.234344408633621271e+00
5.228015406580888147e+00
5.179772661657136901e+00
5.108467262469453374e+00
5.106925787493107549e+00
5.065311771226257420e+00
5.064746054998335190e+00
5.024769948404073538e+00
5.020881309297279493e+00
4.993138970128719656e+00
4.950440600359656607e+00
4.930568579005807806e+00
4.914778666182705535e+00
4.898112945633713800e+00
4.858642684850149607e+00
4.811147014887753315e+00
4.743874320467074135e+00
4.739672408287297856e+00
4.694824195085707252e+00
4.685899420901280088e+00
4.667366109099637228e+00
4.622763073438059145e+00
4.606436686757289678e+00
4.598030600965659076e+00
4.572668309334308567e+00
4.505000446680926807e+00
4.494188367068784551e+00
4.475251411147568525e+00
4.470317544651465802e+00
4.431148701718189642e+00
4.422556501940365870e+00
4.376323393193474409e+00
4.354224401338946393e+00
4.347301504716507559e+00
4.278978969754311912e+00
4.268890841428214955e+00
4.266482153512924924e+00
4.243657819339383686e+00
4.170109637034843608e+00
4.168977031029675651e+00
4.146370519902014884e+00
4.117717969468727368e+00
4.088093922783095024e+00
4.077911575062303839e+00
4.063356802175647431e+00
4.026372582825574753e+00
4.004990329635527146e+00
3.978838858039279724e+00
3.977208498059492392e+00
3.968665027897446684e+00
3.915524192840479589e+00
3.866675483972414007e+00
3.856464282416860012e+00
3.811203393384555049e+00
3.772925456130805877e+00
3.761868495985671412e+00
3.748388934970698916e+00
3.719262898014237706e+00
3.672386194933178860e+00
3.647446390195931532e+00
3.639583677581189392e+00
3.612636258602923256e+00
3.602212347929010683e+00
3.593620812452596347e+00
3.559478899177714872e+00
3.530865645317643242e+00
3.518562503877534997e+00
3.500439786725029201e+00
3.492546556120033951e+00
3.490192476752943751e+00
3.405524418954012589e+00
3.388994259600792258e+00
3.376866310972234775e+00
3.355578468792856928e+00
3.326223795742504041e+00
3.321797784220127170e+00
3.302992299413788579e+00
3.276762874401453640e+00
3.272554462828825894e+00
3.248234846949258348e+00
3.215241240879734619e+00
3.211953092684219691e+00
3.187314236750740548e+00
3.185643888355644826e+00
3.163653316915132407e+00
3.139514844488116463e+00
3.097509886993688788e+00
3.088901914695590278e+00
3.063759926569931569e+00
3.056671065863851400e+00
3.015024909315295876e+00
2.992423793969875234e+00
2.991114448272985005e+00
2.973474632724646849e+00
2.945772758562826166e+00
2.937405331736940628e+00
2.911471002913254225e+00
2.905811149491420053e+00
2.896836715420731512e+00
2.852103102184543104e+00
2.828236805652297292e+00
2.799026513577062225e+00
2.791746702366522115e+00
2.781851559171151234e+00
2.755674731576698733e+00
2.739279466227151794e+00
2.693552753676311973e+00
2.674304486846518003e+00
2.668767716001895884e+00
2.654036229332620511e+00
2.633214822236360497e+00
2.619972100269452930e+00
2.609756889521161582e+00
2.578744529460073487e+00
2.560475592737981199e+00
2.537063456901503589e+00
2.526742007625853326e+00
2.507537707905101776e+00
2.494880493591088211e+00
2.459765821498185012e+00
2.449438842909777314e+00
2.439095637650364523e+00
2.422893717525585355e+00
2.376836626874204494e+00
2.366265272934765740e+00
2.365896094735953525e+00
2.348500397707494081e+00
2.330927106849403074e+00
2.327246938356942074e+00
2.312169091317963776e+00
2.282599632392899647e+00
2.268879807402066184e+00
2.250172587292386339e+00
2.224803902392856969e+00
2.206452592185871087e+00
2.180281910330283512e+00
2.175593920017283800e+00
2.169978517161505582e+00
2.138286245235378580e+00
2.126395033564231873e+00
2.105779320631888663e+00
2.091738676143789277e+00
2.078094042580431733e+00
2.076869844563072665e+00
2.037098551542388059e+00
2.020990992833620492e+00
2.017480376090898364e+00
1.991978825353952987e+00
1.991211968332895266e+00
1.986419883474386694e+00
1.972359843014542813e+00
1.956510697294395529e+00
1.915583057277120416e+00
1.906419818487881779e+00
1.896290961849016909e+00
1.881239357101206267e+00
1.864691710578235906e+00
1.863468564729219956e+00
1.840252695787537363e+00
1.838381585198089363e+00
1.819168235955149759e+00
1.789274202881767417e+00
1.780417554195596441e+00
1.759572064887354514e+00
1.724316460812529206e+00
1.716236557636273252e+00
1.703619807606041370e+00
1.680356873909426563e+00
1.669765038884689856e+00
1.657491606447543120e+00
1.645878367451642621e+00
1.613892091235896720e+00
1.608645650441130615e+00
1.590644037128401633e+00
1.588999079873441689e+00
1.566796799888435787e+00
1.550866107647828729e+00
1.545023599979965745e+00
1.528212609886916207e+00
1.526044919914558484e+00
1.509365066028861113e+00
1.496930303817540997e+00
1.488592506952436167e+00
1.461657820204956826e+00
1.456991780821649263e+00
1.432007955289106516e+00
1.424958200844090861e+00
1.415147307458666015e+00
1.402329040710100116e+00
1.395812022925020823e+00
1.368010169357698702e+00
1.362713701359851370e+00
1.356202344327467779e+00
1.339065412364914387e+00
1.306918882258996106e+00
1.287339701166382078e+00
1.285862653396423694e+00
1.279395757426026403e+00
1.275541495173738937e+00
1.261502616797602006e+00
1.243719446724180333e+00
1.237704726994728555e+00
1.223405361366445510e+00
1.203894435918506645e+00
1.188105753753072147e+00
1.170056781335777174e+00
1.167476691444327752e+00
1.165251123165205183e+00
1.148968799456436152e+00
1.137582885017430989e+00
1.123520067418368740e+00
1.107519899270622110e+00
1.105254669027733838e+00
1.103339786516942977e+00
1.089609690458581248e+00
1.072364111514848117e+00
1.046963029035123727e+00
1.042816628196243434e+00
1.034008529786901054e+00
1.023693712059491112e+00
1.013436705214497469e+00
1.001741340523312207e+00
1.000000000000000222e+00
9.793896564787479830e-01
9.722983283176497293e-01
9.676714401161164991e-01
9.518034961838357511e-01
9.330774691250616204e-01
9.112036460854207043e-01
9.022395715431072993e-01
8.954215752273868567e-01
8.867057986857206364e-01
8.717167126604373761e-01
8.666891463458381573e-01
8.634752695920651089e-01
8.621226796835118611e-01
8.615141947949699341e-01
8.443864823790682150e-01
7.996335262125114918e-01
7.823878913281189229e-01
7.780727281169226295e-01
7.690695182133947538e-01
7.514480768704309144e-01
7.343380259707440461e-01
7.337676831399029265e-01
7.218976754048560540e-01
7.087786468859621491e-01
7.008133844521515776e-01
6.878067771320587331e-01
6.824918230614682724e-01
6.666139276974963890e-01
6.644567949970878740e-01
6.415726616751974420e-01
6.402820454403843620e-01
6.393663040895384286e-01
6.359674889534382425e-01
6.163790419082170180e-01
6.129031857381063153e-01
6.058903704697062853e-01
5.986408734753003724e-01
5.899683306849279329e-01
5.872955891116896643e-01
5.681641014525463662e-01
5.603657203682856913e-01
5.411786506474335345e-01
5.392925061210586124e-01
5.370382926462491380e-01
5.224119188002919190e-01
5.214127900175906660e-01
4.991124909982171953e-01
4.887633664861747995e-01
4.839290487851732880e-01
4.834974003462680914e-01
4.737854960654840908e-01
4.560523167985995885e-01
4.468439358830098018e-01
4.404584410877470102e-01
4.326747790671938709e-01
4.146387945092616656e-01
4.036673120125577330e-01
3.984965891897699897e-01
3.901466359100468351e-01
3.812392197967480190e-01
3.757924116282558291e-01
3.754053510635034785e-01
3.635936533937306758e-01
3.577559486850218073e-01
3.564731988404290508e-01
3.479990419214245567e-01
3.438246165944721655e-01
3.399664388050582797e-01
3.304006164887537400e-01
3.205160723640672060e-01
3.150970264695892586e-01
3.061327140238607747e-01
2.954023696480886918e-01
2.947428052337931481e-01
2.926142783329235830e-01
2.837296655392572697e-01
2.795420106702427576e-01
2.767026051423660538e-01
2.651778519553312785e-01
2.550806079942001814e-01
2.542102661629788707e-01
2.466308430158570264e-01
2.369528653973037580e-01
2.262803067170445492e-01
2.175584975509734231e-01
2.167556354760096504e-01
2.105011062520262821e-01
1.948902525033359423e-01
1.926735851285688028e-01
1.892712358404472217e-01
1.798518162207280169e-01
1.781943975243394374e-01
1.662641432523017104e-01
1.578268663490137724e-01
1.553786577677689629e-01
1.513468197741090482e-01
1.469144955608037151e-01
1.385762672884628677e-01
1.356842673866774374e-01
1.253415548911611943e-01
1.249748125617895778e-01
1.224360454435384493e-01
1.164095608218801009e-01
1.140704443397953377e-01
1.085683617203039297e-01
1.001592025518903833e-01
9.732945192912324794e-02
9.689915776651679413e-02
9.289003675080750866e-02
8.817868175008761189e-02
8.740319313563371662e-02
8.561319189400184992e-02
7.839226692320139245e-02
7.755597810130047953e-02
6.931752828243872844e-02
6.919895995734770544e-02
5.825108674512274876e-02
5.413148793558595490e-02
4.887024561041104082e-02
4.494695447578851699e-02
4.358625414910730772e-02
3.747093336430770694e-02
3.585088812839788003e-02
3.503660017960767009e-02
2.975470601696120904e-02
2.433670077956917935e-02
2.314736476872238449e-02
2.203832895825516211e-02
2.173040657773696663e-02
1.994730731232070842e-02
1.943459062533838336e-02
1.828516024294461056e-02
1.560617505336378899e-02
1.190752114162146012e-02
1.084750477739110548e-02
9.514123598548963195e-03
6.307829206189989601e-03
5.925024688731708039e-03
4.296694639630560530e-03
2.158757415698947350e-03
1.653530593152523903e-03
1.581493043605458875e-04
