# Singular values
3.646217282091055267e+02
1.240661808821975143e+02
1.217571555247178452e+02
1.021961333633923203e+02
9.786131342808208444e+01
9.091710781878900605e+01
7.377711582761537557e+01
6.409591833977140141e+01
5.893798266495909388e+01
5.157358036508429677e+01
5.094405736725361322e+01
4.937248157280276928e+01
4.883661941409509666e+01
4.748462461226797160e+01
4.637823052723960160e+01
4.493039247326690599e+01
4.420149647720995034e+01
4.257991431575995733e+01
4.097081962342300443e+01
4.084285405386343371e+01
4.008239222463934226e+01
3.735746716180979377e+01
3.468500686567847424e+01
3.338941675677457965e+01
3.253193665887170738e+01
2.965380435231852019e+01
2.953306955146787516e+01
2.926835501603788359e+01
2.919776627237635935e+01
2.852260754769052653e+01
2.835517682872585610e+01
2.694009165632311209e+01
2.638901156408059734e+01
2.590294476711964933e+01
2.587114479780733234e+01
2.552564196069715052e+01
2.501939732944923733e+01
2.483603394547672494e+01
2.463450247772236423e+01
2.429343613865174589e+01
2.406448173556067971e+01
2.386717198775014737e+01
2.349181910363749282e+01
2.348792379485268000e+01
2.330145448948256259e+01
2.314043738245442228e+01
2.310867352880352499e+01
2.252370911082579141e+01
2.246010489278510747e+01
2.194014073745185200e+01
2.179332888555261860e+01
2.173858289919006381e+01
2.170354791223015312e+01
2.152876763156759665e+01
2.141924261077671687e+01
2.123294229553057377e+01
2.110480573536028004e+01
2.087364377151644490e+01
2.053120323071520659e+01
2.049806471359884341e+01
2.034009025676645521e+01
2.003114459486706522e+01
1.987431906025956252e+01
1.973130504615606284e+01
1.967803197562069784e+01
1.955361415915011136e+01
1.941645107422208838e+01
1.906678963527161841e+01
1.904533036949144531e+01
1.903483392533188479e+01
1.888006870130642767e+01
1.878026295433768311e+01
1.863407556972848056e+01
1.857161354822154919e+01
1.849523762153210171e+01
1.844008935446075270e+01
1.839347929572006990e+01
1.836820718364634430e+01
1.831788161611994781e+01
1.806703369098080714e+01
1.797699094102587125e+01
1.791818415722277535e+01
1.790021856444019122e+01
1.784362057895604892e+01
1.777953094888555086e+01
1.764190113484484002e+01
1.761715976066262712e+01
1.754287869133701250e+01
1.748428696323052023e+01
1.741948258779328995e+01
1.741111078266833445e+01
1.736458801062933688e+01
1.725018904889853388e+01
1.723950223848498098e+01
1.719244783510737307e+01
1.715289291243386671e+01
1.711020425848245452e+01
1.692281198811280873e+01
1.686992341244836524e+01
1.676964198412012408e+01
1.676078663312104666e+01
1.672322565344224898e+01
1.667115749861417839e+01
1.663042328641453693e+01
1.654835478201271215e+01
1.653690650459766687e+01
1.650683886674124778e+01
1.648478564052219397e+01
1.644187785201573604e+01
1.638010243417384615e+01
1.629359737551568088e+01
1.629352019014858755e+01
1.623231982395878603e+01
1.620967646984430033e+01
1.616043309488227209e+01
1.609571346805715208e+01
1.609085179752016259e+01
1.603163598237856391e+01
1.601576288098153356e+01
1.593364920261496209e+01
1.589447091496006337e+01
1.588512463077184478e+01
1.576363386567907021e+01
1.575559501992312050e+01
1.571685253899522650e+01
1.571048720226606399e+01
1.562228859777106926e+01
1.559599726380509388e+01
1.549116066992855778e+01
1.547636607379406826e+01
1.545366812351522512e+01
1.544732258890287291e+01
1.531636585303242093e+01
1.531557803168020726e+01
1.530042690395339733e+01
1.522891712774874051e+01
1.521270783912392943e+01
1.517227205663035505e+01
1.514925407584378902e+01
1.514058630173859221e+01
1.507089983153253243e+01
1.503923165221234903e+01
1.501396326927381786e+01
1.497716891989757926e+01
1.497519942704970930e+01
1.485008744623598886e+01
1.482817596661701565e+01
1.482358422008967658e+01
1.477639457264915279e+01
1.475081091378946319e+01
1.472768538254725179e+01
1.472681654421383257e+01
1.469284626994852694e+01
1.465463299948584286e+01
1.459708739802630362e+01
1.455797004758072610e+01
1.451641664509584295e+01
1.448332908482154124e+01
1.442484765595285268e+01
1.435611912024051584e+01
1.432351616496862512e+01
1.430843003886345777e+01
1.429023569765131718e+01
1.425451641613588372e+01
1.425028265036940134e+01
1.420379754714107712e+01
1.415643697371927701e+01
1.411230390574444726e+01
1.410394019091548756e+01
1.409270166882481590e+01
1.408606910686474123e+01
1.402915984699365914e+01
1.402594311477736966e+01
1.390840360517706031e+01
1.385191695761512243e+01
1.383048092649892880e+01
1.379441257956671940e+01
1.376915252721195948e+01
1.373749634913915685e+01
1.372399309531942357e+01
1.369818592467863638e+01
1.369384334341060239e+01
1.367718423244632753e+01
1.367268203739200771e+01
1.363481548006508959e+01
1.361862717651828092e+01
1.356551911276836719e+01
1.356294801173072884e+01
1.351791049073857387e+01
1.348517120291029947e+01
1.346823269346850793e+01
1.344416338912518327e+01
1.342797827509716946e+01
1.341159376222772615e+01
1.338297155353704859e+01
1.336592137852155027e+01
1.331773360769471815e+01
1.321739805533372092e+01
1.320319986680701874e+01
1.318687170191151203e+01
1.318294872463417811e+01
1.317802394898643570e+01
1.313981468122372398e+01
1.311480924402835058e+01
1.307416221697308245e+01
1.306491420576027984e+01
1.301358535571955422e+01
1.300158797558387391e+01
1.298934480835085914e+01
1.293887024498672922e+01
1.290216394421686985e+01
1.288586434119761215e+01
1.288130387585356118e+01
1.283791989248247134e+01
1.282883351354917956e+01
1.279177749693329780e+01
1.275340635154443270e+01
1.275046894972168587e+01
1.269366415641610324e+01
1.267241205830319473e+01
1.266296048949797637e+01
1.265487475978465604e+01
1.263498252380376208e+01
1.262132711625934078e+01
1.258141037174666188e+01
1.257240814301277609e+01
1.254163219446289901e+01
1.250925562238662891e+01
1.250649203396327103e+01
1.248213333617037790e+01
1.243490577580782208e+01
1.240186807729690699e+01
1.239468599351502220e+01
1.236931412271061248e+01
1.235002823112745318e+01
1.230320590167091943e+01
1.230079806790358354e+01
1.228562700102313521e+01
1.226106891593170722e+01
1.224560702713433535e+01
1.217234558379966280e+01
1.216075389006889829e+01
1.214949487070590628e+01
1.213839758122364465e+01
1.212387791846982488e+01
1.209850640323650950e+01
1.206144076818399924e+01
1.202004267110572222e+01
1.200222630422008230e+01
1.199792493940469029e+01
1.198755783745613890e+01
1.197745821363201024e+01
1.197146538145367423e+01
1.194122127603380612e+01
1.192764992670226576e+01
1.190225145604537715e+01
1.188705705327705786e+01
1.187510059114917382e+01
1.183703986462782076e+01
1.182318627371638975e+01
1.181520980509601060e+01
1.179443387624152884e+01
1.175767684245940181e+01
1.172956020933016141e+01
1.172782064105049571e+01
1.170486187919907550e+01
1.164557359230019351e+01
1.163785241760967537e+01
1.161613987275547188e+01
1.159748830165306721e+01
1.155909750353761645e+01
1.154754546591984266e+01
1.151593171673798288e+01
1.150156862832677263e+01
1.148240011304895347e+01
1.146606227657130184e+01
1.146381529929120369e+01
1.144661697045267346e+01
1.142824948480670955e+01
1.140929858239668704e+01
1.140690280858518513e+01
1.135902831390852619e+01
1.134440879255244639e+01
1.132434862771673600e+01
1.131014268398769218e+01
1.130114122495475648e+01
1.128457375663174567e+01
1.128005293705434298e+01
1.126531639025572140e+01
1.124063316135963397e+01
1.121994709853919936e+01
1.117544696452171848e+01
1.117387897491422422e+01
1.113724525488821016e+01
1.113148978240204379e+01
1.109776288519372756e+01
1.107743329774371865e+01
1.105891387769411160e+01
1.102786526677691725e+01
1.102684625981001254e+01
1.101122856296507813e+01
1.101047831869693994e+01
1.097165287809263212e+01
1.096955542540967876e+01
1.094816640729082025e+01
1.094674129690179143e+01
1.091353927087167719e+01
1.091129795266433078e+01
1.087098272995363324e+01
1.084877940330293811e+01
1.083170845794266590e+01
1.082218304749036797e+01
1.077678926627566547e+01
1.076474740692574095e+01
1.075955760120276139e+01
1.075823496331552853e+01
1.075029812840375243e+01
1.072225385659064045e+01
1.071385508793376040e+01
1.067987430608663324e+01
1.067501163015345611e+01
1.064965271411626446e+01
1.062071149819074378e+01
1.061925438626307994e+01
1.059821203175625470e+01
1.058592631073484647e+01
1.058085988043161407e+01
1.055193578651327790e+01
1.053263167240838527e+01
1.052069054790500857e+01
1.049309621973964113e+01
1.049268339732759259e+01
1.048204094623984162e+01
1.045576189720590321e+01
1.044959833549183870e+01
1.043876230763814306e+01
1.040997085135535727e+01
1.037731753996078865e+01
1.037070814973654365e+01
1.034316972718607452e+01
1.032635650318012566e+01
1.031885445848727123e+01
1.030369641248666390e+01
1.028686511818976790e+01
1.027336723785101569e+01
1.026353272693027208e+01
1.025296914178625585e+01
1.021999957287080463e+01
1.020866533343361837e+01
1.019895555559530109e+01
1.017836226339025352e+01
1.015185347705690155e+01
1.011827496314819008e+01
1.011419972580500293e+01
1.011230712303374624e+01
1.010301977772590654e+01
1.008370604703644347e+01
1.006341221366728256e+01
1.005132908263437130e+01
1.004196664853246368e+01
1.003031316079983704e+01
1.001883632640896948e+01
1.000884125298868810e+01
9.973189566737516998e+00
9.935881043337420948e+00
9.935215623002322971e+00
9.924601146963826892e+00
9.891700594570281169e+00
9.879835267498469520e+00
9.872757985253574731e+00
9.842284935933372836e+00
9.838933932308343344e+00
9.831598303146732221e+00
9.801436583220256793e+00
9.781088730694539990e+00
9.770742579890086432e+00
9.764817567307385815e+00
9.739675001621508343e+00
9.735185234144319466e+00
9.725571559148493250e+00
9.717262614968570134e+00
9.707633604522374782e+00
9.683198625755368383e+00
9.675387973437901579e+00
9.665115635268310967e+00
9.662915670045526539e+00
9.648550451704434039e+00
9.640313629432366582e+00
9.603804327893616488e+00
9.587307616325364990e+00
9.576796835710796429e+00
9.555434315271652324e+00
9.548713620250662615e+00
9.520922426765524804e+00
9.517190839782175615e+00
9.498251951252456138e+00
9.492156020568133457e+00
9.461295992666844512e+00
9.460982427429749819e+00
9.450128357530548584e+00
9.413455807940943387e+00
9.403294090103566205e+00
9.384157001927109221e+00
9.380604094408877103e+00
9.370302711816647090e+00
9.354078541333217700e+00
9.351086835117488505e+00
9.331657623041829552e+00
9.319881954901569898e+00
9.317454208245628422e+00
9.281947716600582154e+00
9.279662291375828431e+00
9.255694636831949040e+00
9.251161389346869157e+00
9.211005437170038945e+00
9.193230641695617322e+00
9.192388442815905947e+00
9.178700076863433921e+00
9.171359239377563810e+00
9.160109798257359159e+00
9.151935756913820441e+00
9.142084875837872104e+00
9.131753008012848838e+00
9.122358875932883748e+00
9.095957842998258158e+00
9.082477017359590121e+00
9.081003763512127236e+00
9.060552923429085581e+00
9.049499285653880065e+00
9.038833376941813214e+00
9.026077873060488699e+00
9.019818701718541831e+00
9.010995343628895426e+00
9.004070232642073179e+00
8.983891110043147776e+00
8.977080814836648770e+00
8.956815993002972931e+00
8.947367294019654693e+00
8.936068636892422035e+00
8.935280841161736376e+00
8.918324276468013068e+00
8.893926972696203137e+00
8.893399907138194393e+00
8.888471599362258502e+00
8.883226980707920717e+00
8.849007743049677188e+00
8.842383113796847383e+00
8.833064814985412738e+00
8.827948119645764535e+00
8.795675779298523622e+00
8.772026016408920768e+00
8.769867278502282204e+00
8.745412954793735594e+00
8.742691981236054843e+00
8.730285396962402800e+00
8.719206043028655984e+00
8.703585982710862368e+00
8.700125879383323380e+00
8.682027083300097203e+00
8.672039311604590850e+00
8.662062894834113180e+00
8.644109353884262603e+00
8.630314326249900247e+00
8.621351746926279702e+00
8.604183186551995988e+00
8.602978747288801742e+00
8.572824859945512799e+00
8.554331139972426001e+00
8.543835979589129437e+00
8.535892206456519915e+00
8.527113146511275943e+00
8.513250642311451344e+00
8.504477475793585484e+00
8.499965542242597039e+00
8.486108807316725233e+00
8.467477372895348964e+00
8.449130634013314989e+00
8.442422706486190975e+00
8.440076109083953781e+00
8.430290981798354011e+00
8.418442064436998606e+00
8.391036085120132881e+00
8.387835280330094179e+00
8.384681216346976385e+00
8.365789446895071535e+00
8.348913671656829294e+00
8.334414399371146587e+00
8.327360238993710695e+00
8.316683035251601908e+00
8.313577946693964549e+00
8.289583433976632776e+00
8.283310355085303556e+00
8.256258485496546839e+00
8.240114825978965385e+00
8.237805257212611920e+00
8.235269492465308261e+00
8.224804086504843070e+00
8.223699164376197857e+00
8.203943867514929877e+00
8.201350306933038681e+00
8.199160881781946131e+00
8.179388840158392071e+00
8.153726269071679411e+00
8.150518140722217808e+00
8.110500275735022413e+00
8.105484364558890320e+00
8.100389252415485686e+00
8.098588175344026752e+00
8.082599234749162420e+00
8.070782776684211512e+00
8.063134161114989595e+00
8.039999942515954956e+00
8.031474360655668221e+00
8.025785225279237878e+00
8.015974567059304334e+00
8.011034899617605731e+00
7.995679514770653640e+00
7.995269494353700601e+00
7.989679497274866371e+00
7.967121662836168738e+00
7.957912261763810946e+00
7.944134793215195778e+00
7.936356334525569878e+00
7.903390619916047299e+00
7.897814861353547933e+00
7.889863205618052433e+00
7.889127209841352517e+00
7.874648296737542630e+00
7.863745004856971477e+00
7.845406106804080792e+00
7.823239399521091819e+00
7.820345143234707308e+00
7.816590080445419808e+00
7.802790119714343220e+00
7.787577620945389079e+00
7.786281719233357101e+00
7.773895732190241326e+00
7.756753873891374162e+00
7.754039959546014771e+00
7.744685133530066601e+00
7.734980037866787228e+00
7.708321653671544205e+00
7.708026973805738535e+00
7.693640399106915773e+00
7.689780987321505279e+00
7.668990807890130768e+00
7.666281786218842598e+00
7.643649973457820934e+00
7.638416376671890440e+00
7.625982323306743638e+00
7.617509768809361148e+00
7.616193547384287221e+00
7.600282826888278720e+00
7.590230978253842409e+00
7.576685592253622481e+00
7.565793881950326316e+00
7.563525414528557533e+00
7.549513363632735619e+00
7.544560897623983742e+00
7.525884508273136042e+00
7.520372891628217538e+00
7.518839884881309388e+00
7.511889344108491073e+00
7.492882074619994448e+00
7.481376434131345121e+00
7.479910438194474764e+00
7.477982425786015241e+00
7.463502710405550467e+00
7.446128937142654891e+00
7.442633629802539730e+00
7.425078094134360818e+00
7.423064852163183680e+00
7.417999709513209083e+00
7.417245058080882636e+00
7.386169619225488425e+00
7.385304702987797398e+00
7.369234580517593614e+00
7.367555299428200755e+00
7.345165910720159452e+00
7.330515925230421281e+00
7.320321357866281353e+00
7.318181918286299492e+00
7.305932032470909832e+00
7.302272631174580475e+00
7.279815142324859600e+00
7.275385380870827312e+00
7.260561956983846876e+00
7.256778295945658819e+00
7.234119462396675360e+00
7.221163612770115314e+00
7.211612170560430357e+00
7.205282441314230013e+00
7.198854688109760147e+00
7.191469421425008335e+00
7.185950107292645050e+00
7.165297955523365125e+00
7.152720710876063315e+00
7.134818049128401896e+00
7.125815822253554366e+00
7.119944632262986239e+00
7.101869631080415246e+00
7.097824142702372718e+00
7.096504243428286784e+00
7.084546102290778080e+00
7.074927207124393824e+00
7.067045959321772486e+00
7.063548149859444791e+00
7.050271517290119583e+00
7.036032228235691299e+00
7.030997691994062215e+00
7.011650196572643878e+00
7.001113390803997305e+00
6.985955673823573520e+00
6.983651696839674017e+00
6.977765405426672451e+00
6.976800873731004771e+00
6.966350432484835764e+00
6.961491209816491832e+00
6.941897036361298845e+00
6.923556237606795172e+00
6.919161836453503689e+00
6.912731620887288209e+00
6.908422736011383236e+00
6.898418882127480778e+00
6.880130111795627279e+00
6.868884726270090724e+00
6.865433944720096271e+00
6.855515183430576975e+00
6.853210040352994525e+00
6.847333917555754823e+00
6.839086311856283018e+00
6.818597568380663887e+00
6.817990054069238859e+00
6.809504392706482001e+00
6.792858271671365245e+00
6.773953693978568502e+00
6.773821212642046952e+00
6.762620668910180655e+00
6.748772857334358832e+00
6.745999042930675316e+00
6.740311807822601864e+00
6.734700399920624747e+00
6.709663869068846154e+00
6.699858610361797417e+00
6.694255675533473671e+00
6.689351456311758426e+00
6.687832608111375698e+00
6.674684925371893840e+00
6.664490992497034583e+00
6.654232012472158786e+00
6.636981875819673249e+00
6.636411760306092589e+00
6.626541725929251392e+00
6.604692205396608173e+00
6.600299875074269629e+00
6.597458526374058607e+00
6.592525023515618976e+00
6.583079662934174792e+00
6.571048402608049344e+00
6.559746036234311184e+00
6.553147700988178670e+00
6.548017028183673816e+00
6.537709312533893424e+00
6.522340890901338284e+00
6.512176577922044629e+00
6.510481884452810064e+00
6.506671267769140066e+00
6.492745628544396297e+00
6.491252928969383440e+00
6.478180941301395990e+00
6.470908141228910004e+00
6.465722077361200526e+00
6.450003536826257822e+00
6.440599237870025640e+00
6.435159013311525733e+00
6.420696214124570922e+00
6.411894261742899559e+00
6.411011069493963710e+00
6.404216376702715152e+00
6.387139043616263834e+00
6.375771501009397824e+00
6.369392730528937285e+00
6.360107468513248818e+00
6.353859214023318103e+00
6.344850398080732035e+00
6.337331788866104709e+00
6.336437310486694230e+00
6.332663883871122223e+00
6.326306412068535501e+00
6.308245219698394912e+00
6.296223088143674040e+00
6.293525784362605791e+00
6.285159154836287954e+00
6.283243274919624533e+00
6.265089633420489079e+00
6.251066519959465495e+00
6.247525528281764551e+00
6.242486491654591241e+00
6.237140826684735018e+00
6.216084534287429797e+00
6.199274847863447846e+00
6.197694108001046587e+00
6.186305510175614586e+00
6.186225072479904163e+00
6.176763319628623350e+00
6.166208832563707887e+00
6.142504565842367370e+00
6.138409127940532173e+00
6.127140918186317009e+00
6.127061005660589643e+00
6.113116683840434717e+00
6.109835532926628510e+00
6.103597335966410853e+00
6.094145425334958510e+00
6.079268527840958392e+00
6.077238133403405129e+00
6.073304490138583311e+00
6.069721987992732437e+00
6.059888146480208349e+00
6.041519174389447855e+00
6.040494672631747441e+00
6.025448209277498357e+00
6.015859997043470742e+00
6.002072272104310713e+00
5.996047398940726580e+00
5.993035485736284862e+00
5.992753439223688972e+00
5.985422072211037836e+00
5.975140671996378217e+00
5.958555922887454948e+00
5.958385870980587029e+00
5.945519406650955574e+00
5.942368835428908369e+00
5.940863598405202950e+00
5.923574603675194616e+00
5.922587738519959899e+00
5.917251170881084654e+00
5.913474170040057487e+00
5.908251106241901418e+00
5.887151356299657579e+00
5.875009833282687666e+00
5.862793001451632513e+00
5.862422992753709927e+00
5.853745596597908829e+00
5.844439474604075535e+00
5.834109768319303058e+00
5.826039444057986572e+00
5.813956711009227618e+00
5.803743140859138450e+00
5.795907481607948775e+00
5.783368264509678447e+00
5.777765738868927414e+00
5.776909251590227612e+00
5.770563512834734787e+00
5.758054342045500817e+00
5.748530300980901231e+00
5.740384051356891781e+00
5.737361672325747897e+00
5.728547169761215585e+00
5.728526508552005403e+00
5.708662514551709144e+00
5.703083762349278274e+00
5.695209352664989844e+00
5.686299891614993385e+00
5.682238822806838563e+00
5.671997013430313039e+00
5.661866166896897035e+00
5.656244435969076889e+00
5.651299904722935530e+00
5.642566631330825366e+00
5.622191532678376902e+00
5.621355995201569478e+00
5.611720939178590939e+00
5.608645955301516217e+00
5.601759298726975977e+00
5.584086573704745149e+00
5.575779232166390820e+00
5.570659110330457686e+00
5.565218750697780159e+00
5.546554670543732080e+00
5.537165625267476798e+00
5.536518334029193689e+00
5.530373653381337462e+00
5.525327582554973027e+00
5.517041913335166470e+00
5.506318980986931955e+00
5.499309195158965657e+00
5.492273797361639787e+00
5.491454036161025343e+00
5.485236505485547198e+00
5.476155146050011524e+00
5.466564264455800348e+00
5.458228226744336276e+00
5.450053790299357104e+00
5.444843908066660632e+00
5.435279817648991596e+00
5.416851054439470126e+00
5.416724684759091524e+00
5.409106692241915759e+00
5.392882216073555668e+00
5.392547344088984396e+00
5.380716682396377237e+00
5.377698526551343505e+00
5.376428317417830449e+00
5.368236178870330555e+00
5.363633828181330720e+00
5.356953546720165882e+00
5.356784670535749804e+00
5.349921798512305315e+00
5.341935251750075331e+00
5.336177784903623156e+00
5.328208030604969281e+00
5.318975892271524231e+00
5.317905826868400965e+00
5.307256676306140619e+00
5.303397678433855233e+00
5.295481527392853494e+00
5.270963823160981221e+00
5.258109834601309096e+00
5.256604794916034606e+00
5.244354471429934605e+00
5.241408043039734288e+00
5.241061387985702424e+00
5.225792483177889025e+00
5.215074098890647214e+00
5.203597362550588024e+00
5.198959926206248028e+00
5.194072402809462474e+00
5.187294853309777132e+00
5.174849747730768001e+00
5.172805164461014016e+00
5.170470933671340141e+00
5.160752558250705668e+00
5.147034605255401019e+00
5.144430167813825783e+00
5.143135406822120004e+00
5.133289735869156267e+00
5.110464349754525237e+00
5.108628524128502768e+00
5.107231399980816988e+00
5.097435411800757876e+00
5.076578923824757617e+00
5.074147829130452259e+00
5.068757252066799168e+00
5.066445725620572382e+00
5.055741750623560904e+00
5.053641807339914749e+00
5.040399385858608028e+00
5.039517685259283120e+00
5.028805292049524311e+00
5.016976704828267408e+00
5.014422509961872443e+00
5.010447433750863766e+00
4.997035300570717098e+00
4.995687391297154001e+00
4.989750122654104558e+00
4.978106405991886696e+00
4.971276764311144625e+00
4.964659186317709860e+00
4.960089758756397238e+00
4.958129820721951297e+00
4.947937765276009259e+00
4.940031474893993746e+00
4.931478003738461346e+00
4.926863256117603562e+00
4.924756437697132228e+00
4.906271659808920660e+00
4.906151128789494997e+00
4.897993976715086184e+00
4.897035445556756628e+00
4.884154264539078305e+00
4.882198693357497454e+00
4.873165921816708490e+00
4.872787996341473082e+00
4.857921992786716103e+00
4.853287193016015522e+00
4.852201292489144002e+00
4.846656172925842831e+00
4.841765965575127062e+00
4.832503307654866020e+00
4.825134217065025766e+00
4.811614834324513978e+00
4.809725993776407194e+00
4.793611158377935944e+00
4.787610197306099380e+00
4.783941633102577917e+00
4.767615260934834787e+00
4.766889687878017590e+00
4.752169377172328346e+00
4.750818667894611380e+00
4.732685446848555522e+00
4.730057034447861852e+00
4.714563751573746408e+00
4.714276372075735466e+00
4.710648602326432233e+00
4.708294797329775960e+00
4.698062663630367730e+00
4.688561958090786241e+00
4.675609491280472874e+00
4.667982437518069183e+00
4.667247001888184421e+00
4.655223446455261538e+00
4.651357564082912788e+00
4.639348974191782382e+00
4.637239023331730436e+00
4.629721075858693524e+00
4.622699104432909323e+00
4.616165695101375199e+00
4.611656446624142092e+00
4.606552334271715843e+00
4.599689071910745497e+00
4.592630392271902728e+00
4.581193567872483996e+00
4.572637959053071022e+00
4.568752373342330309e+00
4.561677496025545508e+00
4.553020092645343908e+00
4.549913782061656420e+00
4.544040098829365881e+00
4.533845457422830627e+00
4.533389363089738389e+00
4.512783377869537205e+00
4.506565296167124757e+00
4.494298666496183259e+00
4.490654748658034379e+00
4.488448009561048835e+00
4.485646072687043073e+00
4.481695403323247895e+00
4.470863332126103096e+00
4.460213022222605517e+00
4.456905393795026704e+00
4.452837511103363788e+00
4.444807324377658908e+00
4.438808391126093156e+00
4.431744881680809378e+00
4.412912913964312622e+00
4.407601720436404413e+00
4.398510931993357964e+00
4.390497262243894916e+00
4.382703759637734287e+00
4.377761583063407791e+00
4.376973057354759611e+00
4.372534686013942462e+00
4.356514207253995075e+00
4.349484744261630453e+00
4.343373993987701631e+00
4.331721067985482065e+00
4.328433712536575939e+00
4.320985937073738903e+00
4.315143462463881363e+00
4.312448277719015621e+00
4.298886339297324888e+00
4.295795219946514365e+00
4.286274721570234369e+00
4.282365063968287089e+00
4.278217153088819558e+00
4.266761746641527964e+00
4.266139647556366654e+00
4.261616472859772742e+00
4.253308660757360471e+00
4.248215828536746841e+00
4.242296309554427935e+00
4.239565828249434176e+00
4.228965032382681954e+00
4.222837003085302854e+00
4.214658858743473679e+00
4.212312013191179538e+00
4.202364204792117697e+00
4.198814391608503449e+00
4.194597326654259106e+00
4.184676899706152753e+00
4.183737661617888293e+00
4.179664733781139674e+00
4.165189338381151352e+00
4.153325797811178610e+00
4.150450198313188288e+00
4.144060728587812825e+00
4.137862003663940413e+00
4.132784256858700545e+00
4.132609495007645073e+00
4.119012089990741643e+00
4.115143867846199122e+00
4.114098556903437398e+00
4.111761693229466275e+00
4.104294178660476966e+00
4.095075743142205127e+00
4.083479780765557621e+00
4.071892254253051568e+00
4.067528766028235765e+00
4.061137675495184673e+00
4.056021799628535263e+00
4.051589780614696323e+00
4.050916291757653553e+00
4.036203895191049718e+00
4.032784922307928177e+00
4.023460012099963734e+00
4.019314758522509301e+00
4.012445111611279813e+00
4.004419543635491685e+00
3.997216506864881946e+00
3.996132962967794633e+00
3.992405919135899595e+00
3.979933608505047182e+00
3.974645982177006154e+00
3.972071011254797224e+00
3.962380012424347786e+00
3.954227054635838456e+00
3.950328334937028174e+00
3.946302230604906480e+00
3.933123021477655801e+00
3.928665309815229101e+00
3.924536795352083107e+00
3.919535137689392990e+00
3.918697037011023010e+00
3.904009532230127366e+00
3.899158931826338659e+00
3.888006979176843458e+00
3.885405278028435383e+00
3.880195233056616733e+00
3.866398994503565500e+00
3.860167273830097834e+00
3.849954690371848010e+00
3.849170804119628198e+00
3.847239950754722138e+00
3.838635765986222470e+00
3.833838730024128783e+00
3.828220081416641385e+00
3.825870342933366697e+00
3.821622467522391098e+00
3.807700812599669860e+00
3.805689775367306016e+00
3.801418377803476467e+00
3.793780546835483936e+00
3.784871338964578058e+00
3.781685900075394624e+00
3.767663494732709228e+00
3.759995468572644217e+00
3.753111691852340392e+00
3.749276567765230439e+00
3.743534647184553865e+00
3.734024659925778256e+00
3.727045135962631317e+00
3.725241625244311905e+00
3.722765612068213326e+00
3.718560455429638534e+00
3.713166251959659547e+00
3.709634493364979857e+00
3.701888936859664803e+00
3.690124953376745509e+00
3.689497066359590072e+00
3.681918580456533086e+00
3.673884663265581718e+00
3.666219576956559312e+00
3.657914549530285608e+00
3.655943437006613284e+00
3.654357042400070199e+00
3.640935714676204249e+00
3.632103814404631148e+00
3.631444567733249862e+00
3.619326229939308970e+00
3.607516380030468817e+00
3.603527980786971341e+00
3.602196288686548620e+00
3.599628826218797428e+00
3.580793356725769705e+00
3.579248640612093357e+00
3.578321461456357433e+00
3.574982281713026122e+00
3.565232662705078770e+00
3.563191534993229492e+00
3.557502871649427689e+00
3.557103752537966290e+00
3.544009821904825497e+00
3.539178785801639027e+00
3.537254657132287150e+00
3.521259357355415176e+00
3.520181232049779840e+00
3.514710295366473503e+00
3.514687317056579108e+00
3.499209739943983433e+00
3.497617490145291885e+00
3.484743761593656508e+00
3.479160769933327568e+00
3.476938973129268362e+00
3.475883832343995117e+00
3.465959237064666354e+00
3.460647707214065782e+00
3.457907671137500749e+00
3.443940830380497697e+00
3.442507943892326505e+00
3.439133509969247715e+00
3.431859633877713645e+00
3.425794823437882108e+00
3.417392788162575634e+00
3.416526818422190637e+00
3.413950373900890956e+00
3.411747266839077142e+00
3.397762162633825245e+00
3.396214125541917372e+00
3.381227453179320719e+00
3.380028113500810782e+00
3.371545395691178726e+00
3.365499041518897894e+00
3.362621085122966758e+00
3.358619653431384133e+00
3.356441785921148835e+00
3.345093832291718972e+00
3.338871146467944584e+00
3.334072963264509859e+00
3.333756334133811450e+00
3.321757680656546974e+00
3.318360581443404733e+00
3.308310100218416760e+00
3.308027332507128104e+00
3.293890955946289445e+00
3.289996452634983637e+00
3.286044271268044437e+00
3.279024164132013031e+00
3.277513579143668920e+00
3.271572370197784796e+00
3.254784565399279739e+00
3.251612280007143418e+00
3.251044049943913716e+00
3.245362371121055745e+00
3.244193486116799807e+00
3.235934162572607686e+00
3.233657154367162612e+00
3.226296694128689690e+00
3.221931189956461772e+00
3.209196399094651930e+00
3.204432688524969208e+00
3.194576699441329382e+00
3.191525818582442664e+00
3.183923124209344646e+00
3.180835998286387856e+00
3.178651582945402509e+00
3.174210614591661539e+00
3.163643039982690475e+00
3.163598051968121716e+00
3.155769324292207134e+00
3.152365505198067464e+00
3.141836022815107654e+00
3.131632829274215268e+00
3.129284017346174451e+00
3.119542938205305482e+00
3.119127333208220776e+00
3.118486550241903466e+00
3.108422149778750310e+00
3.106418881081441263e+00
3.105337141184429051e+00
3.100677770791504084e+00
3.093647022298390947e+00
3.087520177444447178e+00
3.086613502510319407e+00
3.071541072472296463e+00
3.066983238900303999e+00
3.062572089867771297e+00
3.061791382069430689e+00
3.052329175057402200e+00
3.041809224570074743e+00
3.036653671014912792e+00
3.034393405870267735e+00
3.031115605934578738e+00
3.026869988787296961e+00
3.006980108466586366e+00
3.006135420449375317e+00
3.002826844297097786e+00
3.000146202585110444e+00
2.988322863115261629e+00
2.972638291567649471e+00
2.968425436741068069e+00
2.956748515942332567e+00
2.956579868191546723e+00
2.955525060558870543e+00
2.951741878962609089e+00
2.945517474162259841e+00
2.944553558510933478e+00
2.940088466962226033e+00
2.929527313598307092e+00
2.924239274837258318e+00
2.921093402370569247e+00
2.913219654314785689e+00
2.912171540168645656e+00
2.907092818344806595e+00
2.898793660225755797e+00
2.895082708874551436e+00
2.887398489361617582e+00
2.884094601716056250e+00
2.876643039157225967e+00
2.872380630725337447e+00
2.861524886460420802e+00
2.856537198851735848e+00
2.854941496427672920e+00
2.846422785382179299e+00
2.843734612916231974e+00
2.837022821959696905e+00
2.830903502171649322e+00
2.825800196563285738e+00
2.821175782692001199e+00
2.814711583846934762e+00
2.809859420171181288e+00
2.806460826655458707e+00
2.794763784823464547e+00
2.787639581563543079e+00
2.786754093812646715e+00
2.781169600245660956e+00
2.773487524785896330e+00
2.773297645374566134e+00
2.768137656224529675e+00
2.761636584659320270e+00
2.757089234063748950e+00
2.755974166018448912e+00
2.752566060304355133e+00
2.743633250286676262e+00
2.736517941334565496e+00
2.735575002872292494e+00
2.730710942797198726e+00
2.722634560612191112e+00
2.719852936417312961e+00
2.717318290003940096e+00
2.710681968626933003e+00
2.696185065556218952e+00
2.695152370692492028e+00
2.694482908817173339e+00
2.691169292053598117e+00
2.686351927692529173e+00
2.681088812423106482e+00
2.672748639144153504e+00
2.669110524502491977e+00
2.661639514749315261e+00
2.659329633934069292e+00
2.654869605541865241e+00
2.647930918866444827e+00
2.640453647839517082e+00
2.639250088335371558e+00
2.635779661231693716e+00
2.621860860537580606e+00
2.621091342649002343e+00
2.618707008546501402e+00
2.616116321885939566e+00
2.606923613616141999e+00
2.605688896612222027e+00
2.597706619422238017e+00
2.592249864164010820e+00
2.583663643219898720e+00
2.581565300322581802e+00
2.571796477587068530e+00
2.568512791504721449e+00
2.555739592232224133e+00
2.545867218472139815e+00
2.543704756009900869e+00
2.540103424062908122e+00
2.536730536702901162e+00
2.531408453081174237e+00
2.523847171136602174e+00
2.512583974207144966e+00
2.507598522221952564e+00
2.500539775857127722e+00
2.497912090318015199e+00
2.495078843667712931e+00
2.489839886392901658e+00
2.489488049754234211e+00
2.485532110038054299e+00
2.475390904417459126e+00
2.469349586641588434e+00
2.466839578910386965e+00
2.458484888395236378e+00
2.452553434028942991e+00
2.446128444391579393e+00
2.445553988350338770e+00
2.436140385590357393e+00
2.432260807003358671e+00
2.430479695392416595e+00
2.423817493483618968e+00
2.418717357376304111e+00
2.414982777112010481e+00
2.412365057268186508e+00
2.408216444563391345e+00
2.396585142994947404e+00
2.394291173363047420e+00
2.387529639166035889e+00
2.382350367735973418e+00
2.378503163582401658e+00
2.374967845902045127e+00
2.369214110894969139e+00
2.366090489739383518e+00
2.363593999791650635e+00
2.358367157780350443e+00
2.355200895964093988e+00
2.343990935788990093e+00
2.336421301164796738e+00
2.330012568903392367e+00
2.323692321189261278e+00
2.319212943738756749e+00
2.317159526287398297e+00
2.305122133660171713e+00
2.301047899371488903e+00
2.299736344644188968e+00
2.294627945269684943e+00
2.290100582501740423e+00
2.289995053056065988e+00
2.286663133441498630e+00
2.279263604244616381e+00
2.272291858041602719e+00
2.261921471755107049e+00
2.258497080067362717e+00
2.255980674640302830e+00
2.243809710295110893e+00
2.237945143321551367e+00
2.233361647014986850e+00
2.230272480838803251e+00
2.218772593343488087e+00
2.214229076550036535e+00
2.205886982537941687e+00
2.204099757196165577e+00
2.198325268228644713e+00
2.196101277507870098e+00
2.192791399693810206e+00
2.192164394116550952e+00
2.185600440036596925e+00
2.175455042805489292e+00
2.168367950640910369e+00
2.164510562711200681e+00
2.164108727399373322e+00
2.158197361616239096e+00
2.152862271927677540e+00
2.151570932655086033e+00
2.146717443255914848e+00
2.143897254187579371e+00
2.137281821342519539e+00
2.134384831550386608e+00
2.129557747664225786e+00
2.123622898858249286e+00
2.119355931588501551e+00
2.116420661564400785e+00
2.114025091872272277e+00
2.110053374981888830e+00
2.108877458369515345e+00
2.108348797661175666e+00
2.098143352096665915e+00
2.089678720744264862e+00
2.089467164910908892e+00
2.078170227543427284e+00
2.072538266381914962e+00
2.063195627781047037e+00
2.061510845917790213e+00
2.056223470301179912e+00
2.046057762182442286e+00
2.045773408387531411e+00
2.039675735740094087e+00
2.038788902488060995e+00
2.031199902307747163e+00
2.030898410685345823e+00
2.022727339657479639e+00
2.020710671458576080e+00
2.015451715191621584e+00
2.012754144715053872e+00
2.008758792636771151e+00
2.001209442096472557e+00
2.000823006434171436e+00
1.997303127084521179e+00
1.995226778893413933e+00
1.991097290776925766e+00
1.988850572289584395e+00
1.982995699816502144e+00
1.980560722444034027e+00
1.977569602766211743e+00
1.971134452613659827e+00
1.968763826306851206e+00
1.963871718295217228e+00
1.957272581591914529e+00
1.950215858607039943e+00
1.949965261679268425e+00
1.947808762052958498e+00
1.942302856704664737e+00
1.929704381891454990e+00
1.922414755407591214e+00
1.916689359837774331e+00
1.915579151247948086e+00
1.908656022805881536e+00
1.902388015305641389e+00
1.899750573728450576e+00
1.894324872174655727e+00
1.893766897274030025e+00
1.887709794245919781e+00
1.884364363005510468e+00
1.878305521586505655e+00
1.872308143035942729e+00
1.870809554470115321e+00
1.863788415689098477e+00
1.861738330239347761e+00
1.854968147912356979e+00
1.850283191710343500e+00
1.847179836105289796e+00
1.842763478306002067e+00
1.839292253481172201e+00
1.823994480064466517e+00
1.822878060546123002e+00
1.818481970502081380e+00
1.812452668882367668e+00
1.804516852500767099e+00
1.801813705260776555e+00
1.800063534076983274e+00
1.794227202285845646e+00
1.792875604605392414e+00
1.787570661839567920e+00
1.784817777415455886e+00
1.776456418779204460e+00
1.774447126536668362e+00
1.770076272508295023e+00
1.767757053760875108e+00
1.766224393564684858e+00
1.759008546751074320e+00
1.758159451989279809e+00
1.748172702432912118e+00
1.744401597538992155e+00
1.741036422400942474e+00
1.729536796501996099e+00
1.728413606352974918e+00
1.720520048886063469e+00
1.717325502193278508e+00
1.711264513106626861e+00
1.704047184044958696e+00
1.701803553094143107e+00
1.694700606590721303e+00
1.691373368060500981e+00
1.688623497654800909e+00
1.686546455809377898e+00
1.686395207332920698e+00
1.679978524110752547e+00
1.672893894513467483e+00
1.670901754112023241e+00
1.666193882833381767e+00
1.658950508403307378e+00
1.656992809732996452e+00
1.655310804351523002e+00
1.648509158732021529e+00
1.644154635503249029e+00
1.636415694116371444e+00
1.634621570047576800e+00
1.631842581576969264e+00
1.631376535640815195e+00
1.624942863115018232e+00
1.621118009452183983e+00
1.611084276120150038e+00
1.603601571211082932e+00
1.601892642376043341e+00
1.597989614583078755e+00
1.593140735322673640e+00
1.583703517295818486e+00
1.582368863805365899e+00
1.581313146474333964e+00
1.573021835437430349e+00
1.571585226673540614e+00
1.569931431202588268e+00
1.568994244590966147e+00
1.558602418779299281e+00
1.555598334770693203e+00
1.554494599446267111e+00
1.546503651749149943e+00
1.546134515968200507e+00
1.544567234351452267e+00
1.541806765758374942e+00
1.532890727020799426e+00
1.528901251058524258e+00
1.526681788077809632e+00
1.519763492970189089e+00
1.517171879993922001e+00
1.513366537027437175e+00
1.507986108963906835e+00
1.505771515318741649e+00
1.502659823669150407e+00
1.486484532303486095e+00
1.484941037544644349e+00
1.478966772629710880e+00
1.478709149415473156e+00
1.469581932627338494e+00
1.466382749034113253e+00
1.458893349773160875e+00
1.456161639037333089e+00
1.455376043226236593e+00
1.446079810241895469e+00
1.442798266941234253e+00
1.439886534716578792e+00
1.435527001317795204e+00
1.429917751864733022e+00
1.427812735698470226e+00
1.426977120485342532e+00
1.423983867876584819e+00
1.422309342749825900e+00
1.414955157844189682e+00
1.411495539841829627e+00
1.406606686779970694e+00
1.399669937896745653e+00
1.395110286126243215e+00
1.390737959078445662e+00
1.387593643309149138e+00
1.385350811404485238e+00
1.375452890904745873e+00
1.370063658644777638e+00
1.368933530288788392e+00
1.366961754236724946e+00
1.360074230947868168e+00
1.358519707145198208e+00
1.354973199270796957e+00
1.352285344388130195e+00
1.344078651225676602e+00
1.338121809083885116e+00
1.334099435708438808e+00
1.329721922247896426e+00
1.324711677540986399e+00
1.324080598280910070e+00
1.318581177359832157e+00
1.316384386521900263e+00
1.313508431653772623e+00
1.312328052587354632e+00
1.308197750303389473e+00
1.303369978833156972e+00
1.302469246054659857e+00
1.298799095690506000e+00
1.291376424012282920e+00
1.290539306526440111e+00
1.286661884234010289e+00
1.275164983175951505e+00
1.269210975260891106e+00
1.268675663419334798e+00
1.263773759121821216e+00
1.260606924234726200e+00
1.259147491015629061e+00
1.250730875239550954e+00
1.250712823313391509e+00
1.246084002919839673e+00
1.245928877742427332e+00
1.240348966502924588e+00
1.235051187641742487e+00
1.229614044390283878e+00
1.229232957313237673e+00
1.220868198233076463e+00
1.219084859678180477e+00
1.214993295979912125e+00
1.206904151374420087e+00
1.200619806022883873e+00
1.197295069458627514e+00
1.194669980068948867e+00
1.193206599465523432e+00
1.185987477626589515e+00
1.185835129422647904e+00
1.179573025270931108e+00
1.177010576981526002e+00
1.172578040539294264e+00
1.169739489286846901e+00
1.163476550359236361e+00
1.161267171097736917e+00
1.153486824865163296e+00
1.151773552765680941e+00
1.146060963152044199e+00
1.144562349753924346e+00
1.141998276209788887e+00
1.138301997598359483e+00
1.135777658402106871e+00
1.131586711516133326e+00
1.125814667968405347e+00
1.124189232341798794e+00
1.120967525318017355e+00
1.117444913560763586e+00
1.116960340313821076e+00
1.111775068427824031e+00
1.107650086892430386e+00
1.100965195014828701e+00
1.100270831730239207e+00
1.092944339134044096e+00
1.092862441057682377e+00
1.086987328810132158e+00
1.083269586083974945e+00
1.077348862230492088e+00
1.072280040644054022e+00
1.070579361592503220e+00
1.066547327613628138e+00
1.060043545564639533e+00
1.056178006693694993e+00
1.053573305865379117e+00
1.053481624725713273e+00
1.050096117057008005e+00
1.039183449805727077e+00
1.034140201397377501e+00
1.031469776858084941e+00
1.027432793745931106e+00
1.023168505064022460e+00
1.020785778003952871e+00
1.019754142022923027e+00
1.011139351442820855e+00
1.010850544693972175e+00
1.004512733770259292e+00
1.000489506356048608e+00
9.970416919577621551e-01
9.968954960618653383e-01
9.910601237911718098e-01
9.901926379542512757e-01
9.852598062892200526e-01
9.830707195520361763e-01
9.804341956093133303e-01
9.769020620981793135e-01
9.736414299416540352e-01
9.701329655591325318e-01
9.697907181218374806e-01
9.648520879914305182e-01
9.597336852714390965e-01
9.562739657339568433e-01
9.545514456464079256e-01
9.499482476200524772e-01
9.497976059654983372e-01
9.453831392175339188e-01
9.425802436874959334e-01
9.410171831677269783e-01
9.400336676423682869e-01
9.338021568047299992e-01
9.327028808963233608e-01
9.323808312567382073e-01
9.254973566928437201e-01
9.224195172355639238e-01
9.209745905724693316e-01
9.187526184381443750e-01
9.155184219498789799e-01
9.141502244792039100e-01
9.105214245499959613e-01
8.988112763826795470e-01
8.983487921424087030e-01
8.948503469962206802e-01
8.947641444631779795e-01
8.884475794255072278e-01
8.854494300203863411e-01
8.843800007648168204e-01
8.815647896880003387e-01
8.806781648213597435e-01
8.738148744297330461e-01
8.704337646210406065e-01
8.698400149690527217e-01
8.688110689540116116e-01
8.642229118960398360e-01
8.584070507807474160e-01
8.581293872692757896e-01
8.564241267661196755e-01
8.526593776297523020e-01
8.526110833594213734e-01
8.429903229104704909e-01
8.377699259367122897e-01
8.360091024907136958e-01
8.331334062903713589e-01
8.287880968819697491e-01
8.256684849630265832e-01
8.169452182890541980e-01
8.137973988246455237e-01
8.133131410810958695e-01
8.119040849777665603e-01
8.078373167856018888e-01
8.035038715478595162e-01
8.025044347810931233e-01
8.022487857211577644e-01
7.984307360208467985e-01
7.979812103326713313e-01
7.893574534259465425e-01
7.856068889861791416e-01
7.849205741853689799e-01
7.797122485839859118e-01
7.778796162857464225e-01
7.723947722669523008e-01
7.702325806934695596e-01
7.675807048672261823e-01
7.670235356749970368e-01
7.634370800790479805e-01
7.594851729160161380e-01
7.563145045649376508e-01
7.544637929255069153e-01
7.544150267681045685e-01
7.459420908995462174e-01
7.447958471261515445e-01
7.411558361933917594e-01
7.392621169652158208e-01
7.364500368134467845e-01
7.327753821563819381e-01
7.261459889205699181e-01
7.224196780373728366e-01
7.197667981525323055e-01
7.097917280216350377e-01
7.062815603995951097e-01
7.034525912212893362e-01
6.999777172300426509e-01
6.963280730156832243e-01
6.937808509268900137e-01
6.914191506112438157e-01
6.887611996181124407e-01
6.868106351219627204e-01
6.861900370760291024e-01
6.770975770770525370e-01
6.768804412758901989e-01
6.744658663932746601e-01
6.736612684085308000e-01
6.700488188727448113e-01
6.673719677062354139e-01
6.615282404716131825e-01
6.532852884464543930e-01
6.528151962947840170e-01
6.501117898454555899e-01
6.484206430097678719e-01
6.413928638825574513e-01
6.391699394612997409e-01
6.382255882166398830e-01
6.355559499688097080e-01
6.320290666437885507e-01
6.314799661954599852e-01
6.281003790401750164e-01
6.241367023965050942e-01
6.206799459562608590e-01
6.182228996711413016e-01
6.167642269806028477e-01
6.165705814814989028e-01
6.124862244584138304e-01
6.087125742260440786e-01
6.044253704443484088e-01
6.042915166867735000e-01
5.978576060061592257e-01
5.937819604585190536e-01
5.893313990672638392e-01
5.883410512779120305e-01
5.869654015922706192e-01
5.864105414632870827e-01
5.841153022067405720e-01
5.837891462186096669e-01
5.822262146494541213e-01
5.700880413125123392e-01
5.697164074084440921e-01
5.680737574880381224e-01
5.672105373573572695e-01
5.578801156201577127e-01
5.568612144864026892e-01
5.512730584377559806e-01
5.509722187232185542e-01
5.465497500891504101e-01
5.444183103940540835e-01
5.427028864497117633e-01
5.396701858874842772e-01
5.381078444917172243e-01
5.326771061683165387e-01
5.279007469155808652e-01
5.277656150305726213e-01
5.254331990812465270e-01
5.249330131735556737e-01
5.245247501453973449e-01
5.189827802562265724e-01
5.188164878735490593e-01
5.151887817562811334e-01
5.098462038838944554e-01
5.035950958710595504e-01
5.034482420290432581e-01
5.004732129583485678e-01
4.997922721473793684e-01
4.930159891020594043e-01
4.914398732417240012e-01
4.874886833248316953e-01
4.854201634538053423e-01
4.828852646105288304e-01
4.794776225452753726e-01
4.777075206896354564e-01
4.773720628848905356e-01
4.708795721304505077e-01
4.704700163419438530e-01
4.678969237859501029e-01
4.642209460903466978e-01
4.640665359093570363e-01
4.586173270673505886e-01
4.552162928113362983e-01
4.551626420826318520e-01
4.504057687412441058e-01
4.498740828196164387e-01
4.460820235926319377e-01
4.398479250557251197e-01
4.377657791328092851e-01
4.368597328926510648e-01
4.349362411699163600e-01
4.296643408516239715e-01
4.293214682519251868e-01
4.273574219869586410e-01
4.268643079120696404e-01
4.219948226423224646e-01
4.191660448100159586e-01
4.186837492564830510e-01
4.173790550633491581e-01
4.139142125081393675e-01
4.103954172855234783e-01
4.084609220307070521e-01
4.061999252282660344e-01
4.046097400081932749e-01
4.034869090388309432e-01
3.949814131375856685e-01
3.890702667472094589e-01
3.881831692679604262e-01
3.848144210069839311e-01
3.832167934591791392e-01
3.806791906500623934e-01
3.790747992525661525e-01
3.783321773819990352e-01
3.759507371930089215e-01
3.716697650574937728e-01
3.714291725697380642e-01
3.679109484533732433e-01
3.646212170297050692e-01
3.605476737602877901e-01
3.601446950245005829e-01
3.567022454636898932e-01
3.559195901872020951e-01
3.515067276587093836e-01
3.511388473780361896e-01
3.477239997093773405e-01
3.426869275401922543e-01
3.400168934618666983e-01
3.369298923528352141e-01
3.335660975220247071e-01
3.294991126880884025e-01
3.287992446676430425e-01
3.270235027548292761e-01
3.263973224834659792e-01
3.201573833367840072e-01
3.168995008520984480e-01
3.167814316600512936e-01
3.142259057712621373e-01
3.129017144247662197e-01
3.093402354279822242e-01
3.072763005474239972e-01
3.051722269139309773e-01
3.023980279394841153e-01
3.011124116422685959e-01
2.994595474705535332e-01
2.960873044166829060e-01
2.950267172601466203e-01
2.927910640509581719e-01
2.901689154557255401e-01
2.879326149142626967e-01
2.869278382951849782e-01
2.829540735446227084e-01
2.811905839261643059e-01
2.805910195498469983e-01
2.776228544376257990e-01
2.771992840521132484e-01
2.735585888333370574e-01
2.716604514752720689e-01
2.696012944992539073e-01
2.681524052856162355e-01
2.642831449923085940e-01
2.612651266174266795e-01
2.612419911165875797e-01
2.566666455341756192e-01
2.541749489237807857e-01
2.534445773602916341e-01
2.504777719664477709e-01
2.477883064097103072e-01
2.428338853588168644e-01
2.427122418430276152e-01
2.397870035104576192e-01
2.397115204546186595e-01
2.386645618573897953e-01
2.362599085414923972e-01
2.331560522072935460e-01
2.328016095528600282e-01
2.298638065088222660e-01
2.271986821786237398e-01
2.242757807720633934e-01
2.227925328005170014e-01
2.210133266506019711e-01
2.185829892297788402e-01
2.176887169360930130e-01
2.172657600611194173e-01
2.154700235410300091e-01
2.117992550168891486e-01
2.104388898978276357e-01
2.066583147335478710e-01
2.060797357542916708e-01
2.059485666892787170e-01
2.048528940893838135e-01
2.023071003241650734e-01
1.988563403601618096e-01
1.980192364679494998e-01
1.953917391926354441e-01
1.925049355458581246e-01
1.923834430900116244e-01
1.912821274267694771e-01
1.906662397757817595e-01
1.850031778250357806e-01
1.847003462680170127e-01
1.809582068184322212e-01
1.803374403254999481e-01
1.760353160698716057e-01
1.739797549003423704e-01
1.739608037564236709e-01
1.709312739481630150e-01
1.693738806560651233e-01
1.659463438627344356e-01
1.652928646794307177e-01
1.626942362140490483e-01
1.625881636944706832e-01
1.625211527147260859e-01
1.599825763193408745e-01
1.589547014002210823e-01
1.547845975333071167e-01
1.528780316095585401e-01
1.512246684426908072e-01
1.503831550817079921e-01
1.486221179806251347e-01
1.471399649183182667e-01
1.439561690900852398e-01
1.429370088218077650e-01
1.406099061238230696e-01
1.399351925440700251e-01
1.391481573273252725e-01
1.366021877358580550e-01
1.354521185412189133e-01
1.337750170505171698e-01
1.334999309188154293e-01
1.300502860948680173e-01
1.300251144959381211e-01
1.255459052763606975e-01
1.248040055286775141e-01
1.232010067441157986e-01
1.223540050308931509e-01
1.220887005852624857e-01
1.207193585836878746e-01
1.195188339997872301e-01
1.190186120971174488e-01
1.165081230924978478e-01
1.151630231342773286e-01
1.147062517783023899e-01
1.114287043080260386e-01
1.103552536623651770e-01
1.089922464152853904e-01
1.078891347907662279e-01
1.056791314059107312e-01
1.054180270176758027e-01
1.039353588077853441e-01
1.020235650955402251e-01
1.014076616189394653e-01
9.884294284829391042e-02
9.822931319451304322e-02
9.586882224395608387e-02
9.536036921631428631e-02
9.320897851930594336e-02
9.237127530965816291e-02
9.022225228462468771e-02
9.021979755380138410e-02
8.669912630827174282e-02
8.533775935402036772e-02
8.520267875018561199e-02
8.443472771653008635e-02
8.336099910768429710e-02
8.149081258621727886e-02
8.101123613978522542e-02
7.892394329567065103e-02
7.689140888736112345e-02
7.545299445226914814e-02
7.411481477368668525e-02
7.182326055867835346e-02
7.030061735962367386e-02
6.961101674907078929e-02
6.957925403680667586e-02
6.915172677363329301e-02
6.909602330724923247e-02
6.681754990456315046e-02
6.604115630104920309e-02
6.342931804872427304e-02
6.314358101473101226e-02
6.251133099054882736e-02
6.247771340294630549e-02
6.022888179485131471e-02
5.979801522332300195e-02
5.903531032247422150e-02
5.793409500085146269e-02
5.636833962457488134e-02
5.535232706260658636e-02
5.459671858991378690e-02
5.437314951591425832e-02
5.278283653553788451e-02
5.158760278289654944e-02
5.143809677183393964e-02
5.020081785103322480e-02
4.974902800673346864e-02
4.920888140943733419e-02
4.795402915041224734e-02
4.783587070691693033e-02
4.554543436823021291e-02
4.532933751035934239e-02
4.454292106781972127e-02
4.391178074219728028e-02
4.148148880780224562e-02
4.140857620562003044e-02
4.075161390854488419e-02
4.033900794259893952e-02
3.848812438325991542e-02
3.761089230610552975e-02
3.744210586623311632e-02
3.543218851202094288e-02
3.541175850794558294e-02
3.392312266181921748e-02
3.345662099452436505e-02
3.231028313084029213e-02
3.174170363975242076e-02
3.165983945763967827e-02
3.073810672579859946e-02
3.033990977678755266e-02
2.967647604553871887e-02
2.854969190082235278e-02
2.743608243850552061e-02
2.723796647579390315e-02
2.668347361248428126e-02
2.641612710527821081e-02
2.583963193018367493e-02
2.459509510615916217e-02
2.437947070947187392e-02
2.246653532658849511e-02
2.223694529803499353e-02
2.188186686933601618e-02
2.117395521941511580e-02
2.084154620273672917e-02
2.065849663418645524e-02
2.017781328300513252e-02
1.959314099073882973e-02
1.915469546704240411e-02
1.824531919724786677e-02
1.773422575782451077e-02
1.759617601895154329e-02
1.711929188510093180e-02
1.624840822531493228e-02
1.607309640810919427e-02
1.525035768157425795e-02
1.521084304856830209e-02
1.444454529313158458e-02
1.391558603427177007e-02
1.357091513534249005e-02
1.302088474743334258e-02
1.287545684784413731e-02
1.233266826564483054e-02
1.216635060063891646e-02
1.100921321294829128e-02
1.075128965941272649e-02
1.054800673914084094e-02
1.006816813528822394e-02
9.048891461354726870e-03
8.769186689684741604e-03
7.899903233093207716e-03
7.683232042688629450e-03
7.508454745932696163e-03
7.443336998248042437e-03
6.864624643749603697e-03
6.636719478975125312e-03
6.582884825811114587e-03
6.234374496946309616e-03
5.596036763949553336e-03
5.108273558697195259e-03
4.993333508836203180e-03
4.768290920722532619e-03
4.596649159734791761e-03
4.496121056051730590e-03
3.886164866515704787e-03
3.664710663596145324e-03
3.505357867430998735e-03
3.115160976298740701e-03
2.938363907951945658e-03
2.841638234558347634e-03
2.509473817275987683e-03
2.421260024899391308e-03
2.274608151040985720e-03
1.732301848644265865e-03
1.335268223790553061e-03
1.121189721268190005e-03
8.480358579626282641e-04
7.782016248700401092e-04
5.672813179473096398e-04
4.288424873869314574e-04
3.658213659743603610e-04
7.673894918996869929e-05
5.115328219617413272e-05
