# Singular values
1.263923539267918841e+02
8.583718063232731765e+01
5.210387021505373895e+01
5.025760627634041100e+01
3.697668248013512482e+01
3.202177309728122623e+01
2.672356194121220696e+01
2.526307256200026785e+01
2.407953469456311879e+01
2.298530952831515961e+01
2.150730070705518671e+01
2.070309097013779720e+01
1.956876398103979042e+01
1.929965311231971370e+01
1.848787410720596469e+01
1.842243262187891162e+01
1.784955048828402369e+01
1.780907861441733075e+01
1.740397238884211717e+01
1.738625887764264988e+01
1.692859256452021910e+01
1.609968131400779967e+01
1.591919976429786132e+01
1.574807387047346552e+01
1.523415229705188700e+01
1.485367002225524224e+01
1.482094943763878625e+01
1.460626742100521724e+01
1.455667820958268521e+01
1.445049958275107826e+01
1.430885451636368622e+01
1.419437722445101357e+01
1.410796795837307194e+01
1.394913098429898568e+01
1.391887128917071692e+01
1.356731695121470338e+01
1.354950138068585730e+01
1.339134719870754964e+01
1.323209679792415905e+01
1.314712164171801767e+01
1.305726331443656107e+01
1.284456413533705010e+01
1.275516301625183146e+01
1.265879961625500094e+01
1.260172883271552813e+01
1.246995685896879991e+01
1.235861153699684145e+01
1.223695521948402209e+01
1.215604925982319884e+01
1.206290647322995113e+01
1.199068343003964365e+01
1.193007575147766275e+01
1.186339315882627510e+01
1.178890286270305765e+01
1.169965931263508452e+01
1.168065406229016467e+01
1.152672112873718646e+01
1.135798828141373917e+01
1.129181597498385159e+01
1.123163634202687433e+01
1.120130759955088529e+01
1.112020652755407646e+01
1.101105302289893118e+01
1.092494593325859675e+01
1.092023186959906944e+01
1.080525458248530413e+01
1.079733214397428043e+01
1.078341746567258674e+01
1.072386774360708195e+01
1.063812880971280350e+01
1.061765362449966865e+01
1.056712633255846612e+01
1.054045632856892212e+01
1.047620594743510480e+01
1.032201763387994653e+01
1.029205010095174444e+01
1.028137526628873921e+01
1.022069012091876239e+01
1.019171760826938211e+01
1.014916681124582354e+01
1.013857304828045081e+01
9.992389801826696782e+00
9.954962808700166477e+00
9.914378328575063293e+00
9.869443964420545612e+00
9.855081121307849301e+00
9.821804227870835291e+00
9.663507046402415313e+00
9.662821786178270145e+00
9.609400616829770314e+00
9.532774300043184823e+00
9.497359244801485190e+00
9.484559730859212223e+00
9.401833849119322295e+00
9.397367649501180864e+00
9.320797875249644093e+00
9.316516837687281338e+00
9.302749045760473123e+00
9.240238275579928384e+00
9.236546798349948517e+00
9.065022359908175176e+00
9.053450036925895006e+00
9.030494989044353105e+00
9.023344731707426902e+00
8.958536700366957817e+00
8.945655059677063647e+00
8.938022308255401782e+00
8.924955134748286056e+00
8.875901871956564548e+00
8.813827867994227461e+00
8.770225193174628231e+00
8.744206935429192029e+00
8.679267902383577038e+00
8.669368162198551886e+00
8.629453179457630796e+00
8.600869609733765131e+00
8.556784151429942753e+00
8.503701519151897870e+00
8.459652801378979348e+00
8.400441589547698484e+00
8.383790167056641707e+00
8.318930427876535916e+00
8.317567137718537396e+00
8.295744161248522985e+00
8.266126737354325016e+00
8.213751523361185747e+00
8.137914594066415930e+00
8.123592714045223317e+00
8.062239677630584467e+00
8.050822685803634471e+00
8.046340191355524141e+00
8.017578818426176923e+00
7.992123246916169599e+00
7.973253858734386412e+00
7.953546834102589891e+00
7.924077098863326007e+00
7.876414276813211046e+00
7.807426946567649573e+00
7.772529767638256537e+00
7.766790411100079616e+00
7.708742989615803509e+00
7.703166216222616214e+00
7.655952863990858503e+00
7.622793883098780476e+00
7.539011342646939617e+00
7.516482352565992286e+00
7.509616087774785953e+00
7.486358470825007494e+00
7.441728723098123055e+00
7.373259138794824530e+00
7.356433963856083835e+00
7.325079722945559979e+00
7.321455173464777033e+00
7.319367349127221090e+00
7.295538844571349379e+00
7.231931846242193096e+00
7.223441420003587687e+00
7.177156291413810507e+00
7.168986589958382893e+00
7.143670703232451125e+00
7.100907202610812874e+00
7.096354365498155126e+00
7.063732369412782042e+00
7.005389449032858984e+00
6.979840752967222173e+00
6.960072984057823930e+00
6.935184282352616414e+00
6.922547295462285533e+00
6.911566944119378775e+00
6.893792439502626657e+00
6.850950607931849845e+00
6.821408247503589983e+00
6.810566809431431778e+00
6.750875706441821222e+00
6.745045679128271132e+00
6.729673461005491575e+00
6.711114013469749118e+00
6.682049061616037733e+00
6.657041089585122862e+00
6.635879603452151443e+00
6.610046138728538523e+00
6.609372886486411858e+00
6.571424780033059854e+00
6.536021975998519196e+00
6.500186774463702299e+00
6.495697808664838035e+00
6.465111603486884739e+00
6.459723108745573761e+00
6.406107046626527968e+00
6.390855831544957510e+00
6.360488015436667197e+00
6.325769615868268581e+00
6.308344463554210080e+00
6.295279661549054495e+00
6.271290004228875503e+00
6.242044812162911960e+00
6.196373279506026677e+00
6.185005523702548302e+00
6.174149588732805505e+00
6.170195103802322834e+00
6.146099825475296541e+00
6.142366356627178448e+00
6.106613333950940969e+00
6.101490028304431767e+00
6.081941433958380827e+00
6.067956068037369199e+00
6.039984701704327996e+00
6.026076108704211620e+00
5.992193110011410973e+00
5.980636900198780026e+00
5.951167576948566129e+00
5.948484083086438723e+00
5.917378487478734961e+00
5.879721250275468769e+00
5.852148593249235198e+00
5.822897708380152082e+00
5.781375887477357978e+00
5.777971294352338028e+00
5.772534736228469576e+00
5.759662333597058925e+00
5.753250125807790383e+00
5.707311993417867768e+00
5.685911830619197360e+00
5.671665452995019230e+00
5.646846588277482759e+00
5.627694839133104310e+00
5.611137162555483116e+00
5.597124595637588129e+00
5.563445053337020774e+00
5.562728724920904533e+00
5.532432728044367032e+00
5.518893727123359128e+00
5.497225698410589168e+00
5.427392462416269048e+00
5.411683125994348309e+00
5.395114971770743395e+00
5.361859764474820267e+00
5.330979923576140145e+00
5.327923110992089484e+00
5.290416223065803614e+00
5.266166770446602641e+00
5.246309323848568518e+00
5.214496185881974277e+00
5.186406933866198443e+00
5.182689961493203157e+00
5.177257354168968817e+00
5.171966374661730370e+00
5.146395380489916960e+00
5.137096536200089325e+00
5.118495251760529108e+00
5.101781034843893003e+00
5.070931914627276882e+00
5.066161303963668594e+00
5.065970036173861324e+00
5.024627778472580353e+00
5.023117801474950461e+00
4.985883310474140906e+00
4.975193703148848456e+00
4.954590686683950196e+00
4.924481462786007846e+00
4.899264563313590060e+00
4.870206958232457417e+00
4.856031193242681177e+00
4.844280129358158327e+00
4.831257957138810788e+00
4.808917626608246287e+00
4.793352881984030311e+00
4.784732107673772994e+00
4.758711287953205193e+00
4.723669369588611389e+00
4.695504768128396123e+00
4.684089969300188727e+00
4.670087104819843127e+00
4.663069906987137081e+00
4.635133999647552017e+00
4.619034068605139431e+00
4.604933617652570810e+00
4.596887277851679166e+00
4.568324335046715312e+00
4.534617339620313992e+00
4.517910438080623869e+00
4.501251064553088987e+00
4.488508806721783095e+00
4.485516012645912376e+00
4.481397760656662399e+00
4.466847357234578375e+00
4.441841184349640592e+00
4.430041995273666267e+00
4.379286527619432157e+00
4.377957401192545284e+00
4.359184841670025179e+00
4.332609947757081414e+00
4.331452175730515108e+00
4.316499548643975892e+00
4.308613649997413475e+00
4.283675117597929294e+00
4.271861859001340633e+00
4.254900468665199220e+00
4.253013144594344652e+00
4.208793779144593294e+00
4.207775035625929583e+00
4.195835530591134344e+00
4.168234528162531483e+00
4.164266996590717085e+00
4.148588248029314585e+00
4.127220565498621596e+00
4.086965132575036463e+00
4.078066549676492514e+00
4.057788066484063982e+00
4.052137554291117993e+00
4.032936461156412911e+00
4.015950549028006300e+00
3.997423581801387460e+00
3.970711650390021941e+00
3.966462803895481670e+00
3.944696343637796865e+00
3.939654517839640935e+00
3.922165875158264203e+00
3.914881638899936789e+00
3.891024773056523500e+00
3.890136240621346886e+00
3.875097698702230087e+00
3.863501358538899311e+00
3.858377316196181628e+00
3.845190387737240645e+00
3.829402449584214274e+00
3.804740030170330467e+00
3.791275523490185151e+00
3.787082438609666202e+00
3.779284915520921828e+00
3.744017670655929386e+00
3.742656874751490115e+00
3.728532782795418665e+00
3.711512997925761947e+00
3.696817798138614997e+00
3.671947236763286160e+00
3.659081384874270704e+00
3.651866701258071668e+00
3.650909832159667356e+00
3.625647286529526614e+00
3.610672377110274667e+00
3.605998247809367285e+00
3.574420764276995843e+00
3.573842075512774219e+00
3.570351613583675920e+00
3.559610283180060453e+00
3.515512135210886679e+00
3.505217537697493668e+00
3.493139245264538673e+00
3.486090902709487516e+00
3.470836977530718848e+00
3.447148713190084202e+00
3.442590221113806415e+00
3.434100457485189217e+00
3.425061846465016657e+00
3.404269419810319608e+00
3.391815430251427177e+00
3.372680158440521048e+00
3.362410497477966942e+00
3.338159124934760857e+00
3.334789803903565275e+00
3.333154032945750078e+00
3.323781707404421581e+00
3.311046074442391962e+00
3.280745670786805679e+00
3.265972543467945854e+00
3.262100698886558181e+00
3.249362888381273962e+00
3.242330707067766493e+00
3.235833812990239089e+00
3.210920109061777605e+00
3.203155865730129115e+00
3.185358303260860335e+00
3.159269084183525589e+00
3.148151387611950458e+00
3.137526611981188207e+00
3.129791238300954959e+00
3.126787794221535410e+00
3.107475509956919790e+00
3.086516450914689180e+00
3.085924598359043980e+00
3.063323688070874073e+00
3.052703667149682332e+00
3.044226302271981766e+00
3.036991518181476390e+00
3.032780847763535625e+00
3.006978451456211676e+00
2.997012288276811542e+00
2.981084313097453364e+00
2.976100826386868903e+00
2.966552011637735742e+00
2.966178451707408126e+00
2.944045306846921672e+00
2.923926842958544992e+00
2.907275268520553624e+00
2.897745994532588298e+00
2.874695503121744267e+00
2.843477658789959506e+00
2.837081046673921580e+00
2.830006598743752821e+00
2.820913657599000590e+00
2.819571079833013361e+00
2.813308042655383368e+00
2.803084462202630522e+00
2.798678505891068369e+00
2.778787986671895194e+00
2.761210103109212444e+00
2.741080403499172924e+00
2.728313298549978949e+00
2.725971355596909174e+00
2.719952638298308134e+00
2.712733904709125898e+00
2.699580449421385975e+00
2.680795325007973684e+00
2.667467863910298220e+00
2.647227488993433742e+00
2.636964207401131688e+00
2.631501490808678234e+00
2.631038939528948628e+00
2.597019332466220742e+00
2.596263614645212936e+00
2.587953217534135764e+00
2.584582945588139058e+00
2.573759360895015114e+00
2.560614719153852192e+00
2.545629014209434882e+00
2.542010418426218443e+00
2.535482826232104081e+00
2.515352737927432081e+00
2.508852664072230620e+00
2.504288844749983145e+00
2.493501275723192023e+00
2.481545531951852457e+00
2.472882793861787665e+00
2.457365427475052044e+00
2.451305807455735675e+00
2.429287847532333178e+00
2.416703527883546698e+00
2.408760888831201985e+00
2.392280060062624614e+00
2.381865494042927356e+00
2.373961542797294211e+00
2.365441082642664838e+00
2.364807924656974425e+00
2.343824692122298270e+00
2.334603820959179288e+00
2.315818704742798495e+00
2.313790326638606398e+00
2.299038597325043121e+00
2.293355941537416509e+00
2.287356675271947637e+00
2.278347666581728603e+00
2.274418767933078289e+00
2.248219528308225801e+00
2.246772334109041758e+00
2.230277023614037901e+00
2.227292451447420607e+00
2.221426823343280343e+00
2.218862961492258368e+00
2.205927368102703845e+00
2.185085847818080129e+00
2.183272886504362909e+00
2.164350961823371389e+00
2.160415139221573355e+00
2.156477047242026934e+00
2.150441580225025628e+00
2.141091140076334387e+00
2.140743002833387365e+00
2.137854793279371446e+00
2.106157456677577589e+00
2.101895738444063966e+00
2.089480235962712928e+00
2.076792384007009051e+00
2.075494805297413592e+00
2.064288957231157351e+00
2.050853950025468997e+00
2.035818587333970253e+00
2.030260790860848097e+00
2.026739620587219459e+00
2.015634287367807698e+00
2.007562564099580893e+00
1.988953853825378815e+00
1.986414275464752466e+00
1.972696167717608917e+00
1.962150759962692392e+00
1.955015332621331092e+00
1.950235626186436200e+00
1.942024700218433431e+00
1.934258148340739059e+00
1.918750873728585216e+00
1.914277366275793257e+00
1.904827044571319572e+00
1.887285012451705990e+00
1.885865320274395796e+00
1.883815419368089161e+00
1.877359329543431432e+00
1.858463058411424562e+00
1.853901089031551042e+00
1.838681789801506872e+00
1.826157152583868015e+00
1.825288230377180687e+00
1.810480426965777712e+00
1.803029681498353076e+00
1.792154738859820462e+00
1.787070156385503372e+00
1.776674787735914585e+00
1.771467262483414906e+00
1.759858475374904696e+00
1.755719372977676773e+00
1.742751707404237127e+00
1.739540793684765774e+00
1.733024119063332869e+00
1.726810885740065249e+00
1.712577239385939754e+00
1.709649832635387723e+00
1.706184368037054533e+00
1.687202082320812035e+00
1.682053868606997904e+00
1.676156516295769894e+00
1.658381793306006102e+00
1.653395831424909757e+00
1.652713699266716851e+00
1.636242850150980921e+00
1.628331959087989222e+00
1.612476541058280421e+00
1.607011664866426104e+00
1.597574221067725064e+00
1.592830008018876420e+00
1.581728423168196729e+00
1.574849785717394202e+00
1.566490473561509056e+00
1.551968269972885839e+00
1.550849864767538833e+00
1.537919490055391414e+00
1.532531415703997313e+00
1.526509781511724340e+00
1.523956599436491866e+00
1.505541730338067596e+00
1.495583127925206313e+00
1.487193223509651663e+00
1.487074079887876543e+00
1.477057442719425406e+00
1.471349565736051579e+00
1.463828019335948749e+00
1.458505968304771194e+00
1.453948342871936195e+00
1.452179469195950867e+00
1.449280806000976751e+00
1.443790007519458296e+00
1.432172219187142437e+00
1.409166751161087694e+00
1.402850139698567311e+00
1.395862713296148749e+00
1.392118262363728709e+00
1.390639504169879581e+00
1.375655211029925606e+00
1.369949800203702939e+00
1.366025519002209698e+00
1.352539696003215886e+00
1.351651948654111868e+00
1.346019488732056235e+00
1.338747376214436624e+00
1.334094520465644029e+00
1.325298471959583058e+00
1.306580510370566328e+00
1.297955832400319309e+00
1.293476586377475757e+00
1.290066090434529134e+00
1.280758652757275406e+00
1.278129172805964053e+00
1.260397142435275786e+00
1.252896171249679114e+00
1.237661717953860485e+00
1.237179039424315841e+00
1.231946599171699575e+00
1.228484279798437662e+00
1.216851459455211781e+00
1.213505976575567358e+00
1.205852727120905188e+00
1.197690341612821729e+00
1.194853612360170292e+00
1.183069991789081898e+00
1.178606849841681736e+00
1.169777525891891212e+00
1.155025300022493040e+00
1.151607291350751794e+00
1.144911684250538686e+00
1.131683892518854151e+00
1.131631750033176731e+00
1.124154244621644816e+00
1.122630889406901034e+00
1.120740685642462653e+00
1.116781408775116891e+00
1.113185008595959591e+00
1.095477587507558193e+00
1.093207179180560429e+00
1.082456070247947544e+00
1.081339510648221980e+00
1.070337893523143791e+00
1.064509155727264789e+00
1.064294414668769173e+00
1.060234279275825919e+00
1.052908845941095128e+00
1.038326218010813706e+00
1.036235232030949582e+00
1.025533658951920168e+00
1.025281957888841244e+00
1.016730368689230390e+00
1.013225636551656317e+00
1.011133276229989608e+00
1.009179500438029287e+00
1.000466302486798131e+00
1.000000000000001110e+00
1.000000000000000666e+00
1.000000000000000444e+00
1.000000000000000222e+00
1.000000000000000222e+00
1.000000000000000222e+00
1.000000000000000222e+00
9.999999999999986677e-01
9.900107660615863336e-01
9.856626469024851733e-01
9.834374420446411191e-01
9.811290124057071571e-01
9.738190688657692995e-01
9.585251023519223423e-01
9.536890782613008932e-01
9.513157178650410994e-01
9.453068863511572273e-01
9.295250105901666782e-01
9.286267412163751178e-01
9.216424347230384173e-01
9.196390431572427637e-01
9.130820972856614759e-01
9.034020504855927447e-01
8.990379300961378606e-01
8.962599713030346971e-01
8.915194141471270983e-01
8.850694119534245896e-01
8.836566151230884625e-01
8.813020389212360417e-01
8.695608612219304367e-01
8.649208495465889879e-01
8.628688623469225050e-01
8.451373063899531024e-01
8.446236454928462978e-01
8.329814025312011205e-01
8.320761290339108163e-01
8.159428788175723257e-01
8.155881652391822056e-01
8.060445584118047790e-01
8.022488155952902655e-01
7.994423963368453290e-01
7.987474624035655335e-01
7.953808390419589980e-01
7.904465233420373549e-01
7.690984315782420921e-01
7.659562158903882034e-01
7.544937513031754195e-01
7.526361422293665893e-01
7.510458374782436053e-01
7.457184220618963133e-01
7.414210007235757516e-01
7.231131911239475629e-01
7.204631133210011029e-01
7.194617075026465969e-01
7.162057061488450449e-01
7.086253707282605951e-01
7.058442805044531365e-01
7.017405663443443409e-01
6.915515617804612880e-01
6.878745057907871274e-01
6.757190266888918329e-01
6.718964418234421032e-01
6.647549260803555793e-01
6.570241285617755000e-01
6.540339904565579676e-01
6.532159397572988579e-01
6.397839910790091844e-01
6.366587469674117594e-01
6.342777982632225031e-01
6.335282546927250014e-01
6.177931926335844537e-01
6.149272651959315494e-01
6.061131703218310962e-01
6.028348655320039384e-01
5.924527715941392270e-01
5.893976596677884539e-01
5.834816091937445881e-01
5.772559085235566823e-01
5.745639009020975241e-01
5.723382936535141852e-01
5.706260700733696289e-01
5.621379851389946003e-01
5.441611669095131054e-01
5.439505654307582594e-01
5.363515843867715516e-01
5.353845793888653004e-01
5.264398847746667442e-01
5.260415233893762643e-01
5.199854469282731984e-01
5.170094008697720955e-01
5.110052401576692382e-01
5.047969005855931224e-01
5.026180810830901402e-01
4.960138467800195849e-01
4.865202225681248827e-01
4.819999534136182873e-01
4.714323805741318374e-01
4.686339588543179668e-01
4.647063101361654791e-01
4.569246002260544115e-01
4.511730091020778044e-01
4.506081661258902749e-01
4.494925271531156619e-01
4.446206160148976627e-01
4.443154106545204596e-01
4.350810725544688173e-01
4.345470787971174031e-01
4.255371388438228819e-01
4.220572194928766119e-01
4.191479793011131383e-01
4.170811579124165669e-01
4.123475646378351178e-01
4.049668233086001212e-01
4.021240292209404266e-01
4.015948792384166355e-01
3.915404040376720407e-01
3.889678212014536229e-01
3.872298336703708377e-01
3.774890823743516366e-01
3.761653334980484265e-01
3.745571155412825148e-01
3.694561133460487201e-01
3.663605900682395111e-01
3.552590520711872979e-01
3.516003999858409723e-01
3.463593685655694254e-01
3.455953908954144116e-01
3.437264380395906871e-01
3.338155366593746898e-01
3.288413630479971039e-01
3.256571103755498409e-01
3.180068378568846055e-01
3.094639207997026964e-01
3.057527284034736170e-01
2.978003650088992260e-01
2.967316330877938224e-01
2.939962193663503975e-01
2.894727974408346505e-01
2.866007483885427143e-01
2.793353020819521193e-01
2.757345856377666493e-01
2.747822831007556976e-01
2.607324405214001550e-01
2.589666933079127764e-01
2.566352974402766884e-01
2.530318893363776578e-01
2.507028252655761347e-01
2.444447773635572141e-01
2.394856632713904809e-01
2.373111207130755851e-01
2.332607120436816506e-01
2.268923615285512729e-01
2.243865176866556843e-01
2.181178268330097592e-01
2.158208562344915149e-01
2.134359477671614880e-01
2.022092007390729196e-01
2.020659774303544265e-01
2.016017106046581187e-01
1.935992083153260934e-01
1.890278988097908730e-01
1.878210339294028863e-01
1.847008676969567331e-01
1.802978623710160266e-01
1.794872852093563065e-01
1.721019047807483549e-01
1.703787084040073174e-01
1.682131033326540737e-01
1.671950098284403496e-01
1.629781800298671368e-01
1.543097855873475088e-01
1.507294013155955903e-01
1.499180456825840724e-01
1.461079291072211461e-01
1.406352962162737141e-01
1.392758592228783010e-01
1.305684855302372827e-01
1.283943252831495074e-01
1.275423964030428514e-01
1.248407295912094678e-01
1.204793575186843130e-01
1.184914868853915310e-01
1.164639812704887367e-01
1.151008390907333062e-01
1.095860853371800059e-01
1.095626019918156807e-01
1.032498818945103980e-01
9.781572586283046600e-02
9.682358379213001909e-02
9.506759952983565021e-02
9.154656026060691010e-02
8.865232122389726799e-02
8.803665801832256943e-02
8.311769726409187764e-02
8.285094072466619997e-02
7.792647588197688935e-02
7.505745129686661188e-02
7.353174885422888996e-02
7.250357935103506068e-02
6.839324982176993306e-02
6.230517912583746765e-02
6.210954097781706124e-02
6.045186579994926007e-02
5.711463618378123663e-02
5.665901336892938123e-02
5.167363309952176242e-02
4.901488423488162965e-02
4.846126786142206794e-02
4.706782514718116373e-02
4.462700961604460642e-02
4.075307033651422162e-02
3.825877063168399428e-02
3.615947457214310073e-02
3.242495121228473193e-02
3.090620841625109708e-02
2.964460106065440123e-02
2.554623416909119690e-02
2.400140566844949017e-02
2.197267642880433580e-02
2.093951452196819718e-02
1.913102877606442931e-02
1.817166546496603100e-02
1.687596934163622386e-02
1.310103282938226803e-02
1.275691325407798254e-02
9.124525138210076713e-03
8.429445974819971960e-03
8.111628525166390477e-03
7.869989378436503466e-03
4.015632652930971325e-03
2.985285136942954221e-03
2.804383388084471379e-03
7.497491718283947953e-04
