# Singular values
9.234588576077074151e+01
5.265959707763400388e+01
3.250649892143894704e+01
2.290661170645721256e+01
1.972657447236339223e+01
1.578608982348909962e+01
1.439936539356038914e+01
1.410525397170219364e+01
1.307519261314065417e+01
1.262095712916778645e+01
1.251684449522583442e+01
1.181592550838979960e+01
1.178435030651905358e+01
1.099680906943038394e+01
1.096605794359224006e+01
1.065991413141235178e+01
1.042715060514248826e+01
1.031148568458952397e+01
1.015445593944686564e+01
1.007567057784486408e+01
9.877881332171085660e+00
9.865141165293389136e+00
9.788498324401999184e+00
9.639254395202357273e+00
9.586824193853614062e+00
9.500663108952641878e+00
9.395051318234676430e+00
9.261063927981869170e+00
9.180141496970806614e+00
9.131335509181747412e+00
8.960385189396475880e+00
8.863178627888078864e+00
8.801873481325396043e+00
8.627265226827738331e+00
8.599116172766880339e+00
8.486366739413034210e+00
8.479452943996273362e+00
8.356435997022034101e+00
8.304746698540435901e+00
8.242191083734018875e+00
8.231911318870873018e+00
8.131598951505992545e+00
8.061570793140800717e+00
8.032176330015586174e+00
7.889512180180298095e+00
7.787534475257661626e+00
7.724447436240181375e+00
7.658952168070586985e+00
7.649686973143131397e+00
7.586085523458143243e+00
7.561525503655816216e+00
7.464190475880558395e+00
7.405763476138177204e+00
7.293846683190464475e+00
7.252718512371701287e+00
7.130822697650407882e+00
7.073409962233946580e+00
7.062206354242751338e+00
7.044549688291654732e+00
6.959589376205952860e+00
6.957660009109334354e+00
6.931525188901691337e+00
6.891433388578396269e+00
6.814271580799673877e+00
6.750474944167603297e+00
6.701954522322771446e+00
6.699063922317294306e+00
6.559267097070380359e+00
6.537795553125061332e+00
6.509179499043976413e+00
6.440347157936152200e+00
6.429250355632242453e+00
6.362461490975044320e+00
6.273297341257984883e+00
6.218186970780115175e+00
6.174301932053727349e+00
6.165777661167264334e+00
6.139312735484455885e+00
6.084888233805711089e+00
6.004316278988964584e+00
5.990406537285214661e+00
5.955963668419665069e+00
5.887882154115981592e+00
5.867832539338949438e+00
5.845531263429021962e+00
5.779870294104330064e+00
5.711028868331406549e+00
5.705360675611218291e+00
5.655299582952934223e+00
5.620191802245994239e+00
5.564370706796106347e+00
5.479651947128213685e+00
5.457035633762554738e+00
5.448211573173466604e+00
5.419666006512562362e+00
5.349325412366595422e+00
5.338890899714901828e+00
5.329758947802353042e+00
5.308733691928437359e+00
5.254603605828707558e+00
5.172431260064842995e+00
5.126213913520651033e+00
5.121197390687553863e+00
5.058587808130775798e+00
5.007682013502717133e+00
5.007634965833213769e+00
4.954828438155556292e+00
4.931605390548206458e+00
4.860184585965863668e+00
4.854696246983131402e+00
4.808115880958528265e+00
4.792187836853315730e+00
4.766653348636054943e+00
4.692610689814507907e+00
4.668027466001831272e+00
4.640353568568182929e+00
4.614309569615371309e+00
4.586825484215019344e+00
4.543040019389199990e+00
4.469431669354509751e+00
4.460494357524708242e+00
4.395848837371976181e+00
4.394841943841082177e+00
4.352209227843523820e+00
4.328126636118941661e+00
4.316326810815547255e+00
4.268764728528918972e+00
4.245431121417018616e+00
4.223012083535369499e+00
4.200871114765277525e+00
4.147271501337220556e+00
4.109946124489650465e+00
4.073510221904594886e+00
4.065089144699931545e+00
4.061028693744833440e+00
3.982263420661113607e+00
3.956444816496770489e+00
3.919816174106830253e+00
3.917464016696915241e+00
3.879344568815280780e+00
3.830275119791205274e+00
3.829664425047070608e+00
3.764661959797376944e+00
3.713380790780731466e+00
3.659705821149259464e+00
3.637058953357318547e+00
3.606715754168224208e+00
3.585923549290207735e+00
3.544384686159441689e+00
3.537145985863441755e+00
3.515621796729500037e+00
3.509762885289483325e+00
3.497536989356961445e+00
3.441417010077517435e+00
3.387450104623788150e+00
3.377574859375818139e+00
3.344233773493335615e+00
3.314356790076585568e+00
3.279836689392674920e+00
3.246101991300633482e+00
3.239249829223529442e+00
3.229134877429815642e+00
3.167994906768307306e+00
3.159126603002087030e+00
3.136788999856029658e+00
3.111564745431163903e+00
3.035047512269186676e+00
3.032728396529843717e+00
3.003907673816897272e+00
2.965066302953791144e+00
2.888288357410781160e+00
2.878076864182566919e+00
2.832026084772898411e+00
2.828636374317437419e+00
2.808212946292453882e+00
2.786078122862464923e+00
2.780561579650200343e+00
2.768729553620378869e+00
2.717574120748195821e+00
2.715051010887853167e+00
2.684455305375087697e+00
2.674176315305506701e+00
2.639745675611312237e+00
2.623073632989048054e+00
2.570012200230763266e+00
2.520907312110901799e+00
2.491079221818645273e+00
2.478735235123326497e+00
2.439074876219750276e+00
2.393032827958446074e+00
2.384410633129053103e+00
2.379186151337965072e+00
2.352105191468552903e+00
2.324790748313831479e+00
2.269133717397891825e+00
2.256273375749560550e+00
2.246314551676906746e+00
2.231711168063405637e+00
2.222910729770883886e+00
2.172995828955667896e+00
2.165498726090850923e+00
2.139513233225498912e+00
2.106292314119802445e+00
2.070657600406788479e+00
2.068527246932772012e+00
2.045163699875991004e+00
2.023495001923544034e+00
1.969840435733468453e+00
1.966412136692674562e+00
1.944764091838062203e+00
1.931142583317497996e+00
1.908306701428302166e+00
1.891406495361611872e+00
1.862040132339218390e+00
1.845036594270461405e+00
1.830065142235760556e+00
1.809415119879570710e+00
1.785278321368480858e+00
1.767968405711266566e+00
1.751468477670044210e+00
1.748418747719600708e+00
1.698741542965007900e+00
1.675231417483588503e+00
1.636757183617095768e+00
1.614684602447476580e+00
1.611219245331917849e+00
1.607911424021370328e+00
1.598039128364894701e+00
1.569537722007317671e+00
1.560903090974644858e+00
1.528089726404205706e+00
1.512537713433182773e+00
1.494905661423023169e+00
1.478593769909992250e+00
1.453217792427423882e+00
1.450928328214023733e+00
1.417824981327862943e+00
1.372152617559488030e+00
1.370625297406443455e+00
1.357306055165722780e+00
1.317560896768635414e+00
1.315548132686426008e+00
1.308009868204418336e+00
1.251996716692099776e+00
1.245800238437303697e+00
1.225750663343567748e+00
1.214522236368219765e+00
1.200940573668187961e+00
1.175790079105773156e+00
1.147450315152418243e+00
1.127055139516629056e+00
1.121711906393907610e+00
1.089329506786849810e+00
1.056985721555451896e+00
1.056295104899886095e+00
1.039710453362769682e+00
1.033540079672220058e+00
1.025523924839300882e+00
1.016804202912241051e+00
1.000000000000001110e+00
9.906899191511950864e-01
9.524758275773008709e-01
9.515638216067099364e-01
9.257368285366062155e-01
9.148832621056302017e-01
8.797354511066419747e-01
8.743910243554827710e-01
8.566011058759207542e-01
8.506003380611221187e-01
8.395154180854829118e-01
8.317436369340294178e-01
7.947544124270846666e-01
7.915502302389357814e-01
7.789222748595504564e-01
7.576556340025555336e-01
7.522653036958514283e-01
7.161955642541765199e-01
7.032683335843166184e-01
6.993571274795253867e-01
6.602862954887662728e-01
6.529388060080800749e-01
6.433059684509679910e-01
6.372682565119689446e-01
6.300874277528322187e-01
6.064263543591108530e-01
6.054513310730598175e-01
5.943265479442186860e-01
5.703422598965022239e-01
5.606679871245976443e-01
5.516947366558829779e-01
5.220105465215300056e-01
5.082209997526730971e-01
4.909238540506170034e-01
4.806423257648039238e-01
4.785302423288637086e-01
4.488792416483170511e-01
4.484405082446812352e-01
4.160800853592326320e-01
4.123502645470106254e-01
3.881416573128222414e-01
3.719142481193759564e-01
3.534192313101175986e-01
3.530808819689838507e-01
3.324698524974168956e-01
3.223137389457489399e-01
3.138710055339841709e-01
2.939562852803572213e-01
2.828983666607153835e-01
2.800841305969923312e-01
2.681290273628356147e-01
2.519329691564441420e-01
2.432957547870100712e-01
2.309491640663917655e-01
2.229061349896221123e-01
2.130135658330692683e-01
2.103966058106004622e-01
1.770787411045212645e-01
1.747819025521994973e-01
1.478108563305003953e-01
1.310734216076187009e-01
1.298544531412625658e-01
1.180414620356561445e-01
1.154884469878179332e-01
1.046101734842388858e-01
9.833935375295495274e-02
9.547002675170948582e-02
8.972665731986749493e-02
7.833251477051599021e-02
5.986590022168680747e-02
5.768280809723493746e-02
4.922734759122095877e-02
4.607215315640294379e-02
4.284612736052098581e-02
2.944058095198249028e-02
2.624881396659401595e-02
2.355693458622639888e-02
1.423019802412742348e-02
5.443719204111856398e-03
