# Singular values
4.010440282539719625e+00
3.919998989477108342e+00
3.776115082478574969e+00
3.764841215282062947e+00
3.624851431321512329e+00
3.584115140078140360e+00
3.493612512523140534e+00
3.484050756554396777e+00
3.474703199898822259e+00
3.450571380193718340e+00
3.443437282014898404e+00
3.418100106274494454e+00
3.408484322238790387e+00
3.402537781359365798e+00
3.384852635524129738e+00
3.368536157528242647e+00
3.331300949432762337e+00
3.326211373225895773e+00
3.282888523552718318e+00
3.269006869013382222e+00
3.235979004353720878e+00
3.205176843178640045e+00
3.181687997928495548e+00
3.174741904697211403e+00
3.165910326972102062e+00
3.145683741113244558e+00
3.142895355183591644e+00
3.123084362902483146e+00
3.089723610305717294e+00
3.078930822333262096e+00
3.074252383357044760e+00
3.064525117251323927e+00
3.027923247087513037e+00
3.022361616728115763e+00
3.009667301047341592e+00
2.966935390898549851e+00
2.965777419509184387e+00
2.964853699898707617e+00
2.927158915829717323e+00
2.914478214840478199e+00
2.903371513488665290e+00
2.901574018379953213e+00
2.884497441845912391e+00
2.851841822784573655e+00
2.849525401774018807e+00
2.840966565783491493e+00
2.832660446877600435e+00
2.830441041335447938e+00
2.815107402184950480e+00
2.812892745556551777e+00
2.811369163813506322e+00
2.782585574306586373e+00
2.772057088336617792e+00
2.764039895552962367e+00
2.760675709865204830e+00
2.743796370828844200e+00
2.730703661073539568e+00
2.728647772885239853e+00
2.727460594004039507e+00
2.714964603221540873e+00
2.708690635020473358e+00
2.707975440925574073e+00
2.699447472653904612e+00
2.687161185081427206e+00
2.671801912588797734e+00
2.668082513597042738e+00
2.665189996353830360e+00
2.661256769721280779e+00
2.649602948061654306e+00
2.634336578349640856e+00
2.631914117988748192e+00
2.626549722617351090e+00
2.620452621613463151e+00
2.619949546070927227e+00
2.616813982938853922e+00
2.615125914480175062e+00
2.614091646323801310e+00
2.609184256847743022e+00
2.608660628612959886e+00
2.606819827927189248e+00
2.605798933787521587e+00
2.601468886855519802e+00
2.599103982240867250e+00
2.595284737650432660e+00
2.592783213953407273e+00
2.573223077391722846e+00
2.569442511864007628e+00
2.550766075425615398e+00
2.546410716675088004e+00
2.531535443741256941e+00
2.531344688687692912e+00
2.523655213166791089e+00
2.520384378090720023e+00
2.512841210836603612e+00
2.504960018370734787e+00
2.497317040898535900e+00
2.495651188712487922e+00
2.490752460915091948e+00
2.485453145944065856e+00
2.483795353253186011e+00
2.475496187984307372e+00
2.473269760097125847e+00
2.466817381801411191e+00
2.462504495885736056e+00
2.459907717380569458e+00
2.456143795045345968e+00
2.454308659626389222e+00
2.449212777919949957e+00
2.446360275177164478e+00
2.443538765968630511e+00
2.440611713687141471e+00
2.440007321626930459e+00
2.438538629051627105e+00
2.431792820202699268e+00
2.429114321754817230e+00
2.426169574904926129e+00
2.425162292318953305e+00
2.410638062545741533e+00
2.408733288842065612e+00
2.400445276019870011e+00
2.397472189166903078e+00
2.394865335310160326e+00
2.390978374447760846e+00
2.384171252866299717e+00
2.380637465615993875e+00
2.371722421115071811e+00
2.362841623032841287e+00
2.356206031998855366e+00
2.353750499769853288e+00
2.351986897206053140e+00
2.351747366214825607e+00
2.349550765386323903e+00
2.342767970347968465e+00
2.342145219306720705e+00
2.340609631968809445e+00
2.317317615715813961e+00
2.310739002826751598e+00
2.308650239715550612e+00
2.308146108941811825e+00
2.307639534621524380e+00
2.305794317026875540e+00
2.301645522372799402e+00
2.292859964563064068e+00
2.292761131192073254e+00
2.291715112794453280e+00
2.289666947995808943e+00
2.287259894447323472e+00
2.278312893092955260e+00
2.274940327940832674e+00
2.274648473538288140e+00
2.272652630778152716e+00
2.262588352284736537e+00
2.259320836577266345e+00
2.252501656600976787e+00
2.252311972085203617e+00
2.243324948725568202e+00
2.240819598846504945e+00
2.238710279651595858e+00
2.238372103785058798e+00
2.234812936123567351e+00
2.233302226884928299e+00
2.231740283212452436e+00
2.227397297018961719e+00
2.225991599206322391e+00
2.219574086870842233e+00
2.216214362524641324e+00
2.215285852964706592e+00
2.213804455235829582e+00
2.210288456099374965e+00
2.209154205479954669e+00
2.205583488483241261e+00
2.205444601426453488e+00
2.203269290009642667e+00
2.199629958497657078e+00
2.193087136151395278e+00
2.190094044757044056e+00
2.187865440784372950e+00
2.182352439883728845e+00
2.181573775517898550e+00
2.175320381513018653e+00
2.173564354382169661e+00
2.167636585795253978e+00
2.167027551314954170e+00
2.164878615943116813e+00
2.164263056452087053e+00
2.159584950608756770e+00
2.156672475748036888e+00
2.154341309122882908e+00
2.154341309122882464e+00
2.153053828553952442e+00
2.151233290075144300e+00
2.146698628821596344e+00
2.144707699805130652e+00
2.142692489479507856e+00
2.140282919121351046e+00
2.135921795437535575e+00
2.135779205069856079e+00
2.135779205069855191e+00
2.128035758664572619e+00
2.123894884179944320e+00
2.121023512001249944e+00
2.118191467065495548e+00
2.114853542664584474e+00
2.112517461286161691e+00
2.108382407530152935e+00
2.105989053453485305e+00
2.104020344909625528e+00
2.097995359189935627e+00
2.097599220340200965e+00
2.093784476680779605e+00
2.092708444643665455e+00
2.090888955429017759e+00
2.089103169990047082e+00
2.077009159629176871e+00
2.075083669899114192e+00
2.071934963217172410e+00
2.067302619464806757e+00
2.063711186014758336e+00
2.063688632269152556e+00
2.061974606261402165e+00
2.058104816468630638e+00
2.054460045246294886e+00
2.053112447606980417e+00
2.049586377484097888e+00
2.047519313150307774e+00
2.046742308507717212e+00
2.044808300421161462e+00
2.044147135244622326e+00
2.042035665267020406e+00
2.041095606271382312e+00
2.037603959794646258e+00
2.037097289980929649e+00
2.035317335035859987e+00
2.030137080054434939e+00
2.024746249997283698e+00
2.022861524667009192e+00
2.018431867086257991e+00
2.017253053130233731e+00
2.016726200229673527e+00
2.012179468762717249e+00
2.010232409239250284e+00
2.010114507592727140e+00
2.009820516818571878e+00
2.000614723372473147e+00
1.999999999999997780e+00
1.999999999999995781e+00
1.999348624960625820e+00
1.998444208294561264e+00
1.996440515683594930e+00
1.995154673107310428e+00
1.994358456697142845e+00
1.991637388292020860e+00
1.991579680534144803e+00
1.980024006685525029e+00
1.978324683255864969e+00
1.976483410103247795e+00
1.974021268089333203e+00
1.969766428139507086e+00
1.965724635945791832e+00
1.962978694221010567e+00
1.962262722837214923e+00
1.961081084759142446e+00
1.959047914229616438e+00
1.957982027175444228e+00
1.950992618522763067e+00
1.947730612159498165e+00
1.946530421340057382e+00
1.942168290144046017e+00
1.941259781253479311e+00
1.939878486070257591e+00
1.938320123604862610e+00
1.935683938717015495e+00
1.934725295159707592e+00
1.928327582046995170e+00
1.927291564265811052e+00
1.923584304009406942e+00
1.918985947228995403e+00
1.918985947228994959e+00
1.918468515042713651e+00
1.914335013276864617e+00
1.913400730854912801e+00
1.911196179876888390e+00
1.907119388436464558e+00
1.905901681413078252e+00
1.903033618893316348e+00
1.898075680678771970e+00
1.897149386805881299e+00
1.893520690616550262e+00
1.886794148739400434e+00
1.885892030019125531e+00
1.884495314073894923e+00
1.883627798182277546e+00
1.883005871553737887e+00
1.878056370213180060e+00
1.877018777078262701e+00
1.874726175796102901e+00
1.873750270441326471e+00
1.867189701910510591e+00
1.866864817715031544e+00
1.866490633621335382e+00
1.862295719156688234e+00
1.860425402209935575e+00
1.857784773389584032e+00
1.856399354730229545e+00
1.855115968496707346e+00
1.851780612731194431e+00
1.847759065022570368e+00
1.847759065022568814e+00
1.844048185046913035e+00
1.843679949529125839e+00
1.843473749613175228e+00
1.843441047896815954e+00
1.840837275391768779e+00
1.838829784098735320e+00
1.838356650982059248e+00
1.837046101201615711e+00
1.834962114599844263e+00
1.832576050006136326e+00
1.828431094284918679e+00
1.826656942993328814e+00
1.825547713457706500e+00
1.822905214496153503e+00
1.820375854374789437e+00
1.817759190304775396e+00
1.815376754263011039e+00
1.811271590199742043e+00
1.807756528218275260e+00
1.805115049255271664e+00
1.803992467038265879e+00
1.801470451391587124e+00
1.801361153003649518e+00
1.800276143025347775e+00
1.797012877847015355e+00
1.792386552705404146e+00
1.792117177870920841e+00
1.788481853545975442e+00
1.788281287722915724e+00
1.787394984931730990e+00
1.785395225294752031e+00
1.784904254828828751e+00
1.784871206829971690e+00
1.779819229793825119e+00
1.778009056010166899e+00
1.776042435962215782e+00
1.770635586486752233e+00
1.767005141013141101e+00
1.764906695512178603e+00
1.761873424094444252e+00
1.760898234803297324e+00
1.759883709398778695e+00
1.755496251248848116e+00
1.751397007574488240e+00
1.749995157015173053e+00
1.748710398210016281e+00
1.748584900561608535e+00
1.744119169275046399e+00
1.743820065265930142e+00
1.739424829732121980e+00
1.739164257278133396e+00
1.736955585526517076e+00
1.733066133102829198e+00
1.732821002809251887e+00
1.732305972245421488e+00
1.732050807568881412e+00
1.732050807568881412e+00
1.732050807568879636e+00
1.732050807568879192e+00
1.732050807568875861e+00
1.732050807568873640e+00
1.723049124809870047e+00
1.721857322756247921e+00
1.719187470881604840e+00
1.713869710952049097e+00
1.712211876299289282e+00
1.711069247126307591e+00
1.710375730456705323e+00
1.707163275037187011e+00
1.705781386515576425e+00
1.704221338872958347e+00
1.701724444897713573e+00
1.695047045416632203e+00
1.692573089472863224e+00
1.688578548737204477e+00
1.684635615484477489e+00
1.683229501280446572e+00
1.682507065662362411e+00
1.682507065662362189e+00
1.682324697733172059e+00
1.680778723884054582e+00
1.677752877787237251e+00
1.674765262688138634e+00
1.674452122155670963e+00
1.672038159968672222e+00
1.670118105330857361e+00
1.669491497348318143e+00
1.667014445652197807e+00
1.665295730664887452e+00
1.656417938928846922e+00
1.653412013540904502e+00
1.650414091166469532e+00
1.650376357871418564e+00
1.650376357871416788e+00
1.649954687761977512e+00
1.648965192324008955e+00
1.645610811939254958e+00
1.645012607805228066e+00
1.640741619121463879e+00
1.638399626149513510e+00
1.633894855908044175e+00
1.630751237313567525e+00
1.630193845349250159e+00
1.627470228659962714e+00
1.626478003231427882e+00
1.622829971041851671e+00
1.622236971359134028e+00
1.618832852081819373e+00
1.618159677099518579e+00
1.618033988749899343e+00
1.618033988749896901e+00
1.618033988749896457e+00
1.618033988749895347e+00
1.618033988749894458e+00
1.618033988749894458e+00
1.613360679643162543e+00
1.610943691074919970e+00
1.610085765181937800e+00
1.607721948714357918e+00
1.607364767728950428e+00
1.606599523297571386e+00
1.605560216055735179e+00
1.602313172611230740e+00
1.602111519433558229e+00
1.597809246033523589e+00
1.596776466723231591e+00
1.595802856398137681e+00
1.594814677107640133e+00
1.594173888384387672e+00
1.590557832338220789e+00
1.585819836482232459e+00
1.585409453177152317e+00
1.583746032960883454e+00
1.579137603232121823e+00
1.577557778460075832e+00
1.574279543533384729e+00
1.571212322215700619e+00
1.570572563480518768e+00
1.568468426595438725e+00
1.566355960381436985e+00
1.563920152361311766e+00
1.563682139900695933e+00
1.561802792463445000e+00
1.561778719162632001e+00
1.559057786401144563e+00
1.558050938589138346e+00
1.557504362546748622e+00
1.556733949595817457e+00
1.554744729180798091e+00
1.551402172408536950e+00
1.546805298669321260e+00
1.546771480179857772e+00
1.545751505522509284e+00
1.543830361332102274e+00
1.543531744590823207e+00
1.541916040223460405e+00
1.541742121795806275e+00
1.536031893628252432e+00
1.533978904992333359e+00
1.530308854697943755e+00
1.529935359029370723e+00
1.527527050431624067e+00
1.524797911583630317e+00
1.521804259309095020e+00
1.521573123354777568e+00
1.517308015906311258e+00
1.516329657236269224e+00
1.514220573775469036e+00
1.514118521289304686e+00
1.512008502444954106e+00
1.505906902928542790e+00
1.502447638586147605e+00
1.500678562854054876e+00
1.500505836452657782e+00
1.500241980931130925e+00
1.499061350274551785e+00
1.493122337167199332e+00
1.492390739560481183e+00
1.491560467480952834e+00
1.490689031097060857e+00
1.483748857425301049e+00
1.478082123853741825e+00
1.473126907064175484e+00
1.472945716853713893e+00
1.469340406426098422e+00
1.467613374639133994e+00
1.466885525198714957e+00
1.464264142388711276e+00
1.462209158321329916e+00
1.461760278300353377e+00
1.461614676210714947e+00
1.458871552999552623e+00
1.454565363664003463e+00
1.451511927601937701e+00
1.444384378571275773e+00
1.442329644919325693e+00
1.438264824739503789e+00
1.437147515449103130e+00
1.434183089479386108e+00
1.433659770244738452e+00
1.429323985189097757e+00
1.428802204819161537e+00
1.425302386282703893e+00
1.424812206063771347e+00
1.423645140054481173e+00
1.420279295064374114e+00
1.420121448359698890e+00
1.418462083354414593e+00
1.417296160464939225e+00
1.415369587107397242e+00
1.414213562373097588e+00
1.414213562373096256e+00
1.414213562373095590e+00
1.414213562373095590e+00
1.414213562373095590e+00
1.414213562373095145e+00
1.414213562373094701e+00
1.414213562373094257e+00
1.414213562373094257e+00
1.414213562373094035e+00
1.413502046882693097e+00
1.409169514206402685e+00
1.408182848339041060e+00
1.406168893034070333e+00
1.402503704979096932e+00
1.400394214279797156e+00
1.400103169172649320e+00
1.396852524278847651e+00
1.396778493744604832e+00
1.394861211349807117e+00
1.391613877801172405e+00
1.387266034102462520e+00
1.385174634605298882e+00
1.383054434692542412e+00
1.382332995111582363e+00
1.376945696502056116e+00
1.371517759524385260e+00
1.368837776900734271e+00
1.364176879006823162e+00
1.364062892188328213e+00
1.363922564073982935e+00
1.363171328046809627e+00
1.361287083519570507e+00
1.359094203786043620e+00
1.354540848846891743e+00
1.353924250384479500e+00
1.350352214140683405e+00
1.349621129674694053e+00
1.348516020402476867e+00
1.346397277589490571e+00
1.344192928816774435e+00
1.342098051155758309e+00
1.342058966753593152e+00
1.341344131047775834e+00
1.336641508452621308e+00
1.333703834227882634e+00
1.330891227687486911e+00
1.330828029061400741e+00
1.329142242168528831e+00
1.327265016229885797e+00
1.324150928868170540e+00
1.324022637066400998e+00
1.321859601134862894e+00
1.313930059632417269e+00
1.312548108530551261e+00
1.309721467890584190e+00
1.309721467890569757e+00
1.309521388050985502e+00
1.307721101105658867e+00
1.307280565366155667e+00
1.305907778749057169e+00
1.304617622345074057e+00
1.303622818808857442e+00
1.299017293276531149e+00
1.293012322625983757e+00
1.290771758799747371e+00
1.288573887721529365e+00
1.287880328630569782e+00
1.285415179310678058e+00
1.281970440396339450e+00
1.280722324555826797e+00
1.279582506948871323e+00
1.278951164563878029e+00
1.274390733497299033e+00
1.271126121986281055e+00
1.270294541661610932e+00
1.266690174999836271e+00
1.266044449108141512e+00
1.260603424650075466e+00
1.254761652337496924e+00
1.254335597908418531e+00
1.253171508913078602e+00
1.248391916501480292e+00
1.247124943921275486e+00
1.245634338219826498e+00
1.241267873202066774e+00
1.237759444187401137e+00
1.237736266520205408e+00
1.237131898441171662e+00
1.234768609365952896e+00
1.234186749676441597e+00
1.230574205427246381e+00
1.230299071488322626e+00
1.229042063369492954e+00
1.228326919862619881e+00
1.223766096246602597e+00
1.220297645245317808e+00
1.218963123283210326e+00
1.213587785629359761e+00
1.211598352309967375e+00
1.206043754089827225e+00
1.205174952435564828e+00
1.205152997972729789e+00
1.204000900171561694e+00
1.200950437838437690e+00
1.199499404887483855e+00
1.197839192995654667e+00
1.196938102485587851e+00
1.192944873069702760e+00
1.190693838086543943e+00
1.187764394533697976e+00
1.187764394533695755e+00
1.185861416204280872e+00
1.182772724278394527e+00
1.177782164770895701e+00
1.177685074474891902e+00
1.176022278348375139e+00
1.172795632599844540e+00
1.168996468185165449e+00
1.167481268531785910e+00
1.166561568445231734e+00
1.162410279029978843e+00
1.161736481042701996e+00
1.161368800913296973e+00
1.159249204014287882e+00
1.155932268953288267e+00
1.152555518785423505e+00
1.151219690234104087e+00
1.150537144408928514e+00
1.148742522571432723e+00
1.143845066257009213e+00
1.140357513012582036e+00
1.138203980190051423e+00
1.136575989495480554e+00
1.135840373675648607e+00
1.132687958228998371e+00
1.129776310972419706e+00
1.128097068992789609e+00
1.124695021261797878e+00
1.121838738778673461e+00
1.117882779318853936e+00
1.114331823732999549e+00
1.107463746618061240e+00
1.106637538115060604e+00
1.105811821622740831e+00
1.105298652387768366e+00
1.102393498045409537e+00
1.100048185689539659e+00
1.099287932747228691e+00
1.096780627397587304e+00
1.092424999020901177e+00
1.091091506264074917e+00
1.090857064299662227e+00
1.087009881889168472e+00
1.085688784013508101e+00
1.084897494466169121e+00
1.084317721975992743e+00
1.079468487088928397e+00
1.077193608843943107e+00
1.076336112611315121e+00
1.071087419866613377e+00
1.067554240739535310e+00
1.064345525945998183e+00
1.063800979627690380e+00
1.063187406732539753e+00
1.062191218683078642e+00
1.059316091139760108e+00
1.052842268098776346e+00
1.051397461631371044e+00
1.050381135762693319e+00
1.047624040918967436e+00
1.047383156153163908e+00
1.040371212814110713e+00
1.038528532713840935e+00
1.036181637035755498e+00
1.035304655292552223e+00
1.032445986174721275e+00
1.031964022800702985e+00
1.031253214777213767e+00
1.030844163006050307e+00
1.024957407706934776e+00
1.022900761687453919e+00
1.019354355772320808e+00
1.019145661942243875e+00
1.016948384189470866e+00
1.014946301900308878e+00
1.000255158818908363e+00
1.000000000000000888e+00
1.000000000000000666e+00
1.000000000000000444e+00
1.000000000000000444e+00
1.000000000000000444e+00
1.000000000000000444e+00
1.000000000000000444e+00
1.000000000000000444e+00
1.000000000000000222e+00
1.000000000000000222e+00
1.000000000000000222e+00
1.000000000000000222e+00
1.000000000000000222e+00
1.000000000000000222e+00
1.000000000000000222e+00
1.000000000000000222e+00
1.000000000000000000e+00
1.000000000000000000e+00
1.000000000000000000e+00
1.000000000000000000e+00
1.000000000000000000e+00
1.000000000000000000e+00
1.000000000000000000e+00
1.000000000000000000e+00
1.000000000000000000e+00
1.000000000000000000e+00
1.000000000000000000e+00
9.999999999999998890e-01
9.999999999999998890e-01
9.999999999999998890e-01
9.999999999999998890e-01
9.999999999999998890e-01
9.999999999999996669e-01
9.999999999999996669e-01
9.999999999999994449e-01
9.999999999999994449e-01
9.999999999999994449e-01
9.999999999999988898e-01
9.977801214040911137e-01
9.959459104106888061e-01
9.937850894014951253e-01
9.921676658857099262e-01
9.919536226100266196e-01
9.890975265742681932e-01
9.861994984399969910e-01
9.800406667693504215e-01
9.789584015923995519e-01
9.768351301765610950e-01
9.756932511728291235e-01
9.735292462660362078e-01
9.729898554662750332e-01
9.713356098647437653e-01
9.676645582463699879e-01
9.638825213118096258e-01
9.612939040053937179e-01
9.581169060783173430e-01
9.570759922050867674e-01
9.530339937074564505e-01
9.523213637176694002e-01
9.494136536931013781e-01
9.469084699479751732e-01
9.429563916586526373e-01
9.399760354921746774e-01
9.364133112322903241e-01
9.361702973493927216e-01
9.288861618521166985e-01
9.286465143568239933e-01
9.258569631988990967e-01
9.214227098644137692e-01
9.173442273696329474e-01
9.166660364203353950e-01
9.077078630823928185e-01
9.066292964860316328e-01
9.051488666618701107e-01
9.044824780516237395e-01
9.007072278068386506e-01
8.982087020979401260e-01
8.962111675707337133e-01
8.937508748260574176e-01
8.888629089693640406e-01
8.884745727050712416e-01
8.876816797761062361e-01
8.858655164836872764e-01
8.789202946421754703e-01
8.774713677880942031e-01
8.759491692222588499e-01
8.737153363155089059e-01
8.720254460744155667e-01
8.713033702253780710e-01
8.685859518922802724e-01
8.679026838607580840e-01
8.664773742389750844e-01
8.649901966361700500e-01
8.562382963049387508e-01
8.562107039704777156e-01
8.555861117737189048e-01
8.547248586352033106e-01
8.530438495927007425e-01
8.496392885466987899e-01
8.479523667867422398e-01
8.439394618602439335e-01
8.439251305948700654e-01
8.419858521768037729e-01
8.409239359167745009e-01
8.375005863210700507e-01
8.370072409552874459e-01
8.368313299789962301e-01
8.336311489350326509e-01
8.324827334106407184e-01
8.308300260037733143e-01
8.308300260037729812e-01
8.307004131812865122e-01
8.265364331435149925e-01
8.257111825828618024e-01
8.235806851357658775e-01
8.230563315733365748e-01
8.186329787523889401e-01
8.156957933261065330e-01
8.109920217628613370e-01
8.095741885657086190e-01
8.090598963685421419e-01
8.055601200049135047e-01
8.013542947553576878e-01
7.984347314412076901e-01
7.973362090654727563e-01
7.866391166655514189e-01
7.864163410950495425e-01
7.858853243131461719e-01
7.826441465776189377e-01
7.802571715931433394e-01
7.779387057350326540e-01
7.766460150018372754e-01
7.732293488564543349e-01
7.703758616858867869e-01
7.658269645335258335e-01
7.655766135709084486e-01
7.653668647301811179e-01
7.653668647301790084e-01
7.649930761449312833e-01
7.614412836764757886e-01
7.602137628080855025e-01
7.588646340325325701e-01
7.528463011371422375e-01
7.512626046851149653e-01
7.507599733586083346e-01
7.467423163515510831e-01
7.434429114672476135e-01
7.411842142037853298e-01
7.407551957980077484e-01
7.393304108116404150e-01
7.383655366055698055e-01
7.352704438882853299e-01
7.336587021937976960e-01
7.314300051028064242e-01
7.264079377954365535e-01
7.225478720931532983e-01
7.165661671302944180e-01
7.160722360332979486e-01
7.147676119534798200e-01
7.043387351384977624e-01
7.037962262617143416e-01
7.019962536434988243e-01
6.994413866131005131e-01
6.993919908821351061e-01
6.946842961898812563e-01
6.929523756219905239e-01
6.919076555162964048e-01
6.905938060682462742e-01
6.892105132327734918e-01
6.853864798193818331e-01
6.844669259309699161e-01
6.794897144402030076e-01
6.784052303227511294e-01
6.772579075208869925e-01
6.772266486951291631e-01
6.759809009048562967e-01
6.725081512120096860e-01
6.708486857687384619e-01
6.690657788130502936e-01
6.680292944072088179e-01
6.653347437005163734e-01
6.621534468619563185e-01
6.621534468619557634e-01
6.588241968367480883e-01
6.577564324746846269e-01
6.561698569837883799e-01
6.504169000399592226e-01
6.498524035832343726e-01
6.465934126797671100e-01
6.457475196687130214e-01
6.432905246849338621e-01
6.422937748150340243e-01
6.398350312193803457e-01
6.364353581478946476e-01
6.352245003333547579e-01
6.322702057674428611e-01
6.264315934587736390e-01
6.242322328334332093e-01
6.236554203775174221e-01
6.196495123635232805e-01
6.180339887498953466e-01
6.180339887498951246e-01
6.180339887498951246e-01
6.180339887498951246e-01
6.180339887498950135e-01
6.180339887498946805e-01
6.176482546879237256e-01
6.136848485605502779e-01
6.122883261293869950e-01
6.112838072223577557e-01
6.101457143222668300e-01
6.080518690557379369e-01
6.079184309430509803e-01
6.032226419984493271e-01
6.005361220706658676e-01
5.993213108140434953e-01
5.929842281905822743e-01
5.920216178094198645e-01
5.918214554806136007e-01
5.879352196862910329e-01
5.854530925834793287e-01
5.815525587744189151e-01
5.814271286548673423e-01
5.798351924897410248e-01
5.774968699680924633e-01
5.718892929079768539e-01
5.718757917904865318e-01
5.675297857987845473e-01
5.621655426412396350e-01
5.583489859938303157e-01
5.565631753283598604e-01
5.545676304231434983e-01
5.507984636843301640e-01
5.472667192323302787e-01
5.457566616722336894e-01
5.420353627028242638e-01
5.401412107054569534e-01
5.396275570823522161e-01
5.362514656226945453e-01
5.352075829468683210e-01
5.318877671763790893e-01
5.315738582782371102e-01
5.308725433238851155e-01
5.296071846786470916e-01
5.284132324925208124e-01
5.261376482908389773e-01
5.205074104734056517e-01
5.192523186895084963e-01
5.091967416805530666e-01
5.083983086406405061e-01
5.082870454610941557e-01
5.030688041230693131e-01
5.019232967792015554e-01
4.946451898264816460e-01
4.927492228311773914e-01
4.846950767289416873e-01
4.843132078598723078e-01
4.834356300653745442e-01
4.810866318800442465e-01
4.770845492971964585e-01
4.736661008527726646e-01
4.735896369894360691e-01
4.735896369894356805e-01
4.697149785499259433e-01
4.654609813687687891e-01
4.639881925474017010e-01
4.627626482635099903e-01
4.616577941387400852e-01
4.528830132573790079e-01
4.523724880314268226e-01
4.449064410308790074e-01
4.444124381388986356e-01
4.420201446878566087e-01
4.395894266954980534e-01
4.357937408317822392e-01
4.330832440555765772e-01
4.328139233370269512e-01
4.325913437406976869e-01
4.303095343715016008e-01
4.263191517523279295e-01
4.262796946007398335e-01
4.237761601073870010e-01
4.237182636311662143e-01
4.216447453353366348e-01
4.203513705783252230e-01
4.193517261922197759e-01
4.177693131705974561e-01
4.163784983025030639e-01
4.067695809414987318e-01
4.036762060110082317e-01
4.033539104990372381e-01
4.022149910097450598e-01
4.000553005581933275e-01
3.978110050014336263e-01
3.927995280224948482e-01
3.888892011670367910e-01
3.879727658887887620e-01
3.872078191951630610e-01
3.848856817627235860e-01
3.846388969171729566e-01
3.831138861943158003e-01
3.809554002694074404e-01
3.773757386772373934e-01
3.751114237142791907e-01
3.735895019872226830e-01
3.648224368450594390e-01
3.640079144385556242e-01
3.633145938656772711e-01
3.598582426402223700e-01
3.580637500085914193e-01
3.561867657680399812e-01
3.540123574401114470e-01
3.526995937105139034e-01
3.466368765967866028e-01
3.411494140138399134e-01
3.378668016049781175e-01
3.350962873086292260e-01
3.326313515626194151e-01
3.248165424549183111e-01
3.242386600421339748e-01
3.238635669552128449e-01
3.185295128908868789e-01
3.169574892229781726e-01
3.141865720689970276e-01
3.084646253831169194e-01
3.046751638717953292e-01
3.031726869910598698e-01
3.008131936348601432e-01
3.003512450303232884e-01
2.994386805011146624e-01
2.930681082174421137e-01
2.907429539982970268e-01
2.893723635507169933e-01
2.887986404570664356e-01
2.846296765465702872e-01
2.846296765465701206e-01
2.829522291231595377e-01
2.812215121375785110e-01
2.795394667349435647e-01
2.784261196308280284e-01
2.747146818646141186e-01
2.743130254881801511e-01
2.685053011112220056e-01
2.590300597156929840e-01
2.561349768222921375e-01
2.496144573145211709e-01
2.435792467089452351e-01
2.405855443115142156e-01
2.402308782034059120e-01
2.371763872668841422e-01
2.370546736883483441e-01
2.342380883852484552e-01
2.324531285340462328e-01
2.301632874171883891e-01
2.279868663003539464e-01
2.270111959893383047e-01
2.187067944663785013e-01
2.169693220581575821e-01
2.166045869945922853e-01
2.148989132260467894e-01
2.092427851348880874e-01
2.089527248082198030e-01
2.062187207909804143e-01
2.003690670139906538e-01
1.962303179967765931e-01
1.905569991449415357e-01
1.884488009280620990e-01
1.880180192413702656e-01
1.834930887494481966e-01
1.816122358827551575e-01
1.776317450339765236e-01
1.753312627124966605e-01
1.715567204003206614e-01
1.685217340610865311e-01
1.677763483835274794e-01
1.623243467779477422e-01
1.591318404333104675e-01
1.567678237667517183e-01
1.544439996933072157e-01
1.509026760970080538e-01
1.506350249511939077e-01
1.468957593181981491e-01
1.465749363854880472e-01
1.444319610132888398e-01
1.405898464430333228e-01
1.363188042991917703e-01
1.348441208957072701e-01
1.325851067579312259e-01
1.308253347362772490e-01
1.300263692363854695e-01
1.261055845194548608e-01
1.252367449908000363e-01
1.221054403416671347e-01
1.214466630173605538e-01
1.180447322508800245e-01
1.169379843877788594e-01
1.132545224879889928e-01
1.083657764962860787e-01
9.850521634722923803e-02
9.765165764689975880e-02
9.713173277702888408e-02
9.512114016994133170e-02
8.938170297726287516e-02
8.822819104777111787e-02
8.536629958771151105e-02
7.639312371960174652e-02
7.117784924708989158e-02
6.983642150559399298e-02
6.925673662429292221e-02
6.541517466599182373e-02
5.673164252822304049e-02
4.887661524737121205e-02
4.757504615020723138e-02
4.454808710617127326e-02
4.334303445390073201e-02
4.126178463851935818e-02
2.733653540958038558e-02
2.408861732779889533e-02
1.840254719566573535e-02
2.915449002296409669e-03
