# Singular values
2.972905460698846980e+01
1.580400424155954475e+01
1.522877013753391040e+01
1.273007077350316685e+01
1.168585282814342463e+01
9.969007846234068992e+00
9.636566990742808869e+00
9.605722496635477725e+00
9.317467057189443125e+00
9.132207823467224372e+00
8.388103870404769680e+00
7.677837622734424272e+00
7.499825991489616150e+00
7.431785025959106505e+00
7.349048293594223402e+00
6.974001904818422304e+00
6.891092125860389217e+00
6.847020469088850092e+00
6.780627153759225756e+00
6.707013320352233521e+00
6.622198962722414706e+00
6.467133040765904894e+00
6.404904181817647313e+00
6.360831514156388700e+00
6.317743309259313378e+00
6.154602166428149168e+00
6.119245699563767182e+00
5.979303681252398306e+00
5.950975554423330927e+00
5.844579962918466265e+00
5.786064843034496086e+00
5.556852254423715110e+00
5.542583933317263956e+00
5.532007491221444084e+00
5.446737435671661132e+00
5.355455186934640288e+00
5.337617563706942292e+00
5.303529490333622753e+00
5.179675207984676177e+00
5.143587425874673436e+00
5.140102106840784835e+00
5.102690871164798025e+00
5.016926692649415820e+00
5.002349871740090492e+00
4.939242894956094254e+00
4.828382592253721128e+00
4.815405980219899185e+00
4.765164788251921912e+00
4.699542898832650195e+00
4.538227386901168003e+00
4.529898735684406930e+00
4.509279152205039942e+00
4.458527355697265548e+00
4.412406764233364420e+00
4.318225899991471550e+00
4.315063368705275515e+00
4.259962481910388732e+00
4.245325384751571285e+00
4.233211944184772868e+00
4.147283867936923052e+00
4.100183833693201940e+00
4.079050370426539729e+00
4.029420719892124580e+00
3.954054409214011301e+00
3.948646595646884361e+00
3.926856402387639999e+00
3.917322982865348635e+00
3.906262512837654022e+00
3.833692710388525882e+00
3.831017454377553033e+00
3.817066755950394796e+00
3.758940581776126333e+00
3.711437158849534512e+00
3.662068149532972328e+00
3.610406465181555724e+00
3.591835780422026669e+00
3.574434707216012086e+00
3.570871638515758839e+00
3.513927703369210676e+00
3.498689174370764210e+00
3.476707128786620693e+00
3.471499519232778219e+00
3.465041265568840068e+00
3.414655159458445333e+00
3.414389803378926835e+00
3.370842950627962242e+00
3.348205282211254019e+00
3.313969686329113706e+00
3.258589128075118246e+00
3.218035306035024412e+00
3.204258423850480764e+00
3.175830837769424431e+00
3.153027284288731025e+00
3.120910460848093315e+00
3.096973366399649930e+00
3.078999659015630996e+00
3.047288127466392993e+00
3.027046600669793808e+00
2.994152601714755502e+00
2.938082178972938774e+00
2.924595590731151606e+00
2.911010128914288675e+00
2.902330883933955885e+00
2.888291131855201588e+00
2.865119961933712656e+00
2.855356618846173866e+00
2.813708065928743896e+00
2.786533105516887598e+00
2.771765181992395188e+00
2.711760251864808069e+00
2.676148231492381235e+00
2.673285789683825797e+00
2.649350076292320111e+00
2.625020191828704164e+00
2.611690296411787404e+00
2.590550089013161639e+00
2.574161133404165636e+00
2.533664945440313510e+00
2.527319737759904594e+00
2.517292496952352465e+00
2.503977075170470190e+00
2.487322039100408055e+00
2.434623015625767550e+00
2.433028445562514186e+00
2.422790391550293521e+00
2.402869255348821564e+00
2.366517300730140771e+00
2.356223911890748646e+00
2.335903713980450380e+00
2.310960178144480182e+00
2.292307020403611784e+00
2.284918239841647214e+00
2.244470690598272533e+00
2.224221033811724091e+00
2.204170854669753155e+00
2.192004298272008711e+00
2.177279123533018890e+00
2.150317259685314841e+00
2.147813968232753723e+00
2.128893827833247432e+00
2.127856125393641218e+00
2.089701148245385998e+00
2.088624988011830386e+00
2.069640924828250128e+00
2.065587491428003908e+00
2.020863541867585322e+00
2.020384189666340813e+00
2.018754469658623929e+00
1.996173330106104649e+00
1.966074237686231907e+00
1.965624466769581025e+00
1.955701193408930560e+00
1.951026631971161995e+00
1.907491327154691607e+00
1.882567780723481521e+00
1.876576710277997773e+00
1.871621022187492711e+00
1.851672785775185792e+00
1.840013880974283644e+00
1.827259430772794735e+00
1.798709873285778471e+00
1.798388289472017565e+00
1.762438670023184217e+00
1.758578117804689978e+00
1.724451182039272279e+00
1.720940532525335298e+00
1.700103429822094281e+00
1.697274792134687127e+00
1.690710373370545305e+00
1.675174129374864984e+00
1.654476344377559638e+00
1.630384973701503259e+00
1.623694756813593987e+00
1.615992419461442786e+00
1.597889750638370465e+00
1.577801064557859512e+00
1.573112319389043279e+00
1.570594325738400743e+00
1.540528526561467437e+00
1.538003756169564973e+00
1.521318783696878896e+00
1.509564530400359983e+00
1.494677218134966346e+00
1.490712097710830131e+00
1.467665707785956952e+00
1.420040146189018415e+00
1.415755375175810515e+00
1.397885851838514881e+00
1.367764249327163339e+00
1.363531785693530507e+00
1.350887504601549161e+00
1.328741983322892395e+00
1.322904309545879453e+00
1.322076284031993287e+00
1.299818708787222166e+00
1.279811281346350471e+00
1.260791174470387688e+00
1.233798297777329633e+00
1.233079470862294968e+00
1.227271560805841100e+00
1.223858126162170823e+00
1.213713461254830372e+00
1.195364736464286315e+00
1.179431779300403660e+00
1.178809161867902411e+00
1.150666860681353487e+00
1.141841510127856507e+00
1.132016928361401664e+00
1.130992328364576860e+00
1.124739384309944912e+00
1.117887897158949650e+00
1.108075869316500262e+00
1.072170621530426082e+00
1.071476051403131402e+00
1.051742438105085276e+00
1.039743029923980933e+00
1.028992520699718138e+00
1.028521897621008874e+00
1.023972860061024504e+00
1.004888418117575899e+00
1.000594582691114454e+00
1.000000000000000666e+00
9.999999999999995559e-01
9.999999999999993339e-01
9.999999999999993339e-01
9.780253221120140950e-01
9.711928620390641864e-01
9.641029832079881512e-01
9.454454041562676547e-01
9.376200061555364229e-01
9.341912968030094966e-01
9.254568692293445586e-01
9.235040449038915966e-01
9.186619728524143547e-01
8.939796052088634370e-01
8.668307755487792976e-01
8.606521518621416122e-01
8.441604805047396853e-01
8.301352002150693687e-01
8.300522746991954026e-01
7.982292140571034533e-01
7.940959956626453264e-01
7.913799499198179710e-01
7.843853671495010227e-01
7.647491804960895312e-01
7.528915421128949959e-01
7.431137317120093400e-01
7.349197435609073903e-01
7.242624161621215029e-01
7.067884297316684439e-01
6.905105806927985812e-01
6.862380768173110823e-01
6.775680307050554463e-01
6.536731966983861941e-01
6.322559622488292952e-01
6.241210232780254330e-01
6.136513491765166473e-01
6.068069662087616223e-01
5.896864819628242493e-01
5.819420773468559904e-01
5.483342882295311194e-01
5.482438372511071467e-01
5.398793425139071234e-01
5.294696958539695242e-01
5.177419825536886400e-01
5.122979701026723065e-01
4.929172344677145712e-01
4.824929709405094136e-01
4.730452446532112942e-01
4.718924345445754676e-01
4.705397158433525795e-01
4.553550752122091927e-01
4.534221735346665172e-01
4.360395432429424178e-01
4.128998429451312679e-01
3.989254971643567682e-01
3.859269609129229450e-01
3.788709880930512530e-01
3.704856808792634792e-01
3.661998351850301869e-01
3.583686481973987759e-01
3.557040168092119869e-01
3.510885831889271058e-01
3.510526923362771168e-01
3.336834390973738573e-01
3.272049907795654411e-01
3.154096623612543948e-01
3.056438505564406105e-01
2.780728659960109983e-01
2.767142509946409201e-01
2.677817813059700236e-01
2.592014267495280078e-01
2.548305203265629482e-01
2.398785467426290396e-01
2.286991466049290433e-01
2.066643812614144537e-01
1.976270538905428031e-01
1.892932590464448117e-01
1.885333051482253330e-01
1.826421620488729580e-01
1.555545368372607540e-01
1.529047271947587827e-01
1.436292016005397409e-01
1.380388625238941347e-01
1.367272714617379648e-01
1.233302457399370472e-01
1.107145291111990143e-01
1.060023946674753942e-01
1.013311676489581509e-01
7.919857212585856843e-02
7.510964929812688484e-02
6.810883450060821465e-02
5.660455522251089250e-02
5.259596384306396838e-02
4.937898755367713111e-02
3.623686917745198854e-02
3.576917419818306798e-02
1.057967103795692636e-02
9.270502712664619935e-03
5.805875065785325376e-03
