# Singular values
1.214719979560972121e+02
6.739978125572422130e+01
5.709909298149125334e+01
5.083903953916021834e+01
4.970582893250450951e+01
4.697127961438879140e+01
4.645958663902578678e+01
4.353477153859879678e+01
3.956195132064405584e+01
3.812621620439368542e+01
3.635243181276184998e+01
3.577235854606265519e+01
3.355719166951021037e+01
3.284008851888675906e+01
3.199521946326086308e+01
3.166457641587771121e+01
3.068172781091165646e+01
2.870426361030108708e+01
2.774071326307614527e+01
2.614312453907848877e+01
2.566943613083959619e+01
2.536591912672960802e+01
2.501948296575326580e+01
2.498812564305949024e+01
2.469708898101805516e+01
2.453730020649744148e+01
2.421293694448010925e+01
2.385260721585694554e+01
2.353479537851481496e+01
2.330967839761206406e+01
2.283706660925691878e+01
2.254592922886908113e+01
2.246451487167258065e+01
2.218881084683285465e+01
2.197338877008358438e+01
2.176758203343285913e+01
2.154329660462840224e+01
2.143746627289035800e+01
2.118113145180079471e+01
2.104572296528663955e+01
2.097563141878445592e+01
2.088997641650608728e+01
2.066117683800379368e+01
2.033569821307243686e+01
2.023881420781319562e+01
2.005353921676234208e+01
1.994795800255104012e+01
1.981589334904964517e+01
1.963739858925107384e+01
1.960413915203957913e+01
1.940781589071731261e+01
1.940086915169978354e+01
1.930420647585916427e+01
1.918009102800936105e+01
1.909081102395173701e+01
1.893923844153234981e+01
1.871960862664778347e+01
1.857689038444050311e+01
1.840305632542898451e+01
1.834275207668241237e+01
1.833104791839307168e+01
1.818147410424023747e+01
1.812580718692890613e+01
1.805076578007332699e+01
1.785163300583312207e+01
1.776931213552664346e+01
1.773599420326394593e+01
1.764458038276080032e+01
1.760893225621267888e+01
1.744744831693634879e+01
1.739714494117334098e+01
1.722817857852127332e+01
1.718454476282561671e+01
1.697995850705056498e+01
1.695092296866300074e+01
1.681183799572154669e+01
1.671572100910967862e+01
1.662649485833042817e+01
1.656726644476657384e+01
1.652974856224460964e+01
1.638061240941627617e+01
1.634177152828268120e+01
1.618005086633627698e+01
1.612422487948025562e+01
1.601945569094305455e+01
1.587492232105682888e+01
1.585377314938244986e+01
1.579338474349071397e+01
1.576599275494079500e+01
1.568629588313932643e+01
1.557874475691597915e+01
1.557628455224330821e+01
1.555391166921388724e+01
1.545766251832547056e+01
1.534168646665789026e+01
1.533534140428272963e+01
1.524206214735623988e+01
1.514380082776282954e+01
1.511392798867849940e+01
1.506724327938774088e+01
1.503026597978993983e+01
1.495577697111573912e+01
1.490797051368718407e+01
1.490657928958112954e+01
1.477632922190901432e+01
1.470103293194496885e+01
1.469927870359191147e+01
1.466018766751894198e+01
1.457574774214941726e+01
1.453855905344007837e+01
1.440541513388735773e+01
1.435611977276395379e+01
1.429116711771343340e+01
1.424519214318908134e+01
1.424455291227532427e+01
1.414656875853560614e+01
1.411396468349856370e+01
1.410092739478992208e+01
1.408446515017667977e+01
1.405052100595723275e+01
1.403798264124686668e+01
1.390983105274447773e+01
1.382544374709756774e+01
1.382449753065524689e+01
1.376154399215556090e+01
1.373212383610194820e+01
1.367834545513237998e+01
1.366195614064931974e+01
1.363930203403426766e+01
1.357227991672893630e+01
1.352321062465036228e+01
1.350092204504398907e+01
1.341727365466962141e+01
1.341459072662670238e+01
1.332985175244050424e+01
1.328340234677448173e+01
1.319067941587833204e+01
1.317047723328566633e+01
1.312029492310033518e+01
1.309516330309666365e+01
1.299242996979414144e+01
1.298936669088420715e+01
1.290088280216751571e+01
1.287969601540298648e+01
1.282479356786773117e+01
1.281385793285139840e+01
1.278457106027934920e+01
1.276659962239750890e+01
1.271958937659432110e+01
1.263472194620900702e+01
1.262755339572094826e+01
1.259961527361050315e+01
1.253316302818971373e+01
1.250252449590308501e+01
1.246663512971280596e+01
1.241703523572332912e+01
1.232007441579824736e+01
1.231450811312786087e+01
1.231393459088268116e+01
1.230348030810264071e+01
1.229245637028900617e+01
1.226360073657869698e+01
1.219530386555013379e+01
1.214387819773854993e+01
1.213206408283705251e+01
1.208116595269447657e+01
1.206987836148927684e+01
1.203260711133061100e+01
1.202318601458566150e+01
1.200190774072159172e+01
1.197444911323840877e+01
1.194484488487625740e+01
1.190702151276151532e+01
1.189206267204123080e+01
1.182537343279100561e+01
1.175766577298122506e+01
1.170365394269762938e+01
1.169986681395440620e+01
1.165269633052525045e+01
1.161488427352140285e+01
1.159380951396452630e+01
1.156009029988815939e+01
1.153771165483723493e+01
1.153306209752990874e+01
1.151842684609585454e+01
1.141670912084905609e+01
1.138581457780140660e+01
1.138382980926080990e+01
1.136480881113306474e+01
1.136267604368794792e+01
1.128870663470712543e+01
1.128065734410093945e+01
1.123884912753838528e+01
1.120378419472684151e+01
1.120045881055706616e+01
1.110047272919198846e+01
1.108968214268430508e+01
1.107064535699393559e+01
1.101693082880672492e+01
1.100628839345057841e+01
1.098653915541301807e+01
1.098138254324277696e+01
1.098122897922995911e+01
1.093922934522987767e+01
1.091107204720637114e+01
1.086171561252752404e+01
1.086074427809984400e+01
1.083995017724100940e+01
1.079166846439082583e+01
1.076249131389299230e+01
1.073213069187193547e+01
1.070702042556710865e+01
1.066114904239895012e+01
1.062695169694239539e+01
1.058606155212615896e+01
1.058498988508006278e+01
1.057858347743239236e+01
1.055483044595729147e+01
1.051901095815054354e+01
1.049915172355772697e+01
1.046524672733998429e+01
1.045784013286508340e+01
1.042832315476248795e+01
1.040258711436406180e+01
1.037167661090775361e+01
1.033574070372196552e+01
1.031526026697622456e+01
1.026689443497345700e+01
1.025413601995730772e+01
1.023559613588420980e+01
1.020545744475448480e+01
1.016289452423134598e+01
1.013937104675936673e+01
1.012964437883844759e+01
1.011189298032380002e+01
1.011144944976351212e+01
1.009828907430241252e+01
1.006596471518625791e+01
1.003611861755569912e+01
1.003079293505243186e+01
9.998362107238861540e+00
9.974031297925863626e+00
9.962759716985516434e+00
9.944322246450406411e+00
9.937009588816014372e+00
9.919468508338011858e+00
9.854119500989414249e+00
9.839136800495985824e+00
9.827029186975382302e+00
9.798778941441550927e+00
9.753931514648034096e+00
9.738274890941438500e+00
9.695226211360820301e+00
9.691396819924824158e+00
9.637660758416155105e+00
9.634777064450814166e+00
9.600442051901154628e+00
9.574403955349710671e+00
9.570446921147372166e+00
9.538520895165314428e+00
9.521918413999445718e+00
9.491896764115685059e+00
9.450080460315499309e+00
9.436287093391641179e+00
9.414955308523262900e+00
9.395033060368159994e+00
9.387959027785235833e+00
9.376548884948688212e+00
9.369925059223945141e+00
9.312451734096592659e+00
9.301934502218610845e+00
9.278209949953955871e+00
9.236842450679716876e+00
9.202676970040121418e+00
9.198791374416609656e+00
9.181991493078774269e+00
9.151596363542509494e+00
9.149861733333954916e+00
9.117195922645716877e+00
9.111103645227641934e+00
9.073708106787254479e+00
9.044355430205886393e+00
9.025816174893604327e+00
9.010168627042521194e+00
8.998690249967449262e+00
8.980110919536432590e+00
8.964470118754411132e+00
8.905284365735438357e+00
8.895974556931097510e+00
8.891656250966320840e+00
8.842857796357661115e+00
8.834721194004300671e+00
8.832153574319324463e+00
8.793776069419070751e+00
8.790568207456948002e+00
8.761782227980063453e+00
8.751749101619207494e+00
8.697292537354609721e+00
8.685186461667145252e+00
8.641787603288854314e+00
8.637599997845137878e+00
8.620068545185700870e+00
8.598757476553634760e+00
8.585033355462035942e+00
8.576883139217160945e+00
8.557032535394581529e+00
8.548833167910618869e+00
8.544090435571282782e+00
8.515239487003018581e+00
8.508501860395199401e+00
8.502199435273295691e+00
8.465514104500035941e+00
8.457919924078870721e+00
8.432501938808536934e+00
8.392242749129657398e+00
8.379051749219305734e+00
8.337941177023408201e+00
8.323220423615435237e+00
8.323187891502659141e+00
8.293164172085722541e+00
8.260580578278833741e+00
8.255778018302502019e+00
8.218858288097090181e+00
8.200670589989488946e+00
8.185829471274963964e+00
8.130644608829674880e+00
8.116653143117339653e+00
8.109502348558725870e+00
8.092740145867782786e+00
8.076267530921045434e+00
8.064955165922075508e+00
8.051852065643128498e+00
8.036396354928827535e+00
8.013523306974875027e+00
8.001098173098341704e+00
7.968738058657094392e+00
7.962159089354263308e+00
7.931867276163926839e+00
7.920997058068235397e+00
7.901177580933655520e+00
7.884346853081273920e+00
7.857768817324541466e+00
7.828483367825411321e+00
7.822550512454811589e+00
7.816533565033861208e+00
7.801264219958912172e+00
7.784339539106044370e+00
7.779779375336560499e+00
7.748743445450659628e+00
7.745938320820418888e+00
7.736840103924037315e+00
7.691985457798342196e+00
7.689229299098021997e+00
7.657669600148601319e+00
7.657507243043270684e+00
7.643003309889905061e+00
7.640602326705769443e+00
7.622262806563687043e+00
7.586097069807376414e+00
7.575811867730172899e+00
7.563562327553999154e+00
7.534765786793171216e+00
7.505688600930258580e+00
7.503542254060763028e+00
7.490890441079169904e+00
7.470904432297770903e+00
7.468236377103112389e+00
7.447951287133398601e+00
7.425921299825669841e+00
7.408338966948422311e+00
7.395341763545353331e+00
7.376075192000809189e+00
7.361379264718965310e+00
7.350535105180067141e+00
7.337700881271239872e+00
7.328390491779551041e+00
7.316686646984754461e+00
7.296838424608493412e+00
7.272304322471144999e+00
7.266012514881209583e+00
7.237050329715399855e+00
7.220785209982654607e+00
7.215457626562483462e+00
7.211009262792504870e+00
7.181308335250054853e+00
7.177387435917009562e+00
7.153739278358613340e+00
7.127735430543458151e+00
7.125785531418117102e+00
7.098163839670082353e+00
7.085435836623011241e+00
7.078862513939075285e+00
7.050573593691271235e+00
7.049488832006239214e+00
7.033984196546274603e+00
7.014383591336494916e+00
7.003323108101910499e+00
6.993693118179701962e+00
6.984345223695146210e+00
6.982534751477458279e+00
6.959845001430547740e+00
6.935144727374166429e+00
6.926687263916162962e+00
6.909963123258312301e+00
6.901132777693240961e+00
6.879971907224979866e+00
6.857709390286722773e+00
6.837081519620607395e+00
6.826151119853664184e+00
6.798622045864879837e+00
6.771696597279436070e+00
6.766723380375152530e+00
6.760096711546577986e+00
6.740960410006661796e+00
6.739523065697629711e+00
6.715296862555517166e+00
6.704373043343751171e+00
6.688531223287832006e+00
6.667429330357975026e+00
6.667426198759686784e+00
6.650246533939953686e+00
6.638021103280216551e+00
6.624009892923066189e+00
6.615803578274152663e+00
6.603195465395053532e+00
6.601677803977970882e+00
6.588847470536510542e+00
6.565302561601588316e+00
6.555207438245678198e+00
6.550464964726274708e+00
6.536301378591228506e+00
6.511865308626127558e+00
6.508930931093441785e+00
6.495735138531010477e+00
6.479232104558436234e+00
6.469487808225871106e+00
6.464001602212010589e+00
6.455786197924716419e+00
6.414212582137102991e+00
6.403814151266908894e+00
6.399926456814037046e+00
6.376950906702425925e+00
6.359966295612808906e+00
6.357115912713251049e+00
6.347147416577827883e+00
6.339166602503116366e+00
6.322647851544654252e+00
6.312188000654673559e+00
6.299365167053382564e+00
6.286273050566364873e+00
6.277961940430365928e+00
6.265161350088613190e+00
6.252483389236602740e+00
6.222977905386008146e+00
6.210777945196380934e+00
6.209505239009848410e+00
6.193505253710222647e+00
6.180563805312439207e+00
6.175970385881115909e+00
6.162514599104755852e+00
6.158617602482804543e+00
6.143245228622565612e+00
6.131871407998445989e+00
6.107530604108005967e+00
6.107260579032587344e+00
6.091738825167547056e+00
6.072642897977176268e+00
6.070125097594589292e+00
6.066257904566690229e+00
6.048020828766532020e+00
6.028756324883019602e+00
6.015520102963423099e+00
6.005672317509018754e+00
6.003226087867714611e+00
5.994592751399038022e+00
5.990660336483693449e+00
5.970817295553480619e+00
5.953884514759535840e+00
5.946194057209742034e+00
5.938365150991248065e+00
5.931569771828577586e+00
5.904326145984319929e+00
5.901596268567182335e+00
5.890650182223106768e+00
5.886898514835734453e+00
5.874366841092736102e+00
5.851230870613178148e+00
5.833160720774478669e+00
5.824969129342955299e+00
5.808524425082918441e+00
5.800476092863359412e+00
5.799860430174430981e+00
5.780135937922078249e+00
5.764736146407853923e+00
5.754737259348058132e+00
5.743823535371062938e+00
5.730245611555766949e+00
5.713332469288467941e+00
5.706550179358391262e+00
5.704209044472514201e+00
5.698440238690254844e+00
5.689435901238188542e+00
5.676011849134986242e+00
5.654254615004923323e+00
5.638463396142810780e+00
5.619180983205894542e+00
5.615517493218555423e+00
5.601010214096208806e+00
5.590927917593046637e+00
5.573366807833105341e+00
5.556985845888499753e+00
5.555324725633321137e+00
5.551799169671678413e+00
5.539251643676138315e+00
5.522593702327736942e+00
5.519058749520648455e+00
5.517075306634220411e+00
5.500382067572211042e+00
5.486562061191134987e+00
5.471058915312714710e+00
5.467574446515564013e+00
5.445975335746372714e+00
5.432953843836077823e+00
5.430034567007392177e+00
5.418340107411795614e+00
5.416949970499800315e+00
5.416665228275005184e+00
5.410056918050480057e+00
5.393254035584751804e+00
5.379926901672569706e+00
5.361678449154655191e+00
5.353358611619121632e+00
5.326884008724995567e+00
5.326799393617302592e+00
5.321239969428193994e+00
5.320294965295309986e+00
5.306478066620867295e+00
5.302603575203217900e+00
5.297146853060880289e+00
5.274280724388184183e+00
5.259244118520922662e+00
5.246329736025312052e+00
5.238839044483266427e+00
5.232079395666729305e+00
5.224960748782499387e+00
5.217030450349431803e+00
5.205920122040090803e+00
5.202729589401858590e+00
5.176374970887491322e+00
5.174715224460348040e+00
5.162594321676063913e+00
5.162441322912602715e+00
5.140920259284640359e+00
5.135906065173024615e+00
5.124397632810727465e+00
5.111633925871858608e+00
5.106478998360179489e+00
5.102776329070046302e+00
5.091134380814043681e+00
5.070600993481095387e+00
5.063191932874254952e+00
5.041965324220244682e+00
5.030569110263817478e+00
5.028979730971686379e+00
5.026195397294635825e+00
5.013684827780314990e+00
4.992880002865223155e+00
4.990255338998811574e+00
4.971103162319232993e+00
4.970169678407911462e+00
4.967370532223800872e+00
4.947123646156753374e+00
4.944390209534508251e+00
4.915154936392839957e+00
4.911635080088017524e+00
4.900944923142658283e+00
4.898506146691669727e+00
4.888379993968629655e+00
4.882696762541833380e+00
4.867100052035408631e+00
4.865433004790690852e+00
4.863128739144274348e+00
4.829928508187098402e+00
4.827810129525055061e+00
4.818396930417475410e+00
4.818266482074875512e+00
4.806986388614009620e+00
4.798286605263324844e+00
4.785783634862290192e+00
4.769483919778241265e+00
4.758998191612438866e+00
4.755760264158246819e+00
4.749107443271291196e+00
4.736872627694323157e+00
4.728618922283978954e+00
4.709049757284184068e+00
4.699137456983605077e+00
4.689030701148984903e+00
4.682825150277849957e+00
4.672253380249241417e+00
4.670507215138305135e+00
4.660681512866092113e+00
4.652458200581516046e+00
4.652129927832530321e+00
4.643271010924625131e+00
4.636998504046375480e+00
4.630578584949971876e+00
4.622257289056459939e+00
4.605883834959610290e+00
4.589818083343396360e+00
4.578634469510724614e+00
4.573051474268213568e+00
4.559884616589800821e+00
4.556827557461602396e+00
4.552566361364087655e+00
4.540589617242831721e+00
4.532436868489569726e+00
4.510610613121737167e+00
4.506190078802193355e+00
4.491414775483709931e+00
4.487210813492685801e+00
4.481145509198760202e+00
4.464116447796587117e+00
4.461943199911051039e+00
4.459850253698229849e+00
4.444882948472065110e+00
4.435215692181955660e+00
4.427576702278683385e+00
4.417287170907251870e+00
4.412208603178403798e+00
4.411941839748624083e+00
4.407492404505958916e+00
4.391037916256092188e+00
4.383869659064298929e+00
4.374063139092609909e+00
4.356708380234126210e+00
4.355362240721381895e+00
4.340835226706816208e+00
4.326650797725420716e+00
4.321802406925838724e+00
4.319867809093349109e+00
4.315867369930070474e+00
4.302222879861799854e+00
4.292276380841266281e+00
4.280900094510639242e+00
4.271123763470558110e+00
4.270262145693484612e+00
4.263192141962704795e+00
4.250664621965649204e+00
4.238617928333664686e+00
4.229494206761165387e+00
4.224139302820199227e+00
4.205703169388268492e+00
4.199777165500851339e+00
4.188478080707455753e+00
4.183712695609040466e+00
4.163122236985770108e+00
4.153525925811784703e+00
4.153396847241860534e+00
4.138322780266206813e+00
4.133244848597541043e+00
4.120898834552716217e+00
4.113271691233361338e+00
4.094952956633901131e+00
4.094246990672376185e+00
4.080500627986064721e+00
4.072045966872489764e+00
4.068331801041988882e+00
4.066512060754146951e+00
4.051779387218378048e+00
4.043626930515165974e+00
4.036822255854770169e+00
4.031539143112405910e+00
4.023813900818885791e+00
4.020402648376352417e+00
4.008298487802494314e+00
3.997482599226293676e+00
3.984338576969478574e+00
3.983163130767581439e+00
3.977708271315547606e+00
3.971485281053947158e+00
3.964425120417351511e+00
3.963040269344048738e+00
3.950251735565281308e+00
3.941007710367040229e+00
3.921840094660574039e+00
3.916432284484846704e+00
3.909575868594584058e+00
3.908200418647489016e+00
3.901539532355997153e+00
3.891907673402370538e+00
3.884052317450122693e+00
3.878352966129097634e+00
3.873626102823906514e+00
3.861843150158386972e+00
3.858412371727898638e+00
3.852819253367018248e+00
3.839752235203677255e+00
3.829722466755717036e+00
3.819452988996317799e+00
3.803178834419911780e+00
3.789677161731675792e+00
3.788814333168490478e+00
3.773447834994506866e+00
3.766255865548381543e+00
3.752173575591809307e+00
3.745993722780509572e+00
3.737784437486158406e+00
3.735583040895309903e+00
3.734355504139128534e+00
3.720739453270914598e+00
3.707690081770347312e+00
3.705580125202756925e+00
3.699126280052914328e+00
3.693416344282594022e+00
3.683731537985893922e+00
3.679284930772485751e+00
3.663396329062953871e+00
3.658851822566146161e+00
3.652846637490916315e+00
3.647475732751130462e+00
3.631798488896282429e+00
3.615512617892230107e+00
3.614445760271765451e+00
3.606686503560561530e+00
3.602455161041840714e+00
3.598145909055013636e+00
3.590041823956725331e+00
3.586401477182551645e+00
3.578112353391842415e+00
3.573404012310747113e+00
3.561736960765219617e+00
3.550719162958996478e+00
3.550576269655086659e+00
3.548588182193880058e+00
3.546495908216106052e+00
3.526466430224545867e+00
3.525932794545158178e+00
3.518579327722643590e+00
3.511129297218777090e+00
3.506560028405821150e+00
3.498799713310472903e+00
3.485125567149157000e+00
3.477642537088331931e+00
3.467522282926613908e+00
3.464979572532945973e+00
3.457484218783804852e+00
3.445696214452962813e+00
3.437500458236874668e+00
3.435401463377707909e+00
3.429404533249122089e+00
3.418585472329435770e+00
3.406496949104324212e+00
3.405464406923689680e+00
3.400148767150855456e+00
3.384121826966264734e+00
3.378117163668518774e+00
3.371769212017041717e+00
3.362221641232089997e+00
3.355059853121558078e+00
3.352799759177930827e+00
3.339359219335279683e+00
3.335422123753115198e+00
3.330837067046092503e+00
3.325732229827331299e+00
3.315474528400893295e+00
3.310470776208862986e+00
3.300806587735280573e+00
3.288574048927086935e+00
3.271323407402241479e+00
3.268230006543265898e+00
3.262819878686919584e+00
3.262182018438686271e+00
3.249678668872508780e+00
3.245173228285616940e+00
3.242604312724042703e+00
3.228204929438363013e+00
3.225254209524902382e+00
3.215018644866534991e+00
3.211490360441607628e+00
3.209254413414380114e+00
3.205322064683245653e+00
3.199745540110710440e+00
3.194896868356023489e+00
3.174742396186775562e+00
3.170131523329406065e+00
3.164967180907180655e+00
3.164466145990910917e+00
3.152853730510737584e+00
3.148430380808090234e+00
3.129156108708080808e+00
3.120255057704367729e+00
3.120246366458214737e+00
3.119941352344760777e+00
3.118134144497950011e+00
3.092436660938537862e+00
3.089413164180373705e+00
3.085935286729832416e+00
3.081162763891191592e+00
3.070895275533461533e+00
3.058989533404630645e+00
3.054914162072683403e+00
3.037573865236515402e+00
3.036550846039784979e+00
3.025153559959481875e+00
3.024340408557919968e+00
3.020304649837726618e+00
3.013641655493753291e+00
3.012741021513679396e+00
3.005195500211873316e+00
3.001256542797468452e+00
2.990614140917120523e+00
2.987923578766129129e+00
2.978791372275789495e+00
2.968656120797009912e+00
2.956991857654463374e+00
2.953506961579035028e+00
2.949284833729977073e+00
2.924534322059521241e+00
2.923176003066324746e+00
2.921982407094712020e+00
2.913834941959191127e+00
2.910542370994665617e+00
2.898430854495541720e+00
2.896628824932917290e+00
2.896179351307794025e+00
2.876783249142779830e+00
2.876712873253031599e+00
2.871485099429475163e+00
2.860784101199365104e+00
2.857454310490528115e+00
2.853790603772084822e+00
2.849881948254732844e+00
2.844697854666678349e+00
2.832071416678062725e+00
2.829558244469995376e+00
2.824018497856556120e+00
2.820799220908865035e+00
2.801618906422497002e+00
2.797999188497824807e+00
2.791057965457621748e+00
2.782898478858948810e+00
2.780217165106853461e+00
2.771334082925501097e+00
2.769801910714184690e+00
2.762136302669583099e+00
2.750146577488743027e+00
2.746381131972845502e+00
2.742439033321056208e+00
2.737688070884522595e+00
2.736132577284036582e+00
2.727448011453644572e+00
2.718038640323055422e+00
2.713538158652404775e+00
2.708364707693396323e+00
2.705010171684289588e+00
2.702929670011559260e+00
2.698050083677721478e+00
2.687732849090835874e+00
2.678202600708475156e+00
2.671997918685482976e+00
2.662319108607007490e+00
2.657887917316667625e+00
2.655019465209532914e+00
2.650342596376701998e+00
2.644898900757482352e+00
2.633014148714051927e+00
2.629612459490209275e+00
2.617667241224305386e+00
2.616744914553363888e+00
2.604451887736620286e+00
2.603978757569867852e+00
2.589797927248152831e+00
2.589330135154432444e+00
2.571781969329079320e+00
2.565372087445221272e+00
2.564385814544240638e+00
2.553309432055701933e+00
2.552261486075184216e+00
2.538175304859937143e+00
2.534979512293353388e+00
2.527695102786708059e+00
2.523775934386029096e+00
2.518576459135357659e+00
2.517520518910012051e+00
2.511113182974260116e+00
2.504317525809049094e+00
2.502064777446395549e+00
2.491407542578241152e+00
2.487517901864916503e+00
2.482686739407465204e+00
2.475185874230178218e+00
2.472944226702268544e+00
2.465579731906233363e+00
2.463904061449550209e+00
2.454792433728959278e+00
2.434907133998986950e+00
2.433264621735057975e+00
2.425726740661210190e+00
2.416802292931841123e+00
2.414804205830007877e+00
2.407292088245820860e+00
2.404504078536815914e+00
2.403779312905670817e+00
2.396486231552660495e+00
2.389186353294955545e+00
2.370890102777288178e+00
2.368422941505885060e+00
2.363230293659063452e+00
2.349406769181033638e+00
2.345633534566711198e+00
2.341076006901865014e+00
2.334851532626211146e+00
2.331783106491498891e+00
2.330916302785978278e+00
2.327872094225886812e+00
2.318456070523348345e+00
2.314860248722889313e+00
2.311344986497103182e+00
2.303574170174842006e+00
2.293849877000862403e+00
2.292027963187253992e+00
2.288153510588736506e+00
2.282394810238032701e+00
2.274897144496834223e+00
2.268557810210781067e+00
2.268191934435384916e+00
2.255480250111890683e+00
2.253914731376992719e+00
2.249782163672380264e+00
2.245822456941841683e+00
2.243220340362831688e+00
2.236158546275090142e+00
2.231531353706897924e+00
2.225938925258005074e+00
2.217970184918039767e+00
2.215601090135908890e+00
2.213732104471882955e+00
2.208094307614217211e+00
2.201446038109012182e+00
2.200419439166664937e+00
2.193536991067847275e+00
2.179723815839550660e+00
2.172332394966780100e+00
2.168369139429738635e+00
2.167281492267819409e+00
2.163116328253001708e+00
2.157680745364453756e+00
2.148219026387192532e+00
2.146561787369150043e+00
2.142741619207219284e+00
2.136235603884303114e+00
2.128375594143694371e+00
2.124971176505291215e+00
2.116524225090601341e+00
2.113356670355437839e+00
2.099592239578474739e+00
2.092560514290604523e+00
2.091196706669542049e+00
2.087272162889454385e+00
2.083326025136055026e+00
2.080438327557091238e+00
2.070354538485203566e+00
2.067221585475175871e+00
2.065585535789923988e+00
2.060452235159947243e+00
2.047914328976593090e+00
2.046854342484355715e+00
2.034188033330975642e+00
2.029739911471589497e+00
2.023320766048593455e+00
2.015344473774851153e+00
2.014184079576063269e+00
2.004475613992720895e+00
1.995768224417174608e+00
1.992681430353080874e+00
1.990238610985896939e+00
1.980594369902298757e+00
1.980180950383787497e+00
1.969739842451574185e+00
1.968889936743920099e+00
1.958403228181486044e+00
1.955929270395054154e+00
1.953139416962285324e+00
1.951019587148963952e+00
1.950648613186122704e+00
1.934511905308398783e+00
1.933444103787004487e+00
1.925306288378817454e+00
1.919663889019495917e+00
1.916491387860937756e+00
1.913294320640514634e+00
1.909785537579735459e+00
1.904387379194497409e+00
1.900864003369739708e+00
1.898139181916722817e+00
1.888304163450103657e+00
1.884617926127895027e+00
1.882413903821502643e+00
1.879291274667877598e+00
1.866708962500628122e+00
1.864724835429689032e+00
1.859232207651770441e+00
1.850989816599790672e+00
1.847606547359948115e+00
1.838586087207881192e+00
1.830916002020035238e+00
1.820107021283592585e+00
1.813857381210506770e+00
1.800292627897546849e+00
1.796674933123157736e+00
1.794088661462548417e+00
1.792896438707813012e+00
1.790120432372948489e+00
1.784888021566845673e+00
1.778431811790930572e+00
1.772525744826583205e+00
1.769015784493279009e+00
1.763869547446706321e+00
1.753912004122452739e+00
1.746856779870624266e+00
1.745565480210858000e+00
1.745168178058184694e+00
1.740775589551595059e+00
1.730103683674960147e+00
1.727761928638960054e+00
1.721492157150237512e+00
1.712514855488266541e+00
1.706210289653060652e+00
1.698735111389677588e+00
1.691004924122677000e+00
1.690343440700810884e+00
1.685471962359628817e+00
1.683851810545927474e+00
1.675749323003645541e+00
1.667100538922104302e+00
1.662054678571146971e+00
1.654662377351614921e+00
1.650220670338412576e+00
1.646265437756866179e+00
1.643887211379103874e+00
1.639190216776562625e+00
1.636548922228780123e+00
1.623572383872875946e+00
1.622094797419074252e+00
1.616166271960623346e+00
1.613926356891016711e+00
1.609918508964972794e+00
1.607772421439164878e+00
1.603831895972062105e+00
1.600553601614987942e+00
1.595335313073467542e+00
1.587432314757321494e+00
1.578553498091845420e+00
1.577007474028581102e+00
1.565146857073471676e+00
1.559058359780192804e+00
1.551791689373488436e+00
1.550965952913744061e+00
1.544482560743463573e+00
1.540626226494808515e+00
1.535405308184379702e+00
1.535403990716053713e+00
1.523522337400779803e+00
1.519323677863898547e+00
1.516476237413714845e+00
1.511813068950575545e+00
1.507538934255070684e+00
1.499106098071588900e+00
1.489466065737210965e+00
1.485708958149986936e+00
1.482661963339825695e+00
1.481105203327364173e+00
1.466175144652485773e+00
1.464416738642460025e+00
1.457841309693902021e+00
1.451417692572787077e+00
1.451274205566446929e+00
1.447157727402107463e+00
1.441567827576864413e+00
1.435426671832678025e+00
1.428353456740395933e+00
1.421602600822414741e+00
1.418048521297776698e+00
1.417326736147413557e+00
1.414939679673222983e+00
1.403095454757344873e+00
1.399534330558877437e+00
1.398774336010395025e+00
1.397144290687985846e+00
1.391834451700999509e+00
1.377484433798244590e+00
1.371227763755894058e+00
1.369766666582179715e+00
1.364841752660323815e+00
1.363518588924373720e+00
1.361766765537554269e+00
1.348992920660606387e+00
1.348832642195725739e+00
1.345800065470874607e+00
1.338590692422548356e+00
1.333522042709605726e+00
1.324990699606844347e+00
1.323608727457097567e+00
1.323556023195452402e+00
1.319786810104132790e+00
1.313678695923953699e+00
1.307055770065268518e+00
1.303788013698668369e+00
1.292161510688541792e+00
1.291260688602523743e+00
1.285552041197323359e+00
1.278347475721472115e+00
1.269215748960405898e+00
1.266820063263251805e+00
1.259150305940760717e+00
1.254731844304028066e+00
1.254700676505287271e+00
1.252919134916535393e+00
1.243438531513336720e+00
1.237670216022601632e+00
1.236243303284191963e+00
1.231315814095582439e+00
1.228110052203356339e+00
1.222942506836784071e+00
1.220193798226388404e+00
1.218599086115519814e+00
1.208262399925895458e+00
1.202208668972062133e+00
1.195352900407801844e+00
1.191816332254090449e+00
1.190207236854317285e+00
1.185070570910794929e+00
1.181321258235216387e+00
1.177837266635079594e+00
1.173129103621231906e+00
1.165772051499784245e+00
1.161472099435983729e+00
1.156660282295771225e+00
1.153516959452914659e+00
1.148855169669530829e+00
1.147892407979089313e+00
1.146932880794677478e+00
1.132370728383399028e+00
1.122435501395970814e+00
1.114845825242287036e+00
1.111560979197714127e+00
1.108203766516503430e+00
1.106930900287843134e+00
1.096680745307866855e+00
1.088859036614498565e+00
1.088436298170074812e+00
1.081492168515049368e+00
1.076813004616545610e+00
1.069266262082441576e+00
1.068624524576682111e+00
1.065644090800541344e+00
1.063379442784720519e+00
1.055311595092219834e+00
1.042843348747358956e+00
1.042822465041776558e+00
1.035318193792696739e+00
1.033394213666328110e+00
1.027981414193957832e+00
1.025530253851512308e+00
1.015255786537770932e+00
1.008526111675128289e+00
1.003412815514604040e+00
1.002079741762065490e+00
9.995455763742904232e-01
9.959335320377336043e-01
9.892569419820690380e-01
9.874737958161614593e-01
9.768658492202036969e-01
9.767408261991813445e-01
9.718770078972379656e-01
9.655263702106472445e-01
9.622681243256477890e-01
9.620597020182102277e-01
9.556485460771720897e-01
9.547381907097336473e-01
9.467031347056050761e-01
9.456710947278678114e-01
9.408028789317199880e-01
9.385638928076061038e-01
9.310320679978719705e-01
9.217052367139091373e-01
9.215773714602761846e-01
9.163431478700477806e-01
9.141373231007009492e-01
9.107640036454173194e-01
9.034933148635446720e-01
8.974489983044046104e-01
8.965588869033243036e-01
8.890126044797306282e-01
8.837536352998499600e-01
8.764021425625908579e-01
8.720038182211872213e-01
8.695029339335076379e-01
8.659108942601118075e-01
8.613742633035765817e-01
8.583399426237885432e-01
8.494875988047618787e-01
8.431681820416463413e-01
8.388433232881156165e-01
8.332406524768988243e-01
8.293499266299094730e-01
8.262939033446926596e-01
8.238376472127760808e-01
8.161877212825309202e-01
8.083205972778333415e-01
8.067730460336346443e-01
8.009502167669141359e-01
7.983280441017678308e-01
7.898996819995394159e-01
7.882957770905494321e-01
7.871525728312790404e-01
7.840941981816905715e-01
7.781385506571599775e-01
7.778590876834838852e-01
7.770853898588632180e-01
7.743771187177312942e-01
7.668461856235675445e-01
7.646566740654284766e-01
7.539019807135525220e-01
7.501307665068094321e-01
7.459699378766456723e-01
7.391599547630474110e-01
7.371211663774309697e-01
7.333425319872582948e-01
7.283238581599561501e-01
7.243981641482682976e-01
7.236927342804513330e-01
7.134541092026541742e-01
7.112285441456910329e-01
7.048292079295785939e-01
7.015661874095188155e-01
6.979261798458112898e-01
6.937772778480062463e-01
6.910382231277434339e-01
6.847888292159433066e-01
6.840793608186734875e-01
6.746259720687978190e-01
6.726185235936402718e-01
6.716367123584650045e-01
6.642888765869603418e-01
6.611899149550988231e-01
6.586637259583353332e-01
6.504907210311777765e-01
6.485926813728876139e-01
6.429791707664576084e-01
6.385324839690736942e-01
6.350376621966850044e-01
6.325484853955760656e-01
6.269406967717334744e-01
6.233170791742144168e-01
6.226180874839618573e-01
6.142449310598493417e-01
6.129972817133302332e-01
6.049242039088785772e-01
6.043476914687930801e-01
6.041099400083633775e-01
6.004521618389372373e-01
5.954685342735646092e-01
5.942998413627185172e-01
5.924633917966511953e-01
5.820999052625999148e-01
5.767803077710158544e-01
5.747010495963176258e-01
5.697366045644496335e-01
5.661420263954421994e-01
5.609171484761725779e-01
5.552920757920406514e-01
5.538906644913763611e-01
5.477905137078452613e-01
5.439243723601593361e-01
5.372726319026221997e-01
5.359063279353495357e-01
5.324383906836542835e-01
5.313747091529915645e-01
5.185285470067878544e-01
5.184294871962317197e-01
5.152261100504481606e-01
5.115111244663196333e-01
5.011254393046229438e-01
5.008094117874477558e-01
4.983861233470759378e-01
4.919875132878794299e-01
4.866831105096380283e-01
4.832480097753550918e-01
4.794253366600380040e-01
4.777338417673571147e-01
4.729837010885370452e-01
4.719902999641254482e-01
4.592937392128906282e-01
4.586451895153294545e-01
4.566005855749589171e-01
4.527149539565586411e-01
4.473337617851238512e-01
4.447658112640744954e-01
4.400661844577176685e-01
4.358047188244522085e-01
4.237798292621597906e-01
4.230756121996459007e-01
4.163208577184049908e-01
4.145336509082993004e-01
4.113275771625231059e-01
4.089926549330049066e-01
4.072964389221928050e-01
4.056441189954909099e-01
4.002561772290751940e-01
3.975686970131926956e-01
3.946252179482074296e-01
3.886601528377716108e-01
3.832906928063559704e-01
3.819324330316911653e-01
3.760918995911867180e-01
3.722933964804681639e-01
3.699160630196859922e-01
3.640170482460042822e-01
3.617235407954619286e-01
3.535318843383956633e-01
3.483589569618394388e-01
3.477898681251953561e-01
3.474743200672834598e-01
3.452110799827294296e-01
3.430562050678394037e-01
3.341917401746704597e-01
3.324275526045148421e-01
3.282887019606046120e-01
3.268888472115219490e-01
3.242340729665499910e-01
3.185044481786226123e-01
3.171734299426506865e-01
3.097034648860896855e-01
3.061391333825145833e-01
3.046483771670535079e-01
3.038907427282611651e-01
3.027686858683161786e-01
2.967718219423304271e-01
2.938998502358890486e-01
2.895144232973260734e-01
2.847060861018522737e-01
2.822433951067997993e-01
2.770719986111085387e-01
2.746798644001833822e-01
2.736449637201952001e-01
2.696888203608555079e-01
2.648553176892561312e-01
2.593643407128195522e-01
2.540194874973205064e-01
2.487373375333474801e-01
2.475718634993930578e-01
2.423645857634904033e-01
2.400328845198564931e-01
2.381638304323123734e-01
2.310524054414716533e-01
2.282977372684720785e-01
2.276762529092931642e-01
2.238161971004538342e-01
2.201134814236133386e-01
2.139357104879298088e-01
2.107168205034425368e-01
2.043009349787754947e-01
2.022934045795722335e-01
2.004761771173521612e-01
1.976652512664207606e-01
1.905568670586235969e-01
1.892022071120550153e-01
1.828041093223134739e-01
1.774713295673284730e-01
1.764821713763402578e-01
1.716783559125976966e-01
1.701665272468845524e-01
1.688477733373926204e-01
1.657950822152377268e-01
1.628985061939119128e-01
1.570654879075148447e-01
1.529450589804447203e-01
1.526436654325614151e-01
1.422314168475793117e-01
1.400324699554214014e-01
1.370883792040281379e-01
1.342920759967631272e-01
1.329411613428271299e-01
1.285410571202494634e-01
1.268068418687207932e-01
1.241586760278238916e-01
1.207477701699699729e-01
1.183432873280820530e-01
1.148449561634758975e-01
1.145622520001111783e-01
1.112071669977662686e-01
1.038404475536860994e-01
1.019175546485323325e-01
9.972700581161193789e-02
9.798990927043986499e-02
9.429890316494542180e-02
9.350276086545582233e-02
8.833679082482792655e-02
8.631689465389896787e-02
8.508306690842239173e-02
8.379409330259279809e-02
7.867212407014065323e-02
7.833731945643755690e-02
7.298935965199963849e-02
7.171569903767303911e-02
6.766785090164680050e-02
6.417994597165269099e-02
6.051128941078080109e-02
5.825192901422997227e-02
5.234394853659176533e-02
5.028464637995088554e-02
4.747548208444767742e-02
4.449674455755629754e-02
3.954103738721242989e-02
3.705486809562940492e-02
3.572524991562200242e-02
3.339054280422056042e-02
3.271835193869644665e-02
2.380423474925358329e-02
2.217454941718249167e-02
2.082447103555592344e-02
1.856160628191464226e-02
1.143648111563326346e-02
1.091551282674419442e-02
8.966251452202284034e-03
2.696769021500968443e-03
