# Singular values
4.885696745422214270e+07
3.246260021675629169e+07
2.271483158934557065e+07
1.450256364018047042e+07
1.264392445858227089e+07
9.979654772541383281e+06
8.593083458689112216e+06
5.171953523368222639e+06
4.802568184671483934e+06
4.636911083573834971e+06
4.375901222273384221e+06
4.058544043162532151e+06
3.580227624856289476e+06
3.476059456254357472e+06
3.271289107213903219e+06
2.721584293910588138e+06
2.567567782534943894e+06
2.192854031557474285e+06
2.092406898208571365e+06
1.973881478207534645e+06
1.814395339831263991e+06
1.695299633876409614e+06
1.552636130388960475e+06
1.449817158874211367e+06
1.376684760935453000e+06
1.334665412213219795e+06
1.182682406117204577e+06
1.164135180950485403e+06
1.090985224387569819e+06
1.031613295337143587e+06
9.435095680973343551e+05
9.157032698774732416e+05
8.852583734044469893e+05
8.798483284693012247e+05
8.531681089591601631e+05
6.468091862434759969e+05
6.084241381372278556e+05
6.009009826107142726e+05
5.711975753110143123e+05
5.610020105414310237e+05
5.248743335468552541e+05
5.027598731186460936e+05
4.727385753739267238e+05
4.654606227976055234e+05
4.435447592850846122e+05
4.171571883595530526e+05
3.730483777055836399e+05
3.587551973201331566e+05
3.483445414009705419e+05
3.379184619326968095e+05
3.274974450636527617e+05
3.031451301801298978e+05
2.852189585559791303e+05
2.647724814729066566e+05
2.579078019930264854e+05
2.406620741853296931e+05
2.207777630214206874e+05
2.157706151424224954e+05
2.017108676147790393e+05
1.934177546248010476e+05
1.825553733275676495e+05
1.744355787149784737e+05
1.668746077035392809e+05
1.649118100077522977e+05
1.624306294411254057e+05
1.514916824555894127e+05
1.414359839271308738e+05
1.334920977386668965e+05
1.304292678436801943e+05
1.213545954528320726e+05
1.097403654530387576e+05
1.070948095562112285e+05
1.004894020422021131e+05
9.740315912577936251e+04
9.052820072507028817e+04
8.935504488307704742e+04
8.628246816030374612e+04
8.018190247495732910e+04
7.595251497079782712e+04
6.819060669758621952e+04
6.331964681936513807e+04
5.802718281508501241e+04
5.443783086405565700e+04
5.043950099051238067e+04
4.784210440527901665e+04
4.637431912581704091e+04
3.949035833974929847e+04
3.618757395925493620e+04
3.383349749720469117e+04
3.059874524947032478e+04
2.948821652403556436e+04
2.758519112036791921e+04
2.624416912685530406e+04
2.529916886056209842e+04
2.485335537805867352e+04
2.203782612274969506e+04
2.090225383431476803e+04
1.886318054907784972e+04
1.764498034402609483e+04
1.696200942334991851e+04
1.618191830294915962e+04
1.553367491118548242e+04
1.398756575685064308e+04
1.346576314248766721e+04
1.236528224670192321e+04
1.151320293922994642e+04
1.126003464865159185e+04
1.048071859324224170e+04
1.024661590885811347e+04
9.946328662970252481e+03
9.032425691898175501e+03
8.189197866310638346e+03
8.045802282034253039e+03
7.365291709238457770e+03
6.404381673277789560e+03
6.306472962724305034e+03
5.954666434046062932e+03
5.331971832825205638e+03
4.967456641290149491e+03
4.238663701243610376e+03
3.288081924371242621e+03
3.153607955861517894e+03
3.056309128015152055e+03
2.810489736622367673e+03
2.686372363086589303e+03
2.160246355986831077e+03
2.015687591155161044e+03
1.987776020722483509e+03
1.278372171286016055e+03
1.090576733425927614e+03
8.930259565487514237e+02
3.658512092917558789e+02
2.040863093175533152e+02
1.116274663987915271e-09
8.320562041817887851e-10
3.319497009238538145e-10
2.150708566904111741e-10
1.643970660967335980e-10
1.336185645872547800e-10
9.358385581230190544e-11
8.117576592885693198e-11
5.852584501454185073e-11
4.538774413356948147e-11
3.617242414614539796e-11
3.344161638860306571e-11
3.096676172586491568e-11
2.365082680795156715e-11
1.822095231644960441e-11
1.326577958462546034e-11
1.675214796256232279e-12
1.301163617835679414e-12
1.052926757067615512e-12
7.382195702603675913e-13
6.524803297783716277e-13
3.634889931078543730e-13
2.783723116844309922e-13
2.128130840008195612e-13
1.374313612071329897e-13
1.079750411604615286e-13
