# Singular values
7.899338730636110029e+00
4.449194795801153290e+00
3.087045949762401875e+00
2.756781982274770115e+00
2.458401889329169254e+00
2.369130948851061902e+00
2.270546582459881169e+00
2.062649413039270740e+00
2.005776695078790528e+00
1.939257365166217495e+00
1.805393158429333011e+00
1.604261081586224824e+00
1.513870314673912532e+00
1.385857822770298453e+00
1.311457561616405698e+00
1.247759777859137609e+00
1.035855833336297271e+00
9.999999999999995559e-01
9.791903911207515687e-01
9.754188279778918114e-01
8.327773254992745233e-01
7.278912310161739230e-01
7.188690607667239663e-01
6.582358130652162798e-01
4.669951190101473415e-01
3.578711074972127926e-01
