# Singular values
9.573356788056004874e+00
5.398024319945924354e+00
4.610393642388282309e+00
4.086117719814537530e+00
3.580655862018625513e+00
3.249830628866389404e+00
2.903011816657356636e+00
2.760035184485168269e+00
2.630141967515808865e+00
2.385776854154750826e+00
2.232566441890123432e+00
2.201703582025150041e+00
1.983207140728109108e+00
1.647214738421519886e+00
1.562360205744872887e+00
1.445360354171693951e+00
1.225243058869007307e+00
1.159389751750008024e+00
1.093699571946629368e+00
9.987546507409856833e-01
9.132768897605747505e-01
8.959101610799369286e-01
8.476235160973517591e-01
7.530974758072708219e-01
6.970605579128421603e-01
5.463765956418885628e-01
4.680596649411699062e-01
3.944950918162186682e-01
3.063543029573914667e-01
