# Singular values
1.233265375478437953e+01
6.771350627028332347e+00
5.310758689316792847e+00
4.198781278703344277e+00
3.602846345090544578e+00
3.390151044916336343e+00
3.071749577299793366e+00
2.978153773374641933e+00
2.656128925552341258e+00
2.557522664719993788e+00
2.472318175666378792e+00
2.434248807535893455e+00
2.216386621452620442e+00
2.032397952916320083e+00
1.978241659606563951e+00
1.905721069917633459e+00
1.832339242829366110e+00
1.801109042928046966e+00
1.710327395983213483e+00
1.616475844206881618e+00
1.464110458810092830e+00
1.362980320220468888e+00
1.274205208826922453e+00
1.213032376765232012e+00
1.127064829564127457e+00
1.085294200051887259e+00
9.581073043870087513e-01
8.529516044023421895e-01
6.400212657498490776e-01
5.595721024765702989e-01
3.385879871521255136e-01
2.295572588750101894e-01
