# Singular values
1.296724099109506589e+01
6.771107363537394619e+00
5.229313331891247252e+00
4.319140298689736035e+00
3.992826930279862907e+00
3.597815141226532454e+00
3.543839608163477095e+00
3.184082204081962963e+00
3.025290576345911031e+00
2.703274284668254257e+00
2.552389802771537486e+00
2.457258667546616149e+00
2.292397700537255556e+00
2.075754050691023700e+00
1.972222460582565562e+00
1.882359036689643217e+00
1.721307112703562847e+00
1.626677622249014021e+00
1.539588379251166872e+00
1.453473587546447066e+00
1.325543014548241638e+00
1.177647844296283219e+00
1.172344434853661355e+00
9.275270109012974107e-01
9.035795349892956629e-01
7.942332910775711241e-01
7.003662886716808256e-01
