# Singular values
1.097721029882744403e+01
4.978996430208202817e+00
4.018465747766899021e+00
3.640526714089252991e+00
3.490066462541284942e+00
3.459612556779264825e+00
2.892847218086008532e+00
2.774826575550616514e+00
2.709151260260528105e+00
2.464730972207012982e+00
2.245140359652660234e+00
2.137772462038858734e+00
2.009567415106469301e+00
1.833918499990635498e+00
1.822712188173378989e+00
1.676642716650342146e+00
1.612162176047513329e+00
1.440882046613376932e+00
1.213094001824329027e+00
1.174155341457097546e+00
1.057772578570838062e+00
1.002563128777466783e+00
1.000000000000000222e+00
9.719446351633180825e-01
9.246797637260314451e-01
9.019070098742736352e-01
8.755155390444417929e-01
8.287731783120908524e-01
7.373017069209940599e-01
6.049280516730789481e-01
5.949723677100990926e-01
5.268164176070850857e-01
4.467033337704057194e-01
2.088057453929016150e-01
1.756691713938608179e-01
