# Singular values
1.456577195738771557e+01
6.211568371299637903e+00
4.618710771662469128e+00
3.953066795748305218e+00
3.620616499192955473e+00
3.346490843405949267e+00
3.205203349393649148e+00
3.043359015138255241e+00
2.898525902454720971e+00
2.768010026270022905e+00
2.594644062511982430e+00
2.508433855627222986e+00
2.475401935172675039e+00
2.325358083299885248e+00
2.274254618105258530e+00
2.113474257732648631e+00
2.030404694066209714e+00
1.958600632114166018e+00
1.817217967759556130e+00
1.722519102449653339e+00
1.706431267992790879e+00
1.584786849948939036e+00
1.438370879996002216e+00
1.386430642615404052e+00
1.339047298950788445e+00
1.136085330206228150e+00
1.070369517376807078e+00
1.040681823604680645e+00
9.642445595992423790e-01
8.524944413326276393e-01
7.927311291383377645e-01
7.371437379875231954e-01
6.879154277403359830e-01
6.330353101126142690e-01
5.691600762014814574e-01
4.575469900937231826e-01
