# Singular values
2.098573789861174532e+02
1.723074955857262580e+02
1.455687631653737810e+02
1.157478722788734018e+02
1.094111045750274229e+02
1.043730211966756798e+02
9.796524732331626240e+01
9.758578924038808111e+01
8.881876631511248377e+01
8.649603792437339678e+01
7.925787141374834732e+01
7.122484003321348212e+01
6.940801841644756109e+01
6.517535865311491250e+01
6.082791859209105212e+01
5.983207847183066264e+01
5.411903297473403285e+01
5.086973870773096706e+01
4.769062229044032364e+01
4.270689855546778801e+01
3.898789280345364006e+01
3.584550956089090334e+01
3.297052072129891087e+01
3.295759780358699942e+01
3.266007667847556917e+01
2.832243811951633106e+01
2.760739557124612276e+01
2.713015708670883086e+01
2.533166743867460724e+01
2.398665502328918464e+01
2.357818685219375254e+01
2.259739165113489179e+01
2.203287316390110107e+01
2.152925369140924161e+01
2.135693432355332533e+01
1.794176416897282067e+01
1.752895081915418629e+01
1.728288722489261175e+01
1.725967686019935599e+01
1.673711549446193558e+01
1.649138412113126506e+01
1.603683070169214275e+01
1.322301471846508747e+01
1.321481716992317246e+01
1.243320115089852962e+01
1.173331777952395427e+01
1.143499623367961426e+01
1.078705501991512428e+01
1.040885763383010421e+01
1.020219622748955679e+01
9.337220065270619429e+00
9.096709076801522187e+00
8.659554405332956506e+00
8.474004686393277197e+00
8.416047417714130674e+00
8.198602955876069132e+00
7.826684066773519355e+00
7.786499151462396462e+00
7.265266517257987111e+00
6.941226321458018766e+00
6.705447006090090589e+00
6.639349027069795461e+00
6.081147634237175303e+00
5.571002822048597203e+00
5.363143774416962550e+00
4.996474871478665314e+00
4.925323553625668538e+00
4.416905975613640400e+00
4.408558175121823908e+00
4.362121791513789759e+00
4.145419124123068677e+00
3.979465880739254224e+00
3.836543225676440461e+00
3.711351238153491661e+00
3.432442750314196545e+00
3.307270848789131357e+00
3.283061805882122819e+00
2.436646581931406708e+00
2.291879393467094683e+00
2.146040478297865484e+00
1.986995528594115878e+00
1.943803567634809992e+00
1.763593877478494054e+00
1.690897416231413652e+00
1.364970761571605573e+00
1.183069087060865776e+00
1.113753640749521434e+00
1.034109426439137946e+00
6.446721278802884925e-01
5.791818446311562951e-01
4.605641525380572143e-01
4.050466048988545786e-01
2.322791010369712195e-01
1.973823451787533600e-01
1.232246784068267847e-01
7.239650018821261468e-02
5.976640450701906082e-02
1.491181050300614212e-03
