# Singular values
1.097716451728257958e+01
9.392612347235953507e+00
8.283371516051129646e+00
7.677472125432291961e+00
6.032064528630438183e+00
5.519413719933672802e+00
5.284058582682426675e+00
5.207198229900899200e+00
4.724881357249940628e+00
4.461679260824815252e+00
4.339844637064824262e+00
4.156194468506329898e+00
3.916343984514708332e+00
3.821479445699620836e+00
3.694954560939607280e+00
3.615166047905058022e+00
3.545559311878502040e+00
3.417799603424626742e+00
3.300657172207717149e+00
3.137834918139207563e+00
3.073983009314904091e+00
3.051653084641620772e+00
2.961986353083431833e+00
2.882469468460625794e+00
2.799960008114215526e+00
2.774403780744916226e+00
2.639388871742517573e+00
2.564785136919792041e+00
2.452267801457998608e+00
2.448288214033199850e+00
2.259143893403761982e+00
2.232787429841826654e+00
2.177633328861158457e+00
2.153626358074013591e+00
2.080026995953220048e+00
2.032031800562535739e+00
2.021921507253805927e+00
1.896121231811241037e+00
1.850662204372466091e+00
1.816188903984043312e+00
1.771690241946640709e+00
1.661918799220838627e+00
1.620231334243292576e+00
1.549749379051528653e+00
1.508592666682739836e+00
1.445037312356536541e+00
1.411021791477693688e+00
1.253396056569247241e+00
1.185137448401268445e+00
1.148785305039375926e+00
1.119159183697026494e+00
9.865846992611616573e-01
9.448129838797502122e-01
8.584242482004893482e-01
8.001231587372523713e-01
7.327201951606393537e-01
7.100566988037244620e-01
6.242822726664498667e-01
5.885196975446775891e-01
4.581665326093259383e-01
4.306109770868810638e-01
3.402402423184973101e-01
3.324406006224950305e-01
2.460209634513563504e-01
1.738487319158204814e-01
8.793025442911987788e-02
7.367901116879517487e-02
