# Singular values
3.077762803580856854e+01
1.701649439287177401e+01
1.514364987840364485e+01
1.373006782570541695e+01
1.357958347651000786e+01
1.272596688016415989e+01
1.214961334725648179e+01
1.201208788927656457e+01
1.125270031705761298e+01
1.090678500318750999e+01
1.058932050895102961e+01
1.007063687917974981e+01
9.587044311130581420e+00
9.550286695023650907e+00
9.389619943797875123e+00
9.108457109405172503e+00
8.777588695254516793e+00
8.547935451347134617e+00
8.409978011985721480e+00
8.211875878743081003e+00
8.113484388188052066e+00
8.038583058562821293e+00
7.905881765100563285e+00
7.679893154211966610e+00
7.490584101431795538e+00
7.413589393298561703e+00
7.326798421495483993e+00
7.241478368114008468e+00
7.110326783727220601e+00
7.033466038590506564e+00
6.954927381010681309e+00
6.924040488730465626e+00
6.774094330073087811e+00
6.679620985722789506e+00
6.499967850876617881e+00
6.457274619442560315e+00
6.455392932651174753e+00
6.326118361363601394e+00
6.245895988374360996e+00
6.242236625140844986e+00
6.206744186009490072e+00
6.117554638910937648e+00
6.023747244258800926e+00
5.950220361542421621e+00
5.888106271519838231e+00
5.837720850542004847e+00
5.768199653517049441e+00
5.709833898294765397e+00
5.665176143838911216e+00
5.636595347538330358e+00
5.481535932732601424e+00
5.462685356622292154e+00
5.426647953883525943e+00
5.372484463333434768e+00
5.300920991360957402e+00
5.249847034020364234e+00
5.189328697931105516e+00
5.104316881257432215e+00
5.090423875449503477e+00
5.056628967379526607e+00
4.995928556744299698e+00
4.925598241495522167e+00
4.900820644352365640e+00
4.774771617431436965e+00
4.747831207820597754e+00
4.708312605657986261e+00
4.606533935152092418e+00
4.564207182318827272e+00
4.520801137384141022e+00
4.470243400025224467e+00
4.464365191265995847e+00
4.440253111853038170e+00
4.370196778523690817e+00
4.340419050824936953e+00
4.305550029395804223e+00
4.267085880242290408e+00
4.211140092123728529e+00
4.164547967564195652e+00
4.085174337954041945e+00
4.021817525715146502e+00
3.988219461679266775e+00
3.921143813326414929e+00
3.900816903746085362e+00
3.862999051063119360e+00
3.797687402874095230e+00
3.778758043890164231e+00
3.710101921288448512e+00
3.686528666169949897e+00
3.648105014417385661e+00
3.582613875758873689e+00
3.569249221241177938e+00
3.529525759879814650e+00
3.490031222256346322e+00
3.469891603440348415e+00
3.456278474316648808e+00
3.432768212340514768e+00
3.417063066209639732e+00
3.333183532800095161e+00
3.305099106205860338e+00
3.302885779444372005e+00
3.254304636709334453e+00
3.232835954378722843e+00
3.195583383626087848e+00
3.170300352653251608e+00
3.145424790266930337e+00
3.122551166338646489e+00
3.086796013329748956e+00
3.080496605989710979e+00
3.048781666515357536e+00
3.046226844747663254e+00
3.027679751960446808e+00
3.013257335988872576e+00
2.993956894988899275e+00
2.966204664937516888e+00
2.942145532695050303e+00
2.911169684803016189e+00
2.889954331438388202e+00
2.880392722854177467e+00
2.861791020661736962e+00
2.842623655158450724e+00
2.819179534279489641e+00
2.792442677157214614e+00
2.770799439268366804e+00
2.752155980571594274e+00
2.748424564460351771e+00
2.735438066424537240e+00
2.720775988748369123e+00
2.699230903890818656e+00
2.649719051328352837e+00
2.632083897471176215e+00
2.617409958137841386e+00
2.591390117637036195e+00
2.588136982274150899e+00
2.553525494317376410e+00
2.544528434347844481e+00
2.526893199195554107e+00
2.519524440175295865e+00
2.506497714078626871e+00
2.496490478975800453e+00
2.482406570684795977e+00
2.461513104433983301e+00
2.430348945609763778e+00
2.420014150655837692e+00
2.390294897110630146e+00
2.372762316991836151e+00
2.358371966024483957e+00
2.348965704772115082e+00
2.325454767923338828e+00
2.320530787102704107e+00
2.300100874023988329e+00
2.289604404747507704e+00
2.283096537496996703e+00
2.277381159220025708e+00
2.265553042282807628e+00
2.250189721950109245e+00
2.232012902897032358e+00
2.220328312041948138e+00
2.215607842416523088e+00
2.195939845562993487e+00
2.192895995488338468e+00
2.191016446090826353e+00
2.177669732722808948e+00
2.161103215855777915e+00
2.153089099866860145e+00
2.136555559791435854e+00
2.128645257223696241e+00
2.121381501133106973e+00
2.107365574290254173e+00
2.098367082984558429e+00
2.077361632628027532e+00
2.055190519343937705e+00
2.040920569335391566e+00
2.040164174981160539e+00
2.028984766516527483e+00
2.020248923934114149e+00
2.012382561561135041e+00
1.981577001673348493e+00
1.963261973309856412e+00
1.955666565425708381e+00
1.939504390224932262e+00
1.933294712602489751e+00
1.913828017877199139e+00
1.907961909069867845e+00
1.906033687707489710e+00
1.894712815234426140e+00
1.867510732198730317e+00
1.860891872752083342e+00
1.842251782924457570e+00
1.838242987137630458e+00
1.811832612524734376e+00
1.807507776074078754e+00
1.798202989169027655e+00
1.783099669363028328e+00
1.761867251645760968e+00
1.755142390588090739e+00
1.749856638258639352e+00
1.736999894244125819e+00
1.732050807568879414e+00
1.729691928239076137e+00
1.726140934432418117e+00
1.710901631911265763e+00
1.703438990801112718e+00
1.694226658480594949e+00
1.680007431370733606e+00
1.666562480265242563e+00
1.655285038348292659e+00
1.648841742306341285e+00
1.643212377409647207e+00
1.636909184775745540e+00
1.625575355772578723e+00
1.618350398791400968e+00
1.616901286214708300e+00
1.603777093358518258e+00
1.601879022729868485e+00
1.588873000772020205e+00
1.566473820898170555e+00
1.558060133022943328e+00
1.549186807488433626e+00
1.539962080970809666e+00
1.536172983436915107e+00
1.524401650059740598e+00
1.516309962238211018e+00
1.510004712578836061e+00
1.503906520947942527e+00
1.500531735378066722e+00
1.481296696884647934e+00
1.469284607638957407e+00
1.451589277856601301e+00
1.451187082830838193e+00
1.437924286240050087e+00
1.433782357033529520e+00
1.418744496061673965e+00
1.414213562373095368e+00
1.414213562373094923e+00
1.414213562373094923e+00
1.414213562373094479e+00
1.414213562373094479e+00
1.414213562373094257e+00
1.409128730978963517e+00
1.406635474422640142e+00
1.403120633091098135e+00
1.391025529515885317e+00
1.388490062106984446e+00
1.378746391067289467e+00
1.375856551678447337e+00
1.368833055327228099e+00
1.361207540419746564e+00
1.358044400942142405e+00
1.347934524164913661e+00
1.332372818894349997e+00
1.308644457690750773e+00
1.306809132003153628e+00
1.294212658349195966e+00
1.290158729248863878e+00
1.284227094967953953e+00
1.253391788278521046e+00
1.241058372327429105e+00
1.223700204168605143e+00
1.207640701710551490e+00
1.195977092841138623e+00
1.160290100603709185e+00
1.155289779164034636e+00
1.141853921736886823e+00
1.133350753683411316e+00
1.125956702997888081e+00
1.093755094290633556e+00
1.084781234091574786e+00
1.019110268187122026e+00
1.003650936242497460e+00
1.000000000000000666e+00
1.000000000000000444e+00
1.000000000000000222e+00
1.000000000000000222e+00
1.000000000000000222e+00
1.000000000000000222e+00
9.999999999999997780e-01
9.999999999999997780e-01
9.999999999999997780e-01
9.999999999999997780e-01
9.999999999999997780e-01
9.999999999999995559e-01
9.999999999999991118e-01
9.952974578972153541e-01
9.941523690111856437e-01
9.890961461499730989e-01
9.888634344851374713e-01
9.813000578805518570e-01
9.774748812768732087e-01
9.717664018400890003e-01
9.683468354750055518e-01
9.590116231757938037e-01
9.421414875480809137e-01
9.271768720847761713e-01
9.226401854741163033e-01
9.175629073756097487e-01
9.018802189771195632e-01
8.999083900503024314e-01
8.892252204621099443e-01
8.794952386025284286e-01
8.680047418998375619e-01
8.673485367797471035e-01
8.541319629924236656e-01
8.385767968242777703e-01
8.271668584666038715e-01
8.169714081056738131e-01
8.107882466241228547e-01
8.021594624152407205e-01
7.887055124617003976e-01
7.758101094069196346e-01
7.710871777763116386e-01
7.486244078140488201e-01
7.428637618356499495e-01
7.316102366130201595e-01
7.217150992164149681e-01
7.003487863204777009e-01
6.982503672824038610e-01
6.555191168451547368e-01
6.379743426741677492e-01
6.287356530627625784e-01
6.223341178777481719e-01
6.090348264297934522e-01
6.066949825778658045e-01
6.043737330022629362e-01
5.883881246928072128e-01
5.397082054515227600e-01
5.243494340623430228e-01
4.707414680365205606e-01
4.665524951510557350e-01
4.339879144624207985e-01
4.194816592997955840e-01
3.793470959703639234e-01
2.781138091076195695e-01
2.543317805855768721e-01
