# Singular values
5.840658134211119012e+00
5.839767394722854554e+00
3.857035972366174459e+00
3.854196095928517529e+00
3.830649633878761229e+00
3.822752725877219149e+00
3.677154900391460313e+00
3.677040453317092616e+00
3.656149898548746169e+00
3.654416581838160649e+00
3.423930868031972441e+00
3.386066778692531365e+00
3.252071759244531624e+00
3.092659419365435536e+00
3.048739352870237784e+00
3.032378115406710872e+00
2.939361297766230674e+00
2.906336798866620441e+00
2.847610307928902795e+00
2.847400612635331729e+00
2.773159887981007987e+00
2.771525713046156802e+00
2.672480539062193738e+00
2.665847748181302990e+00
2.548115515199121273e+00
2.490965163763059653e+00
2.414213562373096700e+00
2.414213562373095812e+00
2.358120628506013450e+00
2.349764285381316320e+00
2.288245611270737445e+00
2.288245611270737445e+00
2.288245611270737001e+00
2.288245611270734337e+00
2.196849610915883932e+00
2.190816416975031267e+00
2.148385788174231870e+00
2.137789372522989062e+00
2.131792651417617535e+00
2.122950475500415379e+00
2.000000000000001332e+00
1.999999999999999556e+00
1.901996142983693350e+00
1.899007101859568003e+00
1.881911167324873402e+00
1.878000081802372323e+00
1.791978350430986966e+00
1.790927318812651325e+00
1.766268931215567051e+00
1.661486787076349225e+00
1.414213562373095145e+00
1.414213562373095145e+00
1.414213562373094923e+00
1.414213562373094701e+00
1.414213562373094479e+00
1.414213562373093591e+00
1.403675167731754714e+00
1.403559469383611535e+00
1.368284574306551704e+00
1.368246061712599326e+00
1.284459208989906731e+00
1.284402359760999479e+00
1.225523712982097946e+00
1.223449930589619372e+00
1.217286716521613021e+00
1.215697489139722975e+00
1.105772454125658388e+00
1.105720507528389795e+00
1.055518109852418673e+00
1.055475126953243192e+00
1.000000000000000666e+00
1.000000000000000444e+00
1.000000000000000444e+00
1.000000000000000444e+00
1.000000000000000444e+00
1.000000000000000444e+00
1.000000000000000222e+00
1.000000000000000222e+00
1.000000000000000222e+00
1.000000000000000222e+00
1.000000000000000222e+00
1.000000000000000000e+00
1.000000000000000000e+00
1.000000000000000000e+00
1.000000000000000000e+00
1.000000000000000000e+00
1.000000000000000000e+00
9.999999999999997780e-01
9.999999999999997780e-01
9.999999999999996669e-01
9.999999999999996669e-01
9.999999999999995559e-01
9.638768847499469272e-01
9.398454589453425490e-01
9.205677465466119980e-01
9.205388850587441496e-01
9.069202202928727807e-01
8.740320488976432989e-01
8.740320488976422997e-01
8.740320488976421887e-01
8.740320488976417446e-01
8.497328101223884378e-01
8.492038766186136289e-01
8.321389622589615565e-01
7.852735024346069181e-01
7.825494267048000996e-01
5.970665638818066778e-01
5.970007219880326677e-01
4.142135623730952565e-01
4.142135623730949234e-01
