# Singular values
6.502628035526055328e+01
4.876817356850684604e+01
3.885880642933378937e+01
2.531071692496904646e+01
2.472662790209445660e+01
2.203651193428711608e+01
1.919225968071242150e+01
1.705803746867982795e+01
1.447978033125069786e+01
1.332563931638537014e+01
1.301520997590865214e+01
1.088402927502269435e+01
9.266663281017381237e+00
9.124349763607625619e+00
8.978503206201976283e+00
7.067118759530386818e+00
6.948527513252587440e+00
6.054120266032251507e+00
5.894504832656886961e+00
5.793139327056664456e+00
5.590615647650857944e+00
5.330949974846060258e+00
4.640703787393531954e+00
4.166475693390246704e+00
4.058237084312540155e+00
4.035915362526356631e+00
4.000000000000000000e+00
3.999999999999998668e+00
3.704312840892554082e+00
3.659208140007057519e+00
3.565111166521187425e+00
3.379782182495403298e+00
3.172975104813242186e+00
3.000000000000000444e+00
2.999999999999998224e+00
2.540941694027761155e+00
2.198187229267139386e+00
2.177194508935462736e+00
2.093982950808228605e+00
2.000000000000000444e+00
1.999999999999998890e+00
1.961007718517238763e+00
1.915625926044144167e+00
1.584094514543106236e+00
1.300795932041822311e+00
1.229126490972583641e+00
1.039571833838838000e+00
1.026215524925180977e+00
1.000322622277554752e+00
8.908072613543591700e-01
7.561332748700644313e-01
6.432452840746435418e-01
5.224659285407599052e-01
4.970979781329981639e-01
3.699401603627350266e-01
3.574294762859101526e-01
3.488758885256645348e-01
2.899643050769463160e-01
1.651748509241540430e-01
1.511594480640338634e-01
1.052714573735715059e-01
8.307360661071178098e-02
6.002146110184108929e-02
4.416688898461233054e-02
