# Singular values
6.162105630156109015e+00
6.126253720824102800e+00
5.275804599803251449e+00
5.078976283671119418e+00
4.975436113370802715e+00
4.662181086674714869e+00
4.496800178498506995e+00
4.471268088690838027e+00
4.367574811433850179e+00
4.334082950760508979e+00
4.275492235193786073e+00
4.066100313879113415e+00
4.004794093977417369e+00
4.003674984616290899e+00
3.885115950445784616e+00
3.837645792105982334e+00
3.835470511871515331e+00
3.768916650580787397e+00
3.723740828133841330e+00
3.722839834462560837e+00
3.722839779545438876e+00
3.691279941819348487e+00
3.611703423895757492e+00
3.609675748015721553e+00
3.558397403338958931e+00
3.558385800312578340e+00
3.527139749065566932e+00
3.502866415870313777e+00
3.411674640580193874e+00
3.302060881089864175e+00
3.237322599656865307e+00
3.212456824362927232e+00
3.166685665429235907e+00
3.136865221090002098e+00
3.123671528364793115e+00
3.087347156252269187e+00
3.023258515915630884e+00
2.997945511708916211e+00
2.953024457019609361e+00
2.953023075241647533e+00
2.896426706732556866e+00
2.896321561833068881e+00
2.849316699059669666e+00
2.838657027661518839e+00
2.804117746744257733e+00
2.796676684926068024e+00
2.787763933916596493e+00
2.715811428086798429e+00
2.703112270726171662e+00
2.676242039360812619e+00
2.592735608310933859e+00
2.587295787230280641e+00
2.567417512389446266e+00
2.528753978616198328e+00
2.517494823096924073e+00
2.508100886459882606e+00
2.460820561756274838e+00
2.448438849967797371e+00
2.428746792011590383e+00
2.410484023170693657e+00
2.391660700097205439e+00
2.378434774104883687e+00
2.372829006799405338e+00
2.346617743249939103e+00
2.312378475071391826e+00
2.301879362697411668e+00
2.278017351509463939e+00
2.243760562070357789e+00
2.235583102006285294e+00
2.234396771473755816e+00
2.217703578924299812e+00
2.211945001262206389e+00
2.175707232333449426e+00
2.175336043189649793e+00
2.170434257308130555e+00
2.158480125255325621e+00
2.138305621564513093e+00
2.131613186412733896e+00
2.128186717391169047e+00
2.127094993417151247e+00
2.107784326883603843e+00
2.103103637730475928e+00
2.088768240485813887e+00
2.073447647093335178e+00
2.066796896605507694e+00
2.064109055195837428e+00
2.063114491991038690e+00
2.040800663165293738e+00
2.038907554450443804e+00
2.032331464164516266e+00
2.022973419842796883e+00
2.020904508344819828e+00
2.012908799732120890e+00
1.997144519061603507e+00
1.991148036890729722e+00
1.984902468240775653e+00
1.964487804817134586e+00
1.957724233271297409e+00
1.954119971224603125e+00
1.947297612814851142e+00
1.945685412201783482e+00
1.937226539698858829e+00
1.928205304190435898e+00
1.925616467603281645e+00
1.924338824561872441e+00
1.922232368515917722e+00
1.916681463209986003e+00
1.911710497665489950e+00
1.890299581273491958e+00
1.888282759515881315e+00
1.881575216538960538e+00
1.880302898384373256e+00
1.872049481200572796e+00
1.870234115930053065e+00
1.867560859402857432e+00
1.866197748376962284e+00
1.860567932900299537e+00
1.859895007927037991e+00
1.856322568473658619e+00
1.852410299921283920e+00
1.851663075257370839e+00
1.848430261314458534e+00
1.846588170229018777e+00
1.843031777460601983e+00
1.842818272223051057e+00
1.842457050854733325e+00
1.827393124747481279e+00
1.826392537356841261e+00
1.816254975386420112e+00
1.800712168825146398e+00
1.799126805182479583e+00
1.793947180860295587e+00
1.787081377207853539e+00
1.759701769765892321e+00
1.757549723901955963e+00
1.749038268343135361e+00
1.737051155853214013e+00
1.730800700616478061e+00
1.728540198851415743e+00
1.701287569148228762e+00
1.697072786338151840e+00
1.695229440022229417e+00
1.693625259537242078e+00
1.693471906507163949e+00
1.690140743859429806e+00
1.686765396035959652e+00
1.680358293159593508e+00
1.675522667181938985e+00
1.656448580631840306e+00
1.656232042663285942e+00
1.654287807329497317e+00
1.651639344128758236e+00
1.645487696996847937e+00
1.639289019485988153e+00
1.615221005005524457e+00
1.610511074319797231e+00
1.608528927068112901e+00
1.600954429618143715e+00
1.593769210137958581e+00
1.589982967265363811e+00
1.589143726980111415e+00
1.579893420924251224e+00
1.567163866130202976e+00
1.564157728980907214e+00
1.561052192322608168e+00
1.552505701822572082e+00
1.544261230718616762e+00
1.544092189020616068e+00
1.534632174757432743e+00
1.523854117174049616e+00
1.523477699241444272e+00
1.520450224782606830e+00
1.510917194513690776e+00
1.510865364374677666e+00
1.496921028665554987e+00
1.488278860431229589e+00
1.486138261451095177e+00
1.484848997182894426e+00
1.482827473300295296e+00
1.481287697738869147e+00
1.465772252929925301e+00
1.460294422551070559e+00
1.448161496001483695e+00
1.435574770463796446e+00
1.422352880414685217e+00
1.421380182699284234e+00
1.420019158506199863e+00
1.412957087881887119e+00
1.409994709150763637e+00
1.403498842273858349e+00
1.401489541044217191e+00
1.389039319179223408e+00
1.388431998414756618e+00
1.372874080505287697e+00
1.363206474468444895e+00
1.360227127247430667e+00
1.359576721659248033e+00
1.352246481173140058e+00
1.345707160653862422e+00
1.341581839364618611e+00
1.330836738760696081e+00
1.329575777648635437e+00
1.322881109134378619e+00
1.303575328393001831e+00
1.289724243420881766e+00
1.281854505295219271e+00
1.272773762912470241e+00
1.269527108290031903e+00
1.265835483214733159e+00
1.257738062795409562e+00
1.257210895518822813e+00
1.252004321721804647e+00
1.234039676674634656e+00
1.230126391011274967e+00
1.211225891341729977e+00
1.207748705771522602e+00
1.205023440164595616e+00
1.188886191426894001e+00
1.187925647738221180e+00
1.182284244281375907e+00
1.179666642187795711e+00
1.177252179154789413e+00
1.165723974396054796e+00
1.153855366369461732e+00
1.148517475768318086e+00
1.134289582429295118e+00
1.129447224036646213e+00
1.125880918405892661e+00
1.107287272283593360e+00
1.106925166754187728e+00
1.091705081135323940e+00
1.089244872506151429e+00
1.076736930754438992e+00
1.075828642192897977e+00
1.067939858317482393e+00
1.060330108499903501e+00
1.056459491276779072e+00
1.039176867195901188e+00
1.025479410077798637e+00
1.009584423097942718e+00
1.000898823395467652e+00
1.000137754323258354e+00
1.000000000000001332e+00
1.000000000000000444e+00
1.000000000000000222e+00
1.000000000000000000e+00
9.729119368238864363e-01
9.678711717593336816e-01
9.617544754769455917e-01
9.578687777322097974e-01
9.422208136134250234e-01
9.216124613187715031e-01
9.138257399015063953e-01
9.126592630178339549e-01
9.030484027608451925e-01
8.901695819987542890e-01
8.853640155586135485e-01
8.846349324113895740e-01
8.735979661069475100e-01
8.632057690684591389e-01
8.624502087626387814e-01
8.472974448343458809e-01
8.446997023668030291e-01
8.366566757346393102e-01
8.174026608476873124e-01
8.168280821613472797e-01
8.092451979069189560e-01
8.057865060041640159e-01
8.005968476251804633e-01
7.920501963674573265e-01
7.908323439674989075e-01
7.859852543063031716e-01
7.730897404380372429e-01
7.633170205599864033e-01
7.494927404430656859e-01
7.491648214095030234e-01
7.465157894903454716e-01
7.303176797174834034e-01
7.259249805816571088e-01
7.067321183654241556e-01
7.055145369284657741e-01
6.952586360549050104e-01
6.947667209164740676e-01
6.855450619925472777e-01
6.603257055924574015e-01
6.592511173044915962e-01
6.583387722878144555e-01
6.483762286364129768e-01
6.439739466288929570e-01
6.424020763510961407e-01
6.328840331157119525e-01
6.165339004538454848e-01
6.155862426559050027e-01
5.958030718976461415e-01
5.904371759534016162e-01
5.903899935614466132e-01
5.842652657979139352e-01
5.818917297682034695e-01
5.695668173463910300e-01
5.627413220072333688e-01
5.505557286593709687e-01
5.410070742918999809e-01
5.370740990499167644e-01
5.366534181191814357e-01
5.187117576349383752e-01
5.053457368097300506e-01
4.960401077411549231e-01
4.865063912045554662e-01
4.851743245353110079e-01
4.842537639925181270e-01
4.762332057637845839e-01
4.744144817776697054e-01
4.675383644508351866e-01
4.625821374220422388e-01
4.574736594906503862e-01
4.487327690763003862e-01
4.322157095214332889e-01
4.311609002241589828e-01
4.301135907133137315e-01
4.254320105174796418e-01
4.144509111592196704e-01
4.054781182602436584e-01
4.040785190874946475e-01
3.957021488743043269e-01
3.927266564979432495e-01
3.657027311328443497e-01
3.633878163835123076e-01
3.454361221637515800e-01
3.381114713263740912e-01
3.234338139669336032e-01
3.155250688224288114e-01
3.102993740452421600e-01
3.019922375501558065e-01
2.895372294943703295e-01
2.855634327405801032e-01
2.741449667156099501e-01
2.573667437648161083e-01
2.515686002722521408e-01
2.407385139393141693e-01
2.404719670134230769e-01
2.365726463760356724e-01
2.193475996398286665e-01
1.980936109771430642e-01
1.980771763347635994e-01
1.829523214672540699e-01
1.663367397566636596e-01
1.404283872798479382e-01
1.377498856001217464e-01
1.327667726948998095e-01
1.280872023900936907e-01
1.222609170092346514e-01
1.205898470020571739e-01
1.061689014562016975e-01
1.029400174895490627e-01
8.067368627577783946e-02
5.936620070352655737e-02
4.686083058337741497e-03
3.022710230368005555e-03
