# Singular values
8.022785174134286379e+00
3.982557175881909384e+00
3.706064254738903774e+00
3.177613829067556850e+00
2.856091235534712780e+00
2.671132650768833106e+00
2.623811885708028591e+00
2.030706079809490916e+00
1.915030973169341788e+00
1.799122333517139127e+00
1.732050807568877637e+00
1.732050807568877193e+00
1.604075249826962812e+00
1.500561784326837289e+00
1.453609492440563589e+00
1.333013380747874566e+00
1.225783193202212740e+00
9.064461295783812211e-01
8.725677647189905572e-01
7.436842511632243413e-01
4.692653699330014971e-01
3.407366928430408115e-01
2.188088842505715448e-01
