# Singular values
3.835389499761688370e+01
1.956075517124646979e+01
1.436501707239026082e+01
1.291124413434246598e+01
1.187659208981060921e+01
1.044228854225928593e+01
9.930009786019972751e+00
9.113629133445490638e+00
8.061516934235205767e+00
6.956887498991152441e+00
5.684495332968868553e+00
5.140605126452116203e+00
4.830949487927516550e+00
4.268103112741902017e+00
4.005436936692778005e+00
3.817778581891841050e+00
2.304926574007560625e+00
1.859167227723185656e+00
1.777010519842278979e+00
1.549770264414352727e+00
1.196676475918810212e+00
8.330959688497595605e-01
6.437414544653577986e-01
6.005886061001762810e-01
9.978535527880325051e-02
4.883737502961455618e-02
4.281799204767722244e-02
