# Singular values
7.582139295586745042e+00
7.319255751534417875e+00
7.215731059676171455e+00
6.207371569102888564e+00
5.596612212982571499e+00
4.883554620080048814e+00
4.833714499497249406e+00
4.580213926222502785e+00
4.428460500283646795e+00
4.236135417459141017e+00
4.187216949056848492e+00
4.119217167990629314e+00
4.102900174117360521e+00
4.009512396537354917e+00
3.899846524386586744e+00
3.860118977129038065e+00
3.849973145109947481e+00
3.810348861239411189e+00
3.747917977186074445e+00
3.711942970493036675e+00
3.611709560616806147e+00
3.524127882515314170e+00
3.496211899163792491e+00
3.430961819006259628e+00
3.412107527991821154e+00
3.394038228720994255e+00
3.363762699174850823e+00
3.312768785845487063e+00
3.312326435024183890e+00
3.257139048537085024e+00
3.228175726100941390e+00
3.176647088732426294e+00
3.160566565926425486e+00
3.140474119797595165e+00
3.100668390059907686e+00
3.092257981762738250e+00
3.005896188788232060e+00
3.004928826700387301e+00
2.999298220507947477e+00
2.996947538948834033e+00
2.912042450481617362e+00
2.899382053907686441e+00
2.873838658523922174e+00
2.762123141163288942e+00
2.730783758078627610e+00
2.719220422502057755e+00
2.690682200397383372e+00
2.688716569196618611e+00
2.634207462684771350e+00
2.617095107951705746e+00
2.583486825527010478e+00
2.537002936476631110e+00
2.536087087713545962e+00
2.530365491600079064e+00
2.528261280708530734e+00
2.511275744880276495e+00
2.459963651275292928e+00
2.447949159983878520e+00
2.408126130153367406e+00
2.374910425964944949e+00
2.364328939132733787e+00
2.359701689491831456e+00
2.303385396399638463e+00
2.278037040257435031e+00
2.247730616555550842e+00
2.247522222270882164e+00
2.246114519446588798e+00
2.233969774444866996e+00
2.222182937925504032e+00
2.209163020350361162e+00
2.207415639031999888e+00
2.199732860634619147e+00
2.143684158073485779e+00
2.136199153668045359e+00
2.103300534939981148e+00
2.100406424077999379e+00
2.088961036262273030e+00
2.014719322804177981e+00
2.012118457622356971e+00
2.007757328014105891e+00
2.000643276290390293e+00
2.000086618462839638e+00
1.952173206035949349e+00
1.925617950726972838e+00
1.910035337166031910e+00
1.875016851032166310e+00
1.865870055443568098e+00
1.841269414703779583e+00
1.834950697834714539e+00
1.823190116733495847e+00
1.788393480620930953e+00
1.779624295935348988e+00
1.779412211855743831e+00
1.757447154150001412e+00
1.756938956887732495e+00
1.749833582843923985e+00
1.742788313080118501e+00
1.711480643801477575e+00
1.678476367023092219e+00
1.642853900364469322e+00
1.642795674518635174e+00
1.597630225242392177e+00
1.573732227666934991e+00
1.569002276201801660e+00
1.556296222708896559e+00
1.546270083536623208e+00
1.518053626823745228e+00
1.514710951010484363e+00
1.496224848838379584e+00
1.481086389999425323e+00
1.477318176140004047e+00
1.419131369195959724e+00
1.393837187833722124e+00
1.371059165150712467e+00
1.370050337083211556e+00
1.364432795139573162e+00
1.330195895984769061e+00
1.310077705634370204e+00
1.292440022246601483e+00
1.273414533796085601e+00
1.270037533707595090e+00
1.229603898207510815e+00
1.226077747693080866e+00
1.220094800234577281e+00
1.212810838764122767e+00
1.196111374126326066e+00
1.189840036199130369e+00
1.173940162852139535e+00
1.160213660893941512e+00
1.148875163364167840e+00
1.116523541605460412e+00
1.084646439446228960e+00
1.071933068831834923e+00
1.066999278168505594e+00
1.046626950003323842e+00
1.045853256464395864e+00
1.025387391680219640e+00
1.020250110143441358e+00
1.002447759463799937e+00
9.944517438588031943e-01
9.804272725442594316e-01
9.585243834623473624e-01
9.431217717987527838e-01
9.428580344200945262e-01
9.178971784894894848e-01
9.167900406910983735e-01
9.145751212429331645e-01
8.948720117342368052e-01
8.699463295077454195e-01
8.697802481984147072e-01
8.580588591291196110e-01
8.268664981661321134e-01
8.128032849246675795e-01
7.842814170423949571e-01
7.809154043989313676e-01
7.785812967404004414e-01
7.642220833865339680e-01
7.626469662652173298e-01
7.485615412486232856e-01
7.465220426023972955e-01
7.378807655403871735e-01
6.836883687853924085e-01
6.789892979214845470e-01
6.599719874306634315e-01
6.580112590980007337e-01
6.379142942286357698e-01
6.271548110174378632e-01
6.233144937100960625e-01
6.197756065284883986e-01
5.989240272984783786e-01
5.949983234505866747e-01
5.801155006850735596e-01
5.760544276104260231e-01
5.601054197335686435e-01
5.353174816920747148e-01
5.190561885094819861e-01
5.103401155099223097e-01
4.998529054386065540e-01
4.972692993859516020e-01
4.936773150101461116e-01
4.697485833152031942e-01
4.563943110079746734e-01
4.297202867594805964e-01
4.275680581304369676e-01
4.169593872788611155e-01
3.646259908584387754e-01
3.641800928821248839e-01
3.370264069723068467e-01
3.297596486151945228e-01
3.214449681126034797e-01
2.763948531565771360e-01
2.754593281572630947e-01
2.596805193780125087e-01
2.464593202685196049e-01
2.450352772713632055e-01
2.390852434313070762e-01
2.267573987185143025e-01
2.142743592803605934e-01
2.104304470871106725e-01
2.022556599353587115e-01
1.809326977723730856e-01
1.611405343391566491e-01
1.545306467554657115e-01
1.434434470066895395e-01
1.253497591965156976e-01
1.005054726482892125e-01
9.550777010573446857e-02
9.276385394542681351e-02
4.892219919709615145e-02
4.405642621504477635e-02
3.449667670008711717e-02
