# Singular values
1.922569178868667166e+02
1.922569178868666881e+02
1.040311947869625584e+02
1.040311947869625442e+02
6.807528784854427784e+01
6.807528784854424941e+01
5.686831071874725296e+01
5.686831071874724586e+01
1.362920336402092936e+01
1.362920336402091870e+01
5.335282659984383891e+00
5.335282659984382114e+00
2.192859158541942577e+00
2.192859158541942133e+00
1.227237526338510243e+00
1.227237526338494922e+00
9.998971636525675333e-01
9.998971636525672002e-01
5.910330444821508544e-02
5.910330444820910412e-02
