# Singular values
1.519277796504444495e+02
1.519277796504443643e+02
3.864915519601424165e+01
3.864915519601423455e+01
3.509881594012837525e+01
3.509881594012835393e+01
2.135914781701788101e+01
2.135914781701787390e+01
7.916269026658521391e+00
7.916269026658520502e+00
5.000000000000000888e+00
5.000000000000000888e+00
4.933067971199392332e+00
4.933067971199385227e+00
2.000000000000010214e+00
2.000000000000000444e+00
1.992459554892358486e+00
1.992459554892353824e+00
1.039291712373155097e+00
1.039291712373151322e+00
