# Singular values
6.180193289900150558e+04
3.168113817993987686e+04
2.952076021213121203e+04
2.696762645419849287e+04
2.404163541242119754e+04
2.392640133572147533e+04
2.313595042060178821e+04
1.939761083148805847e+04
1.854445530639723438e+04
1.837907871155728935e+04
1.801060377244455958e+04
1.596096645668138626e+04
1.557468470704822721e+04
1.352052076977217985e+04
1.311775475039381490e+04
1.175400130244715365e+04
9.913221934754048561e+03
9.458040955677804959e+03
9.367475898858579967e+03
9.011384022811180330e+03
8.434267046500193828e+03
8.176361086637977678e+03
6.886367270841362370e+03
6.649320840148497155e+03
6.476149293599509292e+03
6.427848486241553474e+03
6.186266719410410587e+03
5.945210992061034631e+03
5.525528924532248311e+03
5.328209987246757919e+03
5.146505196366027121e+03
4.653592287320513606e+03
4.603755653859357153e+03
4.183667132752674661e+03
4.105897136670465443e+03
3.989489873445369540e+03
3.874391019931129904e+03
3.568761976415864410e+03
3.439867681666906265e+03
3.379490103825513870e+03
3.221867459111866083e+03
3.019444502673761690e+03
2.906258883828530088e+03
2.747444010179481211e+03
2.706621157720557221e+03
2.658161028876880664e+03
2.617991282139268606e+03
2.569334164741067070e+03
2.508285168547822650e+03
2.346139385647334620e+03
2.281273799618019893e+03
2.021549436126396813e+03
1.767573205943796211e+03
1.761028846501655607e+03
1.605831632785413149e+03
1.503628012824024154e+03
1.432377864392902438e+03
1.400692739321917998e+03
1.332263298039598340e+03
1.327724849514927882e+03
1.282362821656951837e+03
1.253476387884137011e+03
1.144739859906857873e+03
1.049628109663890882e+03
1.014525024218510111e+03
9.456991315710819208e+02
9.079131405152954812e+02
8.078566251750000902e+02
7.049099179658364847e+02
6.827248784720875392e+02
6.475623478858293538e+02
5.871271374719407277e+02
5.480533675276834629e+02
5.061858808320347975e+02
4.192228190126015193e+02
4.126498492839748451e+02
3.159296603960214611e+02
2.530716765110697111e+02
1.867021779174994549e+02
1.682196688720796089e+02
1.626058166693450460e+02
1.062013392197179087e+02
8.068819624702531712e+01
6.853166517684967118e+01
4.968431554914459980e+01
4.764877741166744585e+01
4.439244554006444332e+01
3.282172652985843797e+01
2.045543599679011137e+01
1.422098841680687009e+01
1.164990792191912128e+01
7.144582495704810299e+00
2.661740522572556777e+00
1.895362301245051562e+00
4.569543617156098599e-04
1.036241245382952403e-04
