# Singular values
2.456226693082840384e+01
2.133602144508998677e+01
1.597152728585445480e+01
1.375978580339893931e+01
1.194538270038195904e+01
1.047826832137941011e+01
8.591525629758194782e+00
6.826091963314357081e+00
6.561804517697524375e+00
5.916745029513152510e+00
5.850574096714282746e+00
5.780460792856639607e+00
5.558666668964691304e+00
5.524323483378259958e+00
5.309266550202698554e+00
5.287768616794537024e+00
4.956435889366800573e+00
4.923997687609941387e+00
4.781971090539981262e+00
4.729181866099537501e+00
4.601920793750016614e+00
4.597877089722951283e+00
4.546388360849865862e+00
4.489317943816270251e+00
4.361090922466177133e+00
4.199523789883230940e+00
4.123695411843717906e+00
4.060252724578921502e+00
3.982064918246206897e+00
3.973239221896625484e+00
3.941532697193940393e+00
3.834922345080677086e+00
3.786139645072136961e+00
3.690986397048745538e+00
3.676150104119014106e+00
3.664814816711816636e+00
3.615575636735631537e+00
3.552074394520285505e+00
3.479357144333040885e+00
3.331951988844591206e+00
3.255648753873988888e+00
3.235635331701540718e+00
3.205873780223778446e+00
3.106214859443293452e+00
3.091135965380230832e+00
3.001826084963415298e+00
2.924203231811272730e+00
2.889045581951653396e+00
2.884432849965428591e+00
2.813463305653940871e+00
2.716410316119298507e+00
2.695990484144771049e+00
2.694463739765631694e+00
2.642015736604040654e+00
2.641887025745567552e+00
2.596823671374109299e+00
2.581928678320851045e+00
2.565214988961011411e+00
2.557953105547684736e+00
2.468936689086620895e+00
2.439826015927888836e+00
2.418799424298452294e+00
2.401419247910037136e+00
2.385102927359400660e+00
2.260659690786061660e+00
2.190395544088022728e+00
2.140445780081716709e+00
2.127992866434091468e+00
2.106614213399905289e+00
2.096374291499587539e+00
2.090722625427562598e+00
2.072833881631173991e+00
2.041562934252812322e+00
1.991791512468636061e+00
1.914600777244036545e+00
1.911687783195437751e+00
1.860920311890447154e+00
1.824939066642214947e+00
1.791317951999905178e+00
1.763873915296554129e+00
1.756913910773195253e+00
1.681774548489130883e+00
1.660129322295646803e+00
1.629064813527997480e+00
1.627796721175869932e+00
1.609374480293050080e+00
1.591146127948277256e+00
1.511457342365419176e+00
1.491902302129526570e+00
1.468222110729369145e+00
1.462633668757606031e+00
1.429330074749373347e+00
1.371279490928394074e+00
1.320102881131178574e+00
1.302403957443503568e+00
1.285822462292682156e+00
1.276013649835828989e+00
1.269640380581041672e+00
1.220134471297256162e+00
1.178062387165542901e+00
1.145300309147793794e+00
1.116382042993574020e+00
1.100868930970489767e+00
1.079821999052759329e+00
1.061024465289704732e+00
1.049381969512493962e+00
1.014957148762277273e+00
1.000000000000000000e+00
9.999999999999997780e-01
9.999999999999996669e-01
9.999999999999995559e-01
9.904031149115453125e-01
9.881405050652173339e-01
9.842520459545941458e-01
9.573671722552006269e-01
9.464882702777045465e-01
9.266957722879302084e-01
9.226078444711298676e-01
9.208546105304141749e-01
8.993479473509987665e-01
8.608129845980300177e-01
8.393104621914032615e-01
8.195295962120502375e-01
7.909930310186510383e-01
7.734597847687365579e-01
7.688702251385990394e-01
7.292124786387813584e-01
6.678303327316092997e-01
6.646386276930041914e-01
6.370142278208658082e-01
6.180455081270853634e-01
5.852508506899127827e-01
5.468559778458953469e-01
5.158348767528457834e-01
4.974086516614585896e-01
4.880418856053813093e-01
4.757813064043460716e-01
4.298874574616813327e-01
4.136298479001438988e-01
4.029451705699274577e-01
3.772057571731854964e-01
3.138654349403420252e-01
2.869084873097226263e-01
2.788959280858742673e-01
2.621689914785541586e-01
2.458013933508882420e-01
2.366340327594442239e-01
1.979665928191178259e-01
1.753533216152820262e-01
1.304210683480737931e-01
1.203819269911947931e-01
1.121805162129874273e-01
8.876757924100772690e-02
6.761729650123328439e-02
2.081425247975934520e-02
1.882119258969597655e-02
