# Singular values
8.832244533921615570e+00
6.859868480573267036e+00
6.764094782313350152e+00
6.029204110951425832e+00
5.902671876019672581e+00
5.469796784304032045e+00
4.499464693324847886e+00
3.939720555175055150e+00
3.769578975720983660e+00
3.694675324042593800e+00
3.626151234865305550e+00
3.573824635344565070e+00
3.409993679539562894e+00
3.369985331939219897e+00
3.213326229014793700e+00
3.152386381258203141e+00
2.954186659848400343e+00
2.915144261136842108e+00
2.835763967484893566e+00
2.793827015657379675e+00
2.756611464714828319e+00
2.705396585949171318e+00
2.636857963728577392e+00
2.624515552513573713e+00
2.594920186349807256e+00
2.553992618412830762e+00
2.527485692769671832e+00
2.463033557344267432e+00
2.383353876006358618e+00
2.353147081244176153e+00
2.321376342223460121e+00
2.291357561608273752e+00
2.264812036085666946e+00
2.231622591419567314e+00
2.200705328511154857e+00
2.167657728615453916e+00
2.125171663980219616e+00
2.075595618973837375e+00
2.034980307124707455e+00
2.000000000000000444e+00
1.982945934380548447e+00
1.970168324365344725e+00
1.953333920087924946e+00
1.913065675577469538e+00
1.877591549721127295e+00
1.831350122589467500e+00
1.810545115875985767e+00
1.788042945026456332e+00
1.761836606495092994e+00
1.695755602273453455e+00
1.661888830892701563e+00
1.652222305164138705e+00
1.613386340838753430e+00
1.600473003665443317e+00
1.597436113723411877e+00
1.528289577764498697e+00
1.509289212926930412e+00
1.488099984739449599e+00
1.471559435425002560e+00
1.419255855955104062e+00
1.414213562373095368e+00
1.414213562373095368e+00
1.402364171081694311e+00
1.393046013746261247e+00
1.383248077704166246e+00
1.355976714056192911e+00
1.330304301308585346e+00
1.303017795140167356e+00
1.297844383901856302e+00
1.270161661260772901e+00
1.251262429533984255e+00
1.234192847345320532e+00
1.212087068225387476e+00
1.191929430038668025e+00
1.167766217307675713e+00
1.163447623910398576e+00
1.144871650342411895e+00
1.116795537162713403e+00
1.105339438705246646e+00
1.083546118908543576e+00
1.075958600892970685e+00
1.044941010480314070e+00
1.035294476366278138e+00
1.009764347345426305e+00
1.005452614009656243e+00
1.000000000000000666e+00
1.000000000000000666e+00
1.000000000000000444e+00
1.000000000000000000e+00
1.000000000000000000e+00
1.000000000000000000e+00
9.999999999999993339e-01
9.999999999999990008e-01
9.837338175264676021e-01
9.596866919435295129e-01
9.316587440798752562e-01
9.202362492332938348e-01
8.884457905755342999e-01
8.736365070117539933e-01
8.282620879695837823e-01
8.119440510295621305e-01
7.858102051778148578e-01
7.744602010183448959e-01
7.477426071820695297e-01
7.369386407050367849e-01
7.193176760174898599e-01
6.791384967615143875e-01
6.386951900073885025e-01
6.159863746162534959e-01
5.866560778514475771e-01
5.608394126302459481e-01
5.318244578170138182e-01
5.082238508137192357e-01
4.544050989273457075e-01
4.108690016481043594e-01
3.905473777744905561e-01
3.832046468559356933e-01
3.358584608048791331e-01
2.951474182807808377e-01
2.735294808241960918e-01
2.707867303882438570e-01
2.554183160719118439e-01
2.154608419721948387e-01
1.821986045872465432e-01
1.476876338040163938e-01
9.164271958240544080e-02
6.526317317753796421e-02
4.678467841755319656e-02
2.278804422457948731e-02
4.252883231154855510e-03
