# Singular values
6.311929350985165499e+00
5.508478586708663194e+00
5.089077656720421672e+00
4.941629188084314173e+00
4.878159032964199504e+00
4.621417053060652869e+00
4.605314116739528174e+00
4.467196220578686372e+00
4.429681355201254611e+00
4.400004710498548910e+00
4.299096142183482350e+00
4.178497179749298240e+00
4.085015089753163409e+00
3.999999999999999112e+00
3.993403605136247148e+00
3.938205396471956998e+00
3.794678591138052060e+00
3.728439618110467091e+00
3.700268799119522889e+00
3.678356902925627558e+00
3.634069169657218268e+00
3.585215691197300103e+00
3.562948033305898932e+00
3.499049868886315195e+00
3.460467204752006420e+00
3.425188837681154563e+00
3.335777934387487598e+00
3.315785451785189686e+00
3.267290882693111076e+00
3.249009137062992103e+00
3.248082588801466386e+00
3.141919677437549741e+00
3.125115076165785766e+00
3.073816346225485940e+00
3.026161059888450300e+00
3.010160199499972933e+00
3.006399885665409499e+00
3.000000000000002220e+00
3.000000000000000444e+00
3.000000000000000000e+00
2.999999999999999112e+00
2.999999999999998224e+00
2.999999999999997335e+00
2.999999999999994227e+00
2.993195097391464277e+00
2.962014546323025410e+00
2.922382439626709960e+00
2.913557156704290829e+00
2.892200840521709893e+00
2.866763862890029824e+00
2.861274298918046188e+00
2.732363023367981203e+00
2.650840711338951827e+00
2.650218573633146502e+00
2.605318625205675698e+00
2.487966657271928561e+00
2.438131376704770759e+00
2.406118138808945872e+00
2.385022718139475639e+00
2.340526362219706780e+00
2.336596001999800443e+00
2.329102184567662714e+00
2.313590169370978611e+00
2.303020356228822507e+00
2.295607702455472410e+00
2.149794510403554959e+00
2.118302792340457597e+00
2.083346138508254786e+00
2.059229955285013958e+00
2.058432333086731791e+00
2.000000000000000888e+00
2.000000000000000000e+00
2.000000000000000000e+00
1.999999999999999112e+00
1.999999999999999112e+00
1.999999999999998002e+00
1.989973388659907583e+00
1.925268787845160867e+00
1.872383510542839913e+00
1.819247293960892797e+00
1.783598031029523412e+00
1.752408093873512263e+00
1.721262772621190873e+00
1.629914388763779254e+00
1.599703479601018996e+00
1.565817497946931036e+00
1.553558726211089258e+00
1.535718615032501511e+00
1.518931352453574357e+00
1.449379007838160316e+00
1.425775339560361399e+00
1.346533047932040317e+00
1.321747228907916849e+00
1.314773580277025067e+00
1.248969452154481630e+00
1.218833350062695553e+00
1.117742182952229157e+00
1.076684753924260329e+00
1.000000000000000666e+00
1.000000000000000444e+00
1.000000000000000444e+00
1.000000000000000444e+00
1.000000000000000444e+00
1.000000000000000222e+00
1.000000000000000222e+00
1.000000000000000222e+00
1.000000000000000222e+00
1.000000000000000222e+00
1.000000000000000222e+00
1.000000000000000222e+00
1.000000000000000222e+00
1.000000000000000222e+00
1.000000000000000222e+00
1.000000000000000222e+00
1.000000000000000222e+00
1.000000000000000222e+00
1.000000000000000222e+00
1.000000000000000222e+00
1.000000000000000222e+00
1.000000000000000000e+00
1.000000000000000000e+00
1.000000000000000000e+00
1.000000000000000000e+00
1.000000000000000000e+00
1.000000000000000000e+00
1.000000000000000000e+00
1.000000000000000000e+00
1.000000000000000000e+00
1.000000000000000000e+00
1.000000000000000000e+00
1.000000000000000000e+00
1.000000000000000000e+00
9.999999999999997780e-01
9.999999999999997780e-01
9.999999999999997780e-01
9.999999999999997780e-01
9.999999999999997780e-01
9.999999999999997780e-01
9.999999999999997780e-01
9.999999999999997780e-01
9.999999999999997780e-01
9.999999999999997780e-01
9.999999999999997780e-01
9.999999999999995559e-01
9.999999999999991118e-01
9.583880936776290049e-01
9.540078971063314928e-01
8.883661990741484882e-01
8.841932826755826147e-01
8.810777362140124191e-01
8.548190419354187997e-01
8.274669397567211426e-01
8.215903861159676858e-01
7.935764695421977377e-01
7.719238835989103986e-01
6.941553559995110589e-01
6.665196122090738529e-01
6.385579559454437337e-01
6.119746048290561902e-01
6.100810496468760391e-01
5.826225271595891764e-01
5.718301098344747979e-01
5.328492608213608595e-01
5.303347326918661508e-01
5.096745469803091177e-01
4.740152080173301585e-01
4.455601011291705493e-01
4.054649968600238519e-01
3.972931348540019170e-01
3.515128549958708715e-01
3.330515689346001396e-01
3.142260557373734997e-01
3.074828034546206457e-01
2.981655064447139014e-01
2.552552734706907134e-01
2.538366427520364343e-01
2.389840916211377064e-01
2.038285697403427743e-01
1.972169460836953048e-01
1.393159273949341748e-01
1.382385434862096751e-01
1.141957952632967205e-01
8.585048399144558362e-02
9.973100556970183883e-03
