# Singular values
2.272806983223845023e+01
1.242482205445440258e+01
1.218813992262182211e+01
1.148008694170546029e+01
1.021395513315723491e+01
9.306650923149581089e+00
8.563907829392663373e+00
8.545790298663042961e+00
8.378637350515059978e+00
8.234890998716851485e+00
7.717575265667204754e+00
7.569543151263284031e+00
7.558906618016672851e+00
7.315799806613340728e+00
7.229731001606167773e+00
7.070693505529937362e+00
6.920051667285671115e+00
6.863212335384499596e+00
6.694260710303133521e+00
6.650370865399738207e+00
6.599724682216448812e+00
6.568150996670790498e+00
6.473385568999559858e+00
6.199850385761934923e+00
6.144932801162217295e+00
5.994792201946396837e+00
5.934218869359281001e+00
5.752779960031204176e+00
5.720399867638777280e+00
5.696823950310503371e+00
5.582103395861887307e+00
5.559419439796931428e+00
5.467107053686377505e+00
5.338687893382403793e+00
5.328722910136796109e+00
5.179437615062239431e+00
5.081209125127283954e+00
5.054316127985988061e+00
4.938671908217452611e+00
4.760869544915393270e+00
4.736914335034648538e+00
4.654353851149221732e+00
4.590657433735771065e+00
4.532601397663740705e+00
4.415167794155732572e+00
4.370159463005022005e+00
4.349381732970615921e+00
4.265386777175162791e+00
4.254336003097571428e+00
4.254094957282598344e+00
4.166315661911631274e+00
3.975141751391336964e+00
3.949479580823466396e+00
3.920540644702832811e+00
3.876779852455759734e+00
3.826895508481932939e+00
3.812439512897761507e+00
3.656667949957248975e+00
3.615024580714837121e+00
3.611002370989494281e+00
3.558734602669847202e+00
3.546620668373761109e+00
3.488795534962438438e+00
3.386104596446400716e+00
3.341031588321830448e+00
3.309817098740737151e+00
3.283684320821517399e+00
3.280057171076672162e+00
3.158081849615582914e+00
3.153091803381804947e+00
3.059216448376846476e+00
3.025074923408583416e+00
3.017921424512369555e+00
2.911401061762911358e+00
2.898524464983940341e+00
2.825510083095329250e+00
2.797991142167343792e+00
2.762192688131260621e+00
2.701320558977270636e+00
2.692107116842887393e+00
2.634172409617312915e+00
2.573286119957073570e+00
2.572884396117246730e+00
2.502399264610770224e+00
2.498422514684623952e+00
2.457116742651590968e+00
2.456624652383306184e+00
2.394959703842181042e+00
2.389013640665026195e+00
2.306589819032967448e+00
2.280638021363554202e+00
2.274947940677106484e+00
2.211652846114877669e+00
2.130425238886321182e+00
2.119322915111869765e+00
2.096749718974993737e+00
2.062041725024629901e+00
2.046685638267117024e+00
2.005312144457153778e+00
1.947743145410786747e+00
1.897369472573301019e+00
1.882569187039492720e+00
1.853937672067143216e+00
1.841507989067867612e+00
1.799456955929311874e+00
1.790009589355030073e+00
1.770750011251184697e+00
1.755833233545426308e+00
1.719781213410987331e+00
1.674790075054670924e+00
1.673810629663295080e+00
1.645098099699247252e+00
1.584329603254302388e+00
1.582762073419432092e+00
1.512027776480583841e+00
1.496157019158170565e+00
1.463220349535997222e+00
1.457514257553079950e+00
1.415513177830915570e+00
1.365201718640872919e+00
1.325891614609159719e+00
1.322140138499395157e+00
1.289800320961180358e+00
1.277556604383617733e+00
1.223539933189815132e+00
1.217498096221188097e+00
1.166014569617639385e+00
1.163608448433826492e+00
1.160778791537615096e+00
1.125929623467251117e+00
1.120488961599062749e+00
1.114236244962960587e+00
1.067040215315462115e+00
1.030155577410665435e+00
1.029160042380708351e+00
9.915947057786667074e-01
9.627902845119509223e-01
9.483968475178046198e-01
9.382176838530372764e-01
8.887350160264680943e-01
8.832273334189487679e-01
8.499619744464408377e-01
7.948820912399418015e-01
7.923208037810453019e-01
7.803018842300276647e-01
7.533803504887374158e-01
7.345885170376679207e-01
7.084513257791861252e-01
6.675655140935733423e-01
6.472334184147563452e-01
6.350232954321133327e-01
6.051137539345344818e-01
5.813325993818080351e-01
5.609198882505322947e-01
5.601633439389899216e-01
4.849831282639538443e-01
4.697414762831144119e-01
4.514984471402357369e-01
4.322216114526363229e-01
4.176815398887991915e-01
3.748117196412521501e-01
3.469341015098362790e-01
3.362338194625261178e-01
3.246540415060974460e-01
3.030615637140740004e-01
2.497885862946144508e-01
2.467927713090327935e-01
2.068811039410458907e-01
1.950658468953486990e-01
1.813587385417266828e-01
1.454534583729318042e-01
1.387083833095797136e-01
1.338892536561688273e-01
1.160862904839655013e-01
6.475623025527024734e-02
4.373957546157129783e-02
1.807578328167410917e-02
2.842827381761660506e-03
