# Singular values
1.435768002291174916e+01
9.606006490348354632e+00
8.708736405104476219e+00
8.280156638504012179e+00
8.152022817184812808e+00
7.740499640687244387e+00
7.440930979322139649e+00
7.400854771675971833e+00
7.152554088370106200e+00
6.661867264619085738e+00
6.560561472794259608e+00
6.337086608383311059e+00
6.292321557604070748e+00
6.106532413114510227e+00
6.008649157332658142e+00
5.985975988671452974e+00
5.922619010925008531e+00
5.573259567517664159e+00
5.405814705901457629e+00
5.400515612979193136e+00
5.303377434067244600e+00
5.277966426022170587e+00
5.085484783624635519e+00
5.042211746217277302e+00
5.020345751573612958e+00
4.982120215661151263e+00
4.833274103201377514e+00
4.773913807464751358e+00
4.758903719877480398e+00
4.706596260683971522e+00
4.510927647565293519e+00
4.502200363797571825e+00
4.493171585374566845e+00
4.470944950846016397e+00
4.303906159100989726e+00
4.247908258932276304e+00
4.216219637842624657e+00
3.989642355209830349e+00
3.972714851927462654e+00
3.954187853806506947e+00
3.922303646018729051e+00
3.883480044113753138e+00
3.807849846445999553e+00
3.790187978527695289e+00
3.716136047212467375e+00
3.682052612532152214e+00
3.663489273809958480e+00
3.606677800593738770e+00
3.478751527890688422e+00
3.448012206727087747e+00
3.433830422509975389e+00
3.402466681699012341e+00
3.375992930815838733e+00
3.298291325192687307e+00
3.239792617851648071e+00
3.219608579880841592e+00
3.207232573363070216e+00
3.137302937460428875e+00
3.094617311860099917e+00
3.060000151439832283e+00
3.048211926800680427e+00
3.003933089671432022e+00
2.965844097938181712e+00
2.875949034160119488e+00
2.866516511664711331e+00
2.814343549262789956e+00
2.809472624086215564e+00
2.762826655712628199e+00
2.710981678282064156e+00
2.701755104347798753e+00
2.677875613175373815e+00
2.627529844449238094e+00
2.575093005327343754e+00
2.536023195019864840e+00
2.475527067521582580e+00
2.462330918350584152e+00
2.444561507800192768e+00
2.419069734466170907e+00
2.397285857812391008e+00
2.393351594656106140e+00
2.332586627257591250e+00
2.295118541352262564e+00
2.292342155848371199e+00
2.256439527666939782e+00
2.202078023278756458e+00
2.173238196400546940e+00
2.166153009243247052e+00
2.142094918036781870e+00
2.083193677392472409e+00
2.051765215938772702e+00
2.047669105177329474e+00
1.988395742861690962e+00
1.977936407945761532e+00
1.946100189867328023e+00
1.918926011960857769e+00
1.874500700794474728e+00
1.866281726682056163e+00
1.861997815897820763e+00
1.806995963687655582e+00
1.788135647871576861e+00
1.762846516455475854e+00
1.705388007558166219e+00
1.699991119927115824e+00
1.662512330239423353e+00
1.639099792215072071e+00
1.619097556745923150e+00
1.595174588299398399e+00
1.519780136574128138e+00
1.513602931406999419e+00
1.494454354263642148e+00
1.485283365932312138e+00
1.463878155282525295e+00
1.460980306877188051e+00
1.436650941965549766e+00
1.387178123610736336e+00
1.377366532911792563e+00
1.314435608647238407e+00
1.293389113563139459e+00
1.273582008502520679e+00
1.262620397780266135e+00
1.218402221358039661e+00
1.214324865359142747e+00
1.199288880011612157e+00
1.147340892850331917e+00
1.137318623539261386e+00
1.136898768601916077e+00
1.099254999215125261e+00
1.089679059313442444e+00
1.044461460318391932e+00
1.021162052805783205e+00
1.017785934457905883e+00
1.001608308556195537e+00
9.870702226954192193e-01
9.571652384458052554e-01
9.294045248605089515e-01
8.840835306496357404e-01
8.838725138224937661e-01
8.666726000899739324e-01
8.516223521678087938e-01
8.434363436509209055e-01
8.102115170000324662e-01
7.884870555357086364e-01
7.581624221970131305e-01
7.484886577387170892e-01
7.308723772969277777e-01
7.199267927877893714e-01
6.947629185447374844e-01
6.939358887982016721e-01
6.452136204102161265e-01
6.422069528049897391e-01
6.060065105049021739e-01
5.915727875324878759e-01
5.627261594166109715e-01
5.538220305410883615e-01
5.004220456897320313e-01
4.988568315685713572e-01
4.881018642109383188e-01
4.696081376591956236e-01
4.386438619434390174e-01
4.385475984362826041e-01
4.134487878769856906e-01
3.797672883044001524e-01
3.797295907553173144e-01
3.723223882261150752e-01
3.623328074084936623e-01
2.895423963316711702e-01
2.832228643629238207e-01
2.604155429542795441e-01
2.346363925218848956e-01
2.230245936057962397e-01
2.042412351233921508e-01
1.973693015627741576e-01
1.755656241640573823e-01
1.728673482011882645e-01
1.227528397894991213e-01
1.226938560124061356e-01
1.087558570927795731e-01
8.886171252998319170e-02
8.672559795562456708e-02
6.589493876236193759e-02
3.671104646167557689e-02
2.930745627105366471e-02
2.589869077193891755e-02
8.297672525305358968e-03
