# Singular values
1.326958082235892178e+01
9.486439023484358302e+00
8.799720991758080757e+00
8.334406789508854274e+00
8.247728585757828412e+00
7.689465177162049692e+00
7.536931214172430060e+00
7.249302126207466834e+00
6.923070454554744124e+00
6.889487431767199688e+00
6.865000234220556941e+00
6.775438329896557477e+00
6.716753519290028507e+00
6.570738764391778730e+00
6.527577495061723134e+00
6.337120726935518533e+00
6.311884951814285216e+00
6.189847279767182187e+00
6.004232309381593247e+00
5.967467566446030602e+00
5.954094036682539226e+00
5.936274994918670167e+00
5.747917848601391100e+00
5.698803428239322955e+00
5.617604628104354347e+00
5.572183880924299615e+00
5.477188290149202388e+00
5.427805258224672968e+00
5.416493714438392892e+00
5.333922589283490723e+00
5.280339802611980993e+00
5.259282042015556158e+00
5.225662470022415462e+00
5.149339476733008070e+00
5.047186279081876670e+00
5.000754194173147482e+00
4.947985203721064984e+00
4.945525330672897901e+00
4.886569034894963970e+00
4.858047978206066375e+00
4.838434696715551375e+00
4.816202102341590852e+00
4.793011769456809290e+00
4.749100788845930232e+00
4.700178470499555061e+00
4.697073130157635390e+00
4.631142917545191473e+00
4.627879855787982777e+00
4.570932651627799714e+00
4.509680033093730778e+00
4.475076315842959396e+00
4.449276613521863766e+00
4.388434713087168149e+00
4.367839454604857785e+00
4.336121207603995664e+00
4.326606116158248305e+00
4.310456089580952721e+00
4.278667236692540676e+00
4.259072517751381959e+00
4.221324336539944433e+00
4.191271918022395404e+00
4.166097788263222412e+00
4.149543062276033645e+00
4.138308942966037129e+00
4.065311951575905525e+00
4.048156985393888796e+00
4.018399013780035389e+00
4.011320435025345965e+00
3.982617947372856460e+00
3.974122175310986993e+00
3.946102212515854024e+00
3.911050436850097345e+00
3.899319653431291943e+00
3.855607202762155961e+00
3.844705928688716856e+00
3.808285993322764629e+00
3.792141290632301764e+00
3.738921124859679423e+00
3.731126939766633566e+00
3.662476782574189293e+00
3.653581020604547813e+00
3.630434178611202434e+00
3.609990039163065489e+00
3.595925948112056236e+00
3.593360004740733693e+00
3.581013492015706401e+00
3.523433737720505832e+00
3.488453384265823409e+00
3.475434463707481658e+00
3.439134727950198478e+00
3.406761980969440273e+00
3.396426029217928022e+00
3.394205449666900964e+00
3.393474722913762065e+00
3.335806155024199526e+00
3.331567677212107892e+00
3.328027980095840999e+00
3.238943820706014609e+00
3.231206118002185601e+00
3.217038669183357680e+00
3.206973394559367030e+00
3.179354230501894918e+00
3.173563386429467670e+00
3.137467627385415181e+00
3.136905195664482893e+00
3.103678507068875714e+00
3.092994090847279054e+00
3.072766181828900933e+00
3.019056051225829762e+00
3.005076656033945692e+00
3.004681701449301912e+00
2.986578362553180543e+00
2.983800006710530806e+00
2.948822663330715521e+00
2.948254123018830164e+00
2.933386645693007555e+00
2.922997485048728361e+00
2.904413893491316845e+00
2.902203536879369050e+00
2.870426003005697169e+00
2.840677603062732537e+00
2.836254901946859253e+00
2.815306715593996589e+00
2.805644254531094006e+00
2.787910822517293052e+00
2.763450429136752984e+00
2.745768987107581438e+00
2.733169638076846653e+00
2.711484769911485238e+00
2.699602938605987656e+00
2.674634880096495859e+00
2.666229066001637005e+00
2.650562749701771637e+00
2.605651605451816177e+00
2.589528160585566230e+00
2.584181228313358059e+00
2.569732255218195149e+00
2.547543211766487570e+00
2.547454859351206746e+00
2.540862482785563703e+00
2.539964346243321458e+00
2.511522533442998917e+00
2.489663770153785372e+00
2.462714519143308411e+00
2.451612909880054314e+00
2.418477807676429503e+00
2.415069777472537815e+00
2.401577657961387668e+00
2.392462204241706747e+00
2.390950729072680137e+00
2.386929292219063026e+00
2.357880970327243197e+00
2.312642272946793920e+00
2.296727737797446434e+00
2.290342882048476358e+00
2.271228266657387085e+00
2.263299191957247380e+00
2.247487593466081623e+00
2.221865663918978218e+00
2.190222280747543326e+00
2.176248853106917291e+00
2.172828961739921017e+00
2.160102560038123620e+00
2.158912351795537088e+00
2.143683748855539140e+00
2.128397707633018943e+00
2.122905062833433831e+00
2.114492670975037569e+00
2.095420521797952684e+00
2.083658602283730676e+00
2.062069911284059476e+00
2.055264078349293033e+00
2.029917939895522494e+00
2.015146984881209580e+00
2.001907785104632076e+00
1.985678251040761788e+00
1.973279969952255630e+00
1.970032339367282059e+00
1.936788952642613415e+00
1.917457200425027875e+00
1.912319906049105844e+00
1.905196713530161068e+00
1.886147852537110037e+00
1.861997780222085952e+00
1.860798042432713739e+00
1.839916078239868247e+00
1.839863685670967142e+00
1.836032989096933798e+00
1.811458535774152834e+00
1.805446995339874183e+00
1.787873021346643165e+00
1.773183021475273513e+00
1.760992031655537637e+00
1.757234134571868944e+00
1.749817021342104040e+00
1.736642184584990645e+00
1.723831813605047669e+00
1.699410235457652130e+00
1.689773448485264673e+00
1.674005586184152294e+00
1.664282204506005280e+00
1.642564768955212529e+00
1.637982503580634575e+00
1.623030403825949541e+00
1.615837078099745083e+00
1.596084388160712075e+00
1.584007211775466661e+00
1.565985973133572573e+00
1.554091746631818705e+00
1.539383546600494146e+00
1.537517582268673078e+00
1.529768546473891488e+00
1.527994757028608319e+00
1.493395769665518458e+00
1.492672844261534015e+00
1.487405044347061667e+00
1.477639745746706312e+00
1.456185994968911768e+00
1.436787139140363712e+00
1.422705923127215000e+00
1.413683762752866224e+00
1.394892835820743970e+00
1.387222597518241507e+00
1.382988397177643103e+00
1.374522946999029438e+00
1.369801501773292518e+00
1.348233082098328151e+00
1.337120185551746054e+00
1.319956773825161411e+00
1.314675829944611074e+00
1.314493422234246367e+00
1.289028236958663864e+00
1.266339192715009387e+00
1.246654003774643416e+00
1.239691659797159007e+00
1.234582156628205363e+00
1.214684525467568221e+00
1.210438977796884030e+00
1.192313860568143369e+00
1.179055941937286800e+00
1.174474847777078779e+00
1.171771789790110763e+00
1.159790584053635332e+00
1.145426076336548249e+00
1.137302824260401080e+00
1.128493037029756563e+00
1.122756063433187679e+00
1.096801031190621556e+00
1.091083621096385903e+00
1.075748889907353734e+00
1.069547678010726033e+00
1.062928365399516073e+00
1.038781420602044703e+00
1.037827729371719965e+00
1.031142423655613927e+00
1.006666007817689446e+00
1.001542979071282646e+00
9.989367005948750489e-01
9.955233208936173916e-01
9.917705906520886128e-01
9.815127173351735346e-01
9.563707903149787359e-01
9.557771617902520722e-01
9.439602213373462503e-01
9.289607002407659353e-01
9.094210596721034046e-01
9.086029016247826329e-01
9.047254343035531221e-01
8.974735670266473786e-01
8.840335034677192505e-01
8.783545755773876085e-01
8.635668539954550749e-01
8.498463896737540324e-01
8.368026677513983325e-01
8.260343465057347068e-01
8.242755070351931446e-01
8.170970403160690010e-01
8.011971803874275988e-01
7.944546860348210560e-01
7.632847412443179991e-01
7.619139997777150120e-01
7.549133347750688339e-01
7.421330140163712175e-01
7.395960397821569332e-01
7.323730493181332957e-01
7.083936561598069837e-01
6.966905796631966963e-01
6.933063957810184919e-01
6.875618472587926577e-01
6.859526484377358457e-01
6.592449238289396218e-01
6.520105088701654283e-01
6.440055924896680439e-01
6.331308126021025773e-01
6.203557980437486297e-01
6.135539791054457348e-01
6.036762463300009429e-01
6.004196975194656671e-01
5.929079620194779299e-01
5.844021410842721309e-01
5.806833538522405691e-01
5.550753175171606602e-01
5.386263016098515877e-01
5.236206437047473683e-01
5.215092082674368523e-01
5.117250991946499239e-01
5.074420361005232971e-01
4.985996677210546291e-01
4.901768816371547821e-01
4.794043728445325225e-01
4.697524311677063746e-01
4.680119040409323472e-01
4.560340442084733215e-01
4.438074556506030888e-01
4.317881625414036750e-01
4.308824672912420772e-01
4.237914855876869225e-01
4.233328220769050909e-01
4.152609369577797138e-01
4.012640253385627020e-01
3.955700000270084837e-01
3.727116058010748190e-01
3.677577031751368963e-01
3.552865886389050543e-01
3.485376198275352277e-01
3.452344943833133284e-01
3.397224087466138576e-01
3.337084745004746944e-01
3.172571892568433749e-01
3.128638680097759472e-01
3.023121253275858900e-01
2.904004154110494951e-01
2.766734600007495493e-01
2.756956293476849895e-01
2.619621759908811742e-01
2.453052999025403802e-01
2.438449064795991106e-01
2.268190627520514646e-01
2.176947644258747649e-01
2.122959490811013317e-01
2.046349963883651868e-01
2.037266328348134037e-01
2.002866934147764510e-01
1.884972108038810990e-01
1.873785272089664167e-01
1.769063011491454895e-01
1.696006740337361596e-01
1.692563522014265409e-01
1.523312633996254939e-01
1.421335341843192879e-01
1.346856290217910701e-01
1.312184214540866312e-01
1.159491210069230199e-01
1.132962176093998130e-01
1.126308183031468069e-01
1.106788437381472506e-01
9.182396051024740991e-02
8.191271856069848312e-02
7.629210453939881675e-02
6.223583353497990495e-02
5.742510364908896825e-02
5.062116269324614531e-02
4.637237085044908919e-02
4.458955054757782893e-02
3.761971542637104066e-02
3.439031178009139406e-02
3.394197926902848411e-02
2.690797960720537133e-02
2.485553587835780120e-02
1.437591944217831222e-02
5.394851658157132947e-03
1.412581424922786620e-03
