# Singular values
1.720957912494521835e+01
9.338983726121826479e+00
9.047672242096599149e+00
8.006357810997194235e+00
7.932634567690626248e+00
7.327887807654142271e+00
7.016215463074559011e+00
6.667581189853573953e+00
6.535418747371264381e+00
6.392559290531699467e+00
6.095742391243290648e+00
5.948691974754407141e+00
5.945938371051544102e+00
5.655603865134445130e+00
5.430136612633794435e+00
5.408948468118561337e+00
5.400306864438736199e+00
5.121734793537815023e+00
4.991470700432780738e+00
4.938797080955737329e+00
4.901535377426288420e+00
4.751924481275304757e+00
4.669541903864867116e+00
4.666144006592033655e+00
4.553264564788913837e+00
4.551969072370803282e+00
4.496105002441804999e+00
4.416418185147156450e+00
4.380667955496750920e+00
4.335246261258489220e+00
4.284548013460203642e+00
4.220832394984416425e+00
4.176720221808794875e+00
4.111464285124576179e+00
4.061031126218503928e+00
4.046614016333946573e+00
3.920021783537563920e+00
3.905014722435403929e+00
3.802815036399237236e+00
3.792744771847116336e+00
3.710862716630893399e+00
3.669924803396447111e+00
3.572067800208007959e+00
3.494921609341659963e+00
3.481399722812647202e+00
3.446382691701890266e+00
3.402994893547573785e+00
3.361316681282933150e+00
3.326313258006709184e+00
3.294615321822025322e+00
3.231985379529188407e+00
3.193658404582172317e+00
3.153222314208594668e+00
3.111753655353565851e+00
3.035205395290489161e+00
3.015351100902134540e+00
2.982658564401782009e+00
2.946172671463616943e+00
2.904806255237428303e+00
2.869617925555170590e+00
2.868379887986958643e+00
2.848289236449041528e+00
2.835120096780427534e+00
2.801877527163100012e+00
2.732711497017372704e+00
2.684369703921698491e+00
2.635327518386545442e+00
2.620917187402378001e+00
2.613369688155362525e+00
2.569449084549123352e+00
2.556491656563245396e+00
2.530454582873039371e+00
2.455270960284521298e+00
2.450427430753916003e+00
2.424762836475154781e+00
2.383210373337789623e+00
2.364433024206276102e+00
2.359307560352749800e+00
2.344194943797349051e+00
2.269498412947226651e+00
2.263609589206387884e+00
2.223505616242748228e+00
2.170374081269859978e+00
2.165977758280917875e+00
2.153150440560537060e+00
2.130263590620893766e+00
2.110378418932902012e+00
2.089840655480851961e+00
2.052562181180460410e+00
2.043066423797992304e+00
2.000000000000000000e+00
1.988247602625644372e+00
1.949212477320921844e+00
1.896087831666788626e+00
1.875279920570813053e+00
1.846793922964596213e+00
1.821583533955357881e+00
1.803843888689319552e+00
1.773473744392328522e+00
1.758458793874638326e+00
1.728658897917725312e+00
1.712873613663027372e+00
1.697687557723793539e+00
1.661229210253431843e+00
1.653644900135431639e+00
1.626041753913315846e+00
1.599460581399513082e+00
1.586420848400414085e+00
1.575920796490690501e+00
1.548066854930772562e+00
1.547698499385534054e+00
1.515642554972751022e+00
1.492662452252492944e+00
1.488274277440430504e+00
1.451231219419778729e+00
1.409822443543361725e+00
1.392489891211114994e+00
1.376207871645107828e+00
1.346668920397946945e+00
1.327512095463766473e+00
1.317557974559625755e+00
1.281113644909154470e+00
1.264213800439607072e+00
1.235402128521463361e+00
1.211756210839211478e+00
1.193471488769024091e+00
1.180591948532083491e+00
1.152225208306820958e+00
1.127932786725836634e+00
1.119259274527351744e+00
1.107208117605075648e+00
1.064477428780396639e+00
1.034388865762872811e+00
1.022995806596700197e+00
1.018521046016216625e+00
9.846098380989141141e-01
9.446862333799589395e-01
9.318560627230370041e-01
9.227896744905127457e-01
9.226643917931677263e-01
8.937849625718055080e-01
8.933835289359149945e-01
8.528888215428505060e-01
8.520811109447539167e-01
8.271530510350475485e-01
7.969018371959405433e-01
7.902611208988633562e-01
7.775221657832330768e-01
7.676417070120724606e-01
7.496873784551264519e-01
7.356602830608977017e-01
6.852528634333000523e-01
6.706507122531653042e-01
6.689948316934790640e-01
6.631695143838673978e-01
6.173238638457899663e-01
5.973947944076061223e-01
5.793560225731856361e-01
5.704232695864412950e-01
5.344950945243960305e-01
5.231357113004494463e-01
4.915944635485522407e-01
4.807840218590888615e-01
4.640055667663832706e-01
4.542261508375367574e-01
4.514124465260317409e-01
4.320564255314266466e-01
4.074221947977643143e-01
3.844225495652404123e-01
3.839317966503866808e-01
3.577497559909883496e-01
3.230926048728395283e-01
3.077038011886042979e-01
3.016788590149188098e-01
2.912541068900327823e-01
2.734912346144463546e-01
2.687091260721429786e-01
2.376284172092844871e-01
2.307986139420469540e-01
2.219472147602653822e-01
2.096530816381053097e-01
1.984487166900984478e-01
1.785858037807276644e-01
1.683709759368775261e-01
1.504400022613119059e-01
1.417251196284217973e-01
1.096888748764461990e-01
1.071873617571953013e-01
1.060395459526778106e-01
9.234888501710387942e-02
8.772807602147808526e-02
8.071528069874744915e-02
6.843771540432617984e-02
5.947332579795024110e-02
4.953628863436729257e-02
4.441764477008416923e-02
3.503426018249167911e-02
3.129302442095416997e-02
2.711969314964072716e-02
1.751722959061442417e-02
1.313355472295286812e-02
6.083694390139751185e-04
