# Singular values
9.511178430566145536e+00
7.602878737218230043e+00
6.519579709922031618e+00
6.183153539421972766e+00
5.986758693081433158e+00
5.698811274435714225e+00
5.686752318269409301e+00
5.404362664026428398e+00
5.388719002696571891e+00
5.247698555574698887e+00
5.188482781204860395e+00
5.131850233444156473e+00
5.032009847636373046e+00
5.026303470243642657e+00
4.811608302319042352e+00
4.784555723184822362e+00
4.667454557364361989e+00
4.574600603063653459e+00
4.495965612003153922e+00
4.389143009323746902e+00
4.372317134294630314e+00
4.254490617776983896e+00
4.212112288493782053e+00
4.123684962145730104e+00
4.120667973709280396e+00
4.043521247785160533e+00
4.019353716055247716e+00
4.004455690863516715e+00
3.857158018476114947e+00
3.846051042640854956e+00
3.785170805110417369e+00
3.773251581329748916e+00
3.677267702625686585e+00
3.610009686164205700e+00
3.604792414098632936e+00
3.547698256513847070e+00
3.529713419349831849e+00
3.473268182829301942e+00
3.373730186002898535e+00
3.357987925581871647e+00
3.330843303725906424e+00
3.292508211224766335e+00
3.235592643796195933e+00
3.228932463747931081e+00
3.184004617909509616e+00
3.109901247340014052e+00
3.079025653708999055e+00
3.063606629993468999e+00
3.018580960867203178e+00
3.004920242192011592e+00
2.919969975377274984e+00
2.911884650690594878e+00
2.863245116889747699e+00
2.856328826335251314e+00
2.802266287677865453e+00
2.799911214291451955e+00
2.769080987074768796e+00
2.717978780370448710e+00
2.683460417182455426e+00
2.680988369929335757e+00
2.635776549396795509e+00
2.616284666523331470e+00
2.616229553414496145e+00
2.571509716144002144e+00
2.566520684472946012e+00
2.471263871379365984e+00
2.462573459121466524e+00
2.426146462277748661e+00
2.368968451888402882e+00
2.358123763424558206e+00
2.317975554941338778e+00
2.292242404628101138e+00
2.277023234560367815e+00
2.260820488773116921e+00
2.211969505664756142e+00
2.176983030055509083e+00
2.163841402505466860e+00
2.156247947702278456e+00
2.127821954232864687e+00
2.119610715958990088e+00
2.073030119470882227e+00
2.071564568292737274e+00
2.059371167786773871e+00
2.010202451964835380e+00
1.999999999999997335e+00
1.966970163112881309e+00
1.950052924413544497e+00
1.915084218371588376e+00
1.910569672812238107e+00
1.900016432764251695e+00
1.895218544912833369e+00
1.876691924653870469e+00
1.846053105043502729e+00
1.825160597616758196e+00
1.793994103871972889e+00
1.770484997723280385e+00
1.756101964927859527e+00
1.714356574411042722e+00
1.705350343502586519e+00
1.672236020594153771e+00
1.667498475883510745e+00
1.639041884638161584e+00
1.630681454382630680e+00
1.618445578133441698e+00
1.608152727612268684e+00
1.549707051675867087e+00
1.521979879891270038e+00
1.511078049585641736e+00
1.485960456526409734e+00
1.478082474896049936e+00
1.463634377563253430e+00
1.447081821580317396e+00
1.413235031129150832e+00
1.400076116313986097e+00
1.370384991925932994e+00
1.362347641737614579e+00
1.351126103124426603e+00
1.310435087582060287e+00
1.310058583925892917e+00
1.295810958736055118e+00
1.289968410969910106e+00
1.246304488317398373e+00
1.243789015793555830e+00
1.234296391460228071e+00
1.223644296526695374e+00
1.190359723452965701e+00
1.180239351761164235e+00
1.157323486167770366e+00
1.145320053806792249e+00
1.144618012120883765e+00
1.119864322465343287e+00
1.114770694482243307e+00
1.049421447927404216e+00
1.048595974777022377e+00
1.024711990094393288e+00
1.010995342767771810e+00
9.752433930940159756e-01
9.726661564727883125e-01
9.418140399990657663e-01
9.042314238991725484e-01
8.863610665030897673e-01
8.820456847568494130e-01
8.672141178207072310e-01
8.572379459138941282e-01
8.448457215807045895e-01
8.185416604761185377e-01
8.036076291162383978e-01
7.850270382691895144e-01
7.799689029425959097e-01
7.669368637716275083e-01
7.456908934775823283e-01
7.086904596587125793e-01
7.080935492750194404e-01
6.849785153813696681e-01
6.844895469432653590e-01
6.629003321283274408e-01
6.592880816329730331e-01
6.410506416573860111e-01
5.993713797836842661e-01
5.898767352930992525e-01
5.645636261228779151e-01
5.601674911284150182e-01
5.349785393335089179e-01
5.307741748570073970e-01
5.033197008739196399e-01
5.011443976889911056e-01
4.912237838818628854e-01
4.621666951829062620e-01
4.325983111408834292e-01
4.298881148599034141e-01
4.078276997628056955e-01
3.964695379971717171e-01
3.611938353515972144e-01
3.589864081627351933e-01
3.291950505989876263e-01
3.170933704981881984e-01
3.055928722987251711e-01
2.998064254808817108e-01
2.810313690226563521e-01
2.669609540747867049e-01
2.468883484275134765e-01
2.217170144105918284e-01
2.138101998303331697e-01
1.876997342774018029e-01
1.709955952855110317e-01
1.706868571112958866e-01
1.548264760775979465e-01
1.541444716999443021e-01
1.328981535258013380e-01
1.257452717577214607e-01
1.020585099457589073e-01
8.673999229637124886e-02
8.417007478321797409e-02
5.293129837497033419e-02
5.039351714901529194e-02
3.221471394480718287e-02
2.627350252216695270e-02
1.424777556751377627e-02
1.349959016173296437e-02
1.317494797165528466e-04
