# Singular values
8.821139994094071568e+00
6.331408446577949434e+00
5.434103448620515309e+00
5.366590995581379531e+00
5.110105689536490026e+00
4.509620469537658494e+00
4.271578398889088746e+00
4.102557798420464863e+00
4.082845061700057343e+00
3.732612660719925923e+00
3.573577491484006607e+00
3.460925779078704245e+00
3.156630195820911311e+00
3.135672287946238868e+00
3.113240199685686882e+00
2.850286599429611378e+00
2.845462936086216477e+00
2.839906490955466989e+00
2.635741304047359623e+00
2.596656129931098178e+00
2.583852393878788956e+00
2.565687151724225679e+00
2.454002856363679985e+00
2.349811945368519339e+00
2.266134118788296181e+00
2.225524573833873809e+00
2.169500608049863555e+00
2.078146562387462648e+00
1.951056635756966529e+00
1.904046200643844555e+00
1.878376422607645813e+00
1.845468927351319177e+00
1.738879146404061826e+00
1.693020287142985136e+00
1.604506584361961918e+00
1.583196181225583477e+00
1.544712337924980305e+00
1.508682069140856008e+00
1.505012287444490449e+00
1.474781717133576642e+00
1.464886371178362623e+00
1.398482595740566437e+00
1.392845977948282910e+00
1.375383552049662672e+00
1.320305705462008206e+00
1.276117176301550860e+00
1.235924341667422155e+00
1.195523130744472029e+00
1.163435493404573862e+00
1.111912054354997625e+00
1.036140137393253058e+00
9.885072843442324064e-01
9.853216302478310373e-01
9.757762919586289163e-01
9.691084402216905147e-01
9.460984765794636653e-01
9.190666354579828390e-01
8.924365518965576838e-01
8.430457147983804189e-01
8.202787499087054179e-01
7.774679155921503382e-01
7.148843940731699487e-01
6.993646556126393854e-01
6.960000774810578550e-01
6.814530237504586863e-01
6.664897529566095047e-01
6.375081973132449287e-01
6.025936063770511719e-01
5.347382081663953901e-01
5.318690559786314331e-01
4.552539369787538259e-01
4.528590643247249470e-01
4.313498884603276240e-01
3.949764679318564231e-01
3.924372653914779407e-01
3.085004645821866065e-01
2.207266419683238112e-01
