# Singular values
1.354442676931550160e+01
9.248028146357563983e+00
8.593814193058936013e+00
7.875273079271475574e+00
7.829524601411519846e+00
7.159691561914659275e+00
6.938186096456098184e+00
6.726173489944663686e+00
6.602463832747333505e+00
6.448790944785994128e+00
6.410623677764716533e+00
6.148969711734196153e+00
5.970152985220925856e+00
5.902583297135401530e+00
5.751223365509656738e+00
5.703617265478581722e+00
5.571993057894511381e+00
5.477325765972810956e+00
5.411346601563526093e+00
5.326496919919555317e+00
5.155498252777195312e+00
5.087999903730894502e+00
5.066760910686253894e+00
4.905054740321472373e+00
4.881186054533716678e+00
4.739326871347459225e+00
4.679061378901267609e+00
4.665847483690744646e+00
4.647273859524777784e+00
4.620167821425519072e+00
4.570067920968802433e+00
4.552339266001673046e+00
4.511423797926791046e+00
4.499053955237838132e+00
4.451060499586218633e+00
4.415707009658510707e+00
4.353269801586449717e+00
4.340997149818998757e+00
4.305203819941564980e+00
4.249453343186130105e+00
4.224436044158940362e+00
4.201391694423367795e+00
4.185615622531217106e+00
4.112381564719471250e+00
4.061167384796471325e+00
4.046835520358697202e+00
4.000128760041148368e+00
3.951482192395670001e+00
3.943288685080464706e+00
3.918445681902259281e+00
3.822412270909231857e+00
3.769366199369023285e+00
3.726799798657871587e+00
3.717447087726310162e+00
3.683053445475283461e+00
3.665658138127516619e+00
3.622085254276457444e+00
3.617665700199570011e+00
3.578566376132463311e+00
3.534476154048769470e+00
3.517777426314176559e+00
3.475334333416085109e+00
3.466722243450951702e+00
3.421106966270876626e+00
3.388750196262158454e+00
3.386501484985807497e+00
3.360896120134843290e+00
3.358840083041958913e+00
3.336322047762739995e+00
3.264484380136315700e+00
3.250190467803514505e+00
3.249189747986106269e+00
3.205199335546777384e+00
3.196596739894134842e+00
3.186120820412439159e+00
3.183004553904937417e+00
3.135249182550293945e+00
3.126103901507423011e+00
3.102453440561586895e+00
3.029544185201264561e+00
3.012751224749586676e+00
3.008202439564074293e+00
2.976018491929630194e+00
2.958891904478186063e+00
2.949399232674651206e+00
2.922394046965257175e+00
2.914957662800642613e+00
2.866954189383498441e+00
2.838728407918767349e+00
2.835432237763467089e+00
2.818616434567954965e+00
2.812916275631982543e+00
2.770279851161603801e+00
2.765892341499124996e+00
2.739181365511960564e+00
2.722488862535352272e+00
2.689676452408059415e+00
2.658883473094725503e+00
2.654164990964785087e+00
2.648485434260638538e+00
2.621372744818310174e+00
2.578575065754738826e+00
2.572864475891175839e+00
2.571573901950508390e+00
2.548675616842669189e+00
2.484373642644488012e+00
2.471702059575389132e+00
2.466418567356461811e+00
2.445299920831600637e+00
2.443019178385584578e+00
2.389591415595577306e+00
2.381876027098875248e+00
2.366376008008182374e+00
2.317282743868127159e+00
2.312280638631438290e+00
2.299942748306840201e+00
2.269163191527401313e+00
2.262790756763309208e+00
2.253819853794858385e+00
2.235024863258659789e+00
2.218226342548531349e+00
2.201966917639241128e+00
2.188076821695644103e+00
2.168894511305561323e+00
2.148396490970022388e+00
2.145880855492997785e+00
2.105159426372376963e+00
2.100598465441646301e+00
2.082869206077607505e+00
2.075224009024530414e+00
2.067004075147212738e+00
2.031383940184134484e+00
2.020839624487849484e+00
2.005986029237630142e+00
1.999332091962716662e+00
1.995685833256854780e+00
1.967669212837797499e+00
1.941508338790152610e+00
1.937168171445538656e+00
1.934337328196262584e+00
1.881160917655057663e+00
1.880949560167970880e+00
1.858693342620849620e+00
1.850997736296628560e+00
1.850100461515924444e+00
1.838296378273106102e+00
1.802144111525508352e+00
1.795882822830520587e+00
1.788632260631544346e+00
1.766502009767100478e+00
1.749196704336379637e+00
1.722723664610764871e+00
1.711016807260255179e+00
1.707090996640234559e+00
1.697656238633695303e+00
1.669098461435646108e+00
1.664727925167278411e+00
1.658202536619539869e+00
1.638928370826794989e+00
1.614637278676595900e+00
1.599594354519850992e+00
1.594718959395601265e+00
1.580520870154402457e+00
1.570507893181255499e+00
1.538821781280794276e+00
1.536825737434456274e+00
1.520189211458100820e+00
1.511204297679676234e+00
1.502880432047182913e+00
1.484847209877990570e+00
1.480289898535955384e+00
1.459192455518402598e+00
1.449279801092731468e+00
1.443171750274983456e+00
1.437444206261025315e+00
1.401053699984755818e+00
1.387476204495761145e+00
1.367008352991833986e+00
1.362129653044565902e+00
1.340466370302210830e+00
1.338852963232085358e+00
1.337294174788087320e+00
1.313503790045163377e+00
1.306809772878786635e+00
1.293588660686067149e+00
1.276194225955554096e+00
1.264286948397211452e+00
1.260359990085856641e+00
1.242054075507903255e+00
1.235246017382950701e+00
1.190980827177254397e+00
1.189289179776638061e+00
1.173183384847649835e+00
1.170077358022563851e+00
1.143842493157905871e+00
1.143455943813148190e+00
1.134090867720977780e+00
1.125032462074795792e+00
1.117021550573576105e+00
1.113409331697998939e+00
1.087795136111235905e+00
1.069263052340343689e+00
1.052967109555428049e+00
1.039339239498351164e+00
1.033902503710413701e+00
1.017118062635149700e+00
1.007910684117675926e+00
1.002209930320369535e+00
1.001765201994230692e+00
9.990226769068952795e-01
9.822344039214180311e-01
9.822204956161121325e-01
9.634630565402700908e-01
9.626012787519432345e-01
9.429961097131080994e-01
9.416037140978359421e-01
9.308520713375855182e-01
9.286898866768589222e-01
9.109867779284800404e-01
9.080035638925838537e-01
9.047143734243678903e-01
8.784172411185670049e-01
8.668980386854422404e-01
8.596442647092294997e-01
8.518161891199339530e-01
8.493488972738183485e-01
8.456196002630466113e-01
8.139531972836367979e-01
7.995972316371076083e-01
7.813472071072313785e-01
7.757831800279483270e-01
7.648627635847566886e-01
7.619169016646892834e-01
7.558386007917473615e-01
7.345703598944911539e-01
7.265832430358202254e-01
7.144545663854444673e-01
6.993763617457237070e-01
6.975393680186430245e-01
6.875908353962183472e-01
6.521441509563686845e-01
6.468560922660284707e-01
6.234998675659036982e-01
6.121822217502524976e-01
6.040793456009680984e-01
5.907263108215102809e-01
5.906101559806576917e-01
5.769124335137343351e-01
5.639667836279023128e-01
5.473681174505304892e-01
5.452070352733400238e-01
5.204534078273261866e-01
5.195807904745957106e-01
5.044339100227913653e-01
4.930346876565137038e-01
4.712377251661198918e-01
4.576729396985566023e-01
4.572170467910418590e-01
4.473548031100834099e-01
4.473353420394686197e-01
4.309661049490686180e-01
4.289551702488456075e-01
4.088257376831788137e-01
3.966518784820490806e-01
3.846981514617790476e-01
3.844192701954043390e-01
3.612749263381858644e-01
3.582723462533762282e-01
3.428416102432779167e-01
3.358069807296304443e-01
3.224130102014080568e-01
3.021577427133979032e-01
2.945364069516476779e-01
2.919015400674375704e-01
2.915778711861314321e-01
2.767059096274177565e-01
2.680794670768497090e-01
2.553131785808263055e-01
2.508164593280559629e-01
2.469272563695714684e-01
2.374050817440417072e-01
2.313753721367348692e-01
2.091756344748767205e-01
2.086709657736368628e-01
2.003406711898419179e-01
1.952815221287952652e-01
1.737811445076704875e-01
1.692539726145556311e-01
1.608185364901926206e-01
1.584066045204447770e-01
1.515565446576654651e-01
1.375139979205967922e-01
1.337321845867540659e-01
1.315085161926184965e-01
1.141870048153633549e-01
1.056191541530130951e-01
1.000107224658758898e-01
9.526964339584610697e-02
9.454847143404516985e-02
7.745436070770936321e-02
6.828377145394642911e-02
5.088716974064436821e-02
5.039437264367826325e-02
4.776222867048905696e-02
3.510902638839708684e-02
3.171586258135621061e-02
2.361203024355795071e-02
8.204664705030071184e-03
4.893182955204544195e-03
1.839615184778511676e-03
