# Singular values
1.325265868294543400e+07
5.655642765292647295e+06
4.961673228421673179e+06
4.175464746790492907e+06
3.363535445632557850e+06
3.048896980761793908e+06
2.717457357083187904e+06
2.691210608765604906e+06
2.632104690041339956e+06
2.364099882259301376e+06
2.073924991242017131e+06
1.783724075365251862e+06
1.619605655855133664e+06
1.498531586907966761e+06
1.453451636250998126e+06
1.358159546202581841e+06
1.132219025066007162e+06
1.055243699266373646e+06
1.031886693774909014e+06
8.961457493666170631e+05
8.842063746287683025e+05
8.118135434929954354e+05
7.915226477463193005e+05
7.620897279033315135e+05
6.773075431872875197e+05
6.732781938695905264e+05
6.125153629151360365e+05
6.009787343429318862e+05
5.530553976593468105e+05
5.217919966400500271e+05
4.867712212842288427e+05
4.545441450025166268e+05
4.367087695962343132e+05
3.970478114344467758e+05
3.714419720141732832e+05
3.608645802569701336e+05
3.407156281078529428e+05
3.241087428272186662e+05
3.162936537715083105e+05
3.001270664343506214e+05
2.998475907480456517e+05
2.810506747527060215e+05
2.637951187273359392e+05
2.503755768663419585e+05
2.481075051762142393e+05
2.366230726963754278e+05
2.298774771898087347e+05
2.157434808337599679e+05
2.105561266986095870e+05
1.903990612506581820e+05
1.823275111393312109e+05
1.766268843547297874e+05
1.745534164303815633e+05
1.648536538351199124e+05
1.562043830265041324e+05
1.507310792770617991e+05
1.484217473061135097e+05
1.396957121988110885e+05
1.350683893863889680e+05
1.309976368287416117e+05
1.241765170905565756e+05
1.209581286764499091e+05
1.140495104474373220e+05
1.086889119807223178e+05
1.047164090684438270e+05
1.023572837469459628e+05
1.018465780111872155e+05
9.815923859179476858e+04
9.652979746050135873e+04
9.292781714105480933e+04
8.973832823197131802e+04
8.940567261882836465e+04
8.852806708429212449e+04
8.742242995476438955e+04
8.399309333484187664e+04
8.005003295541163243e+04
7.687601274674879096e+04
7.221364919236570131e+04
7.052248459595441818e+04
6.720134220924647525e+04
6.661868325672451465e+04
6.547838675494649215e+04
6.106882243789212225e+04
6.018059705232515989e+04
5.794738600678525836e+04
5.324195997039070062e+04
5.063947430787256599e+04
4.928946258934642537e+04
4.773460118261530442e+04
4.622334070880475338e+04
4.461271387973057426e+04
4.318710836889325583e+04
4.281971185317511117e+04
4.059846625594844954e+04
3.940153736212619697e+04
3.841628081325636595e+04
3.575225817771413131e+04
3.449618527680327679e+04
3.305336140037912992e+04
3.211034173103688590e+04
3.074004374425813876e+04
2.930201308274585608e+04
2.875253267477747067e+04
2.782044091714753813e+04
2.716520496022791485e+04
2.498841719437111897e+04
2.415074710112651155e+04
2.318966234212858399e+04
2.040752051981938712e+04
1.997217179208707239e+04
1.830667988842635896e+04
1.810515327589504523e+04
1.763984253119002096e+04
1.691663547447281599e+04
1.655095371190421793e+04
1.528098153769763667e+04
1.457065743498861048e+04
1.442083936651902332e+04
1.409436287855518094e+04
1.310801713553795707e+04
1.292160873244207687e+04
1.241580647717443571e+04
1.234695252823666306e+04
1.190510844173109763e+04
1.173720365369081446e+04
1.141144047155677981e+04
1.115836164135810395e+04
1.083364564778054228e+04
1.061912855592215601e+04
9.928753652466677522e+03
9.539025653364829850e+03
9.425762244558460225e+03
8.836850237832357379e+03
8.688076803550635304e+03
8.178886145985443363e+03
7.972383691388959960e+03
7.839152853688336108e+03
7.737287991313754901e+03
7.175894154817596245e+03
6.733043615122068331e+03
6.218957889827635881e+03
5.843010423108528812e+03
5.292155277431782451e+03
5.179683589076314092e+03
4.923078371400630203e+03
4.642653503993053164e+03
4.536706757270587332e+03
4.213163298195933749e+03
4.134871301428465813e+03
3.923861506896265837e+03
3.692498230111185876e+03
3.435809618253039844e+03
3.258529603424423385e+03
3.154501202399472731e+03
3.099958557087686131e+03
2.975735085080467343e+03
2.764203638430872616e+03
2.427644475675478589e+03
2.396881574517588888e+03
2.271888169884003219e+03
2.204051286783339947e+03
2.058289041005434228e+03
1.905327687200548780e+03
1.846849160425988430e+03
1.750720708444341426e+03
1.711849419375622347e+03
1.632643827314976079e+03
1.610186033703691919e+03
1.561031787099804660e+03
1.470533449446422992e+03
1.343210703551697634e+03
1.256619478028067761e+03
1.191036210001842619e+03
1.144566562686282396e+03
1.105211194520013350e+03
1.021145203147595453e+03
9.876390709037823399e+02
9.023063468651020003e+02
8.497433838176896188e+02
7.652613239665309948e+02
7.408952170776227604e+02
7.149021953179477578e+02
6.828893542368292628e+02
6.584663878072603893e+02
5.359948118853412780e+02
5.090259948769657967e+02
4.818376676051550476e+02
4.019062660330631047e+02
3.936974784669646397e+02
3.289513186345684517e+02
3.251945869693379336e+02
2.961960961683423648e+02
2.804688297271001147e+02
2.537846918643559775e+02
2.404277911952496254e+02
2.360609626136611325e+02
2.295571327944942936e+02
2.208076778994155518e+02
2.028915208365770582e+02
1.937597805012055971e+02
1.925990225388657962e+02
1.785517707335319528e+02
1.521472964775220760e+02
1.420195642737278092e+02
1.216242950318567750e+02
1.047335639107134995e+02
9.372627556183432773e+01
8.637299283996263455e+01
7.976720922083377729e+01
7.231376180181612767e+01
5.626575162411429432e+01
5.306951247490678725e+01
4.578199454247413769e+01
3.481328551401389859e+01
3.182189546836344718e+01
2.579572669556489117e+01
2.071894775846084968e+01
1.724812628507284273e+01
1.414346737309777424e+01
8.502728618108305270e+00
5.550584910354142032e+00
4.411649370389839397e+00
2.733881195769099826e+00
1.818454305663231407e+00
1.429102999214094893e+00
1.015878262441245239e+00
4.584199814651141458e-01
1.516236536678061964e-01
9.681562988033430572e-02
4.138819716593645365e-02
1.385663413015360453e-02
7.443096906473468509e-12
