# Singular values
2.074700017914511108e+01
1.696362465533954733e+01
1.503433425922158762e+01
1.281354426672418079e+01
1.267908814405593887e+01
1.233963524692878622e+01
1.170130692375088977e+01
1.128302215787685192e+01
1.093386935825527750e+01
1.067233021040505747e+01
1.055555631250516591e+01
1.017302772406435452e+01
9.480952869133544070e+00
9.305193132251529775e+00
9.033745711186154992e+00
8.771313434415192845e+00
8.499743888676318804e+00
8.459798142564610046e+00
8.348316443055779246e+00
8.275652002665374596e+00
8.167054201670504554e+00
8.110367424056835972e+00
8.029188995603933066e+00
7.994034540122966881e+00
7.854153160938743383e+00
7.779420482708808926e+00
7.740353295206111817e+00
7.678949814978255795e+00
7.612006651834077431e+00
7.596055057485435746e+00
7.558757256672401503e+00
7.536966517288309575e+00
7.502522295581237621e+00
7.386341199246070133e+00
7.349623931682296885e+00
7.264056776132057358e+00
7.258671091292156596e+00
7.189771793699514468e+00
7.173644639417755542e+00
7.136884396736867586e+00
7.055811106827841073e+00
7.022714153252854530e+00
6.993802506642878392e+00
6.971586592036021379e+00
6.885601106773042268e+00
6.824812040352448150e+00
6.785182204110323134e+00
6.762536514904296858e+00
6.741239969547189403e+00
6.670458758995101434e+00
6.582936254354299521e+00
6.566184025891607767e+00
6.502508050782682680e+00
6.490041598587063199e+00
6.480071261906854119e+00
6.462172425554171262e+00
6.433457631940578736e+00
6.413012833122279766e+00
6.369854367608710710e+00
6.346563778352472873e+00
6.284576028477761866e+00
6.235045890054310647e+00
6.217495013626035849e+00
6.212834722429641410e+00
6.202655358539803210e+00
6.152468071304419084e+00
6.109818495158840790e+00
6.067689465356513878e+00
6.031868257603433925e+00
6.027142928222003704e+00
6.009763029605737827e+00
5.975706572699401420e+00
5.971164111867215851e+00
5.939329419895957862e+00
5.916369307750382944e+00
5.865486052824830487e+00
5.856456956634600530e+00
5.830093374821534447e+00
5.805441896610588515e+00
5.804397401444479243e+00
5.767580900754081696e+00
5.726957778333443549e+00
5.706272738999842886e+00
5.679824211268212686e+00
5.658104151470091381e+00
5.623469818210339533e+00
5.618431791623239135e+00
5.603252508492590600e+00
5.597279014614302106e+00
5.561442784340019152e+00
5.552613110183793665e+00
5.537739283769933074e+00
5.519850044846575265e+00
5.487015156561266593e+00
5.468032672757090040e+00
5.439336609555341262e+00
5.394468734080208883e+00
5.381313524285907590e+00
5.371305716828732812e+00
5.303573728119173047e+00
5.296440778833862773e+00
5.274509294877346655e+00
5.261414616750854201e+00
5.240437218579227618e+00
5.226316499477679400e+00
5.221997154151739373e+00
5.185257748059398430e+00
5.174247507165746995e+00
5.154823941077053995e+00
5.150653600671876831e+00
5.128325096836732655e+00
5.116052570194112192e+00
5.101736883491721386e+00
5.077678964850105281e+00
5.070997953610997477e+00
4.996605759241901090e+00
4.979056635534552910e+00
4.967090980993055460e+00
4.952264583053993086e+00
4.942478551911915652e+00
4.930936846026521714e+00
4.902730999285169311e+00
4.861897247752676066e+00
4.861538852757119500e+00
4.854578449429752141e+00
4.845796663274279936e+00
4.843275767807202925e+00
4.819959474183424852e+00
4.813816600380363298e+00
4.811156658595863611e+00
4.769383244821987056e+00
4.754747839786917396e+00
4.754603341603802491e+00
4.751305398782773359e+00
4.704859838177569920e+00
4.696156947062148035e+00
4.674271228402910872e+00
4.649864871683024425e+00
4.638160393204444176e+00
4.616318164288472303e+00
4.600004829249880522e+00
4.595327191156448166e+00
4.575043028666425649e+00
4.570731349577083158e+00
4.539354697092323754e+00
4.519616650619129317e+00
4.516587383526756483e+00
4.489435325906431018e+00
4.481048832404155746e+00
4.465890309755512710e+00
4.444905263870878365e+00
4.444437567641123188e+00
4.410466382293615872e+00
4.401803446685311094e+00
4.388848909698053191e+00
4.377131345648979099e+00
4.370246416222233421e+00
4.363584549332587770e+00
4.342062294953526802e+00
4.338551266479796276e+00
4.314010329685610046e+00
4.313984884374255202e+00
4.294545354873181786e+00
4.290891310422745519e+00
4.285138957640527657e+00
4.273979989562215032e+00
4.258066267709795127e+00
4.238578669615057137e+00
4.231212036496700968e+00
4.206451043656628919e+00
4.197530092960769288e+00
4.173921659482292768e+00
4.165942253899102887e+00
4.162140212118978333e+00
4.150327971102177216e+00
4.135092611851344024e+00
4.117645395618367843e+00
4.100043898219817073e+00
4.099837815706272259e+00
4.078957316740551953e+00
4.069969750089543759e+00
4.046648322175757428e+00
4.041050588882734829e+00
4.040854526202635633e+00
4.033444657399524402e+00
4.012656578695466436e+00
4.000958123550730328e+00
3.985809057721455329e+00
3.979851148563785301e+00
3.973368698752026251e+00
3.965074335656326721e+00
3.961820083333120746e+00
3.950623752458527260e+00
3.946915496065007023e+00
3.922362279333693191e+00
3.920626227001628550e+00
3.909472353789383625e+00
3.899905709239337437e+00
3.876889003309427206e+00
3.875085989002720499e+00
3.855444355729820582e+00
3.844356958013899650e+00
3.829116571401533609e+00
3.822931629692101207e+00
3.811027613928490876e+00
3.810530038012510889e+00
3.790837701383379610e+00
3.782698882747972835e+00
3.779729251321172878e+00
3.762406233407699307e+00
3.748421081965079615e+00
3.738690098143289120e+00
3.732896230496012713e+00
3.730190562365832019e+00
3.703283162164214382e+00
3.701149900489893341e+00
3.691047012638012159e+00
3.671344738093864635e+00
3.667646486701791275e+00
3.652063422851250074e+00
3.645057008700419043e+00
3.627592871202689917e+00
3.620822927190935125e+00
3.613684132796574744e+00
3.611443432989148938e+00
3.584871560167847804e+00
3.583898777172669803e+00
3.560520232074648295e+00
3.548222133635607012e+00
3.530905418660260420e+00
3.526743938616114793e+00
3.520815955317628365e+00
3.516153767663491525e+00
3.516136139029157004e+00
3.501191458521247135e+00
3.487000771165203350e+00
3.484298112769605549e+00
3.468557029034451844e+00
3.452844585311851233e+00
3.447588155933981824e+00
3.437120623355940374e+00
3.426963324751819417e+00
3.422231588289344817e+00
3.421878773295133236e+00
3.411369917997302714e+00
3.403380625819042660e+00
3.399687586580627752e+00
3.395510961211895218e+00
3.376134447224057755e+00
3.375527903980795941e+00
3.373761371693929867e+00
3.356657516018590748e+00
3.339138966793072871e+00
3.327764689858686342e+00
3.325615098285469973e+00
3.322386067803703380e+00
3.305049164453674138e+00
3.296270707015080959e+00
3.292884492619280845e+00
3.282015444422437866e+00
3.281382324197410050e+00
3.265269559910183528e+00
3.258146667151020193e+00
3.240569005619387877e+00
3.232495789322118007e+00
3.223578904151348734e+00
3.218082862878455686e+00
3.217561082426954489e+00
3.198745571501738105e+00
3.192266309907959343e+00
3.190527960162261145e+00
3.167260263719047231e+00
3.160738145995208637e+00
3.157287142503668154e+00
3.144743511151752990e+00
3.138659191455685615e+00
3.127232475564910352e+00
3.119493052278839329e+00
3.111053949040524902e+00
3.107474110281560620e+00
3.103983828576736048e+00
3.091650991349971012e+00
3.074597969389709640e+00
3.065836923318649987e+00
3.059921838340311062e+00
3.053453738591106692e+00
3.041512568735875721e+00
3.036475124410718429e+00
3.031965076719230545e+00
3.026596111701681746e+00
3.016010139682565594e+00
3.005255226728159368e+00
3.004190377338649576e+00
2.989710714787179757e+00
2.988896634713222422e+00
2.979351366308358173e+00
2.979080014194725567e+00
2.962747263915379126e+00
2.952499410847126082e+00
2.946471226561509837e+00
2.944563546534178844e+00
2.931073410240912391e+00
2.920043997120453927e+00
2.913650932767881230e+00
2.900071000064159410e+00
2.887049794873359332e+00
2.881691570675410041e+00
2.880537538068089543e+00
2.870232950914491266e+00
2.859891937132426065e+00
2.858849018670466702e+00
2.852235309179214973e+00
2.850932989345910773e+00
2.835065096412500374e+00
2.829733754672331347e+00
2.825168399704195643e+00
2.823637349409810593e+00
2.812569539192012691e+00
2.806654358478178235e+00
2.801691477926388618e+00
2.798804385207455780e+00
2.779620062250782286e+00
2.776858299123517781e+00
2.765431115185886579e+00
2.753779542260550439e+00
2.748345821907279163e+00
2.738863819203797956e+00
2.729095743893041437e+00
2.726492323586345634e+00
2.726439231243749539e+00
2.715437818372873124e+00
2.704836419733599673e+00
2.701277056351807815e+00
2.698836273460671009e+00
2.697961410842065533e+00
2.693595261150063980e+00
2.689509194543428627e+00
2.688449284254952776e+00
2.675307511610329758e+00
2.672679936215702323e+00
2.659184970831215189e+00
2.658246114782020442e+00
2.644415079560584303e+00
2.641556299669155727e+00
2.626903126841098945e+00
2.626816183159627727e+00
2.611972309883933363e+00
2.605330660674190835e+00
2.595868644654879986e+00
2.590046486514784974e+00
2.583511002760300101e+00
2.583496432390690600e+00
2.569583109492781681e+00
2.567684313384543060e+00
2.561899441077302608e+00
2.559952100823306598e+00
2.554027293302598700e+00
2.547921704329675130e+00
2.547606089520007888e+00
2.534628271504621999e+00
2.532655426802263854e+00
2.528019147892281104e+00
2.526056540044705034e+00
2.516136344025144744e+00
2.507826297668050319e+00
2.504035157790006405e+00
2.490048718568981911e+00
2.485826062110096935e+00
2.478203797160658528e+00
2.470131970095572171e+00
2.467613823480870217e+00
2.462298860429505520e+00
2.461556874749002422e+00
2.450354363145663239e+00
2.445109115713610226e+00
2.435011891323524580e+00
2.429678347115104664e+00
2.421676609224843180e+00
2.411684252174773668e+00
2.407640277319440525e+00
2.404601043648077585e+00
2.400264531445506222e+00
2.400112318421850688e+00
2.397917940389297176e+00
2.387866916439023601e+00
2.378015702170660273e+00
2.375712772207373202e+00
2.363668164489435952e+00
2.359588742353990298e+00
2.355267934035923272e+00
2.350561160354191603e+00
2.346716100742069155e+00
2.344747680801663403e+00
2.337499621592486587e+00
2.324213059070698417e+00
2.322870796920788461e+00
2.314837661818729853e+00
2.307651473849849477e+00
2.306323967027858135e+00
2.300964036577192839e+00
2.292412017778216793e+00
2.289998466409049804e+00
2.282132773208746190e+00
2.268286053921949375e+00
2.265946587184084926e+00
2.254376334186523945e+00
2.252658624055556391e+00
2.248502362769626561e+00
2.238418277795750200e+00
2.228019314479976920e+00
2.227300352991630206e+00
2.221998327353179814e+00
2.215358312086346260e+00
2.213759902423282799e+00
2.207155929685427065e+00
2.200597572508960376e+00
2.190820106033705361e+00
2.185250289341154506e+00
2.183947474280204748e+00
2.177071307262671507e+00
2.166003741210342337e+00
2.164255276929118565e+00
2.161490651233612503e+00
2.158143865021258989e+00
2.148192967299235701e+00
2.139848403560333789e+00
2.137328047887785409e+00
2.131146631450290485e+00
2.127221944153579347e+00
2.124793269953863639e+00
2.119143243538327948e+00
2.109176416844295243e+00
2.107967532129491950e+00
2.096841069006424529e+00
2.092810902875403389e+00
2.091160876895619580e+00
2.080891713137384080e+00
2.077201652574510504e+00
2.076031310674361752e+00
2.068680140561617531e+00
2.060220635757413543e+00
2.058394019069525349e+00
2.054851249628974141e+00
2.046130806056329465e+00
2.041823893973254034e+00
2.037200341972748241e+00
2.033059235682977750e+00
2.032756669830893426e+00
2.022848011079204866e+00
2.016511925940480676e+00
2.008493704795355050e+00
2.005609317537427216e+00
1.998898720281957697e+00
1.988222072713246469e+00
1.983415195581669677e+00
1.974668661275160053e+00
1.967897150338898449e+00
1.964120029878026141e+00
1.958880113871274364e+00
1.955125822250617817e+00
1.952164404802567033e+00
1.943759074829654487e+00
1.933609590849767246e+00
1.933291709873570463e+00
1.932439328790065192e+00
1.931713190911199085e+00
1.925645566515235219e+00
1.912571880492274001e+00
1.905586048839452262e+00
1.901607662485948369e+00
1.896489282506534924e+00
1.896278340870463097e+00
1.882926936821019970e+00
1.882336249415933471e+00
1.879159210800682711e+00
1.875997524401154859e+00
1.864020916692926910e+00
1.859762061649516296e+00
1.853532566611718169e+00
1.850592177738409339e+00
1.844640746594268910e+00
1.840703452169454524e+00
1.839265416591576718e+00
1.828616628607467209e+00
1.826879755412848416e+00
1.821401892554672663e+00
1.816120122691654348e+00
1.808849483522713353e+00
1.807503279597450607e+00
1.803763439739195507e+00
1.793473614531640337e+00
1.792829772233394570e+00
1.790190691350742158e+00
1.788797192527139979e+00
1.773741152004529642e+00
1.770453130181053103e+00
1.765152238799740481e+00
1.762684813893355074e+00
1.762276006510512083e+00
1.751056985583601122e+00
1.749412866360999130e+00
1.743954728296329026e+00
1.743385049211046534e+00
1.731078062817440255e+00
1.725000358335080808e+00
1.724417223682539024e+00
1.721128176308668989e+00
1.711763426969495017e+00
1.709440664704408697e+00
1.706874751821967351e+00
1.704389670518447142e+00
1.701939939061260398e+00
1.696045439788866460e+00
1.689273238832067037e+00
1.686335527717181204e+00
1.679477073662171582e+00
1.673889843685559820e+00
1.670693351503327762e+00
1.665652342902850691e+00
1.659627902466202398e+00
1.659004466508519515e+00
1.658191293643611619e+00
1.657099682054026246e+00
1.650056522435427775e+00
1.645569732730443491e+00
1.637446935290777894e+00
1.634583441420213168e+00
1.631681248266567907e+00
1.626632810684025987e+00
1.623162995374278550e+00
1.618015872890965490e+00
1.607098893410874529e+00
1.604695457620726184e+00
1.596920692468347447e+00
1.592482229308539443e+00
1.591034545272039580e+00
1.585840335481845553e+00
1.583945813055659180e+00
1.582934223296861287e+00
1.573633774585270206e+00
1.568430728142491848e+00
1.562779295733446761e+00
1.557668068669106232e+00
1.556996225867250283e+00
1.555506779405119389e+00
1.553521320002503314e+00
1.550304154576387594e+00
1.543973965122144243e+00
1.538220012248256774e+00
1.536687307013517856e+00
1.532103749724382791e+00
1.527156998563693913e+00
1.521882413446548288e+00
1.521203658074251397e+00
1.516859490514315123e+00
1.510848583284413182e+00
1.508992683344141605e+00
1.504209537468884195e+00
1.497488346686123295e+00
1.495133076177362907e+00
1.485912518235653179e+00
1.483845134036036573e+00
1.479843339748763142e+00
1.477292278791702662e+00
1.476782998920995293e+00
1.473621586987425847e+00
1.461014741556435625e+00
1.457801138857784951e+00
1.457361134643197165e+00
1.454254972739556395e+00
1.449089476306878455e+00
1.445074469475415402e+00
1.444645723966770934e+00
1.441696454030402474e+00
1.437500580750627810e+00
1.433978000412495124e+00
1.428028503483991019e+00
1.427201301556928703e+00
1.422395033857438706e+00
1.413311604700452806e+00
1.408708486572017193e+00
1.408234008388187908e+00
1.402248325724669176e+00
1.399482667643524358e+00
1.392702482746307924e+00
1.390023985590266520e+00
1.385717438094860920e+00
1.385306789938361316e+00
1.381017625429176165e+00
1.373115464726761381e+00
1.372574902619587256e+00
1.364764156609382884e+00
1.361200910788191720e+00
1.355451371009295025e+00
1.353827284551992971e+00
1.347965418602498744e+00
1.346732442781016559e+00
1.345479738240448864e+00
1.337565191276895105e+00
1.335847461406375336e+00
1.329168435649422220e+00
1.328171528693206316e+00
1.323555505591801129e+00
1.314980428701666870e+00
1.313311173888189520e+00
1.307158401972284834e+00
1.305570570002633435e+00
1.300908847953557546e+00
1.298316102309654774e+00
1.296600807001381250e+00
1.290248279560130440e+00
1.277565014802308996e+00
1.276881288113376200e+00
1.272927668461455664e+00
1.270883550787573757e+00
1.269350488029164392e+00
1.265473369929184466e+00
1.261707005507852530e+00
1.260502027724950791e+00
1.257407876322650386e+00
1.254425457012002143e+00
1.254260292645879238e+00
1.250814606898145387e+00
1.246164102960394926e+00
1.244306280182325475e+00
1.238726145435869563e+00
1.236248607379963227e+00
1.231903407108239534e+00
1.229544818988872246e+00
1.226531217598275214e+00
1.225383230569662363e+00
1.215240666775477152e+00
1.214150954237642521e+00
1.210769319868717275e+00
1.207910353164146411e+00
1.203418296983031377e+00
1.199340408752971099e+00
1.198619072796371698e+00
1.191726425947412960e+00
1.189687088316617070e+00
1.187286830943215854e+00
1.181945153035220519e+00
1.178976474754988679e+00
1.177822008690942557e+00
1.172696137393323346e+00
1.172502803507386338e+00
1.167005723678114615e+00
1.166337317042274613e+00
1.165120683201039675e+00
1.156701565185986436e+00
1.155479441457462286e+00
1.147452046619416022e+00
1.146804256788930942e+00
1.146094191538398643e+00
1.139816917424469445e+00
1.135493131975932490e+00
1.130788609050821236e+00
1.128144580093806359e+00
1.127410499852712134e+00
1.124569666894556619e+00
1.123638480197106215e+00
1.115921702785367842e+00
1.112803082867885651e+00
1.107476918895784701e+00
1.105262742694727240e+00
1.104876022570120853e+00
1.103850277076702024e+00
1.099710778421976842e+00
1.098468501922995610e+00
1.091999657858129469e+00
1.085472438007671236e+00
1.082367738257553613e+00
1.080742419267996635e+00
1.079512420476704149e+00
1.074723620956824055e+00
1.068439333836925798e+00
1.068345427395343217e+00
1.066879414179292551e+00
1.064166395906158025e+00
1.058864410601907169e+00
1.057099423071173216e+00
1.050471825899251366e+00
1.047831222231420112e+00
1.043131079881080225e+00
1.039441489980403199e+00
1.034090821609074062e+00
1.027476857006162980e+00
1.027135937749883654e+00
1.022706988283615281e+00
1.021298190403239881e+00
1.017990787053020929e+00
1.017022638382594879e+00
1.012888049652962863e+00
1.012839264801110417e+00
1.003386599032887849e+00
1.000369021174270179e+00
1.000000000000000222e+00
9.999999999999996669e-01
9.989719075660629111e-01
9.987616859558106075e-01
9.938470741277785070e-01
9.897697946286556636e-01
9.887196170252194882e-01
9.838694268607709459e-01
9.822114690013854510e-01
9.790372776156650581e-01
9.756102095044905109e-01
9.735382895289653726e-01
9.702096751696002164e-01
9.686205943629255799e-01
9.643828981105009301e-01
9.630224792422948932e-01
9.618114544941889221e-01
9.566879584870917608e-01
9.526884671559047169e-01
9.522695257361851739e-01
9.457999683439073380e-01
9.429410080603829458e-01
9.406810808360811516e-01
9.366163949955063073e-01
9.352330650373490428e-01
9.276789954266114746e-01
9.270849161345132705e-01
9.228675839821830484e-01
9.175139097829653201e-01
9.167880337386359324e-01
9.129424617571993972e-01
9.123279628495388760e-01
9.070966077977474784e-01
9.018776625624271848e-01
8.971891226711203871e-01
8.961376355673905669e-01
8.954242873553430737e-01
8.905272914632818004e-01
8.898289245035442274e-01
8.843441357801273828e-01
8.803863639031850319e-01
8.802114577015114349e-01
8.743937545747386686e-01
8.716846894595967621e-01
8.711100866236650697e-01
8.670184907805649210e-01
8.647782045829368602e-01
8.623222683250919562e-01
8.578213654596127391e-01
8.514932106761803343e-01
8.470151794905214082e-01
8.455423210695335312e-01
8.453031382018029172e-01
8.379172245799862973e-01
8.358444765862622639e-01
8.352907375236194865e-01
8.343749506080131439e-01
8.299307610824103731e-01
8.268806846712571934e-01
8.218649441074785678e-01
8.195477228995484698e-01
8.155969020132691760e-01
8.110780342684310584e-01
8.102463945304504422e-01
8.033061197484813176e-01
8.000328984094989826e-01
7.973900539238006901e-01
7.949468026752027905e-01
7.944487362834719013e-01
7.928746133117678951e-01
7.897817973685070658e-01
7.860334331852305567e-01
7.833424586563805248e-01
7.813366234720021675e-01
7.794652809297053508e-01
7.774525408712905650e-01
7.680372774991098828e-01
7.660797981959251990e-01
7.621390531624874232e-01
7.579516998787845239e-01
7.534809196205607407e-01
7.507945489500931213e-01
7.466836365260526298e-01
7.454956735639016729e-01
7.450068749021742098e-01
7.406628759245835747e-01
7.356748865667326331e-01
7.318074798686652338e-01
7.294723539892051800e-01
7.237564109533201062e-01
7.217138635536887170e-01
7.190580654312448416e-01
7.185997204769045688e-01
7.105768979952700182e-01
7.077512409075790156e-01
7.068016140502566547e-01
7.046585015830295617e-01
7.030550392563579276e-01
7.020398811822196050e-01
6.968030667272622214e-01
6.928266197264910664e-01
6.857241241552299860e-01
6.813586560922654245e-01
6.806239129006433908e-01
6.786308994128097405e-01
6.750019891235371494e-01
6.728115326497945414e-01
6.700364947773019830e-01
6.687681653755963573e-01
6.658726986888731103e-01
6.653108754178586048e-01
6.624173100880065279e-01
6.603140936975985253e-01
6.476964864418707224e-01
6.463491319465763940e-01
6.416601991842810770e-01
6.397464484221351277e-01
6.386713894947497749e-01
6.377562930899436378e-01
6.346479442650057035e-01
6.301637317870145694e-01
6.282384584340691136e-01
6.274850001896374874e-01
6.183064318007841509e-01
6.165290836611889702e-01
6.142587263559347033e-01
6.119479888810331891e-01
6.110582730469416024e-01
6.093837582787320351e-01
6.061871218540709760e-01
6.055204818151969093e-01
6.003566333920458131e-01
5.948301788338928864e-01
5.905801927495479831e-01
5.898155411602289400e-01
5.880640277602394717e-01
5.855565436277122560e-01
5.794081800899425483e-01
5.764391911748073527e-01
5.762912384886376138e-01
5.738848520311359280e-01
5.705190053797026817e-01
5.660560916486535588e-01
5.620219855684369659e-01
5.587948322080367181e-01
5.573946344524923768e-01
5.529681902840833940e-01
5.485064361799518728e-01
5.387388543200942737e-01
5.355536890435287356e-01
5.322880202718046627e-01
5.283752980843611224e-01
5.279820497887206532e-01
5.266890489235166450e-01
5.252883523517677400e-01
5.210703342156959295e-01
5.173018002047994335e-01
5.138912244315204658e-01
5.137420781053514407e-01
5.101384975793149534e-01
5.049401652755944880e-01
5.022139330267135771e-01
5.012895133114566582e-01
4.973718826267403692e-01
4.943396380883611219e-01
4.924730239392556275e-01
4.870417670465740367e-01
4.827942837197410353e-01
4.820810695647010369e-01
4.797125056202395377e-01
4.762874867792744604e-01
4.746319899506332707e-01
4.709830862402258900e-01
4.690627383972728603e-01
4.665706473464441562e-01
4.647395016344094687e-01
4.625334181680559875e-01
4.617967709399712906e-01
4.614925105421443519e-01
4.531584015234191853e-01
4.502233588313461765e-01
4.492186707339837493e-01
4.489360872843612960e-01
4.436187438864299115e-01
4.399293241453456349e-01
4.365725520693973238e-01
4.345748440417459002e-01
4.305687316300363388e-01
4.262910565689219666e-01
4.230014330025820279e-01
4.221316855207880581e-01
4.190563999739693180e-01
4.183295001292979265e-01
4.120457034496176618e-01
4.105710569674843047e-01
4.073229005532323921e-01
4.062408084699399846e-01
4.016720828342815186e-01
3.998107176016252873e-01
3.991353778488004878e-01
3.973178518074385601e-01
3.970374838454348576e-01
3.934284559649272595e-01
3.882479984888344005e-01
3.853619705060785661e-01
3.829353015709020536e-01
3.807746662876021482e-01
3.781202864458727553e-01
3.774520968396331000e-01
3.723148274127575097e-01
3.709287536659150453e-01
3.656517960991094718e-01
3.620472006388151254e-01
3.595763121623789527e-01
3.593983675463613969e-01
3.584325948537235851e-01
3.520854790512718546e-01
3.504684893050835637e-01
3.476137235497486211e-01
3.466556298049935925e-01
3.432300058962631795e-01
3.411495900046775387e-01
3.400708861279523321e-01
3.375470741893121795e-01
3.366951666392827835e-01
3.295663320448188882e-01
3.253727195005168826e-01
3.233960446129922617e-01
3.181246690178442527e-01
3.160592879905625430e-01
3.150662376153029465e-01
3.130499149652086199e-01
3.102587300014890692e-01
3.101223401281036351e-01
3.056322077979065632e-01
3.027721101816254756e-01
3.013827705522558742e-01
2.977767277711623195e-01
2.952887308090968999e-01
2.904262178682351370e-01
2.858297762436697309e-01
2.847891899382749559e-01
2.827944288877720647e-01
2.813959117891128292e-01
2.790585926671759753e-01
2.768063227587727049e-01
2.766896680298004396e-01
2.678333759274962866e-01
2.664221450388014056e-01
2.652759028607625247e-01
2.608141918000556614e-01
2.606408905280249155e-01
2.575639261583367312e-01
2.539430522927076939e-01
2.526885145932675769e-01
2.497173849922311728e-01
2.479274058773006106e-01
2.458454098330528359e-01
2.437964850109290427e-01
2.434457139405545589e-01
2.417453728609919583e-01
2.410623056263226371e-01
2.375156779671850904e-01
2.370564336874554645e-01
2.358108881774424459e-01
2.335016368089774530e-01
2.296851761132721603e-01
2.266195134173052683e-01
2.208939983183683953e-01
2.187207834633440040e-01
2.185034238015851060e-01
2.117407752315830227e-01
2.088760983460570264e-01
2.068100253109581288e-01
2.059273131121360789e-01
2.056556682276829973e-01
1.990399416423483392e-01
1.958597465078029953e-01
1.957110514198772966e-01
1.939921915289922749e-01
1.913285097993903117e-01
1.906670074660273273e-01
1.877447107675815630e-01
1.873536794114274706e-01
1.846084163283139012e-01
1.843805482318267575e-01
1.792190094842038839e-01
1.772538284463349156e-01
1.757187301764293608e-01
1.746509879812111199e-01
1.738282347443216302e-01
1.692187098402263834e-01
1.678824015270920234e-01
1.671473636671388374e-01
1.644137083805951582e-01
1.612427644303179308e-01
1.583380083620677392e-01
1.549831311875507489e-01
1.521791851434863008e-01
1.513140907082103914e-01
1.488619158812341803e-01
1.482404918046993925e-01
1.454370144266674825e-01
1.448756387124127964e-01
1.424488305852822101e-01
1.409994013659445211e-01
1.375464349920019480e-01
1.348693229169835583e-01
1.322354253501740740e-01
1.289988027678732607e-01
1.269896974748604968e-01
1.229906656121310532e-01
1.221708514017666725e-01
1.214921664798289808e-01
1.194904047062367025e-01
1.186169498222151009e-01
1.162043372958655868e-01
1.131143928501256862e-01
1.122637115880476544e-01
1.120941097097928191e-01
1.094162053826982089e-01
1.061365946412228672e-01
1.047936480851775903e-01
1.033646329356871230e-01
1.022181767122051776e-01
9.771232402146758089e-02
9.616702807645678697e-02
9.529205918431821187e-02
9.326979533666136801e-02
9.319950301082700894e-02
8.913942675492568524e-02
8.794583279982555457e-02
8.749593970164409873e-02
8.523117185953024699e-02
8.431210937347449752e-02
8.216267624072773335e-02
8.024494342300070304e-02
8.015955572825995967e-02
7.834628184531983175e-02
7.620729293138342464e-02
7.538549830993075684e-02
7.255929868373678371e-02
7.108745128374992228e-02
7.044706276318639382e-02
6.863053290334576728e-02
6.547572361594007628e-02
6.390725028196357627e-02
6.357689093846310979e-02
6.304896886156041713e-02
6.034481370678655004e-02
5.885360256921361166e-02
5.585327180124542018e-02
5.409720663828566228e-02
5.242798691907603337e-02
5.063082009191598176e-02
5.027356134611727506e-02
4.746992967702028110e-02
4.340128080811374300e-02
4.265616729768809123e-02
4.178672137593515690e-02
4.110103682945608072e-02
3.981549165619982511e-02
3.646009852090436459e-02
3.472150449990330651e-02
3.426459417408950214e-02
3.368130667911858889e-02
3.223310526130582221e-02
3.111160721336373239e-02
3.032381102512900564e-02
2.881080741562971892e-02
2.847602398525685141e-02
2.564275830139729762e-02
2.476705837791490575e-02
2.461524356215455400e-02
2.382408629199572747e-02
2.311985778739630501e-02
2.240617507114183241e-02
2.008241565440434598e-02
1.958077238448810778e-02
1.800935661303915136e-02
1.564696649263562847e-02
1.474937695852974323e-02
1.198538951488539034e-02
1.121343914580064625e-02
1.026271533403581328e-02
9.375095729393186431e-03
8.379893520343838567e-03
7.918861485126601346e-03
5.166447954709794954e-03
4.431737715011174229e-03
3.559279909748220595e-03
3.171224017335297525e-03
1.543129578252589113e-03
1.053710232817049296e-03
5.651541450322430547e-04
