# Singular values
7.934290798428641267e+00
7.934290798428639491e+00
4.259980416209106835e+00
4.259980416209102394e+00
4.174571510481734471e+00
4.174571510481730918e+00
3.802655426270327155e+00
3.802655426270323158e+00
2.171270453306294534e+00
2.171270453306291870e+00
2.063961459915818253e+00
2.063961459915817809e+00
2.036435307857177079e+00
2.036435307857175747e+00
1.861285667538353339e+00
1.861285667538351563e+00
1.756988889521260644e+00
1.756988889521258868e+00
1.732050807568878081e+00
1.732050807568874529e+00
1.702850042286341958e+00
1.702850042286340626e+00
1.565066709734015626e+00
1.565066709734014294e+00
1.444384160310393961e+00
1.444384160310393517e+00
1.442132955765115909e+00
1.442132955765113689e+00
1.402646231474381722e+00
1.402646231474381056e+00
1.370388085109981224e+00
1.370388085109980114e+00
1.343413045779942916e+00
1.343413045779941584e+00
1.332089432173185317e+00
1.332089432173182653e+00
1.268227394823900456e+00
1.268227394823896459e+00
1.253949583718326544e+00
1.253949583718322991e+00
1.228780246013251753e+00
1.228780246013248645e+00
1.194386895221826617e+00
1.194386895221825506e+00
1.120931369667158339e+00
1.120931369667157229e+00
1.045619860679378510e+00
1.045619860679377844e+00
1.040397550613906930e+00
1.040397550613903377e+00
1.032602554247100457e+00
1.032602554247098681e+00
1.020722998088993139e+00
1.020722998088992250e+00
1.013301240211037069e+00
1.013301240211035736e+00
1.000356700714223335e+00
1.000356700714218450e+00
1.000081817173727794e+00
1.000081817173726462e+00
1.000000000000000666e+00
9.999999999999993339e-01
9.991482043533970181e-01
9.991482043533954638e-01
9.984810286500402920e-01
9.984810286500391818e-01
9.942567751793064401e-01
9.942567751793048858e-01
9.924903549854439122e-01
9.924903549854431350e-01
9.883532925238031064e-01
9.883532925238016631e-01
9.866196149833950102e-01
9.866196149833939000e-01
9.798938118514104456e-01
9.798938118514090023e-01
9.733144674830037646e-01
9.733144674830017662e-01
9.683001029199936882e-01
9.683001029199922449e-01
9.590324276561441597e-01
9.590324276561380534e-01
9.500219972044393613e-01
9.500219972044323669e-01
9.500000000000012879e-01
9.500000000000006217e-01
9.500000000000002887e-01
9.499999999999998446e-01
9.499999999999998446e-01
9.499999999999990674e-01
9.433935831949002981e-01
9.433935831948995210e-01
9.400000000000000577e-01
9.399999999999998357e-01
9.384308429803162044e-01
9.384308429803156493e-01
9.340608116165819430e-01
9.340608116165817210e-01
9.306998750171651125e-01
9.306998750171644463e-01
9.242660266734694652e-01
9.242660266734683550e-01
9.197977257814234919e-01
9.197977257814233809e-01
9.106450031565573866e-01
9.106450031565572756e-01
9.072924449933772451e-01
9.072924449933761348e-01
9.068034142480715376e-01
9.068034142480687620e-01
9.051603239426948555e-01
9.051603239426941894e-01
9.039452863531378668e-01
9.039452863531368676e-01
8.951469257835316107e-01
8.951469257835306115e-01
8.901443706725489236e-01
8.901443706725477023e-01
8.823269650960370303e-01
8.823269650960362531e-01
8.766699751035275101e-01
8.766699751035268440e-01
8.718004724303461961e-01
8.718004724303460851e-01
8.674103042563106047e-01
8.674103042563089394e-01
8.656378257547351351e-01
8.656378257547341359e-01
8.599934976307818113e-01
8.599934976307815893e-01
8.599308241158067911e-01
8.599308241158061250e-01
8.574750610014066909e-01
8.574750610014050256e-01
8.550978516098902693e-01
8.550978516098891591e-01
8.451936496141112531e-01
8.451936496141108091e-01
8.414392472219385244e-01
8.414392472219369701e-01
8.371417285083637694e-01
8.371417285083633253e-01
8.242965251695251183e-01
8.242965251695248963e-01
8.099839618518326345e-01
8.099839618518324125e-01
8.054874010493737746e-01
8.054874010493732195e-01
8.024925392802060298e-01
8.024925392802059188e-01
8.000213647951298634e-01
8.000213647951294194e-01
7.701637152637607064e-01
7.701637152637601513e-01
7.643921942639401168e-01
7.643921942639368972e-01
7.431371620501027175e-01
7.431371620501024955e-01
7.399715727972440149e-01
7.399715727972433488e-01
7.385905167212509781e-01
7.385905167212508671e-01
7.300000000000007594e-01
7.300000000000004263e-01
7.283349309823894391e-01
7.283349309823887729e-01
7.240048647662282733e-01
7.240048647662282733e-01
7.169780568724685166e-01
7.169780568724682945e-01
7.067206450499288195e-01
7.067206450499277093e-01
7.049843910546671477e-01
7.049843910546662595e-01
6.994088423318164383e-01
6.994088423318154391e-01
6.925055877378710756e-01
6.925055877378695213e-01
6.882375013502564087e-01
6.882375013502558536e-01
6.874487452298716494e-01
6.874487452298642109e-01
6.754137544094976908e-01
6.754137544094970247e-01
6.663859350356889921e-01
6.663859350356888811e-01
6.579503903643454388e-01
6.579503903643449947e-01
6.567070146727076452e-01
6.567070146727065350e-01
6.508363649304396148e-01
6.508363649304395038e-01
6.435892083703789179e-01
6.435892083703781408e-01
6.317753642162722283e-01
6.317753642162720062e-01
6.210912422487880891e-01
6.210912422487876450e-01
6.204465144015459677e-01
6.204465144015454126e-01
6.144271258928311052e-01
6.144271258928309942e-01
6.140085164105245630e-01
6.140085164105243409e-01
5.931881421094731266e-01
5.931881421094730156e-01
5.900000000000005240e-01
5.899999999999997469e-01
5.776401385738059169e-01
5.776401385738059169e-01
5.697238582653624261e-01
5.697238582653622041e-01
5.506310295507120811e-01
5.506310295507119701e-01
5.333631025045829643e-01
5.333631025045826313e-01
5.169365429864618555e-01
5.169365429864615225e-01
5.113398810334182087e-01
5.113398810334177647e-01
5.036266497926902286e-01
5.036266497926896735e-01
4.946707636788308382e-01
4.946707636788298390e-01
4.853409564431332979e-01
4.853409564431330203e-01
4.747047292541163310e-01
4.747047292541158314e-01
4.574787696012407867e-01
4.574787696012402316e-01
4.455588517226556355e-01
4.455588517226554690e-01
4.201705548438715021e-01
4.201705548438707805e-01
4.143994473250517951e-01
4.143994473250514621e-01
4.098550288211854631e-01
4.098550288211847969e-01
4.082473034345538987e-01
4.082473034345537322e-01
4.050714847205352243e-01
4.050714847205350577e-01
3.898506744737539886e-01
3.898506744737533225e-01
3.746375046403954134e-01
3.746375046403953024e-01
3.612090320592925563e-01
3.612090320592925563e-01
3.595829081966334662e-01
3.595829081966326890e-01
3.581646119681644591e-01
3.581646119681640705e-01
3.289765659672660991e-01
3.289765659672627129e-01
3.056896371216263342e-01
3.056896371216260011e-01
3.051109336042144293e-01
3.051109336042139852e-01
3.005369901134106181e-01
3.005369901134102295e-01
2.859998053902516602e-01
2.859998053902512161e-01
2.774407786094054695e-01
2.774407786094051365e-01
2.544716101250742990e-01
2.544716101250739659e-01
2.466064738418113356e-01
2.466064738418108082e-01
2.291031455670575201e-01
2.291031455670573813e-01
2.052884809703768298e-01
2.052884809703767743e-01
1.981627108975821117e-01
1.981627108975819451e-01
1.950308748359681210e-01
1.950308748359680655e-01
1.599224730447704190e-01
1.599224730447703358e-01
1.587885160466433465e-01
1.587885160466431245e-01
1.395180084600805837e-01
1.395180084600805837e-01
1.362918319294124381e-01
1.362918319294123271e-01
1.271830831126011530e-01
1.271830831126010974e-01
1.236950754328528662e-01
1.236950754328525609e-01
1.191064776642922346e-01
1.191064776642920126e-01
1.092327411747239518e-01
1.092327411747239102e-01
1.085399908993020524e-01
1.085399908993020246e-01
1.055412806195595993e-01
1.055412806195592385e-01
8.813392612641107737e-02
8.813392612641098023e-02
8.168786544649761505e-02
8.168786544649753179e-02
7.831640877822104718e-02
7.831640877822103330e-02
7.756938108463277970e-02
7.756938108463276582e-02
7.262596459850380326e-02
7.262596459850377550e-02
7.011888699152668547e-02
7.011888699152607485e-02
6.786095941840142309e-02
6.786095941840131207e-02
6.684632717814209535e-02
6.684632717814192882e-02
6.619251388325413099e-02
6.619251388325401997e-02
4.840635236035669559e-02
4.840635236035669559e-02
4.685502183597286402e-02
4.685502183597280157e-02
4.389829778342388411e-02
4.389829778342373146e-02
3.171967964267917439e-02
3.171967964267917439e-02
3.149778203544115196e-02
3.149778203544104094e-02
3.069075252522688105e-02
3.069075252522680125e-02
2.902128067243374410e-02
2.902128067243372675e-02
2.669815598324846995e-02
2.669815598324842137e-02
2.465953066804695698e-02
2.465953066804692576e-02
2.228224626551751283e-02
2.228224626551736712e-02
2.198173903966088583e-02
2.198173903966053194e-02
2.138994358739740309e-02
2.138994358739732676e-02
1.934985957142262500e-02
1.934985957142260418e-02
1.875347705288835098e-02
1.875347705288828853e-02
1.816673130171683401e-02
1.816673130171678197e-02
1.572650613871761499e-02
1.572650613871746580e-02
1.444608793957276142e-02
1.444608793957269204e-02
1.057973875404564536e-02
1.057973875404563321e-02
9.392427738954111510e-03
9.392427738953813138e-03
4.859745529665855830e-03
4.859745529665656337e-03
2.880411004975247467e-03
2.880411004974958635e-03
2.698581253668222955e-03
2.698581253667959277e-03
1.676274172656230625e-03
1.676274172656185956e-03
1.631302389598846513e-03
1.631302389598804446e-03
9.132727067593632937e-04
9.132727067591066630e-04
4.104526979581544946e-04
4.104526979577590318e-04
2.533645584787216107e-04
2.533645584786913072e-04
1.777162505892580205e-04
1.777162505887100647e-04
1.693226125130129010e-04
1.693226125125513019e-04
9.777364892109347607e-06
9.777364892076133751e-06
