# Singular values
9.611102962876805395e+04
9.339677054209899507e+04
4.514730805174033594e+04
2.890889987155747076e+04
1.505462244909623223e+04
1.367672547949405453e+04
1.164795025929181793e+04
9.109223350175376254e+03
8.370970519785558281e+03
6.886272321598657072e+03
5.989446299841364635e+03
5.663227846774156205e+03
4.746429818659768898e+03
4.374125730398357518e+03
3.963785914624840643e+03
3.885343572245586984e+03
3.790011414928406339e+03
3.484985167783261204e+03
3.258810927159855964e+03
3.175799139311042836e+03
2.619097436988163736e+03
2.593374068964266371e+03
2.575990273697522298e+03
2.408309264328396694e+03
2.306186051201129885e+03
2.237002224969208783e+03
2.074127397238698450e+03
1.935752207056665611e+03
1.889002760478088248e+03
1.881153521164915674e+03
1.809916935084111856e+03
1.771203935362681250e+03
1.666099771561833450e+03
1.657398834396499069e+03
1.594710459108215218e+03
1.495151713201864141e+03
1.491296516058392399e+03
1.487982289431699201e+03
1.469593084538775429e+03
1.361226613083866141e+03
1.360656266433675682e+03
1.281722914921792835e+03
1.270642802752027592e+03
1.140754572676528824e+03
1.047369297062456553e+03
1.009988551749977546e+03
9.927641431070519502e+02
9.804489415210653078e+02
9.729910582124701932e+02
9.338636097910851959e+02
9.250088368974707009e+02
9.059468510009080546e+02
8.740888277211638524e+02
8.604420732621040315e+02
7.542802658447781141e+02
7.523880273623718722e+02
7.495112519068280790e+02
7.482007441927714808e+02
7.405019128656153953e+02
7.225821057824450691e+02
6.779425079648548262e+02
6.454681187179076005e+02
6.393936024842388406e+02
6.194207319051675995e+02
5.919433735847443359e+02
5.082444604446965855e+02
5.078481839142949070e+02
5.038822625885172215e+02
4.832262771797922483e+02
4.818005737458745443e+02
4.698155867990749925e+02
4.693219324287290419e+02
4.635831966609753749e+02
4.595487990806188350e+02
4.508993341070813585e+02
4.502178569736670966e+02
4.341549216500207535e+02
4.255541343789021766e+02
4.036157315363112161e+02
3.885179139990459021e+02
3.835046906778123912e+02
3.766797171934939001e+02
3.586811580301809386e+02
3.543974395992637483e+02
3.482356394715212673e+02
3.410016377645512762e+02
3.280768437318449173e+02
3.221169736042402860e+02
3.212199799254716481e+02
3.090566083281764236e+02
3.018742927378917216e+02
2.951456449153236576e+02
2.937397995714298986e+02
2.771891283728680264e+02
2.712745689866900989e+02
2.660757109793644872e+02
2.553255286059496427e+02
2.479984728262243152e+02
2.406946401562517508e+02
2.392171026724976741e+02
2.387954179449468199e+02
2.365636084089655071e+02
2.281362025894723899e+02
2.280416313741773138e+02
2.214852914009296967e+02
2.140872225835501013e+02
2.133211481535920768e+02
2.118522774896709393e+02
2.082907704732128593e+02
1.997513804099670267e+02
1.942831885625475081e+02
1.895562377742240585e+02
1.831775714082480135e+02
1.809999999999999716e+02
1.765413517698272869e+02
1.731628575966174708e+02
1.722372726054410634e+02
1.701449146800696326e+02
1.673169966425722066e+02
1.671002453591285928e+02
1.632654882950859871e+02
1.567057295852034144e+02
1.528602947307655597e+02
1.505084320294652116e+02
1.450446647587018560e+02
1.420493983243100047e+02
1.409888946195854942e+02
1.383227668866134650e+02
1.374055442663199642e+02
1.370116025410645761e+02
1.354357763441103657e+02
1.339462805936906591e+02
1.276684851076637273e+02
1.259566231352862076e+02
1.244958099250983281e+02
1.217848659336381729e+02
1.194862876727704304e+02
1.162866957930544629e+02
1.138094848312749576e+02
1.131758628047972763e+02
1.103084922671886687e+02
1.074858645194917841e+02
1.070000000000000000e+02
1.066805372131485257e+02
1.060462634820176504e+02
1.046428178183011397e+02
1.040080489787258244e+02
1.032398008713388577e+02
1.030490146534529572e+02
1.026650624207467359e+02
1.018552829033275202e+02
9.957678984892653773e+01
9.725958675747637017e+01
9.282037982343672411e+01
9.276693738280894763e+01
8.750350672881998548e+01
8.693631664156180250e+01
8.600878327500407750e+01
8.481773486349689506e+01
8.380777307238992080e+01
8.312348255564994304e+01
8.272938364536031486e+01
8.113502556969181967e+01
7.842167522759019960e+01
7.764652136798598292e+01
7.651742751608000503e+01
7.578806936319085708e+01
7.562441242590186619e+01
7.427681326872018985e+01
7.368567835649965048e+01
7.086128483860630922e+01
6.967469047068793486e+01
6.705142338927093704e+01
6.694695397945865523e+01
6.536185835855596338e+01
6.514518975127406009e+01
6.508221199047262928e+01
6.430005598701791314e+01
6.340637776871071907e+01
6.098372526765742663e+01
5.913664614753405147e+01
5.904428772481055887e+01
5.752469818343164576e+01
5.734644966121523169e+01
5.590822650137052108e+01
5.494468028542071636e+01
5.333991849682350050e+01
5.186789878443083524e+01
5.169635258045727966e+01
5.128742559439061921e+01
5.100831056371536931e+01
5.024330441801760117e+01
4.861562091065956537e+01
4.710862496464823579e+01
4.550828817272711291e+01
4.521868917622148842e+01
4.505348142269031086e+01
4.501110452628557823e+01
4.496271202208689743e+01
4.265733147855448948e+01
4.164756965846380155e+01
4.050785698696384429e+01
4.028018445640776690e+01
4.015372342412055673e+01
3.957802341818693037e+01
3.938349951921724568e+01
3.905202916197056595e+01
3.772227903817999817e+01
3.751654600315186627e+01
3.748690908209010786e+01
3.699987464236372148e+01
3.681356623223295088e+01
3.516973964378117046e+01
3.441441605199435116e+01
3.361965655198822134e+01
3.298812381652273729e+01
3.252957555764755426e+01
3.175957690806091449e+01
2.980352067264835370e+01
2.899997719128724682e+01
2.838817650117165314e+01
2.800974837543181906e+01
2.793478125246117116e+01
2.743059500221374947e+01
2.719482941517609831e+01
2.700000006144123788e+01
2.690717422242321533e+01
2.676351367193741737e+01
2.646054337258334144e+01
2.636031726584672086e+01
2.593659590795090963e+01
2.525555727725655331e+01
2.490073270129112970e+01
2.460098622640724031e+01
2.446329242312260988e+01
2.412147682855847464e+01
2.391857145706715215e+01
2.382942502009066388e+01
2.337913444228914273e+01
2.320736757394533356e+01
2.290700152793840871e+01
2.266624474384024879e+01
2.200921388517553723e+01
2.194697319325449314e+01
2.168738908590081138e+01
2.164415599527290723e+01
2.124622873411992430e+01
2.086328917184823339e+01
2.067482557183358338e+01
2.043413676912776467e+01
2.039367550250610961e+01
1.923837726056718367e+01
1.893364688139736174e+01
1.853309097833856001e+01
1.835243652490762045e+01
1.815286829454718642e+01
1.800004789197301491e+01
1.758024144108984999e+01
1.727570473720447808e+01
1.718230815705534198e+01
1.711162244317710801e+01
1.679393541974078374e+01
1.661228031671134175e+01
1.642585230282948672e+01
1.634567069479431467e+01
1.609734496278992921e+01
1.572329340984873269e+01
1.556971994570846007e+01
1.527830855532690713e+01
1.519418424506747378e+01
1.506885710072630324e+01
1.504054123650515962e+01
1.496493863403182978e+01
1.487782323114925020e+01
1.473792086222763942e+01
1.459586047945095544e+01
1.445102659881429119e+01
1.442564109648544779e+01
1.423861171864930419e+01
1.398757619823985365e+01
1.390962469099497589e+01
1.379647329489207763e+01
1.346964740860302001e+01
1.342463217766294825e+01
1.326398858659337421e+01
1.312637085563555850e+01
1.283432407131148345e+01
1.273190962241542934e+01
1.254882671996439392e+01
1.233985922088645815e+01
1.229540499328792080e+01
1.218349498267108011e+01
1.197574886992511800e+01
1.179151811564699059e+01
1.166965194287388030e+01
1.156099089186669993e+01
1.147979522054790813e+01
1.141959060309226359e+01
1.135344320845266886e+01
1.129885292351609571e+01
1.122789861141508716e+01
1.111502270345114773e+01
1.103116872282867966e+01
1.097230561541027072e+01
1.092348634435375665e+01
1.086277988308432541e+01
1.077830976303647326e+01
1.071340584701874299e+01
1.042111762221384019e+01
1.031226796661067979e+01
1.026545377080275046e+01
1.021719213757884681e+01
1.007422225767704838e+01
9.997635301948324837e+00
9.971083183865792066e+00
9.891482351582656207e+00
9.842756538731997296e+00
9.718559547893736550e+00
9.558360175495339561e+00
9.407115563567906236e+00
9.378114900406714582e+00
9.338446687301015459e+00
9.236686812499337762e+00
9.148580116322694522e+00
9.106269689934121558e+00
9.093407912137999816e+00
8.999962667009649309e+00
8.980821221262925036e+00
8.915701921126533591e+00
8.843554203776694322e+00
8.640307304431379620e+00
8.576969164088609432e+00
8.476947220761108071e+00
8.384455520353300884e+00
8.379832879813100988e+00
8.328970765233385976e+00
8.278071417572812507e+00
8.246180459707145971e+00
8.139073925895848660e+00
8.066013012653844072e+00
7.997976427759369678e+00
7.986873965232809347e+00
7.964305340624497909e+00
7.908797392246027513e+00
7.876101464774410310e+00
7.770055024499862739e+00
7.743585057463437060e+00
7.658371488876083433e+00
7.599001639874679803e+00
7.423378241609810857e+00
7.374304216802489265e+00
7.252842074867746014e+00
7.227393733715052448e+00
7.157218826186757532e+00
7.145407463273296678e+00
7.065061981868526075e+00
7.029554334164623164e+00
6.980446352571383350e+00
6.942299842916361818e+00
6.852693391140662449e+00
6.781080624143910995e+00
6.730921496758603517e+00
6.629640871489481668e+00
6.602957043737547771e+00
6.517791012383614024e+00
6.482524857171919841e+00
6.424649852847898579e+00
6.312569250234427720e+00
6.276406371547636809e+00
6.202878748075029591e+00
6.159328022975860684e+00
6.136947329364778270e+00
6.102437776504636702e+00
6.071205491069345150e+00
6.022690013105104434e+00
5.992306193359580924e+00
5.942412875191122268e+00
5.911503878487962105e+00
5.900837850303460641e+00
5.865015886739254114e+00
5.817550101270347440e+00
5.784267569635230366e+00
5.728094981243133432e+00
5.688438108616058031e+00
5.597442546559287635e+00
5.557272745417227711e+00
5.524598735888049283e+00
5.439148950219544254e+00
5.426340530949692820e+00
5.394043146746682282e+00
5.356690718993867506e+00
5.323846381783780224e+00
5.312663240363447059e+00
5.280233816790973478e+00
5.220382844105579956e+00
5.163469675344877885e+00
5.137381243160642263e+00
5.117422420760517454e+00
5.036876790019782391e+00
5.033478917331331459e+00
5.000000132942618691e+00
4.987717803499148062e+00
4.977098370128331339e+00
4.891658037416001470e+00
4.865755774070215978e+00
4.861278298652439211e+00
4.833677049139219584e+00
4.808260653342456337e+00
4.795831177998427286e+00
4.791399083872205367e+00
4.736088314142253175e+00
4.729151705086699131e+00
4.696117912821003770e+00
4.665815425374082892e+00
4.622979037606856245e+00
4.609942161944557526e+00
4.579759400031942818e+00
4.540012349031864680e+00
4.501800766345458449e+00
4.462754912413505970e+00
4.433964816200103520e+00
4.408838502472073984e+00
4.395904633260251160e+00
4.384110603752694679e+00
4.343386048904875452e+00
4.292492275963696535e+00
4.272949399219333699e+00
4.263356257653539316e+00
4.242472813947953725e+00
4.222191237679806086e+00
4.183773938326902808e+00
4.171795573829204962e+00
4.153116438009046618e+00
4.130405384633517585e+00
4.117659806229920783e+00
4.097395883370507974e+00
4.087164997939530586e+00
4.057661480747207783e+00
4.033309990939857315e+00
4.011388384072839486e+00
4.000000003362929490e+00
3.998309265107312882e+00
3.989563579158344364e+00
3.983580933320605144e+00
3.961368987629283023e+00
3.919870090835507082e+00
3.914911243967035492e+00
3.889578196057715598e+00
3.873769907861718043e+00
3.872882561390404987e+00
3.853951632072326383e+00
3.802212328800171015e+00
3.784657534051411254e+00
3.779363765742055126e+00
3.766437291697770195e+00
3.742255471559883695e+00
3.697617825750909137e+00
3.667315189557353694e+00
3.651469763331772977e+00
3.636026141200381367e+00
3.603161787235604319e+00
3.598834245074886695e+00
3.569331781639924817e+00
3.556132086367881584e+00
3.546324339469115738e+00
3.519993490307241402e+00
3.499338612514011349e+00
3.483251666975964778e+00
3.474355178991801463e+00
3.437310882126464406e+00
3.376253697472332505e+00
3.356855084381897392e+00
3.343981749764038724e+00
3.339327483752080106e+00
3.320374145795746745e+00
3.312496865914881905e+00
3.300241523859788195e+00
3.297193054343954710e+00
3.291173174897849663e+00
3.269568362471141576e+00
3.238523104845814515e+00
3.203414982697968316e+00
3.180307155891421989e+00
3.133468445066001973e+00
3.125473995411296890e+00
3.122840518255129982e+00
3.120138671988635704e+00
3.106482340183204460e+00
3.093817850103026679e+00
3.066622363406874108e+00
3.052717802100934907e+00
3.038865041953855872e+00
2.985932024098485016e+00
2.964180587759603913e+00
2.958650675813125464e+00
2.929688780391431546e+00
2.924229326286662989e+00
2.898069939582076593e+00
2.892553961829866793e+00
2.879494092537414840e+00
2.807317652610227032e+00
2.799400109630942879e+00
2.776405922235483992e+00
2.766294231792196801e+00
2.750091915051877667e+00
2.746220797756223408e+00
2.713627970064012906e+00
2.697971514227710532e+00
2.657028147171200061e+00
2.646873289500192516e+00
2.627679059448235765e+00
2.606644666187695414e+00
2.594034366011095827e+00
2.558128950964825510e+00
2.548354202237861799e+00
2.529721745693090718e+00
2.526498858261066793e+00
2.520032625970110018e+00
2.504233482745574779e+00
2.489785248943745533e+00
2.474681329092517590e+00
2.466295748458132486e+00
2.458530622572468793e+00
2.449716472579977822e+00
2.448751179084976304e+00
2.439650443273445379e+00
2.430392938179965157e+00
2.412892810953499279e+00
2.406529176997517894e+00
2.400521011396470783e+00
2.385682589662096564e+00
2.367313954207776572e+00
2.364049908603802930e+00
2.355559326415881838e+00
2.333070625700401024e+00
2.319256702975187601e+00
2.315240312478642259e+00
2.306759151413722453e+00
2.292767972342414584e+00
2.285361010680347249e+00
2.269551644664093093e+00
2.265059560128629634e+00
2.237436918418369558e+00
2.227557221965091649e+00
2.213229852299469336e+00
2.203061162228090897e+00
2.197931916492071647e+00
2.194572687925610666e+00
2.190869732220789956e+00
2.181166614388155178e+00
2.173607784272314714e+00
2.153369767794766076e+00
2.146330509015899946e+00
2.138454084979360292e+00
2.131790313447554208e+00
2.120573836134470369e+00
2.106128323423850368e+00
2.102042102631628051e+00
2.088207107920698302e+00
2.083658296422022715e+00
2.071983454728131502e+00
2.058441633973057350e+00
2.056241544582285918e+00
2.046817737001968673e+00
2.038810024865490345e+00
2.021783000114064421e+00
2.011727405377865985e+00
2.001973826722445171e+00
2.000812244819339281e+00
2.000000000000002220e+00
1.999999999999999112e+00
1.999999999999977796e+00
1.999999984575763889e+00
1.999593566840704550e+00
1.999568223020232072e+00
1.998397598791899821e+00
1.987033297502728058e+00
1.978536714317114864e+00
1.968743529148864413e+00
1.956505694804202999e+00
1.947816900603824397e+00
1.937687817489000430e+00
1.927875039422062287e+00
1.913330614804174434e+00
1.909250884617484934e+00
1.898967491123510376e+00
1.892062056399059111e+00
1.873086290569075496e+00
1.867434137872845179e+00
1.857074624306774613e+00
1.836380856601967260e+00
1.834640604815379827e+00
1.819610472813633972e+00
1.808980652362034647e+00
1.802903761346484002e+00
1.792993833028954320e+00
1.781949316623575807e+00
1.769764308964969279e+00
1.759310067172838776e+00
1.756262660828942668e+00
1.751990417788093835e+00
1.742648137273769660e+00
1.736820075369630123e+00
1.730464419389031061e+00
1.709693252714814315e+00
1.702867929103029532e+00
1.682182831780314025e+00
1.670773541615786728e+00
1.661310813258833674e+00
1.654400941141549897e+00
1.649678685986794235e+00
1.642491245186223470e+00
1.629217047559135878e+00
1.617557418892361820e+00
1.609849176577215824e+00
1.598415717926041202e+00
1.588635802048538270e+00
1.578311234344812242e+00
1.571782776966607731e+00
1.568820065902412075e+00
1.558745412926866081e+00
1.549743575236776527e+00
1.542962755763258365e+00
1.534673650246805909e+00
1.527947350968115403e+00
1.519509817640454674e+00
1.515001829022263546e+00
1.505488701320284450e+00
1.499529064650701793e+00
1.484654213090357056e+00
1.478204229486398624e+00
1.476812050563707235e+00
1.466468640092830400e+00
1.458715075083707458e+00
1.453501910202206204e+00
1.442052907770188463e+00
1.440134653605482873e+00
1.420553298402923659e+00
1.415152607333763690e+00
1.414739318902316301e+00
1.414209788268867340e+00
1.413834929842071819e+00
1.412249241702249858e+00
1.409803217026533328e+00
1.406939137116992367e+00
1.404755200732407783e+00
1.388564410010704853e+00
1.375579988935380582e+00
1.362964930486416426e+00
1.355250267200241110e+00
1.352615312605889519e+00
1.344593237052358559e+00
1.337985533531684146e+00
1.334543651681507015e+00
1.327440496355046129e+00
1.320165865716252274e+00
1.315002194156485338e+00
1.303994256175271760e+00
1.303579304691751206e+00
1.294075488809930174e+00
1.285050241705014029e+00
1.273895569849811338e+00
1.264803744493191662e+00
1.255644026477290565e+00
1.254053983179635123e+00
1.247611165823309332e+00
1.240684945482655621e+00
1.229650309877271086e+00
1.224264115332403646e+00
1.217294111437725146e+00
1.213481095726612891e+00
1.202668526389806702e+00
1.200284974701726570e+00
1.193468600101938337e+00
1.190881409807798885e+00
1.183168125473927468e+00
1.163329957456948671e+00
1.162327035687648058e+00
1.160527912017479180e+00
1.147732693947587146e+00
1.140087127078984075e+00
1.136172253472868432e+00
1.127412397778709163e+00
1.115649617224178103e+00
1.103195581186190433e+00
1.098512471529095480e+00
1.093855099501471750e+00
1.087053349112993450e+00
1.071927630048156388e+00
1.064117587859893188e+00
1.055207859134561721e+00
1.051231674238860103e+00
1.040166036304860153e+00
1.033490132201866807e+00
1.020182820502200105e+00
1.007497036326419071e+00
1.002527292682759752e+00
1.001344814213232848e+00
1.000743776978014532e+00
1.000000000000000444e+00
1.000000000000000444e+00
9.999999999999993339e-01
9.999999999999987788e-01
9.999999965232344579e-01
9.999993973117019541e-01
9.999964432022874217e-01
9.999888098484008836e-01
9.999188356404404843e-01
9.998683227202171953e-01
9.990716144138953592e-01
9.989107796662561878e-01
9.983330903520961641e-01
9.970711853391992507e-01
9.961920226302009018e-01
9.928831300571366869e-01
9.918798695268605803e-01
9.855400526405678763e-01
9.853196629943898888e-01
9.832592848520955719e-01
9.818361458704281119e-01
9.801080255762822935e-01
9.772983004391171402e-01
9.739472294902615790e-01
9.689672130728592681e-01
9.647551851232830655e-01
9.590831223897500202e-01
9.526763399470415949e-01
9.484520985185167508e-01
9.466028644461297326e-01
9.451521112151612947e-01
9.399026125827365519e-01
9.381093737208332506e-01
9.346961985748296620e-01
9.319127752882494509e-01
9.223744743674963109e-01
9.199043709422551895e-01
9.174712240596891721e-01
9.165922081711030955e-01
9.083005007209885573e-01
9.035680224072204503e-01
8.991424997220652804e-01
8.976740709093998793e-01
8.951885925786200460e-01
8.910740619596595469e-01
8.901634807172342789e-01
8.808659679523473951e-01
8.764025098423607885e-01
8.722595845252624214e-01
8.687417987029245614e-01
8.643929209309491046e-01
8.605019304979057981e-01
8.581212248349102678e-01
8.540177012047409644e-01
8.432938539765467700e-01
8.402371009948519376e-01
8.390096735264770400e-01
8.314144241296964610e-01
8.305879857296293300e-01
8.270973255843991900e-01
8.214653252865771194e-01
8.200351586181070518e-01
8.163939335620313820e-01
8.036601572305560603e-01
8.016379731861577040e-01
7.875786902662162969e-01
7.849233206592994838e-01
7.818926168332459570e-01
7.766959417555221457e-01
7.691782670982248993e-01
7.648501166182889444e-01
7.586239029607840800e-01
7.544059194504165733e-01
7.521199648788569059e-01
7.415998985685341438e-01
7.371753884584315575e-01
7.318371658583763262e-01
7.202066999925245128e-01
7.119440361779160176e-01
7.103508662418619446e-01
7.036825097176798716e-01
6.924210566215001084e-01
6.832069256408287439e-01
6.799743495725031339e-01
6.513740657112616628e-01
6.451319988035796316e-01
6.346230258952840764e-01
6.233598285582111487e-01
6.090782731412738293e-01
6.059675472908195859e-01
5.943233704709316445e-01
5.783331253941260686e-01
5.772440758008593464e-01
5.714935787582713367e-01
5.652989695662433700e-01
5.548993079285048369e-01
5.374683600508058934e-01
5.304963726785381084e-01
5.254106735718252486e-01
5.191061471559341722e-01
5.144597987217771617e-01
5.086108252325772794e-01
4.986791591129562384e-01
4.871782097454994132e-01
4.770152815677293767e-01
4.579417120722149570e-01
4.451431412619236694e-01
4.431731184420337755e-01
4.416193309322068439e-01
4.391751121380169098e-01
4.348318629635108401e-01
4.300868374873177413e-01
4.184084038788563054e-01
4.160270448139622435e-01
4.135683713885614510e-01
4.077335921365680682e-01
3.997211763821559849e-01
3.929565681696181589e-01
3.837795834486263935e-01
3.759684194042012262e-01
3.742369814111231596e-01
3.600857811237240247e-01
3.425445186883072091e-01
3.305721321626617359e-01
3.289213000107081841e-01
3.277227377910072459e-01
3.220306048755284256e-01
3.198139482236576070e-01
3.174083737280509188e-01
3.151395229783310881e-01
3.015262737809563665e-01
2.963553988428629937e-01
2.859075202637968438e-01
2.841592480976607993e-01
2.827192500377770368e-01
2.793897004086134395e-01
2.747267576922772236e-01
2.699987453891192213e-01
2.495655930870907813e-01
2.475520854658397885e-01
2.403183624141717045e-01
2.334236940055534060e-01
2.326018413015487341e-01
2.211418126068212808e-01
2.140367930051989276e-01
2.037619524418513295e-01
1.860921112395091115e-01
1.719075231005861015e-01
1.708871314429817045e-01
1.600146060451183849e-01
1.547988955662311650e-01
1.462076854345752963e-01
1.410169917825239427e-01
1.345838451748022913e-01
1.335217231037943986e-01
1.271702355811663854e-01
1.187546913880046517e-01
1.061774865611786051e-01
1.013872944361949996e-01
9.525266739491619616e-02
8.936726467990699363e-02
8.471068413348541160e-02
8.115406390234486400e-02
7.763878387926262392e-02
7.428816957389093589e-02
6.776918540691705128e-02
6.564940697681181936e-02
5.569874668888948749e-02
4.485070174291048289e-02
4.302228752865797784e-02
3.721895766408089834e-02
3.451369072116891590e-02
3.351334122207556832e-02
3.085057498521750693e-02
2.764968970740366502e-02
2.484272225187941427e-02
2.051527386977801404e-02
1.978390484105993150e-02
1.807658770715413546e-02
1.791205230179387931e-02
1.585293420307079537e-02
1.551579377163342550e-02
1.366936288057647546e-02
1.299983547181608225e-02
1.263401994186946070e-02
1.138048385320191390e-02
9.306903151477205829e-03
8.776692539022794282e-03
6.007930094872792649e-03
5.880844000646341142e-03
5.098446893501988077e-03
3.167702588738898449e-03
2.660036186460020338e-03
2.328463945377331340e-03
1.929182275226159777e-03
1.345096656195858987e-03
1.318453323927785232e-03
9.392176367609841132e-04
5.352885612047408566e-04
9.831882046104597529e-05
3.645925820975806354e-05
2.867527118468189730e-05
5.658952558362103628e-06
4.378747976720109057e-11
3.504422200699592873e-11
2.785710797997301618e-11
2.313371526808976083e-11
1.950003685131747978e-11
9.895123656430987196e-12
4.730666316636504029e-12
4.164729088815239029e-12
3.655915308049588728e-12
3.251514729745789677e-12
3.195936034228680357e-12
2.517707614379980409e-12
2.168877888821132581e-12
2.075600646324166608e-12
1.879719235708004035e-12
1.687382943180609648e-12
1.536105527042684603e-12
1.434287949312460004e-12
1.291735599487782937e-12
1.138763390494568324e-12
1.056081796886546002e-12
9.943049834105714877e-13
9.299025982122084355e-13
9.060712584563938320e-13
8.785660766971349220e-13
8.523036141767767682e-13
8.184253439522486035e-13
7.925812252177028318e-13
7.155307560007894382e-13
7.125474898954954566e-13
6.748206191522479759e-13
6.529176015079217180e-13
6.216675863238067610e-13
6.041539966080249234e-13
5.966429638886857604e-13
5.701999157488776533e-13
5.549325252951927936e-13
5.236515795490015194e-13
5.036080920933654641e-13
4.822714500583509207e-13
4.420289598744418904e-13
4.201283064428422659e-13
3.912459422295471234e-13
3.870359162813678158e-13
3.637573594081876911e-13
3.581417264604698804e-13
3.404984412400950897e-13
3.217510519773245325e-13
3.083871028452905778e-13
3.006712766671428913e-13
2.827187506773034184e-13
2.791605035292724394e-13
2.741878726886201308e-13
2.699908159553714735e-13
2.479949794064607758e-13
2.350532990482886990e-13
2.245882060663721945e-13
2.094005510900106745e-13
2.055550160273852856e-13
1.973337600132121281e-13
1.947150414296893597e-13
1.871433220764296089e-13
1.801934423636930354e-13
1.709001588904426307e-13
1.670408679004888024e-13
1.654811428019979526e-13
1.608037245890100428e-13
1.530307592349148775e-13
1.480218427348421272e-13
1.405874361512134697e-13
1.395265804300503341e-13
1.331733178831108046e-13
1.297193865159386838e-13
1.239969192104104154e-13
1.223151128487258547e-13
1.187202281950349737e-13
1.097299198827812948e-13
1.065062954550282956e-13
1.036251834319935591e-13
