# Singular values
1.242501063559613613e+04
2.808996353293197899e+03
1.360196950867582700e+03
1.179808834671490104e+03
6.174123776903818452e+02
5.200194048429001441e+02
2.043271874593091013e+02
1.794565442839655702e+02
1.749867166025212839e+02
1.099565202443555449e+02
1.016678411794988790e+02
7.269925825136650133e+01
7.073477212362126920e+01
5.663033220017037195e+01
5.569368329336271017e+01
5.102682991709330906e+01
4.127845234350898096e+01
2.908659267018015981e+01
2.808624251943236771e+01
1.805656592375173730e+01
1.523384204043478363e+01
1.315408019845858156e+01
1.241476428287568368e+01
8.437137551074709307e+00
7.644948630244915222e+00
7.068525113244056080e+00
6.584946030674275086e+00
6.081072868066171644e+00
5.727555005755971429e+00
5.515104990996695378e+00
4.355897491261982779e+00
4.138784587443879559e+00
3.981318228186324415e+00
3.452189402437868537e+00
3.052134758549332361e+00
2.793132624511556195e+00
2.617569546056263796e+00
2.401312608324905895e+00
2.212170229568382496e+00
1.999939124204705765e+00
1.754350602253669900e+00
1.732103705171959662e+00
1.732050807568877859e+00
1.701217201607414076e+00
1.647882426639718068e+00
1.532023984234853309e+00
1.414213476621206222e+00
1.190838026635269831e+00
1.021280599744750717e+00
9.999999999999998890e-01
9.724928924467433067e-01
8.593540072566615562e-01
8.295334763322574911e-01
7.433122317167781823e-01
5.731110876113560959e-01
4.404927453110157876e-01
3.388504792021093670e-01
2.117535916224540238e-01
1.737341900105960624e-01
7.019981494128507693e-02
2.407848041796109909e-02
2.908339513877033401e-12
2.584740425509078770e-12
5.830943371850561033e-13
3.830510671879331578e-13
3.048064199444577845e-13
2.815667066115622389e-13
2.534160544035579249e-13
1.811352877703081541e-13
1.446960578117081105e-13
1.141328398213518664e-13
