# Singular values
6.413841401954647154e+05
2.538180012254702742e+05
1.733956481689612847e+05
1.535698098772292724e+05
1.334245968737242511e+05
1.211692457159655751e+05
5.145085690144144610e+04
3.116673312374340821e+04
1.773001613378525144e+04
1.734123502116074451e+04
1.588712470754047172e+04
1.410943138168032419e+04
1.050261408272425433e+04
1.033624012114552716e+04
9.780577885351536679e+03
8.144029215707783806e+03
8.100289147120820417e+03
7.698554428661413112e+03
7.682689569382456284e+03
6.978559985876571773e+03
6.775820601957440886e+03
6.657142384709855833e+03
6.347775190865510922e+03
6.326025247810744077e+03
5.837226146925834655e+03
5.634922176070690512e+03
5.425388579806950474e+03
5.347775257940418669e+03
4.104842854661323145e+03
4.099165037877433861e+03
3.919288030108859857e+03
3.651377054621704701e+03
2.935218633627666350e+03
2.884487750433040674e+03
2.813861868825652436e+03
2.714894493456036798e+03
2.669449058021099518e+03
2.662903462513294471e+03
2.409378138382115594e+03
2.373378257321834553e+03
2.365004123898725084e+03
2.207523708562283446e+03
2.121218030572005318e+03
2.115085351325162264e+03
2.093674015621176295e+03
1.955346358854862956e+03
1.942237692968376678e+03
1.924101795720508107e+03
1.887598175233887787e+03
1.815064649465991579e+03
1.802653764106679319e+03
1.782754292337714105e+03
1.771243700183052852e+03
1.731868087255940736e+03
1.700050784147024387e+03
1.685543794050859788e+03
1.675179835145109791e+03
1.641793130949252145e+03
1.638663942506471358e+03
1.456746504291428664e+03
1.388589291622949759e+03
1.378629872546906881e+03
1.299849846961666344e+03
1.253298236482339007e+03
1.252196684686653498e+03
1.219942896669281481e+03
1.202634740229716499e+03
1.190427522447207366e+03
1.165307571692778538e+03
1.160980910799818048e+03
1.134569636503846141e+03
1.127750253111965321e+03
1.102605507141847056e+03
1.092261473719477635e+03
1.089098449733221514e+03
1.081474644446922412e+03
1.030374121902709248e+03
9.642832568398997637e+02
9.557596416826816039e+02
9.285598839425663300e+02
9.208174230920075161e+02
8.597883139267910337e+02
8.521063715441781596e+02
8.499999736581530669e+02
8.491908624134561023e+02
8.464889966407152997e+02
8.371488251693144775e+02
8.178137488738892671e+02
8.142157312617996467e+02
8.056406934880955077e+02
8.010919979040941143e+02
7.868201166434724882e+02
7.752518045903201482e+02
7.732196797350804900e+02
7.686837359544275614e+02
7.649003470838093790e+02
7.556354606329052785e+02
7.499077303392747353e+02
7.457171077216412414e+02
7.297670446452251554e+02
7.117905090707258751e+02
7.059997828874445531e+02
7.027269865616632387e+02
6.983593349822137952e+02
6.942318559914392608e+02
6.891673526360558526e+02
6.883190618743035429e+02
6.804982318657137057e+02
6.791817923954494063e+02
6.704517086226767333e+02
6.494280719783404265e+02
6.462077458769324494e+02
6.400923598928860656e+02
6.270305390134907384e+02
6.141539354834259257e+02
6.073770651949757848e+02
6.064140780297261699e+02
6.053520458424900426e+02
6.038552898919408563e+02
5.938546186547984007e+02
5.875717590289581267e+02
5.835155767642621640e+02
5.797682369922443968e+02
5.744407099800390597e+02
5.710866955935472333e+02
5.549335102603662335e+02
5.546642284367330831e+02
5.535551626360035016e+02
5.505404748963728707e+02
5.492028935319922311e+02
5.481692800803307364e+02
5.422225373802290278e+02
5.355293728619201374e+02
5.254806544439421714e+02
5.238096760385651578e+02
5.092812904605812605e+02
4.967146615111807364e+02
4.964613577804319675e+02
4.909098482922588573e+02
4.888313959872934902e+02
4.881928204789067536e+02
4.781527508752102449e+02
4.768282609766152973e+02
4.731659775486824060e+02
4.669652446158145267e+02
4.633581798358093806e+02
4.557460364321295287e+02
4.485544423901477558e+02
4.461159960149494736e+02
4.451205250911928033e+02
4.420188298767462811e+02
4.364478552487143475e+02
4.315127331840413376e+02
4.299000316614084909e+02
4.258651969608470722e+02
4.233691766445961662e+02
4.188962391062862594e+02
4.143987389642621793e+02
4.102759724807396537e+02
4.079652220359424746e+02
4.052428955368527568e+02
4.039819419279306203e+02
3.998533209725392794e+02
3.938423635906939921e+02
3.758775677670994924e+02
3.662849759878553755e+02
3.637214200529095933e+02
3.614896572492788778e+02
3.598140036524465017e+02
3.522960610167543223e+02
3.489109715947347468e+02
3.486198188194858858e+02
3.464208192863242175e+02
3.438608107833762801e+02
3.378686573794096830e+02
3.333330407276291112e+02
3.230768260140242774e+02
3.176866213247591304e+02
3.167402795914962894e+02
3.115002194542494180e+02
3.060330056603727371e+02
3.053001883876261786e+02
3.030340176744969085e+02
2.993323976076174517e+02
2.989020761859085269e+02
2.978939891943095404e+02
2.885611369991789843e+02
2.870401479677655630e+02
2.868026289382805203e+02
2.854621369092745340e+02
2.788042511813800957e+02
2.734072495004401731e+02
2.686816564505348879e+02
2.611084610710893799e+02
2.598969073342899492e+02
2.579745735413388275e+02
2.559916576558656516e+02
2.516495301107540570e+02
2.478763282833241703e+02
2.478204253824349621e+02
2.456508893213350291e+02
2.452229914009838581e+02
2.440406312120313146e+02
2.420312877401177332e+02
2.265858669116232988e+02
2.218778130614234101e+02
2.198162827353287980e+02
2.177546386091852924e+02
2.146904338622571515e+02
2.116867008223017308e+02
2.045175381095725129e+02
2.018283389209175596e+02
1.963017788602390397e+02
1.946083284406190899e+02
1.944973510052648180e+02
1.924092487478380633e+02
1.855343648852367835e+02
1.841240048007212806e+02
1.838099402550427328e+02
1.823332396618858411e+02
1.784496607409058697e+02
1.779158469943894829e+02
1.746179566897987172e+02
1.686782459917916981e+02
1.682701492544964310e+02
1.673580856562615224e+02
1.618422065694654179e+02
1.585301043578598410e+02
1.579778811552911861e+02
1.531343115952011544e+02
1.527536283868660973e+02
1.482398890061099905e+02
1.417895569144916408e+02
1.405596465657244210e+02
1.397639203992238777e+02
1.300089045594404240e+02
1.298518221888401740e+02
1.271842307477134142e+02
1.245509490132982648e+02
1.234038431320532112e+02
1.139372551530199758e+02
1.130993396237761175e+02
1.121740035600850973e+02
1.117130965754981418e+02
1.109819397702748915e+02
1.064578008310496386e+02
1.021674956977913666e+02
9.998514141602707639e+01
9.772109794686761575e+01
9.518827687471950583e+01
8.704701722489325277e+01
8.638992257665555030e+01
8.635922302751384905e+01
8.283175104975765635e+01
8.234306091009865725e+01
8.168731599014030564e+01
7.997842987267669912e+01
7.995969753214269815e+01
6.694345063624020042e+01
6.299222612628194184e+01
6.283057114453718128e+01
5.801025918628031519e+01
5.660463203179362068e+01
5.470532668286259792e+01
5.409123696772600454e+01
5.272835440586148792e+01
5.192549267338941377e+01
5.079014547208258534e+01
4.905456384188301655e+01
4.842547911688820506e+01
4.807535840098049107e+01
4.710426408650601360e+01
4.532517380032756193e+01
4.405527807581044897e+01
4.351490137817486925e+01
4.209669080355792659e+01
4.185836423637646675e+01
4.090356155151230411e+01
3.704707240474660068e+01
3.690735311063620827e+01
3.605785299053716386e+01
3.581719696358649685e+01
3.120056692398097198e+01
3.081107589944221559e+01
2.972624813792731757e+01
2.956584159778494580e+01
2.912466085254621362e+01
2.906884858162793961e+01
2.663518734534457977e+01
2.575538298342434373e+01
2.564585869232802295e+01
2.380410438511632520e+01
2.282874117650538537e+01
2.251110208395748202e+01
2.224516389992793108e+01
2.126637695684476981e+01
2.031343520330558050e+01
1.981598883181179360e+01
1.976256475723399930e+01
1.947448631697553978e+01
1.925064073534217712e+01
1.895776448950818605e+01
1.865397479914808088e+01
1.733070904175049876e+01
1.695370683897500186e+01
1.599346490182765912e+01
1.545837782980290953e+01
1.484833357249175023e+01
1.441129938769099539e+01
1.415943945798079362e+01
1.398112880459170704e+01
1.300904332074066794e+01
1.299902469249311920e+01
1.298019158024179021e+01
1.269857659301892738e+01
1.264293319631676127e+01
1.254644138179272872e+01
1.213626672921053107e+01
1.202365152869691300e+01
1.199999999999998579e+01
1.199999999999998224e+01
1.199999999999994138e+01
1.199999931128715502e+01
1.199926507870200432e+01
1.152187409225737724e+01
1.133898875122308247e+01
1.126584924917484365e+01
1.098365004877792295e+01
1.074071669084271186e+01
1.062772029185432032e+01
1.057470182415435822e+01
1.042268197688728826e+01
1.005475628417653589e+01
9.684880999434650306e+00
9.668984703978887651e+00
9.226404069507832872e+00
8.859019621228686248e+00
8.741623122327997208e+00
8.245878625323385336e+00
8.119258957578376013e+00
8.096212803277072823e+00
7.952968642022438139e+00
7.852320159962022927e+00
7.734487212661782962e+00
7.635005162089997910e+00
7.605347511896176194e+00
7.388880223785979418e+00
7.166475872728389263e+00
7.070611668917059056e+00
6.821125040012275598e+00
6.623134837005483888e+00
6.595272268402355031e+00
6.440194644189712214e+00
6.358462206333745925e+00
6.281630442604119402e+00
6.153197796869656955e+00
6.072871557726604586e+00
6.053835040159350811e+00
5.925541600904279171e+00
5.827307541763981469e+00
5.727725002310229740e+00
5.696811399690981048e+00
5.572107962994046204e+00
5.522209152281265965e+00
5.379285125507522913e+00
5.369004289426978715e+00
5.303582817683070161e+00
5.184059237180315804e+00
5.117694443849170938e+00
5.039092115434868902e+00
4.976413039119496062e+00
4.942371014336403690e+00
4.894170982108513535e+00
4.886629014905796708e+00
4.716726843803844993e+00
4.702878797443486469e+00
4.663093638743841751e+00
4.647914976641325246e+00
4.580691247376993402e+00
4.423682663166155216e+00
4.377976462783919054e+00
4.331178573816130140e+00
4.263096499892857771e+00
4.188842409225751240e+00
4.091660107264140755e+00
4.026962690364090491e+00
4.001761180691087105e+00
3.990162590954364763e+00
3.949293039835209740e+00
3.868659362474859531e+00
3.845563560061170172e+00
3.831588005779898776e+00
3.782991747660146231e+00
3.724387055711708694e+00
3.631053467390272793e+00
3.606451179246755512e+00
3.600155773896126288e+00
3.511206163709484684e+00
3.469811351938134170e+00
3.452897606612140180e+00
3.359584222611968762e+00
3.304631229373791168e+00
3.259776900205828998e+00
3.189661860880577127e+00
3.187979623958513198e+00
3.145368907766237676e+00
3.065864604286658412e+00
3.028383190781327006e+00
2.984077062415084303e+00
2.950260802248596548e+00
2.931475451208491290e+00
2.892382504115387665e+00
2.882478635991447824e+00
2.869746874342194776e+00
2.855081908714963923e+00
2.841594834836536521e+00
2.829891755042992063e+00
2.777740763681409764e+00
2.737343007259165795e+00
2.719668232491691207e+00
2.700751080548768890e+00
2.660129714808805002e+00
2.631788752499976791e+00
2.598839822327943416e+00
2.558377254486553287e+00
2.537597156847494873e+00
2.459757423161021972e+00
2.416194856055677409e+00
2.397384313423735591e+00
2.345805214412125750e+00
2.299959075184506485e+00
2.286075035666247590e+00
2.261194505908397101e+00
2.246839060060964233e+00
2.223534433854285730e+00
2.214886010136848604e+00
2.173260988878670474e+00
2.142147420678966796e+00
2.117803850063842308e+00
2.074319789024387628e+00
2.049798580498539913e+00
2.026965556169956884e+00
2.019595498736269423e+00
1.989629344504288966e+00
1.969719867838257699e+00
1.941027954386083332e+00
1.937500127693150054e+00
1.916881859236645225e+00
1.909898051889678650e+00
1.895521682353374704e+00
1.867283092334896866e+00
1.835399561714486705e+00
1.835236614331966942e+00
1.804399418278493483e+00
1.784042028688432646e+00
1.783833616492760399e+00
1.750461262999800427e+00
1.717490613234389896e+00
1.691407928633999136e+00
1.669082932546328335e+00
1.663842287366051442e+00
1.642830533531492332e+00
1.637803732593609229e+00
1.633087336330963035e+00
1.594399345840446403e+00
1.583449739211920448e+00
1.538231600394472487e+00
1.515373577702426866e+00
1.504792399809867343e+00
1.480956987349958842e+00
1.437748423932746267e+00
1.425455286028717072e+00
1.412997054164556010e+00
1.406527650010842123e+00
1.378571416029993335e+00
1.364797097898041267e+00
1.363976809131231205e+00
1.345101582019909703e+00
1.302438152472783939e+00
1.266049388180305435e+00
1.249661958442229714e+00
1.234444902187857185e+00
1.220026976244205752e+00
1.202815110421164180e+00
1.164047963784394568e+00
1.132317023667811284e+00
1.111202154574789214e+00
1.109196017148600166e+00
1.089591531650627054e+00
1.083291474103402541e+00
1.065784261048299930e+00
1.047953424787228416e+00
1.018372845456152698e+00
1.014436230334140543e+00
1.000975339984475410e+00
1.000077372959364830e+00
9.999882692054866684e-01
9.976329159304507810e-01
9.960203966663996322e-01
9.946946802839111701e-01
9.875287682265750933e-01
9.811274154370934752e-01
9.727577251404222469e-01
9.695758596205671376e-01
9.547458957809294988e-01
9.279260126655991536e-01
9.152284844007269049e-01
9.018708783551212527e-01
8.884445335381293551e-01
8.681475495228131445e-01
8.430990137268742357e-01
8.350836299486565917e-01
8.315751633701009560e-01
8.139561456532760086e-01
8.083702926793051580e-01
7.824617376850406814e-01
7.639990003232084437e-01
7.281738153920428447e-01
7.240744675126075114e-01
7.210551120053653174e-01
6.967595304321247962e-01
6.640147265791799258e-01
6.549038037814538527e-01
6.320525494389233057e-01
6.274898922150778935e-01
6.218577325927044930e-01
6.049860556730629613e-01
5.438241059422136425e-01
5.316640317724973253e-01
5.246890050325306865e-01
5.017349859989753691e-01
4.653623117483107752e-01
4.554213525226250003e-01
4.407993512734101338e-01
4.298410207238093084e-01
3.891629593678514465e-01
3.670628555864106635e-01
3.506673139593639021e-01
3.425657171855074901e-01
3.214818323420841617e-01
3.040578370968310962e-01
2.888847571480315790e-01
2.676526020114164406e-01
2.334480927907353065e-01
2.192268822996354116e-01
1.978889730126880686e-01
1.863405125194774192e-01
1.668454280553645919e-01
1.399705604461941311e-01
1.299168779506916782e-01
1.203994188597171805e-01
1.053627446976350690e-01
9.785291916685111280e-02
9.263479360201104518e-02
8.274400412845778208e-02
7.305990909323208105e-02
6.081433858192075714e-02
4.462506161390174253e-02
3.947800257560610954e-02
3.756133865652231535e-02
2.726908704038885981e-02
2.004957192824525711e-02
1.861141470079123034e-02
1.608651710391283129e-02
9.116409060517848342e-03
7.292110947255115577e-03
6.703319879839923258e-03
4.728319764232512268e-03
4.020108182942874059e-03
2.740464003186771774e-03
1.593402696467561197e-03
1.081866610577622871e-03
3.048555666908305808e-04
2.870683597528826423e-10
1.522227835983550575e-10
1.465684726947460635e-10
9.758413212154266993e-11
5.923171932834232826e-11
5.169660861969073093e-11
3.181153066810527859e-11
2.760781082384544423e-11
2.168394962638897286e-11
1.822230559631135852e-11
1.477749962840856551e-11
1.180116330075119961e-11
1.093588641081770014e-11
8.995172807428732913e-12
7.513088134601269523e-12
6.549561709884399562e-12
5.435871032481077729e-12
5.020643804881403703e-12
4.699502588619272908e-12
3.759178082675274651e-12
3.630402558744481904e-12
3.526565242767099273e-12
3.229286332913656070e-12
3.044782150565627059e-12
2.882200310458674310e-12
2.586256328687052393e-12
2.553596273965602783e-12
2.218963127755649070e-12
2.119375611455390131e-12
2.016666999206310119e-12
1.954734983716638390e-12
1.746759547601707614e-12
1.681044790519695539e-12
1.625087039470721864e-12
1.497880090886592665e-12
1.435264007119549563e-12
1.392387963803711288e-12
1.380348801185991796e-12
1.339751917761061874e-12
1.256678520319363980e-12
1.210054318483494107e-12
1.150178278204185750e-12
1.129312820321599112e-12
1.118579056266875339e-12
1.094596753942443716e-12
1.060640843624716968e-12
1.018663664289272765e-12
9.941452796811219762e-13
9.696970232501289967e-13
9.467373211817263494e-13
9.072840962630734413e-13
8.877907138562531921e-13
8.735755926004813608e-13
8.671535758116309292e-13
8.379873170780000105e-13
8.142281656602032461e-13
8.087221215821355776e-13
7.871855636655726727e-13
7.676921173903103012e-13
7.492410909990568586e-13
7.350676389059151920e-13
7.276425547534821214e-13
7.007774862547560580e-13
6.980663009225595838e-13
6.690200990537264505e-13
6.614591234820126967e-13
6.513891042099310824e-13
6.469958600007779889e-13
6.233639959946292774e-13
6.150500625575682419e-13
5.893727563222622011e-13
5.834299890562077049e-13
5.750031438245533593e-13
5.590671812496048358e-13
5.444110594185615861e-13
5.352603592718624206e-13
5.242310952810796121e-13
5.160493148461185927e-13
5.135110712703051358e-13
4.989521660745190936e-13
4.908491974741990683e-13
4.735134225747589777e-13
4.664141193231515314e-13
4.586239442625191419e-13
4.453633530588881041e-13
4.416469475749453970e-13
4.338715301671888455e-13
4.311562628933757931e-13
4.226451175493797848e-13
4.144186468463025192e-13
4.037489722578826734e-13
4.009265694622266175e-13
3.898226635172156356e-13
3.829764826550786933e-13
3.782141330633589530e-13
3.729121931105736118e-13
3.599879981046760445e-13
3.568874221776769003e-13
3.463354645017984106e-13
3.437776103471076224e-13
3.366414121441818526e-13
3.332035243622229967e-13
3.218547069447110275e-13
3.189927812778120568e-13
3.167166105358817497e-13
3.138067398602620719e-13
3.054177613749360645e-13
3.016217956787746135e-13
2.974866276080162065e-13
2.929449980350583248e-13
2.824932881177882722e-13
2.811834283596636064e-13
2.725307583067095019e-13
2.646106353658698643e-13
2.619204106791665506e-13
2.569387492664070676e-13
2.473817708560582975e-13
2.428410062228449878e-13
2.383903743889149925e-13
2.345060953565680624e-13
2.284580886339440814e-13
2.252516514147677021e-13
2.221528775922679559e-13
2.194250789619123705e-13
2.161332588417377499e-13
2.119834810062915199e-13
2.048830160730584089e-13
2.034893175432222056e-13
1.997801506932069072e-13
1.965264612350383389e-13
1.910692041599898063e-13
1.897790262910221085e-13
1.876883548719517500e-13
1.820338322292688533e-13
1.789043733366983441e-13
1.749969317071693880e-13
1.709612437401516298e-13
1.676147023156962564e-13
1.615935753527296646e-13
1.578776809793832523e-13
1.535748560930831686e-13
1.467990098024107951e-13
1.426731004118862750e-13
1.403803226092886060e-13
1.343320243123322298e-13
1.323479675747721388e-13
1.317441894563583550e-13
1.289332331371153387e-13
1.256583909551704962e-13
1.184949767471331630e-13
1.171539728281349474e-13
1.138160585187369115e-13
1.124491514491793160e-13
1.104763987278641273e-13
1.051574641317396126e-13
1.033272851483225769e-13
1.002884533054452152e-13
