# Singular values
5.022976642886087939e+04
3.073745446213389005e+04
2.125387807318316845e+04
1.871551746860722051e+04
1.575978981356942313e+04
1.038651716726914492e+04
5.642223043301316466e+03
5.586021867129337807e+03
2.498007615357558279e+03
1.847342374555682682e+03
1.759684781299676388e+03
1.531709062185570701e+03
1.494994661344063388e+03
1.250075519025073163e+03
1.181187372475926850e+03
1.135083234133351880e+03
1.126122822123804099e+03
1.057683675370479932e+03
9.779945840957209384e+02
9.530086829306153504e+02
9.078547857697325298e+02
7.412272867968958963e+02
6.940007225684405512e+02
6.712282576160101826e+02
6.400987903278351041e+02
6.016517136258568144e+02
5.531062550084274108e+02
5.307201113539708786e+02
4.323948021954814749e+02
4.187169511755175790e+02
4.120591581398003882e+02
3.701437860560987474e+02
3.524448531868169425e+02
2.597835027224018631e+02
2.138672402101546766e+02
2.093090974819351970e+02
2.000861168117503439e+02
1.844909669012145628e+02
1.729796179817230666e+02
1.701658914631555035e+02
1.614600084158578852e+02
1.480909427311708555e+02
1.453368653996446085e+02
1.402085994890899485e+02
1.302498515150593335e+02
1.194500026848750025e+02
1.008314826538824178e+02
8.119660814142831384e+01
7.136411379017131651e+01
6.308531280846823108e+01
6.227267437112798376e+01
6.205138760249835883e+01
5.762500369994160820e+01
5.592807851018169885e+01
5.480865774191750006e+01
5.110038697134869778e+01
5.064375034805119213e+01
4.508489715749514914e+01
4.416226355053965591e+01
4.162949753641212425e+01
3.479655148022295919e+01
3.424779949961486381e+01
3.338955566553489263e+01
3.156786726171324631e+01
2.748084299429231692e+01
2.646070233709349750e+01
2.616609164774845198e+01
2.531792997134169099e+01
2.440382058640561524e+01
2.261265530320620343e+01
2.202406904854799308e+01
1.931596472536462628e+01
1.781198889933675389e+01
1.679600290383498873e+01
1.637094971785025521e+01
1.488484381727855244e+01
1.407100359008897783e+01
1.349276304072326127e+01
1.287548354040406728e+01
1.259894351149748104e+01
1.231546628484694850e+01
1.181610291934739010e+01
1.086903755654049419e+01
1.078944367542804628e+01
1.060109367961375604e+01
1.037192648058751665e+01
9.691832864563009409e+00
9.473202186673038483e+00
8.999999999999996447e+00
8.994046050169298923e+00
8.718355102832525461e+00
8.115943703504079565e+00
7.655874825038449849e+00
7.282526600783083559e+00
7.169763326053040231e+00
6.918204738903662943e+00
6.329372272088973794e+00
6.029163621020820152e+00
6.000000000000010658e+00
5.905099953315787964e+00
5.766404468719141363e+00
5.728150467180586958e+00
5.594555115199996820e+00
5.432033278008834287e+00
5.358379049948726269e+00
5.261207475459921845e+00
5.209197803042007635e+00
4.990913589122303762e+00
4.746141034627386901e+00
4.638286813184167912e+00
4.461470664736256531e+00
4.257833636754687845e+00
4.085126663449355711e+00
4.031561470166352024e+00
4.008713965340739094e+00
3.976827316833026149e+00
3.752663780442643038e+00
3.639789318552330677e+00
3.377887977036813094e+00
3.265455258029556163e+00
3.133948342675875409e+00
3.011997032968434240e+00
2.939253818795806161e+00
2.900926976862709950e+00
2.858105133091145333e+00
2.803209225414147632e+00
2.769469763789536909e+00
2.563914894618394058e+00
2.531316402452752801e+00
2.491588867270602137e+00
2.398609663835872929e+00
2.302209931195672521e+00
2.160074440208241686e+00
2.104042521252047049e+00
2.032575034546634463e+00
1.946037715957037673e+00
1.876046036024140440e+00
1.869337958879837780e+00
1.812563302122008890e+00
1.764034417181487235e+00
1.752442285653330156e+00
1.674106582629196982e+00
1.569750829346855392e+00
1.503382398461391212e+00
1.414828928858629542e+00
1.385399007211424838e+00
1.275187138911668017e+00
1.127390197049794152e+00
1.099249176768774205e+00
9.938630217843572590e-01
9.875729784375824050e-01
9.724377494257444576e-01
9.721921830481881077e-01
9.115976561624336005e-01
8.972233574153937186e-01
8.750833937176205612e-01
8.429469321010918392e-01
8.296303422231610103e-01
7.476670578899836661e-01
7.241000446808960600e-01
6.979557556928263073e-01
6.755508445495975733e-01
6.224160947846550940e-01
5.740271669662555531e-01
5.188458668338417068e-01
5.000883616706223167e-01
4.906449043498801732e-01
4.617135415076307758e-01
3.932248110569604438e-01
3.891387126584435197e-01
3.711237002019487363e-01
3.183919937977717773e-01
2.774165153865537081e-01
2.372404279044436626e-01
2.260223572251283675e-01
1.909153446327573334e-01
1.682459578019438184e-01
1.041425001491666363e-01
8.702803375027293176e-02
6.681241212497414372e-02
5.130141017511940377e-02
4.210460958533365772e-02
3.474148824176881423e-02
3.207393510239150980e-02
1.778229083573238875e-02
1.412032311591323967e-02
1.124050053988496882e-02
6.780894046076822897e-03
4.383067393317960705e-03
2.996099301448958141e-03
2.375270128360866279e-03
1.795667097358668576e-03
1.441879162690181283e-03
1.093255179483397337e-03
6.028031407910772101e-04
4.885793623325204857e-04
1.633793179677761685e-04
1.210410093941088075e-11
5.891695049762442046e-12
3.647007381902414605e-12
3.091884722448745830e-12
2.680427435741854523e-12
2.200844639342338819e-12
1.586389003542540617e-12
8.640553778020663598e-13
7.334501540850256548e-13
4.736363908041315817e-13
4.324360743279407729e-13
4.198242576810627037e-13
3.897484997254666335e-13
3.545324777199969146e-13
2.549040962858443917e-13
2.087724039461179470e-13
1.602816830932389725e-13
1.429377936219596290e-13
1.187278879392742615e-13
1.101992994208050955e-13
1.020402867629894597e-13
