# Singular values
2.713302789187136659e+04
2.698800753427873497e+04
1.125672642726089180e+04
8.630366791278325763e+03
7.467123111826993409e+03
6.444549037849616980e+03
5.924375390439186049e+03
4.627492421203904087e+03
4.049001672819176747e+03
3.706858187866144817e+03
3.131886257384715464e+03
2.947720789465286998e+03
2.662545286558262433e+03
2.428701256250044935e+03
2.255924237226802688e+03
2.196837497376946885e+03
2.118752815466581069e+03
2.074477316202519887e+03
2.035880636898016292e+03
1.842027488568165154e+03
1.418167901929101845e+03
1.362914107967576911e+03
1.198456931740332720e+03
1.142283595520555536e+03
1.058742569218263043e+03
8.525913099719639376e+02
8.317916834030594373e+02
8.032829054797864501e+02
5.975532631283364253e+02
5.845773069081038784e+02
5.826477081600135079e+02
5.677949018849782306e+02
5.646408317623552193e+02
5.573839147709608142e+02
5.067280563795708872e+02
4.494328174326847716e+02
4.352038481395402982e+02
4.213434987672412717e+02
3.912436717240617554e+02
3.641222548311388891e+02
2.382874331454157186e+02
2.255081476709702599e+02
2.167894729617008238e+02
2.160613989967904160e+02
2.058489342799429096e+02
1.912276808714125025e+02
1.791530948344953345e+02
1.523605725527157233e+02
1.502440886328795386e+02
1.354351764909758913e+02
1.342757910111003810e+02
1.326509907738472975e+02
1.135071210378686288e+02
1.037618863595219949e+02
1.010225832969223347e+02
8.921911921694670866e+01
8.328882414639950582e+01
8.246827897719002465e+01
7.866679306149124784e+01
7.766906426600321822e+01
7.563457513688601352e+01
7.071625186864166324e+01
6.974279711592731701e+01
6.541865420532171527e+01
6.496783552409833362e+01
6.426364689501018290e+01
5.974344938292794183e+01
5.409379034607545123e+01
5.248585776514337198e+01
4.657448034414545646e+01
4.004144728147262811e+01
3.865269007190669015e+01
3.579755466831797150e+01
3.502539078281107976e+01
3.240950714781821063e+01
3.072497247537943466e+01
2.976980624244891160e+01
2.893025192881715668e+01
2.609939869274400337e+01
2.467829215994558112e+01
2.379308732893434808e+01
2.340045106161348798e+01
2.175647766676012296e+01
2.110575740641395015e+01
2.082088126027639774e+01
1.956969105387864971e+01
1.867399338578125523e+01
1.842561971869253412e+01
1.700077793807422566e+01
1.662391251390310032e+01
1.642267756368127962e+01
1.515440323229388220e+01
1.438439274192355199e+01
1.380988144380981275e+01
1.145923177501639678e+01
1.133205968145082387e+01
1.065346747577995856e+01
9.785957656280270811e+00
9.598254918160581184e+00
9.325577144895461856e+00
9.210587974306941206e+00
8.987418142574419733e+00
8.399720883604986810e+00
8.197004763048344245e+00
7.700952606584158922e+00
7.389521909029790336e+00
6.827067322966554386e+00
6.501182444739559863e+00
6.257678469509510677e+00
5.980859821751161043e+00
5.846640029422492724e+00
5.772632872116134628e+00
5.667768211594352401e+00
5.557301229554918010e+00
5.406638311778218409e+00
5.089808103746235268e+00
4.995373155359110307e+00
4.757529808272034977e+00
4.647468461243359883e+00
4.472108697749990647e+00
4.327693201434944292e+00
4.141639982204440074e+00
4.050243254211255639e+00
3.962168172139178157e+00
3.833804188116880063e+00
3.739374714081304507e+00
3.570243819584341338e+00
3.430077469638583842e+00
3.353294710678643042e+00
3.167156326281634904e+00
3.126266428752016324e+00
2.999087157019539873e+00
2.876619376677884254e+00
2.769024115486458104e+00
2.606619820072091365e+00
2.561523341930269204e+00
2.476198685802936783e+00
2.416166612975897188e+00
2.315885531176548717e+00
2.271032008783661738e+00
2.233457694671080684e+00
2.224593932970164722e+00
2.157851825547728808e+00
2.145856310484082208e+00
2.050662580941480240e+00
1.989099851282897458e+00
1.953220757894798432e+00
1.804661110676216706e+00
1.774266284782277880e+00
1.683271976961649319e+00
1.650414984448566269e+00
1.598908386026910877e+00
1.529414568136788333e+00
1.494419579479916882e+00
1.422513354978248934e+00
1.368798210754586631e+00
1.341149270639888647e+00
1.290924509601849124e+00
1.236057864595174971e+00
1.183819471397685730e+00
1.158139588251285268e+00
1.119431796187322137e+00
1.101697986254570383e+00
1.057365977832834369e+00
9.997073211829105022e-01
9.783624946745176354e-01
9.639540131994446259e-01
9.105475148881068126e-01
8.893194034349848343e-01
8.597301241937288507e-01
8.096471114364774957e-01
7.450746501533569432e-01
7.289253829662643014e-01
6.756850718219051810e-01
6.615942003987881348e-01
6.465169255041243179e-01
6.020728341932817251e-01
5.829331372755046647e-01
5.415175529327036497e-01
5.364960400582300393e-01
4.836418688551638034e-01
4.683344614643612513e-01
4.246448111004834658e-01
4.093064545751584626e-01
3.719233497519372489e-01
3.582280096003361836e-01
3.467813159327842176e-01
3.187873450843330958e-01
2.637145217810124564e-01
2.543866763821603927e-01
2.213584106218298986e-01
2.127740207585657461e-01
1.867269310454196252e-01
1.602921653456762241e-01
1.517442753653255316e-01
1.307510446363863432e-01
1.250491001619673803e-01
7.688512292123968195e-02
7.070654558485503505e-02
5.448244580998218289e-02
2.986108568245931724e-02
1.940029332347370170e-02
1.541175273595879990e-02
7.076552256100818346e-03
6.476494043186697448e-03
5.456796904650639858e-03
3.622127344488448777e-03
2.296115292622504401e-03
2.181051255647999121e-03
1.584434654330622687e-03
1.059862029734525779e-03
6.572899068667767701e-05
1.706672326852926486e-05
7.205267349038164379e-12
3.897310071352695444e-12
3.875644028740602550e-12
2.752742260838236493e-12
1.580616030300310945e-12
1.145097573860406893e-12
8.120577983750668131e-13
6.232880813794736233e-13
4.922012464938848892e-13
4.003987839744981663e-13
3.284151449048538959e-13
2.556914315562728228e-13
1.460066321602292885e-13
1.147490001801065312e-13
