# Singular values
1.616680099949631258e+05
1.952486863050492320e+04
1.719649288247241202e+04
6.436999870530328735e+03
5.791432108249704470e+03
4.628104440470799091e+03
4.606747630580803161e+03
4.535358829530919138e+03
4.403991376545993262e+03
3.638087953646695496e+03
3.626798978925728534e+03
3.465112575178055522e+03
3.395504576572869610e+03
2.715146822179817718e+03
2.664335942444762168e+03
2.605664306171137923e+03
2.334211164385326811e+03
2.206087575631394884e+03
2.192842189015641452e+03
2.030687222822499052e+03
1.839591322362923165e+03
1.827326649831886243e+03
1.731191577474599853e+03
1.669506334426532476e+03
1.617029536446609427e+03
1.563857113642088962e+03
1.526516126618458657e+03
1.400948083401700387e+03
1.381684835842234179e+03
1.302241426637198174e+03
1.294545678220106993e+03
1.287396318605656688e+03
1.242806060241708110e+03
1.224026441028951467e+03
1.195820057482648053e+03
1.189717220401583972e+03
9.990640578723574663e+02
9.860309222410459142e+02
9.793420321815619900e+02
9.503870125138968206e+02
9.060149972494278927e+02
9.054534417026737856e+02
9.050896598335342560e+02
8.474223626110007217e+02
7.934186413300907361e+02
7.452168814742370841e+02
6.909508502569501616e+02
6.782690186911950150e+02
6.724143788266683259e+02
6.621107660887468001e+02
6.410482457955794189e+02
6.090677965274589951e+02
5.756057323650085209e+02
5.730654974304756024e+02
5.684989412124779165e+02
5.600758751010184824e+02
5.286789088668178920e+02
5.140104279626121979e+02
4.717764768874732795e+02
4.569133888905042227e+02
4.446507142291156924e+02
3.949236090830295893e+02
3.896231078165375834e+02
3.851141161007574283e+02
3.736205651533371110e+02
3.607176840096198589e+02
3.506012399788975245e+02
3.493679058779541151e+02
3.411315846896988546e+02
3.368446568068177953e+02
3.242623136527647603e+02
3.205093684325827894e+02
3.071283534845580903e+02
3.000339523058379996e+02
2.918144740232804679e+02
2.865476042900062907e+02
2.690266833488547036e+02
2.639765182906517680e+02
2.561612132357123528e+02
2.533928982167312256e+02
2.475870077062795929e+02
2.250727372961043784e+02
2.178887116861567108e+02
2.159999947886082055e+02
2.159419870462146491e+02
2.096300015744764949e+02
2.060058308269927068e+02
1.967905736766079485e+02
1.793232312395161614e+02
1.733080833654051105e+02
1.702279049957865595e+02
1.679339725397549898e+02
1.461290612996960476e+02
1.426776172673996541e+02
1.354485140970348596e+02
1.353463818394128282e+02
1.307684887173250843e+02
1.268240601494139810e+02
1.251182039513380602e+02
1.136805975097577601e+02
1.099904406872703362e+02
1.093812867696268256e+02
1.072007335490201854e+02
1.022392458409384091e+02
9.893609876670258529e+01
9.814549258948360944e+01
9.605129679064356196e+01
9.372885195218891852e+01
9.238641560628441596e+01
9.058074134638663111e+01
8.709179566878965773e+01
8.292917585227303334e+01
8.192267444251994846e+01
7.403711643913140961e+01
7.358377082526723711e+01
7.220914187843480647e+01
7.207382360531701693e+01
7.190379450661464489e+01
7.182154662143200596e+01
6.939277391592058564e+01
6.666954724047309355e+01
6.491967897770376794e+01
6.373046127109031289e+01
6.203525541066353099e+01
5.979887651241520530e+01
5.817533268540969971e+01
5.776358260600444794e+01
5.618155468620720683e+01
5.187875442395754533e+01
5.112370618680105139e+01
5.049474940800779166e+01
4.988410909105760993e+01
4.902488571506496839e+01
4.605045284018449081e+01
4.485591995306180024e+01
4.403324402723048792e+01
4.226618046329053158e+01
4.095005607343692589e+01
4.061686967139497995e+01
4.027444767113870228e+01
3.784456000162217748e+01
3.695981516193876359e+01
3.643647770269659247e+01
3.409793872549164462e+01
3.405366398232234104e+01
3.385495342112574946e+01
3.382373718699026455e+01
3.377729265053826424e+01
3.353055934919712655e+01
3.223009295977166033e+01
3.176731456835958056e+01
3.013252836536869594e+01
2.974497319895578329e+01
2.952375960596658544e+01
2.917593833578361284e+01
2.904120647207139072e+01
2.855136916052977369e+01
2.843445080638645095e+01
2.801513694898745754e+01
2.747658745673934533e+01
2.703968422142751749e+01
2.674544821712748188e+01
2.672736136655104033e+01
2.590469280661408291e+01
2.569775199171262869e+01
2.502202700367883637e+01
2.495885171484029641e+01
2.467854675866441383e+01
2.387270331759316733e+01
2.384949988402134124e+01
2.254974855225281161e+01
2.179208964914823454e+01
2.146592367174490690e+01
2.126223776879117011e+01
2.073897898595531686e+01
2.031330406888421791e+01
1.999846797508148200e+01
1.929051258439164940e+01
1.802677092384016788e+01
1.747550749124878422e+01
1.736868080549356819e+01
1.714552879124734730e+01
1.693124643838839560e+01
1.670205960634327980e+01
1.648599063008657950e+01
1.608203777080029440e+01
1.587248400141971238e+01
1.567557079891236427e+01
1.500144049201294472e+01
1.465339932390807753e+01
1.425368833184401751e+01
1.412300457106022478e+01
1.401208127158287908e+01
1.361305582535809044e+01
1.354547302540314213e+01
1.324296476771661801e+01
1.311496412027385361e+01
1.294561956406879943e+01
1.270638595207455701e+01
1.253632055650940380e+01
1.234120366734985730e+01
1.223325248953223010e+01
1.213733385262974451e+01
1.209354533475957894e+01
1.200000000000000888e+01
1.189374439077071344e+01
1.183390140382147848e+01
1.177279052023566663e+01
1.167535099075184135e+01
1.147346408549198493e+01
1.125130113593572645e+01
1.113643814886954075e+01
1.090639115089328826e+01
1.068282828569475740e+01
1.061962675440380899e+01
1.056840684449959689e+01
1.043693328887532878e+01
1.041670377198022734e+01
1.031021439420890573e+01
9.974986762282632924e+00
9.883918870529843304e+00
9.663648736357968616e+00
9.421543240502410654e+00
9.305394206511126143e+00
9.223845503516317379e+00
9.065298345738950658e+00
9.042251580346748696e+00
8.910573185735678692e+00
8.823187544172053975e+00
8.778296291156747699e+00
8.638901017196104704e+00
8.590419487760129869e+00
8.440378250963675555e+00
8.317816206552809177e+00
8.196128031365097044e+00
8.138768027051236587e+00
8.110346415154511490e+00
8.041941788606402852e+00
7.976197310307800770e+00
7.845072821351250170e+00
7.733109568047271232e+00
7.670174705583147734e+00
7.590148179301626996e+00
7.523930125907154931e+00
7.366489332492867526e+00
7.262145770207720119e+00
7.208116970737063589e+00
7.153369296263992538e+00
7.064779168735952908e+00
6.967033597735965422e+00
6.898511915152822915e+00
6.830942265373979971e+00
6.796564839515560230e+00
6.708527495149087194e+00
6.661151932941861809e+00
6.541953786920980285e+00
6.392042576543649268e+00
6.366419465736738559e+00
6.292862019531413331e+00
6.250781170764995842e+00
6.200391989772009005e+00
6.122042259510120488e+00
6.059301785327143364e+00
6.000633873444356503e+00
5.923091522542914156e+00
5.867135654160088087e+00
5.857505838922501873e+00
5.825628120134021870e+00
5.790511424625877090e+00
5.733157722326853722e+00
5.659431579139810431e+00
5.582802590282032185e+00
5.531382794968322969e+00
5.462633644249986098e+00
5.419700399237621369e+00
5.357005808108930900e+00
5.259022673618495958e+00
5.239887354081480986e+00
5.200227003914609902e+00
5.172795867412934179e+00
5.106390845041733684e+00
5.053597980843878013e+00
5.012229454254017114e+00
4.967478182835085576e+00
4.896167005899965119e+00
4.866135516425561747e+00
4.839960461759312160e+00
4.750108474437999995e+00
4.723518463556197311e+00
4.705393537844857477e+00
4.657303174983694838e+00
4.600277310555193289e+00
4.559507716518155007e+00
4.519176093313707732e+00
4.470098992746017963e+00
4.403605248949576279e+00
4.371755520143619123e+00
4.343206146457184502e+00
4.301517042821814130e+00
4.270955212326668970e+00
4.231927988286179776e+00
4.198887409665589487e+00
4.135283839683884466e+00
4.107238035935982801e+00
4.092103313193341307e+00
4.043950530490815432e+00
4.009694039146662448e+00
3.985447104126754070e+00
3.903210872428914957e+00
3.883498977973013133e+00
3.871317319287451930e+00
3.816485972669612536e+00
3.763189920313507297e+00
3.734096353245569766e+00
3.714405631968098476e+00
3.685883992578056212e+00
3.678245039527582971e+00
3.633790476495060151e+00
3.603849175834122676e+00
3.528923137616536199e+00
3.505381287674720792e+00
3.485861900964891458e+00
3.460194239351484846e+00
3.441364580652103378e+00
3.383135198431919566e+00
3.366691083972402243e+00
3.353251574651355149e+00
3.322734339863804287e+00
3.286078144893457953e+00
3.255604720740310931e+00
3.253359126169830251e+00
3.227504930022018659e+00
3.196019265519983055e+00
3.178928648891646613e+00
3.174390347616863561e+00
3.113745339099050824e+00
3.091587936353216826e+00
3.020327095140474594e+00
3.017288073211465971e+00
2.999039298466160464e+00
2.962857295796827550e+00
2.940344882126611825e+00
2.914656233922067408e+00
2.898634500103265843e+00
2.877978259832291830e+00
2.857856710947309864e+00
2.806127619552032382e+00
2.772655133400614869e+00
2.759813329655802949e+00
2.754780876285037650e+00
2.737830774374613974e+00
2.700958582318948142e+00
2.654264010478094349e+00
2.626335211795022051e+00
2.599420263243874984e+00
2.569523223284583047e+00
2.516795263294574703e+00
2.496633542944094231e+00
2.476988166518234724e+00
2.436542269627841595e+00
2.404496695097921410e+00
2.384139538723713425e+00
2.356806301199699138e+00
2.334739292857898274e+00
2.305870126113615637e+00
2.276067548734677093e+00
2.246294095333136731e+00
2.223491242199119533e+00
2.210329848380639284e+00
2.197123648591258860e+00
2.187150922945149123e+00
2.167152559612385954e+00
2.150642263547488664e+00
2.138936716586084863e+00
2.103039222821788901e+00
2.080591913022582951e+00
2.058634566340243222e+00
2.046563074884924838e+00
2.018361636270570081e+00
2.008163483505560176e+00
2.002935041047100739e+00
1.993944318343839228e+00
1.971061288518699994e+00
1.948829675598170219e+00
1.939950192004600948e+00
1.920480796783732291e+00
1.914360649608212173e+00
1.897015584947320699e+00
1.864104708446187031e+00
1.851108485000076076e+00
1.839364165214102620e+00
1.826888292360882904e+00
1.810849536056222453e+00
1.788116607012650183e+00
1.759068653519891612e+00
1.741080129083760752e+00
1.731820823496499351e+00
1.720798891446096324e+00
1.701988895557632331e+00
1.684072675055440005e+00
1.682041926685282851e+00
1.676492622029449375e+00
1.669707616472286160e+00
1.658826821463244672e+00
1.651795055402072165e+00
1.636364780242086425e+00
1.615839394067697166e+00
1.610481162721467241e+00
1.595212116957287485e+00
1.575691358878718695e+00
1.567121213708203120e+00
1.556452583643196830e+00
1.505073479473096221e+00
1.475208740593781931e+00
1.446592760939479083e+00
1.423509141800968880e+00
1.414208526592710458e+00
1.411391787360243733e+00
1.406020934839277370e+00
1.382288630514232564e+00
1.374348262965430223e+00
1.348629322396025287e+00
1.324414017993878367e+00
1.318855855283705303e+00
1.302606542884228835e+00
1.287520921479127889e+00
1.268281485754276794e+00
1.263642173598839680e+00
1.245041286723145957e+00
1.225682976845262173e+00
1.215475977276900377e+00
1.207409457890709081e+00
1.194123601672046675e+00
1.186458420620746246e+00
1.183948677792260540e+00
1.175581252246955755e+00
1.153378336066251730e+00
1.108955478186712362e+00
1.100749956692733234e+00
1.083993228521521024e+00
1.072683711089939429e+00
1.054670676079025426e+00
1.036508236840329777e+00
1.012354574582625899e+00
1.008805381777322374e+00
1.001102110784573673e+00
9.990478360174921413e-01
9.954524328045625259e-01
9.930765584519873901e-01
9.886762679422882449e-01
9.815456299778808624e-01
9.751883241588193973e-01
9.733629008923806447e-01
9.720515252087622571e-01
9.656867753662528031e-01
9.605057621513410915e-01
9.568583900975875522e-01
9.460767850559231862e-01
9.432047200241763241e-01
9.349148154931752330e-01
9.296080955438327242e-01
9.218025327184764528e-01
9.105744308407827114e-01
9.065628403258964019e-01
8.910458565703180955e-01
8.901020889132498226e-01
8.830632307636762102e-01
8.738783977704295269e-01
8.645927793210075318e-01
8.576415391774002694e-01
8.510795358308557157e-01
8.259177884486037513e-01
8.232759689713294859e-01
8.185353842472555819e-01
7.996278500130583611e-01
7.924524616305728131e-01
7.641740040576319171e-01
7.531158061935451231e-01
7.480181946367382428e-01
7.373217339098796508e-01
7.078172170766126037e-01
6.923031469695185569e-01
6.812307303478946086e-01
6.649693744692959374e-01
6.586419398015395110e-01
6.492660021514966573e-01
6.342562790046224475e-01
6.227193456618125289e-01
6.161101319108518437e-01
6.058533233110895422e-01
5.918600160261895393e-01
5.856979719779468185e-01
5.724782568420537787e-01
5.692252781788211813e-01
5.574223335603607499e-01
5.537431266567497401e-01
5.448519602311324705e-01
5.340318935178950399e-01
5.257267247998771431e-01
5.186517185287351506e-01
5.105780894591964714e-01
4.942774535178564577e-01
4.771183648316899562e-01
4.679071017800754961e-01
4.570810922446098545e-01
4.400513837211970092e-01
4.371563315318260923e-01
4.292026144704360058e-01
4.210105789427713296e-01
4.077070531371195794e-01
3.997762888973249717e-01
3.971179915918582326e-01
3.737902977825937056e-01
3.698290258445162682e-01
3.625232152717194900e-01
3.518830682235368768e-01
3.485790212738846816e-01
3.304700162038772815e-01
3.202010574312414981e-01
3.049105594800394226e-01
3.009427161650254368e-01
2.988150868843883479e-01
2.838309413031575024e-01
2.754901396130323699e-01
2.578658091366429761e-01
2.468660577951207746e-01
2.326527991941306495e-01
2.128236475099182234e-01
2.050487852078144435e-01
1.964319653989927694e-01
1.847053032902707670e-01
1.670559091260586104e-01
1.436648500891550273e-01
1.351833894632641364e-01
1.260772176808788725e-01
1.173255690401993068e-01
1.106945895769665539e-01
1.039857873068130156e-01
9.611250706777479946e-02
8.405688955005177765e-02
8.088022461455579570e-02
7.563832891109241452e-02
6.539712407093947744e-02
6.257505580959241143e-02
5.050432313853096822e-02
4.915154019900939281e-02
4.179683703282711937e-02
3.904456881933011242e-02
3.741207507135124039e-02
3.689412208750550426e-02
3.143122678330474012e-02
2.413819544190948588e-02
2.054037747144161000e-02
1.969843130750700139e-02
1.822305008648517424e-02
1.667192601017122508e-02
1.634103422987965085e-02
1.455456740238450682e-02
1.363479652039495740e-02
1.335245957555545628e-02
1.283753792921065069e-02
1.008626969773060607e-02
9.645559993103411736e-03
9.022882329471989052e-03
7.282453042019893137e-03
6.821650658352944492e-03
5.828343396486134441e-03
5.325466660008575624e-03
4.414328284418914984e-03
3.840410881522146776e-03
3.137976082638881201e-03
2.866044772263197284e-03
2.433888394909148288e-03
2.180383567316182894e-03
1.693296937794131363e-03
8.571129556747502081e-04
4.660458479842193025e-04
2.929945841810111624e-04
2.437258713228837462e-04
1.543479017134783988e-04
2.241075629565700468e-05
1.550583225295514957e-10
9.319506634919225385e-12
4.241561422390131640e-12
2.044223816235078447e-12
1.566014729862305177e-12
1.350856913382427227e-12
1.262620051748993388e-12
1.016969552544514799e-12
9.928691789659003999e-13
9.483855257475961870e-13
8.821709507771852685e-13
6.896183441956267903e-13
6.031456008313701272e-13
5.405213014218775764e-13
4.463873631132950225e-13
4.239382620734640099e-13
3.687531916727028471e-13
3.283829763215075241e-13
3.171112571107521770e-13
3.010419180262110011e-13
2.898827066562490984e-13
2.819778900502837761e-13
2.490070915063377720e-13
2.255582213276313380e-13
2.080418234247788745e-13
1.892045428498464864e-13
1.698982769633034165e-13
1.619774887139681729e-13
1.553308077297138239e-13
1.449333706944749283e-13
1.383477764458851941e-13
1.266453268298565211e-13
1.242226006631552623e-13
1.190679490394489532e-13
1.134091043643002985e-13
1.041729512875996191e-13
