# Singular values
1.502762512521222234e+05
1.214766552264358179e+05
9.715602877513639396e+04
9.131420406034623738e+04
6.129917891504874569e+04
4.046566433850764588e+04
3.853907189992369968e+04
3.075033026192718535e+04
2.879811319833426387e+04
2.676900389739711682e+04
2.269793104695301736e+04
2.102065292844430951e+04
2.098568701214116663e+04
2.041322905400261152e+04
1.991851685465985429e+04
1.890400042048075557e+04
1.628668325323561476e+04
1.622480908534977425e+04
1.339541436596415406e+04
1.236610612899233638e+04
1.221045918070205335e+04
1.145025825391908802e+04
1.038130953009652330e+04
9.669285419094609097e+03
9.268960155854792902e+03
9.069088133532655775e+03
8.554612654015894805e+03
8.471230434502780554e+03
8.039759001234348034e+03
7.736531672716369940e+03
7.342568747513479138e+03
7.310773764479205056e+03
6.934318819671195342e+03
6.875258955986525507e+03
6.579164009466201605e+03
6.395627569628978563e+03
6.085349382034594782e+03
5.922029453847902005e+03
5.612723241295181651e+03
5.284477216422829770e+03
5.107801127414652910e+03
4.893955716237222077e+03
4.756282918411228820e+03
4.362647819046563200e+03
4.230764066631371861e+03
4.050643867806800699e+03
3.991970386720901388e+03
3.724153496093067588e+03
3.258745409003319310e+03
3.242537283559726347e+03
3.229653738895401148e+03
3.021704869077398598e+03
2.988440630220582989e+03
2.801692057419873436e+03
2.797007901967763246e+03
2.741761524335484864e+03
2.721313586949143428e+03
2.618437410915980308e+03
2.613084522617626590e+03
2.572509883214722322e+03
2.570014110729311597e+03
2.465234918784114598e+03
2.345428269877064395e+03
2.306579026568514564e+03
2.265090328213103476e+03
2.179246337432820383e+03
1.972963357102149985e+03
1.919725043062911936e+03
1.874974956304406305e+03
1.857926871065092882e+03
1.847292773616665500e+03
1.809048160613381924e+03
1.797060297846085859e+03
1.754098429331248553e+03
1.734579054766779336e+03
1.714571392821232166e+03
1.703828288117303146e+03
1.651446599794880967e+03
1.573184956008052495e+03
1.567153259649990787e+03
1.529697344467281937e+03
1.529565489147894368e+03
1.470533432275269888e+03
1.467106849628106602e+03
1.461021985706809801e+03
1.460460057766339332e+03
1.417047393874057207e+03
1.404095761798124386e+03
1.402656242926958839e+03
1.398228684808919525e+03
1.385941848768154841e+03
1.337126212421606397e+03
1.303705664196746966e+03
1.300518217115993821e+03
1.265062692744011656e+03
1.262018297006514558e+03
1.245931425282735745e+03
1.234850224774038679e+03
1.221928526894276501e+03
1.182531030074896080e+03
1.148285042678340233e+03
1.141931954982587513e+03
1.133496519438097721e+03
1.116501616403979369e+03
1.113997071519822839e+03
1.056442719056683018e+03
1.054774167169425027e+03
1.047042781651776295e+03
1.039283275034665166e+03
1.038737367769194634e+03
9.868032869296994249e+02
9.506456457071707291e+02
9.451206308092016570e+02
9.424955953878674109e+02
9.394970812068970645e+02
9.215633235550990321e+02
9.152653996112530876e+02
9.147741160957214106e+02
8.870427822467692067e+02
8.784521415432715230e+02
8.772932799584999657e+02
8.220292860796433843e+02
8.186554844740212502e+02
8.116231888137630222e+02
7.736017482712195488e+02
7.341364042246876807e+02
7.293067713463643713e+02
7.266345829349286305e+02
7.103083276739665735e+02
7.065430288517369490e+02
7.006051904405948108e+02
6.936773144624855831e+02
6.914333723908517868e+02
6.911388187552489626e+02
6.906531204227799208e+02
6.902632007271668044e+02
6.789772341129604456e+02
6.708261886645032064e+02
6.633125236492655858e+02
6.603345946865887299e+02
6.571932883535120027e+02
6.315825685758909458e+02
6.300630551034805649e+02
6.287409474140577004e+02
6.283231188331080830e+02
6.162091577770428330e+02
6.079093901125756929e+02
5.955302879624066463e+02
5.822596242215852271e+02
5.785561443881153991e+02
5.775117974392795759e+02
5.773412880058900782e+02
5.692188053523508415e+02
5.397000560671674521e+02
5.270305357781051043e+02
5.254220094857352024e+02
5.237564773563458402e+02
5.225469281456000772e+02
5.170208532892999074e+02
5.058632563019887129e+02
5.044753721246460714e+02
5.001303581225015478e+02
4.873334356289642528e+02
4.859380690621626400e+02
4.831796696180003892e+02
4.790039936699413374e+02
4.728777368377879498e+02
4.673848472416116238e+02
4.588494778997207959e+02
4.574691611989525768e+02
4.506492139422193191e+02
4.494756744364741508e+02
4.434625169210233366e+02
4.387199349475416739e+02
4.329303920194348052e+02
4.319749014018415210e+02
4.222440127447380860e+02
4.090438355155570207e+02
3.942708125456678090e+02
3.811307251991920566e+02
3.720106834816909327e+02
3.709936606039576645e+02
3.679903423959348743e+02
3.528753391676093543e+02
3.403520639991229473e+02
3.376985965627611108e+02
3.359719844278936307e+02
3.331952452788520986e+02
3.304288710098112460e+02
3.293882087239944099e+02
3.264014869354548409e+02
3.230940030727975341e+02
3.230439197879224480e+02
3.160287041344777776e+02
3.096481725199291191e+02
3.079511384341501525e+02
3.001441909896075799e+02
2.960915106480720169e+02
2.941508095776836171e+02
2.830311960558410078e+02
2.773997355818370352e+02
2.759673398827438859e+02
2.748902222593042097e+02
2.723693821516491198e+02
2.719760452628133294e+02
2.713388418049117945e+02
2.686630902147413167e+02
2.634402985903786316e+02
2.581832892127873720e+02
2.549829055256177526e+02
2.520921476789465601e+02
2.427788934103521115e+02
2.371274183117518248e+02
2.350180164137691747e+02
2.270925044015878314e+02
2.171200215666764848e+02
2.138974459701082935e+02
2.137231202042047187e+02
2.130148120298159142e+02
2.106335268715346274e+02
2.085472908343094787e+02
2.072480412892243464e+02
2.070530049666050445e+02
2.041843896190775922e+02
2.037611521763144253e+02
1.981126714339658861e+02
1.937887506751474405e+02
1.926848776963021521e+02
1.911337256791682933e+02
1.903805488909945325e+02
1.844483891567852254e+02
1.829977987846927476e+02
1.810444556415315276e+02
1.787313744950175192e+02
1.759923219727638184e+02
1.745259645726779922e+02
1.707188264105383553e+02
1.674214988065932914e+02
1.660432582113503486e+02
1.641058092755437485e+02
1.574967815117191776e+02
1.570401514056732708e+02
1.500347266223244844e+02
1.500285344454173355e+02
1.491396458740327660e+02
1.482522579285061397e+02
1.481055046668219575e+02
1.459120846290677207e+02
1.430767104268568062e+02
1.394258066292880187e+02
1.331470572887245112e+02
1.314173888256011082e+02
1.285193500228768073e+02
1.265853791884029249e+02
1.191718318311911986e+02
1.191027521044565702e+02
1.181814197532844872e+02
1.178080012361556612e+02
1.166983511996126595e+02
1.153026214362169668e+02
1.146480655034944789e+02
1.121504420246105127e+02
1.120115269784224523e+02
1.076979534741835209e+02
1.058813525746327571e+02
1.042216453868074666e+02
1.027567595989700635e+02
1.018940946219218375e+02
9.869838595097156997e+01
9.803073883557952684e+01
9.716496944920132250e+01
9.702964400564917469e+01
9.660745131580824818e+01
9.605366609540347156e+01
9.564062980748697385e+01
9.390500349883029685e+01
9.378268871950825769e+01
9.366802193149884204e+01
9.338599539959653839e+01
9.264204119430829110e+01
8.869524118434044624e+01
8.655332973700845400e+01
8.613142600661352333e+01
8.522840912648580058e+01
8.518233663431919922e+01
8.404407755319877538e+01
8.008999390993541567e+01
7.962129808718366064e+01
7.918626164659080757e+01
7.699380560785978389e+01
7.437311680078525455e+01
7.112511184768911221e+01
7.014851612600109831e+01
6.968270372535732804e+01
6.943885367521862406e+01
6.912395373918761265e+01
6.526451384119941679e+01
6.407294471791649926e+01
6.376204033132079019e+01
6.238457372172243254e+01
6.122635029451051025e+01
6.116628853600609972e+01
6.081007684600639607e+01
5.946546107741219345e+01
5.905148248169076197e+01
5.832324508713829658e+01
5.806662033696647285e+01
5.772386033036993069e+01
5.735651895093299402e+01
5.714708579254030951e+01
5.703639476191013102e+01
5.650127614582009983e+01
5.596001025269068663e+01
5.404524876938273792e+01
5.403008081804166807e+01
5.301685383940328222e+01
5.299995347515147159e+01
5.231411351563988887e+01
5.183816065350534075e+01
5.179878891344833391e+01
5.162330932304912068e+01
5.156975069394196254e+01
5.062041555340606180e+01
4.951338889799843912e+01
4.918403842420017469e+01
4.851825909562347761e+01
4.827530421858917720e+01
4.808918794059970736e+01
4.721531759674596884e+01
4.696404038371483125e+01
4.652343377126386770e+01
4.636887571290656496e+01
4.563260788356210185e+01
4.547453107844411591e+01
4.481530438505921410e+01
4.459206022907223854e+01
4.403925062539365598e+01
4.403602670250830187e+01
4.394345943370683472e+01
4.334687005158730244e+01
4.324078474420941376e+01
4.288751986047349618e+01
4.225504573096952754e+01
4.174998202536047387e+01
4.151928723310646774e+01
4.145682224309550179e+01
4.124259171734417606e+01
4.019183439455242279e+01
4.002418308754332799e+01
3.967850195522039769e+01
3.915686046467437365e+01
3.888987382767238898e+01
3.886838793911556422e+01
3.879903569229652760e+01
3.837746006460712067e+01
3.765054519474934835e+01
3.675984291205007537e+01
3.622854820651546248e+01
3.617783412408207511e+01
3.614503212810277688e+01
3.609057939204732435e+01
3.594760998437669031e+01
3.578822294021220074e+01
3.554415089432378494e+01
3.551075943522450018e+01
3.537885993164842802e+01
3.470044816199952464e+01
3.457480318357936966e+01
3.434333094503202233e+01
3.383122698179054311e+01
3.349637230594537129e+01
3.333261668822603241e+01
3.244122855409413830e+01
3.199992053243250467e+01
3.133366761230941222e+01
3.129323441792312366e+01
3.112211348409238454e+01
3.087810038113322619e+01
3.078962786463462820e+01
3.020037743770289396e+01
2.981607048326312537e+01
2.923630452254688450e+01
2.917894909659456104e+01
2.904762068744240722e+01
2.894939729263453643e+01
2.873868542736798304e+01
2.870888595555532774e+01
2.862573487422294960e+01
2.819671491059322221e+01
2.804942796408058570e+01
2.744157144317914998e+01
2.721500495251628493e+01
2.708351472273588456e+01
2.699999999999994671e+01
2.699573585849038793e+01
2.699173844249931520e+01
2.698832007508580944e+01
2.692814294054057456e+01
2.639239706970724697e+01
2.620556254193122925e+01
2.572042728954487600e+01
2.568524842306877787e+01
2.522681266679660439e+01
2.493574641849969353e+01
2.400048516317307445e+01
2.308644417362351575e+01
2.262924982326122603e+01
2.232682676654983922e+01
2.190744265004382996e+01
2.116556541143786063e+01
2.080862053307470916e+01
2.074002436010966122e+01
2.049913906584141543e+01
1.997794063636134254e+01
1.961859887651733203e+01
1.911843325512496961e+01
1.846147676474336663e+01
1.789111593108239262e+01
1.760476407232126306e+01
1.714752108346306514e+01
1.697617932970548438e+01
1.637860660897521115e+01
1.613578359203988200e+01
1.602051138693546761e+01
1.588484364615448818e+01
1.581930715099673002e+01
1.571349266845355253e+01
1.567906192915369346e+01
1.564874020396681686e+01
1.535214581536588518e+01
1.518086427128421967e+01
1.511932615510370148e+01
1.488390853709742245e+01
1.463686512086400526e+01
1.452005220543134989e+01
1.433625593067833037e+01
1.424203029178601732e+01
1.416460009269838061e+01
1.402581146246916077e+01
1.378908711045219881e+01
1.355366817537180246e+01
1.353755158324623942e+01
1.335497316727273542e+01
1.308406720641953669e+01
1.301185294077760268e+01
1.291706726833203689e+01
1.287121984169671940e+01
1.284080484328650051e+01
1.264745613239188415e+01
1.258054190633790270e+01
1.254747041022158172e+01
1.245554861151186188e+01
1.223917506376785447e+01
1.193200832628917318e+01
1.181530427883620860e+01
1.170014767770700104e+01
1.159433594016192792e+01
1.156254306196325565e+01
1.146764778608784319e+01
1.122743832363640060e+01
1.108651478074937025e+01
1.106611404649070529e+01
1.101190860843307462e+01
1.089692543887871068e+01
1.068611387941696300e+01
1.067820443627394233e+01
1.056257330406269723e+01
1.041832210195615005e+01
1.038837592582898850e+01
9.964852880870866514e+00
9.916793598595061709e+00
9.702648691952965976e+00
9.596780252119277321e+00
9.519674520862606570e+00
9.278299600244949374e+00
9.171281629225711995e+00
9.054716742583552858e+00
9.004565297451105010e+00
8.945273698193563661e+00
8.811365165366849439e+00
8.760487712336313848e+00
8.631280336564250533e+00
8.498898298976563126e+00
8.442859769658170421e+00
8.395356525096961064e+00
8.351107991727552360e+00
8.301007629942997568e+00
8.290705980682684384e+00
8.196437824032335229e+00
8.146945069845248355e+00
8.113880805041834066e+00
8.033281875182963105e+00
7.932020488904495181e+00
7.895347998716017557e+00
7.871301012600613767e+00
7.825816101054556384e+00
7.725097508965719229e+00
7.644743392257112191e+00
7.610951645100047180e+00
7.574111690901904836e+00
7.537183862260815381e+00
7.445515155622622672e+00
7.339339114536740816e+00
7.318418977892203969e+00
7.292130053468054207e+00
7.282898205405270886e+00
7.237166413927462294e+00
7.103572193043781624e+00
7.023572573398175756e+00
7.022252095326536825e+00
6.990810442684068704e+00
6.966464984754519918e+00
6.932539283574949529e+00
6.885420973522261789e+00
6.875021119288158289e+00
6.772950523355578234e+00
6.708917771288145815e+00
6.667880243790384576e+00
6.660794129547928044e+00
6.594458723670855171e+00
6.533615071554553566e+00
6.500124909520851979e+00
6.455474102466179254e+00
6.368289779497408709e+00
6.361016813874610598e+00
6.276132987668346708e+00
6.200195230883587705e+00
6.124251420371532362e+00
6.121392758225868036e+00
6.099703931165350923e+00
6.090930636531065367e+00
6.070015436314275092e+00
5.995104966790689716e+00
5.960442613920469590e+00
5.856767190823535252e+00
5.788030282687104844e+00
5.740802269537670810e+00
5.714720938517104720e+00
5.675164233507929978e+00
5.656854249492380582e+00
5.630132917883688748e+00
5.601965112028855387e+00
5.559089046963916481e+00
5.508333445338229772e+00
5.464960029411269460e+00
5.453754233149929576e+00
5.416568727978928521e+00
5.339915037618795601e+00
5.297954772189529926e+00
5.274421986957594122e+00
5.256201932043867764e+00
5.221479864315328179e+00
5.181829297299628934e+00
5.111694028872775242e+00
5.070482075423010215e+00
5.004953182269757939e+00
4.973714104333084585e+00
4.949200889834373562e+00
4.942022995198302127e+00
4.911507667812179179e+00
4.892481535956664906e+00
4.819031356216968653e+00
4.786559958979720086e+00
4.737480402928884615e+00
4.658034411140866915e+00
4.636422904076472840e+00
4.618935472719413404e+00
4.560622945912200521e+00
4.553523439334972167e+00
4.491789595343496089e+00
4.479619237861887981e+00
4.472131817213042204e+00
4.414332269588324920e+00
4.374631575233864922e+00
4.297094020111668300e+00
4.273661572124642483e+00
4.219493677147992727e+00
4.194566266677477451e+00
4.185406760428628914e+00
4.148816230250990778e+00
4.137918585291481932e+00
4.126451567220035699e+00
4.103125604278725191e+00
4.059413874702643810e+00
4.043111394895196220e+00
4.003501005311458805e+00
3.994753615241086742e+00
3.986218108072407063e+00
3.961422999004447387e+00
3.937999310994674484e+00
3.918694475823965018e+00
3.875214728330853564e+00
3.850166148495071994e+00
3.839367647547792028e+00
3.814492249211040242e+00
3.741954344192259807e+00
3.727672248175266212e+00
3.710143395557244705e+00
3.685127306282614423e+00
3.622002989511610149e+00
3.605499909226461686e+00
3.578134040897347212e+00
3.559797488601841309e+00
3.555433785441873162e+00
3.514809496535113098e+00
3.480780582806902057e+00
3.432321807901404398e+00
3.383682215470830368e+00
3.342677887196257469e+00
3.322533324617960027e+00
3.285801762548383298e+00
3.274786768139825277e+00
3.255656329143627570e+00
3.225334268786312020e+00
3.179425154514881946e+00
3.174873001576788756e+00
3.145607261793495368e+00
3.129718212277886380e+00
3.110537457145597706e+00
3.070441124237079489e+00
3.055186993639942283e+00
3.034158723933576773e+00
3.022725256830056217e+00
3.004790675064550776e+00
2.994315154632212206e+00
2.983024405275182200e+00
2.974951434815613638e+00
2.971739311983845777e+00
2.957318819910867091e+00
2.942748144487518758e+00
2.906699133327513618e+00
2.891289823037081597e+00
2.884633609728828318e+00
2.853535674867906824e+00
2.845424591296943362e+00
2.826746709220485432e+00
2.823214664631673809e+00
2.795506697592917700e+00
2.763125507272990777e+00
2.752614419148411429e+00
2.708622569401433200e+00
2.680922188440164167e+00
2.664082804027231077e+00
2.628384211028893969e+00
2.626575963162548710e+00
2.558013541280733882e+00
2.540605825979778576e+00
2.496142632397162053e+00
2.471782166370158240e+00
2.456827409137568363e+00
2.429018551429364514e+00
2.412440071036335620e+00
2.404635507357004709e+00
2.398990504665719836e+00
2.389904428886567178e+00
2.379157784511018114e+00
2.349471322729092204e+00
2.334379061436052449e+00
2.323639842563125057e+00
2.300695825074028367e+00
2.268256069825655530e+00
2.257830680090490816e+00
2.240771124962238403e+00
2.228403802546513379e+00
2.204954335169421853e+00
2.199454174463074452e+00
2.172847739409456747e+00
2.137024831459741758e+00
2.128312950983851870e+00
2.118031765538494149e+00
2.100469041404528170e+00
2.079818080902389621e+00
2.069807458466063288e+00
2.050590558018072329e+00
2.026528389956596676e+00
2.014082885641048648e+00
2.006825157992233155e+00
1.999999999999998668e+00
1.996941505536591999e+00
1.989405833704556370e+00
1.982650894392631313e+00
1.980750663561377189e+00
1.975826972957081651e+00
1.950565211701632107e+00
1.945849452693549031e+00
1.931834933303636870e+00
1.910604653345908455e+00
1.890159226647686763e+00
1.887666406477314540e+00
1.862088023812483950e+00
1.847811163605291185e+00
1.838939570463227646e+00
1.819801288086361213e+00
1.816637756522235359e+00
1.805381531905122960e+00
1.799324909645779513e+00
1.767109507934404800e+00
1.747113015334612385e+00
1.727302705816676553e+00
1.713214624410834164e+00
1.700157558250437129e+00
1.691259164016547745e+00
1.668731979316707026e+00
1.632004972792043151e+00
1.621278225471799894e+00
1.611535655820393265e+00
1.591260510933583339e+00
1.580996887763624459e+00
1.572204402705200010e+00
1.565556875065154507e+00
1.551391971662752667e+00
1.533727590241057870e+00
1.526388661583784723e+00
1.506708077354651509e+00
1.489350745579936186e+00
1.477646796058414091e+00
1.459482321482066913e+00
1.448300281669714584e+00
1.429707790390212896e+00
1.418468620304952132e+00
1.413085920061271983e+00
1.397691911177326274e+00
1.382320335235258213e+00
1.357570351131483166e+00
1.346949948480188564e+00
1.330806390245794946e+00
1.322187877143804480e+00
1.295305102538997666e+00
1.277268295762370887e+00
1.265057918416102822e+00
1.256381078220519143e+00
1.243749934990949102e+00
1.240568480130020967e+00
1.232606469934337534e+00
1.205304241795759346e+00
1.191504809973710666e+00
1.178974909158863715e+00
1.164527076451834509e+00
1.155261775998375651e+00
1.144888256622170530e+00
1.137886698068333313e+00
1.125634636922554055e+00
1.117544748806314381e+00
1.110117958206575217e+00
1.105418864101345378e+00
1.089858843068751693e+00
1.070356786793537074e+00
1.062066955640798005e+00
1.058208032302894841e+00
1.045877307534457179e+00
1.037600150517031583e+00
1.024895683370134147e+00
1.016362178981216280e+00
1.014594801992366957e+00
1.006984312597987818e+00
1.001323433679112807e+00
1.000000000000000000e+00
9.999999999999971134e-01
9.999999194464751495e-01
9.999997704636540696e-01
9.998091380255373917e-01
9.997349818544088995e-01
9.995731547531381267e-01
9.985897949205218005e-01
9.981208131981614828e-01
9.972905184416573920e-01
9.959403195192466640e-01
9.941913038225885790e-01
9.921329871260796684e-01
9.907295234645051574e-01
9.877913689075789039e-01
9.843781538821900767e-01
9.816829787377001626e-01
9.748894376639540837e-01
9.685138085538647079e-01
9.618952914675341637e-01
9.581005996030410587e-01
9.503949077115079191e-01
9.447496322545388958e-01
9.365278195632453784e-01
9.335950190352323430e-01
9.270002839048852028e-01
9.255106466429326995e-01
9.223823602736547222e-01
9.128240143869168488e-01
9.019555623910822106e-01
8.976883637936446947e-01
8.890280680382910417e-01
8.817590253411868861e-01
8.789507304438721746e-01
8.689342696800368415e-01
8.674387223641460976e-01
8.650033580387184173e-01
8.562293071476028139e-01
8.528123942585197348e-01
8.481071445042818180e-01
8.323863371679122158e-01
8.252424748219373551e-01
8.185253002858920990e-01
8.103512853101093594e-01
8.019287619624149155e-01
7.930386951812030683e-01
7.791176757915939666e-01
7.741107238637082721e-01
7.729190443443155756e-01
7.669646450327219922e-01
7.570508117501700829e-01
7.519824586451971937e-01
7.510649578382336822e-01
7.480044867719572999e-01
7.322433050380181552e-01
7.122964664284303637e-01
7.075921145294346015e-01
6.940424578572003123e-01
6.795144946704836375e-01
6.733878693724650866e-01
6.605407726568115478e-01
6.544515043400489507e-01
6.422380322443270728e-01
6.367832389950347505e-01
6.253337814720779653e-01
6.230027600016985190e-01
6.073123560743116656e-01
5.978952880489976085e-01
5.884448819369578754e-01
5.839324719484532134e-01
5.794677919801820565e-01
5.755749084517158831e-01
5.622216663363197586e-01
5.499266496754472433e-01
5.472379961028512874e-01
5.294925960942100662e-01
5.220245705761983324e-01
5.166654148434400851e-01
5.076956320076497775e-01
4.938775572810512049e-01
4.820257719120591422e-01
4.603588696517639800e-01
4.531049064001775872e-01
4.395306253631963700e-01
4.335935142155593058e-01
4.243010491377895432e-01
4.150047697862531693e-01
4.042865670711343062e-01
4.020541101718287380e-01
3.941954744509594266e-01
3.887755948148948759e-01
3.818310682846695614e-01
3.684486058872318837e-01
3.574729650889669763e-01
3.505813688900189518e-01
3.401343429460435552e-01
3.287765998085022123e-01
3.152458510746843356e-01
3.120929516466910969e-01
3.056454081641944986e-01
2.996710279520126696e-01
2.931829812085224862e-01
2.907631881588004230e-01
2.810547106827362973e-01
2.773508414166333536e-01
2.716735565306837019e-01
2.641331459558409755e-01
2.623975654457312290e-01
2.585540494437950643e-01
2.504511006772026094e-01
2.476376840820975478e-01
2.407663401548770232e-01
2.277320486580020620e-01
2.230483177398342176e-01
2.104630403154083562e-01
2.059684831133610228e-01
1.942111468666936347e-01
1.873768592974380809e-01
1.858563328964776828e-01
1.744106052501969151e-01
1.697639515741497240e-01
1.576988173222292622e-01
1.475270032824028965e-01
1.421864280192678687e-01
1.333361055912133109e-01
1.322332737443351336e-01
1.277574968476563877e-01
1.115504481034836209e-01
1.065072532099816532e-01
1.030442852637667023e-01
9.998495171646230861e-02
9.516226068078235956e-02
8.683805896414116543e-02
8.461712705014111380e-02
7.191891823730232891e-02
6.665311773462832823e-02
6.562622642160108322e-02
6.501937374676923509e-02
5.994358345075811306e-02
5.314625244137204801e-02
4.776446824917449097e-02
4.738666456904678387e-02
4.574420127064505320e-02
4.169815775984469369e-02
4.007886788117578231e-02
3.545114074379368541e-02
3.407861695164617066e-02
3.284185226877157221e-02
3.001309655562473672e-02
2.450968571103556704e-02
2.290093057796429438e-02
2.069463004565209527e-02
2.003402972817444616e-02
1.655292582633830292e-02
1.352233204759905293e-02
1.294053808444000329e-02
1.076742357390769907e-02
9.527102377863912869e-03
8.936402977929046310e-03
8.130824061785510773e-03
7.391929473877018562e-03
7.214945531697361872e-03
6.683050636442445028e-03
4.491843932903180625e-03
3.376662179611214249e-03
2.243966992646475016e-03
2.148834626212507270e-03
1.448411929319194658e-03
1.384922789148559019e-03
1.269853555006066536e-03
1.051725723062302623e-03
1.019582870793948014e-03
7.811569722574507367e-04
6.452277988992843535e-04
5.151151201086416912e-04
3.260822160899474759e-04
3.143131191977789098e-04
2.345717777723370552e-04
1.127826673019878285e-04
3.165566959373010018e-05
1.414384720557458822e-05
3.058350622847615328e-06
1.084023686455861345e-06
9.381392673954416688e-08
1.336120473007656013e-10
3.274289782858007941e-11
1.573500579919211073e-11
1.287700812036747757e-11
9.513321738116037805e-12
8.173251390991047242e-12
7.572849587719367806e-12
7.457467066528250484e-12
6.304517353492775351e-12
6.078656559728163312e-12
5.083540921573824057e-12
4.250722007667279097e-12
3.738300810248336824e-12
3.393289281919386785e-12
2.839825440415500880e-12
2.468920177194299781e-12
2.311590078210043086e-12
2.289056185806668958e-12
2.072283552613829506e-12
1.925458717611014326e-12
1.850440329608192623e-12
1.679117002687783151e-12
1.627813755194298480e-12
1.511719568219225401e-12
1.285462310301671172e-12
1.253294143166126985e-12
1.180635667630684913e-12
1.123784727879959948e-12
1.076846504542229487e-12
9.891666075709702541e-13
9.019604300372690826e-13
8.538125797282870106e-13
8.266901404200170962e-13
7.700095981770468442e-13
7.166026636909252273e-13
6.773849055974758600e-13
6.546568048109574967e-13
6.177734790271343544e-13
5.934274559807762099e-13
5.780314855783945734e-13
5.340354463714703734e-13
5.257268354387046012e-13
4.681972562947146007e-13
4.433355456075377756e-13
4.342791766171174703e-13
4.015002776919682379e-13
3.861522797733617199e-13
3.522404058245525502e-13
3.513248389040906495e-13
3.365154257151234873e-13
3.261758514683677226e-13
3.085868877956745299e-13
2.891896543125577239e-13
2.881409316720225144e-13
2.728711821015035321e-13
2.661269676379905326e-13
2.524469606809214505e-13
2.517371281732005916e-13
2.231458548299124846e-13
2.208359329428071956e-13
2.148601333792656938e-13
2.062765569991744483e-13
1.952186499833901269e-13
1.875187404083868963e-13
1.870843463647445279e-13
1.697405707102937695e-13
1.636344330941906573e-13
1.605745020920993983e-13
1.567761380477082028e-13
1.524154198356127595e-13
1.490909754588283174e-13
1.438621551488194826e-13
1.404112358983248000e-13
1.317908284896905079e-13
1.306221940917048395e-13
1.219160683131255258e-13
1.201731543482561211e-13
1.172397962090855252e-13
1.115767592061946967e-13
1.075480045194077542e-13
1.033783724712709700e-13
