# Singular values
2.195922336149439507e+05
1.620543633901351714e+05
1.052310137825577840e+05
6.634827961675693223e+04
6.302663358845513721e+04
3.669500073978622095e+04
3.579001202627213206e+04
2.382201256392130745e+04
1.884900223339590229e+04
1.786500060660452436e+04
1.694544281699661587e+04
1.693323285289489286e+04
1.468630249804985579e+04
1.251446543989894599e+04
1.249612506304149974e+04
1.188338498264278496e+04
9.747164843802876931e+03
8.562652148895755090e+03
7.736693332592028128e+03
7.284530213523694329e+03
7.202220882844985681e+03
6.844655345348984156e+03
6.831202827344111029e+03
6.285381090239211517e+03
6.051638340109236196e+03
5.994707528851031384e+03
5.961942291640566509e+03
5.956794189137551257e+03
5.528708449786248821e+03
4.959547135200498815e+03
4.659064676146703277e+03
4.601814201170467641e+03
4.588981045175548388e+03
4.486826078418208454e+03
4.415557400396323828e+03
4.289143960468422847e+03
4.243235289485118301e+03
3.942000074373625466e+03
3.638041947833723043e+03
3.627888718383869218e+03
3.518616939348248252e+03
3.512145757672053605e+03
3.428072106446581074e+03
3.343317394272973161e+03
3.316790679841805286e+03
3.155113516738681938e+03
3.069447934346962484e+03
3.046246003976025349e+03
3.012992261173437328e+03
2.917376436155945157e+03
2.609671324107774581e+03
2.437234059186274862e+03
2.375223906727247595e+03
2.352208801819931523e+03
2.198001137403037319e+03
2.100002144973116629e+03
2.091412547299618382e+03
2.080508441457624940e+03
2.071489817471674087e+03
2.050616299984228135e+03
2.024319321180905035e+03
1.962438992584302241e+03
1.954156298080199804e+03
1.941717956828474144e+03
1.763417742807273044e+03
1.753953920149507894e+03
1.743957671536431462e+03
1.725157208204739391e+03
1.683069575455645918e+03
1.665803696667786880e+03
1.617415798056711310e+03
1.610012657836133485e+03
1.577963681273852899e+03
1.531637611625120371e+03
1.528273533536742207e+03
1.495535091966891969e+03
1.489014302966506648e+03
1.408897409533307609e+03
1.315031183897755454e+03
1.275404214709921462e+03
1.261502625463934692e+03
1.217258545437369094e+03
1.200701050459403859e+03
1.180854140915626431e+03
1.131477032528678137e+03
1.035084255948947202e+03
1.034266524185008166e+03
1.034189476253534394e+03
1.033765333053587483e+03
1.029593773425006930e+03
1.004052032363779290e+03
9.447292013982884100e+02
9.335981433266018712e+02
9.027778906251551234e+02
9.002511455937483333e+02
8.860052760885055250e+02
8.833613480489657377e+02
8.690162293234325261e+02
8.651202091935688259e+02
8.597543334422757653e+02
8.459484179532003054e+02
8.017653628836225153e+02
7.933152043206350754e+02
7.705251171589870864e+02
7.607002971934983862e+02
7.279089930309559122e+02
7.139991269832376020e+02
7.072119647343993165e+02
6.949999732265326884e+02
6.594079935315907051e+02
6.487625387509666552e+02
6.455082549252520039e+02
6.442155559919688130e+02
6.420654054915554525e+02
6.145876509757891881e+02
5.800094684375512770e+02
5.657433941321473867e+02
5.429691591749916597e+02
5.426210546837746733e+02
5.404368542645987645e+02
5.330332039837037428e+02
5.300361831351502815e+02
5.102125513088569164e+02
5.045413590399726331e+02
4.902760997409752690e+02
4.844916448013961485e+02
4.810281753466337022e+02
4.720665374078901664e+02
4.664658334292183781e+02
4.636416701758456043e+02
4.594988705567468514e+02
4.580174687324429783e+02
4.556461212166957466e+02
4.538734539428555195e+02
4.510028006425463900e+02
4.431785740919129921e+02
4.370227856615299515e+02
4.310761203011286966e+02
4.235260124377783200e+02
4.100212819869594796e+02
4.010220443961614478e+02
4.000567905842213463e+02
3.936189193834422326e+02
3.920446654486670468e+02
3.916923453910914645e+02
3.846865078292294129e+02
3.820358918359463019e+02
3.814660232537729598e+02
3.680480707185517986e+02
3.630011015936116792e+02
3.599999999999994316e+02
3.529697676441171552e+02
3.462821046404617391e+02
3.174890439029725826e+02
3.147758297587599259e+02
3.139723774803013043e+02
3.092973779562224195e+02
3.080866263729421917e+02
3.049277479752690283e+02
3.020331834984700663e+02
3.010093821949503194e+02
2.898828561683145608e+02
2.862054696905798323e+02
2.842717699835912413e+02
2.838092348607823965e+02
2.797744341725704089e+02
2.745666038615860316e+02
2.731994428721616828e+02
2.695320395571746985e+02
2.689178139622152344e+02
2.650133250169282064e+02
2.645153648076246213e+02
2.608441891419540752e+02
2.556646888373030322e+02
2.530728192869411259e+02
2.530447527308884332e+02
2.513992155365523899e+02
2.483483799308800997e+02
2.449208475721227956e+02
2.447667369269887843e+02
2.420022599119770064e+02
2.382199058034359496e+02
2.361257645448494884e+02
2.332782128210856172e+02
2.279878674501443356e+02
2.250456420927426393e+02
2.222398043167315222e+02
2.180313030321881058e+02
2.179361007898371838e+02
2.018889243416340662e+02
1.930019640367117972e+02
1.922018544623470575e+02
1.881563041022015454e+02
1.843717596858761283e+02
1.832703787929677901e+02
1.797699453956077207e+02
1.679074216294347082e+02
1.661997317076935303e+02
1.613445578825982807e+02
1.612018036408483397e+02
1.553734750416861914e+02
1.550018078681987674e+02
1.523330094508903301e+02
1.517146647045672125e+02
1.509392117059404086e+02
1.442810301137532747e+02
1.372652861267343667e+02
1.346276951489305986e+02
1.339583578133915864e+02
1.326417992550429972e+02
1.309791989605847959e+02
1.306660764988518508e+02
1.304479863244893352e+02
1.270243645108554489e+02
1.252075545571919122e+02
1.228883154060797978e+02
1.175633752463555481e+02
1.160564530665733969e+02
1.141552686116453685e+02
1.129619403790140524e+02
1.123456956150000821e+02
1.108659956828990261e+02
1.080021558474490035e+02
1.061088017231489857e+02
1.060609664180341127e+02
1.052244706363433409e+02
1.050322945172454325e+02
1.036868150979294256e+02
1.020042580210698731e+02
1.016572942991448656e+02
1.006108435184067105e+02
1.000077238078891213e+02
9.810468197713679217e+01
9.784300035002806339e+01
9.600000000000004263e+01
9.464218890025401265e+01
9.300537618869138612e+01
9.037966136825050967e+01
8.991718855024549839e+01
8.812685704330877456e+01
8.782797592339025528e+01
8.665001807738543960e+01
8.648194633840766699e+01
8.502190324635300556e+01
8.414303978591217970e+01
8.010830139050206355e+01
7.986830330839477199e+01
7.875236345492565704e+01
7.807087011948426891e+01
7.797672025428600762e+01
7.644866441573449833e+01
7.499350603337936150e+01
7.476761472938072473e+01
7.404806600173027675e+01
7.275782925777767218e+01
7.106719856507605471e+01
7.054613638246622997e+01
6.997668696507618336e+01
6.944227300846189621e+01
6.861649664685003813e+01
6.532405880879908011e+01
6.485416420559492678e+01
6.459010817013759720e+01
6.427348421254930599e+01
6.335598658796580906e+01
6.205214967280962668e+01
6.132476744046036288e+01
6.131908009294798489e+01
6.103555309426532460e+01
5.988832870570065836e+01
5.972212629360129910e+01
5.688587637958206500e+01
5.601269316162028389e+01
5.460874965215895571e+01
5.347059728710271287e+01
5.274134486396452814e+01
5.270787708607380040e+01
5.252924131664130414e+01
5.207402700867412904e+01
5.196900289060128131e+01
5.100000000000011369e+01
5.074468789992401696e+01
5.004055586852152260e+01
4.950649989370690918e+01
4.928316760504203842e+01
4.858070505628443669e+01
4.808035058189484090e+01
4.789306662535852865e+01
4.785742861376654389e+01
4.767571517399908032e+01
4.705027760593321062e+01
4.540029835854060281e+01
4.525046232664715262e+01
4.504195131121814200e+01
4.484445870014795332e+01
4.455628533622545007e+01
4.423642351503525560e+01
4.394189963281458944e+01
4.390735516274210681e+01
4.282186710901715543e+01
4.237663222774136784e+01
4.225156665515825694e+01
4.125826925124544431e+01
4.095746583190853585e+01
4.032383923950883542e+01
3.998823825784565145e+01
3.988241568235843459e+01
3.958291531458662860e+01
3.856939431035877419e+01
3.835896127582959281e+01
3.820932121846148277e+01
3.809688862042011692e+01
3.737332073539126753e+01
3.690262513896625762e+01
3.672433917481458110e+01
3.646595232378464857e+01
3.624593229644716530e+01
3.546259490461490316e+01
3.537046725503221012e+01
3.390853222770046926e+01
3.343880758071525605e+01
3.320688054072368089e+01
3.261595443545938622e+01
3.252977719957030445e+01
3.205806206466408526e+01
3.131566445309470126e+01
3.016812859241954925e+01
2.983378824655204298e+01
2.976767295277921832e+01
2.934461712917577714e+01
2.906217539179129616e+01
2.848595739541773852e+01
2.825433048953318860e+01
2.801689514388235125e+01
2.795162882929250259e+01
2.760027519491239190e+01
2.699995399659429296e+01
2.688741226682568097e+01
2.671316721684282314e+01
2.646065555773130029e+01
2.623495725967090308e+01
2.558001970182316498e+01
2.502829450727329785e+01
2.480127272904834257e+01
2.403257046578653444e+01
2.400219407214901324e+01
2.395590956435968621e+01
2.381870514583047438e+01
2.369395118170038117e+01
2.333228681819864292e+01
2.315820442273958335e+01
2.299592349807674907e+01
2.291255973339360708e+01
2.260423243237888613e+01
2.223700264248580893e+01
2.182339579163176779e+01
2.160534579998198268e+01
2.133905399566476646e+01
2.100715607140314489e+01
2.093271552998020368e+01
2.086341032749376367e+01
2.036534984158907946e+01
2.004558248723402869e+01
2.000322155507829081e+01
1.970905718342853064e+01
1.948883271592541178e+01
1.944190234815182805e+01
1.891196047964047366e+01
1.884518388148184798e+01
1.829237407358258238e+01
1.816621374453664473e+01
1.803319143834403349e+01
1.798607554620009097e+01
1.783903417801224478e+01
1.769276008784150989e+01
1.750555793321360198e+01
1.739018823443442940e+01
1.729508373334475735e+01
1.727927711177256853e+01
1.725053033827911975e+01
1.716332153043008546e+01
1.710057529019611522e+01
1.705101343429364746e+01
1.702374583776402517e+01
1.699391732445722170e+01
1.691716278277685603e+01
1.678950047470955553e+01
1.675933656359053714e+01
1.658600031300920108e+01
1.654563408039903649e+01
1.629493139233253984e+01
1.616229769843427633e+01
1.607629225650653382e+01
1.599987025369489402e+01
1.599823980913019561e+01
1.591902039340540043e+01
1.579443640603724219e+01
1.567808913776690716e+01
1.562160889985854517e+01
1.547514518018777352e+01
1.533956037452593968e+01
1.530002767240671702e+01
1.511304380655140811e+01
1.500622696972053838e+01
1.488235310646807541e+01
1.474206299354314531e+01
1.467760212634884276e+01
1.462493808513691995e+01
1.457123861532806330e+01
1.433266267202932731e+01
1.426024083493695827e+01
1.420134872316744357e+01
1.409120713669096148e+01
1.400049033672895860e+01
1.398759926724918934e+01
1.392065703527484111e+01
1.360416247314907601e+01
1.345171741256703513e+01
1.334125659668368513e+01
1.324654125992651110e+01
1.319784334547769511e+01
1.314165128969730745e+01
1.311311214834038097e+01
1.302235703152263646e+01
1.297919755719469670e+01
1.278630801833216957e+01
1.275153280148698087e+01
1.270488609237373900e+01
1.263038950304576424e+01
1.260180586682430359e+01
1.254270087872661499e+01
1.250182629066512874e+01
1.248403171588748428e+01
1.246921522320363707e+01
1.229761998999635786e+01
1.226800888717577820e+01
1.212394382444206897e+01
1.205702959766987803e+01
1.183084340221629738e+01
1.169272813352158380e+01
1.164916750987989502e+01
1.156962041543581776e+01
1.140597541857401431e+01
1.132214718834413070e+01
1.122835382161579965e+01
1.112563146527536162e+01
1.106690360336254564e+01
1.099422371865657588e+01
1.087875698566197080e+01
1.071556003945234892e+01
1.068118195317814845e+01
1.055382617056924133e+01
1.052397033457843456e+01
1.051357030074094823e+01
1.035845933093488469e+01
1.027254974681572897e+01
1.022720089281408029e+01
1.014864190482419559e+01
1.004592046373331726e+01
1.000006032981781523e+01
9.920877394587099829e+00
9.849688296773971175e+00
9.830869771929824807e+00
9.754967540372103230e+00
9.688012973896551472e+00
9.605356006592389306e+00
9.519062675789459860e+00
9.500221673404185552e+00
9.443682934449894262e+00
9.294284271472239567e+00
9.276950867149709623e+00
9.243580699069873674e+00
9.178483292740542865e+00
9.133088121741435472e+00
9.045166586205187542e+00
8.987202784076895767e+00
8.900410993704712226e+00
8.818797040836143353e+00
8.727948849589363789e+00
8.635943015087677921e+00
8.537051555214610232e+00
8.507707244416852888e+00
8.455576783594125345e+00
8.427848749268701312e+00
8.329155676462940860e+00
8.264297245753050802e+00
8.175530445996336937e+00
8.173524253565677355e+00
8.122067097151573378e+00
8.098421971301245748e+00
8.003239360408070269e+00
7.999999999999995559e+00
7.987692098991341361e+00
7.898052374760921701e+00
7.801327016257622482e+00
7.774459172626854375e+00
7.701437402727623116e+00
7.645709220315690224e+00
7.633820169307824699e+00
7.574765890034700355e+00
7.561977936806580480e+00
7.507458935212399709e+00
7.477793155001110748e+00
7.406378798017975384e+00
7.389353158547315559e+00
7.338028155326634661e+00
7.275462519975270048e+00
7.234681973884174333e+00
7.233758088819270071e+00
7.188986411507523044e+00
7.128555133671519606e+00
7.105109737855927143e+00
7.064440685582591861e+00
7.056704800390035004e+00
7.038406179221849968e+00
7.008258679884914244e+00
6.954936864593814327e+00
6.914003351842841205e+00
6.903781359271567553e+00
6.874885424307083603e+00
6.850917651143712206e+00
6.822691518411343914e+00
6.812792641350276845e+00
6.762806720835950358e+00
6.691296035627248173e+00
6.673811567230038655e+00
6.634608879562692074e+00
6.622117899237242256e+00
6.593568169285389580e+00
6.553227431401934311e+00
6.517969046425893254e+00
6.433761417881439293e+00
6.386080563271050003e+00
6.363759590668733424e+00
6.298812650316818029e+00
6.290293830207597914e+00
6.258011845906185755e+00
6.245408706555513056e+00
6.219572230743501962e+00
6.196547698165221441e+00
6.153697090231735167e+00
6.111830187817735904e+00
6.107255980619641811e+00
6.094585961034905353e+00
6.089362543637670377e+00
6.063495016040382879e+00
6.039361090169796498e+00
6.022912593437392381e+00
6.000000000000004441e+00
5.998749051491611972e+00
5.950163298411153434e+00
5.922063158398102267e+00
5.911514589663374508e+00
5.876914695488474116e+00
5.864018522207125272e+00
5.854034077714249662e+00
5.816520396437252494e+00
5.793204394925148826e+00
5.770057953875582513e+00
5.761286830299844119e+00
5.731218021212939107e+00
5.698347062617080461e+00
5.673590610460985673e+00
5.663435956836014640e+00
5.613083996674612663e+00
5.571125345251456196e+00
5.523723292909838101e+00
5.487237954133621365e+00
5.461722438848093830e+00
5.448273711633617289e+00
5.417979538969087905e+00
5.403704768293104088e+00
5.366851158492735863e+00
5.339368032858298641e+00
5.310870339534449869e+00
5.285118279756567894e+00
5.263938638745274901e+00
5.233227500776444607e+00
5.183676451145116992e+00
5.171933977984847886e+00
5.156491354786004067e+00
5.128704494497445587e+00
5.126375776919467775e+00
5.106171530958463656e+00
5.097252796912210115e+00
5.092607026645566748e+00
5.080196318661962529e+00
5.075413316657173546e+00
5.057892968120602184e+00
5.023334799127558981e+00
5.002726662528658608e+00
4.999999205963798765e+00
4.997357121501859289e+00
4.973467096190105075e+00
4.962039965299477551e+00
4.937400850170557298e+00
4.901824375682036994e+00
4.861566995543254777e+00
4.824676461498202507e+00
4.799293342636463677e+00
4.785539354417391422e+00
4.769437847429349731e+00
4.740536157996702471e+00
4.699328022044501729e+00
4.680266625025655713e+00
4.675003597219252072e+00
4.666714895136796493e+00
4.614239725847038898e+00
4.596582264056584322e+00
4.571740043596965286e+00
4.559837195776716534e+00
4.512955682283039671e+00
4.507669336686246808e+00
4.463511037339729981e+00
4.450172750750726713e+00
4.433274303519175064e+00
4.408223415633073294e+00
4.396794238391560583e+00
4.373378166022182434e+00
4.352901203404196728e+00
4.295643387689626280e+00
4.286851607321330526e+00
4.283687102585214568e+00
4.265813645794157338e+00
4.262194166047160948e+00
4.253096815190487767e+00
4.240882680236719438e+00
4.227617866686019354e+00
4.208865170600286199e+00
4.199680275643954630e+00
4.165342977259434143e+00
4.155415569429627531e+00
4.150389828732151898e+00
4.137686200310411344e+00
4.131211449871337926e+00
4.116933416215523778e+00
4.101573564546197481e+00
4.091292434649534293e+00
4.073601712814348019e+00
4.066783455426818072e+00
4.042064298619109763e+00
4.022558295808002171e+00
4.000087772549742127e+00
4.000026136449673864e+00
3.999976848486295200e+00
3.999938930130034986e+00
3.997654802150732767e+00
3.991740497312270097e+00
3.989510636046916137e+00
3.977748452115418498e+00
3.970455081247523665e+00
3.944882827609049070e+00
3.934546495061234328e+00
3.925010180711177465e+00
3.915316042999802182e+00
3.899905422681861467e+00
3.891197010900357967e+00
3.883084385744491662e+00
3.864057925528971982e+00
3.855395859095716027e+00
3.852505495214494147e+00
3.826258504283981399e+00
3.813458765219296609e+00
3.811048843695449495e+00
3.801974083611195709e+00
3.780390953251679509e+00
3.767109761624253039e+00
3.758222977773772566e+00
3.710896551258939358e+00
3.686729676219837604e+00
3.677008256535319930e+00
3.674513628637779750e+00
3.659753070142072406e+00
3.643576608967318275e+00
3.632778420303818034e+00
3.604366657193788459e+00
3.580642894840987633e+00
3.563167337040298754e+00
3.551637258007369624e+00
3.516085098850015633e+00
3.508194155626138677e+00
3.485962537911621251e+00
3.470281443627261098e+00
3.463414718113258850e+00
3.453020033345493900e+00
3.445592157724047588e+00
3.418617219196544266e+00
3.397472577430677987e+00
3.387125448575212694e+00
3.370487068398398289e+00
3.332812342577809783e+00
3.322117217379927379e+00
3.308427608368570194e+00
3.300149162501742950e+00
3.282610520246111996e+00
3.266761830522629140e+00
3.252720768547307628e+00
3.242853558060391439e+00
3.225296421413282211e+00
3.217219963913747538e+00
3.208604265382038800e+00
3.193252666015901742e+00
3.182112786909980340e+00
3.158226408458947976e+00
3.116391533153404669e+00
3.114894138441170579e+00
3.099331674633678091e+00
3.081050520313135532e+00
3.076660987279649095e+00
3.072433536748977456e+00
3.061740726879491170e+00
3.057282557576422644e+00
3.037516134348077657e+00
3.029150871358410324e+00
3.017811897531563314e+00
3.008271893221018622e+00
3.006252130658340960e+00
3.002122797848588931e+00
2.992629675750788643e+00
2.982079303817802174e+00
2.970828164039383434e+00
2.954302796571670608e+00
2.944957905468998938e+00
2.937536672110293345e+00
2.922073215586999506e+00
2.909157280613863250e+00
2.890472066535699991e+00
2.876040796179675230e+00
2.866802943481967958e+00
2.851248674314386111e+00
2.827176123817539022e+00
2.814871610234437771e+00
2.804566744767305053e+00
2.799466984835993433e+00
2.789965361398823784e+00
2.772352438965772770e+00
2.760746139087301820e+00
2.742218056318303621e+00
2.737921392905524165e+00
2.724861744678638509e+00
2.694844041629669729e+00
2.687882608266402240e+00
2.667263116824246882e+00
2.660416078222619163e+00
2.647149059721965791e+00
2.625692441340353067e+00
2.621689750071702019e+00
2.604530592197755290e+00
2.591993513304422958e+00
2.576005295559345765e+00
2.559709325890446863e+00
2.543639335945552915e+00
2.531651491819284061e+00
2.518949979166356101e+00
2.514225372120905355e+00
2.505014556200128251e+00
2.499114630506065193e+00
2.475253401322676350e+00
2.466332201131109070e+00
2.459869232341191925e+00
2.446251433617830262e+00
2.439448070552538539e+00
2.435450200230653728e+00
2.428253737039759663e+00
2.420024931435955207e+00
2.413070266353974702e+00
2.407247520602537882e+00
2.395655513466497855e+00
2.375289963239901603e+00
2.356982450367059112e+00
2.351138545606418440e+00
2.343823084450864513e+00
2.332604184166520156e+00
2.325700850866948333e+00
2.311789928804862448e+00
2.306588268571374112e+00
2.303442417031842826e+00
2.298324328372197911e+00
2.290570805003055099e+00
2.285015281765060635e+00
2.281498941193224717e+00
2.274422801489155432e+00
2.269195630846692513e+00
2.258339191486733455e+00
2.245168698717832090e+00
2.237503314838599877e+00
2.236848432069202808e+00
2.235748328721617106e+00
2.230828809015302117e+00
2.226907560827049437e+00
2.224251790095251202e+00
2.223097879007385647e+00
2.212275738802452540e+00
2.208532131864410442e+00
2.193578126901268188e+00
2.191496137244600462e+00
2.186992748383278062e+00
2.173157939420041096e+00
2.168265724341529310e+00
2.165483188020401073e+00
2.151881056597690911e+00
2.144382509694968242e+00
2.144067174971138190e+00
2.131910417167604432e+00
2.120704552062004478e+00
2.109728839371937781e+00
2.108057107595622703e+00
2.093741293373785783e+00
2.081224327550604603e+00
2.075031105893305305e+00
2.067144010851948988e+00
2.055196403139569306e+00
2.053820665513104604e+00
2.048557613307329106e+00
2.040189006300121566e+00
2.024868533947009830e+00
2.020027441608737817e+00
2.011495350249938419e+00
2.004907993815226774e+00
2.003821044932797779e+00
2.002628049275209765e+00
2.001518356458293457e+00
2.000922509016540562e+00
2.000267954736502318e+00
2.000000000000820233e+00
2.000000000000002220e+00
2.000000000000001332e+00
2.000000000000000888e+00
2.000000000000000000e+00
1.999999999999604761e+00
1.999999750914550400e+00
1.999171727039791957e+00
1.996745017922165744e+00
1.994478477907458247e+00
1.993120714927512305e+00
1.992178331297387750e+00
1.987364020292551992e+00
1.984847900947739552e+00
1.983646210783248209e+00
1.980191592010046797e+00
1.976285288764217940e+00
1.969221480657327827e+00
1.960773355490510017e+00
1.951821984999215331e+00
1.944546043835850169e+00
1.936382045403057583e+00
1.932083842164285192e+00
1.921658510987309221e+00
1.919787947689648666e+00
1.910105303125774201e+00
1.903021558346433828e+00
1.898919161168453495e+00
1.895954273050355798e+00
1.891659894623512139e+00
1.885980010578621968e+00
1.882762106192991114e+00
1.879015459013086975e+00
1.874303632484675575e+00
1.872467760268395232e+00
1.870020924422518549e+00
1.864969140147098248e+00
1.857978300725099841e+00
1.855040391821149770e+00
1.845808657295369359e+00
1.836854016030072367e+00
1.830865130806133001e+00
1.826274890667607842e+00
1.816766678485862929e+00
1.814221193924587583e+00
1.805295143580327943e+00
1.796232824174304854e+00
1.793071010952675737e+00
1.784565418078277288e+00
1.768454654697981798e+00
1.767059303898390166e+00
1.764797335893024233e+00
1.755528585745513848e+00
1.745865739784935089e+00
1.720451025543576096e+00
1.701599084507713577e+00
1.698741318178340620e+00
1.693420633675528864e+00
1.688652868466198331e+00
1.687308687953220199e+00
1.678349205947025524e+00
1.668205284764430640e+00
1.663344711798462550e+00
1.659393314449888246e+00
1.655767591026892083e+00
1.647885337036644637e+00
1.632095483248059642e+00
1.629278145238121089e+00
1.624174544354375138e+00
1.608161155002467257e+00
1.603816350452947681e+00
1.595557572623998555e+00
1.586443680701039360e+00
1.575243655234130902e+00
1.570530942217083448e+00
1.561002276183893311e+00
1.558774735086376317e+00
1.544547887143180809e+00
1.529625916767434202e+00
1.525983036537586823e+00
1.511150599765328284e+00
1.501790983140801838e+00
1.499819617711126263e+00
1.494329859095417712e+00
1.485507572226411943e+00
1.482040315141980313e+00
1.473824262454597633e+00
1.457696457625711206e+00
1.452005431816440151e+00
1.449447732364137931e+00
1.440034480701470887e+00
1.432726603514798303e+00
1.424475189271564135e+00
1.414055352822946476e+00
1.410076570683751029e+00
1.395709648503988820e+00
1.394063295533489288e+00
1.390426095198919354e+00
1.387977264898836438e+00
1.380579419717719025e+00
1.373831832085039339e+00
1.359688373868255029e+00
1.349051864337244222e+00
1.344465592034207013e+00
1.333495120765644915e+00
1.332089449461360875e+00
1.317480763512831610e+00
1.311884758823375297e+00
1.303910461547287181e+00
1.299081498162711235e+00
1.297614745824348992e+00
1.291340733203489188e+00
1.284667145988832804e+00
1.280600164671704455e+00
1.271911211554011434e+00
1.263458334235105340e+00
1.259567371447804174e+00
1.247632495210355907e+00
1.245215182867833503e+00
1.236711728702005519e+00
1.231804861343282376e+00
1.230290492399233049e+00
1.217859710207993329e+00
1.213099715658451982e+00
1.209881907020596614e+00
1.197107157612391282e+00
1.190411219787421260e+00
1.186856923064654623e+00
1.179660213204741570e+00
1.173172895429113627e+00
1.160616814166562483e+00
1.158620205737143083e+00
1.151864827942640002e+00
1.146539472266521642e+00
1.139170427363427773e+00
1.128649627061163230e+00
1.125638206116555740e+00
1.119525723419742214e+00
1.109948182099534275e+00
1.104657946190655604e+00
1.102233609107559298e+00
1.094174135190049357e+00
1.087709561248880297e+00
1.081636747328099890e+00
1.069507085425343007e+00
1.064861579616847020e+00
1.061957034685970802e+00
1.058831119919180663e+00
1.048374283020741871e+00
1.035367119963146454e+00
1.028608521643676665e+00
1.022866264459920682e+00
1.019532254505497892e+00
1.016917940209491222e+00
1.014010000378475107e+00
1.012456600950868202e+00
1.009887654689730185e+00
1.007280816864287498e+00
1.005143894216210976e+00
1.002706754300003666e+00
1.001340808120332548e+00
1.000355366804716040e+00
1.000132227694803921e+00
1.000031187703467328e+00
1.000000000001341816e+00
1.000000000000022204e+00
1.000000000000002220e+00
1.000000000000002220e+00
1.000000000000001110e+00
1.000000000000000222e+00
1.000000000000000000e+00
1.000000000000000000e+00
1.000000000000000000e+00
1.000000000000000000e+00
1.000000000000000000e+00
1.000000000000000000e+00
1.000000000000000000e+00
9.999999999999997780e-01
9.999999999999996669e-01
9.999999999999996669e-01
9.999999999999996669e-01
9.999999999999994449e-01
9.999999999999994449e-01
9.999999999999991118e-01
9.999999999999980016e-01
9.999999999999980016e-01
9.999999999999970024e-01
9.999999999999935607e-01
9.999999999999927836e-01
9.999999999995839994e-01
9.999999999980041521e-01
9.999999558718828396e-01
9.999998878808041836e-01
9.999994359291963786e-01
9.999825766390333381e-01
9.999029022276956225e-01
9.998628413654189195e-01
9.996559580817628854e-01
9.994222262090239894e-01
9.992317359811304645e-01
9.991654343241376246e-01
9.991333211241604229e-01
9.987676228305821802e-01
9.980068163643419643e-01
9.977822501980445624e-01
9.970058756258317612e-01
9.962399408820409308e-01
9.959922417869950806e-01
9.952280671938408263e-01
9.943033626932633595e-01
9.936525302248582214e-01
9.919587599556340951e-01
9.910929584748240373e-01
9.888777222458721150e-01
9.886391736904909244e-01
9.881552292239689228e-01
9.865439183634325815e-01
9.855348142918685106e-01
9.847340574395246904e-01
9.835190108945103260e-01
9.807243359266925031e-01
9.790221440013431309e-01
9.775151525480531012e-01
9.764477911416343803e-01
9.741771336981002172e-01
9.717362074228215185e-01
9.679746930519113057e-01
9.677592536180611438e-01
9.646507387854134086e-01
9.614159571381943881e-01
9.600206892306072382e-01
9.574166954946997654e-01
9.572461241409276900e-01
9.550593786400575214e-01
9.535149015748689560e-01
9.504171218065959881e-01
9.484725075035183028e-01
9.459831617421903260e-01
9.423936014012792572e-01
9.403345060661404409e-01
9.376504538765242369e-01
9.355994213905550749e-01
9.339234057026796210e-01
9.312790635611938317e-01
9.253671613051532852e-01
9.232172232096781395e-01
9.196063247469794533e-01
9.166038369148664655e-01
9.122240479680935321e-01
9.102112664956415466e-01
9.090109176439785665e-01
8.983072817997517223e-01
8.941328235174093031e-01
8.924399105593107118e-01
8.915395384406935575e-01
8.868421309347525039e-01
8.775692327049136043e-01
8.724174211587658601e-01
8.681406208774756772e-01
8.625489942125080800e-01
8.599142865173582395e-01
8.563262264762323550e-01
8.460638821242559837e-01
8.422460083044058798e-01
8.392665818162580171e-01
8.345099545764494975e-01
8.299064369892246162e-01
8.282909190053150406e-01
8.223807536832282716e-01
8.187191781244355093e-01
8.101979629874538347e-01
8.071246703506825826e-01
8.050816088276957494e-01
8.033476080736725589e-01
7.984084987330811733e-01
7.931919600492135514e-01
7.881034803660298405e-01
7.824251865178440957e-01
7.771882410377752848e-01
7.665593041882458047e-01
7.626879955134355793e-01
7.586000880795553680e-01
7.574357283610317904e-01
7.506166687350497302e-01
7.501266191832994812e-01
7.456757122431295626e-01
7.402045282930426184e-01
7.377422369874191421e-01
7.353291330114705149e-01
7.313938111777252837e-01
7.310659139169037868e-01
7.217277433181656932e-01
7.177316663865845880e-01
7.128620870569931656e-01
7.088810597130480451e-01
7.073761529627906608e-01
7.051954519944716449e-01
7.019808045090494275e-01
6.978732814441646060e-01
6.860323240259696975e-01
6.806916246974962226e-01
6.738966437109884522e-01
6.726083015004779009e-01
6.683493005238291262e-01
6.611667155432973120e-01
6.539490635399288765e-01
6.516003969996032597e-01
6.468167738015613288e-01
6.450000013877694727e-01
6.388375691367192966e-01
6.339400496256851758e-01
6.304967036382010948e-01
6.268282594330013557e-01
6.216774689330161197e-01
6.198497467641279624e-01
6.117697496981570060e-01
6.074124572278145617e-01
6.028585015455663054e-01
5.978158299822525779e-01
5.959351128904841755e-01
5.931827816013601762e-01
5.858645520685829000e-01
5.783266142143469457e-01
5.782248342497715576e-01
5.751631579665803518e-01
5.632376646965523426e-01
5.614900737491421712e-01
5.593026226889884489e-01
5.560565145820736133e-01
5.538520927863072041e-01
5.525396784695999486e-01
5.477832008702002708e-01
5.457791801820954802e-01
5.406886118357794313e-01
5.369367530635992258e-01
5.313530953629291842e-01
5.286513780756494363e-01
5.253385104016813356e-01
5.165300691355768636e-01
5.123054487164406812e-01
5.069126259377613186e-01
4.982309484682366230e-01
4.973712665112291487e-01
4.930121219492692441e-01
4.788497340884695364e-01
4.747502132064088665e-01
4.721227779973831140e-01
4.618801975638994750e-01
4.604168903659467404e-01
4.572638854333658243e-01
4.494873085781057598e-01
4.418132838015375041e-01
4.406941131836335512e-01
4.369646509644143362e-01
4.329652549268907524e-01
4.280525184421313245e-01
4.196189456532091189e-01
4.144902934734692734e-01
4.101044668805537974e-01
4.095250921852508497e-01
4.044805492673604896e-01
4.009905310267247169e-01
3.911326724313894942e-01
3.870363818345657347e-01
3.817019318931333949e-01
3.807421340529784093e-01
3.751261851189725549e-01
3.726330897579097634e-01
3.680332633832829603e-01
3.655348624987518891e-01
3.604290179607128608e-01
3.564161965053699310e-01
3.506096002481945972e-01
3.445731787576657434e-01
3.387855117294254481e-01
3.370908562402678554e-01
3.289232196205033043e-01
3.237226875611294852e-01
3.185213362795325520e-01
3.179793771805731195e-01
3.137132438209187524e-01
3.073790853313103644e-01
3.039268953428549969e-01
2.983952031426915785e-01
2.944659207111061106e-01
2.862660598370186937e-01
2.815875672844400657e-01
2.766854905736450543e-01
2.743083629619463837e-01
2.716314876680078205e-01
2.655821891255628620e-01
2.627960056109771014e-01
2.581407801639521993e-01
2.551763841618850392e-01
2.523782612257814972e-01
2.476142836880779186e-01
2.444669846216866727e-01
2.354041572709076602e-01
2.348486128871881129e-01
2.299861808401932606e-01
2.193964845449770107e-01
2.166904926580234259e-01
2.127056732816413609e-01
2.066623599538606193e-01
1.984762218564067315e-01
1.947672622457864711e-01
1.933119744087389846e-01
1.906009947309756369e-01
1.819741380758979898e-01
1.708145875282401083e-01
1.619523319173113429e-01
1.553034145116077569e-01
1.510039921303817090e-01
1.437183071021757574e-01
1.385195415629419391e-01
1.372543496188614875e-01
1.271816272211477306e-01
1.213341378284213679e-01
1.198249036772169457e-01
1.117034419881161311e-01
1.050808806456389605e-01
9.645588349249357984e-02
9.005448316669630027e-02
8.503680759399066813e-02
8.238729488041174331e-02
7.842904293035689312e-02
7.617872022518391850e-02
7.218589227063995639e-02
6.930368959785195015e-02
6.589334514856373670e-02
6.203161160203567170e-02
6.100644122409027564e-02
5.468567770586448690e-02
5.305198920341037266e-02
4.953899793695646508e-02
4.844838551956605344e-02
4.676082273314664112e-02
4.212156421154222147e-02
3.666148643943738933e-02
3.413125753749076535e-02
2.981003369662721739e-02
2.902094967235888112e-02
2.286214873254738961e-02
2.147751454088360143e-02
1.748535171185051917e-02
1.711900902846789571e-02
1.626291446158033629e-02
1.489146969621417405e-02
1.465333739409822519e-02
1.423003664382443099e-02
1.313262787346390799e-02
1.279469591320655381e-02
1.136146565688121030e-02
1.032053923438528732e-02
9.586257845268604180e-03
7.728120784104945684e-03
6.386197870618265555e-03
6.070036158805081072e-03
5.312190725852687471e-03
2.719405467508513065e-03
2.171652174948497140e-03
1.615510284000497504e-03
1.546642759111636380e-03
6.613092267743987457e-04
6.162406844541126315e-04
4.271814482099900662e-04
3.149947087443638431e-04
2.032564634130860015e-04
1.987094428096134781e-04
5.177941882892769614e-05
4.642514355494685050e-05
1.018821581953836231e-05
3.880207702256098099e-08
9.160276836500071356e-10
2.418098903215709004e-10
1.150794694345035474e-11
9.618533784564953541e-12
7.255734067395288131e-12
6.499192914269609095e-12
5.201401485292421028e-12
4.345073136372291480e-12
3.463455209573175216e-12
2.994206343367158489e-12
2.756660756015316099e-12
2.715120815646974219e-12
2.354034393191602326e-12
2.317112295951182459e-12
2.219332670143179473e-12
2.057103284631628915e-12
2.002199808723659166e-12
1.838895114399872082e-12
1.776379705208427523e-12
1.729835307307042255e-12
1.688500020228112922e-12
1.594651014240182278e-12
1.482540618137261736e-12
1.420806959011434777e-12
1.340555574108047031e-12
1.205578706827468254e-12
1.098702684577333899e-12
1.053973350734005377e-12
9.857816758289793908e-13
9.683795900941808995e-13
9.538129640596452540e-13
9.189973405155851707e-13
8.360965569739673876e-13
8.005367643688306079e-13
7.791186789674918958e-13
7.516685532668110282e-13
6.726401050908072551e-13
6.647546528081776378e-13
6.409242238459548838e-13
5.911422045589971625e-13
5.720521691863977628e-13
5.551336832977430435e-13
5.436995261618523389e-13
5.310794854821549967e-13
5.131591669444119748e-13
4.981084187692619194e-13
4.889732513206634632e-13
4.750272160612626025e-13
4.594090996657530396e-13
4.587519177122347091e-13
4.261789251923754250e-13
4.220503041556141603e-13
4.167151582381121903e-13
4.041215956162593211e-13
3.933314407507083045e-13
3.848237204986634965e-13
3.801798909222221794e-13
3.623146196374721419e-13
3.477927650129972734e-13
3.448573398213611540e-13
3.383703373426461490e-13
3.329943141266508697e-13
3.285366631677447035e-13
3.248706889445344743e-13
3.174720982183986258e-13
3.147504913489938976e-13
3.090239915462998837e-13
2.998042144676945584e-13
2.946618408248027717e-13
2.898389803217228840e-13
2.852520515759540989e-13
2.798142065461273786e-13
2.761738895804860602e-13
2.662940556817642677e-13
2.655228695779292389e-13
2.606485112504246409e-13
2.598781470087706550e-13
2.535964435772718914e-13
2.519393658396001274e-13
2.456913346664732236e-13
2.416995533447115345e-13
2.376067258114666669e-13
2.323692896123149392e-13
2.300449007964733989e-13
2.230188430100331550e-13
2.194920516914282756e-13
2.155213239670550112e-13
2.151956269798583418e-13
2.143837988019135635e-13
2.092912456333049630e-13
2.083374617765116806e-13
2.026296145661751119e-13
1.997831718810912646e-13
1.979717872227737150e-13
1.940704100910125254e-13
1.928041093589784957e-13
1.896299441398406843e-13
1.852548563318431648e-13
1.843050990848654334e-13
1.827365566846034333e-13
1.787191890338879076e-13
1.755244296520198898e-13
1.724022899404940703e-13
1.715057413944652093e-13
1.694877194864749508e-13
1.673072431042615055e-13
1.652039278058611722e-13
1.640520489124170991e-13
1.614496968783444273e-13
1.595520605567485620e-13
1.573423105205085144e-13
1.568130567647790345e-13
1.540556698526481403e-13
1.514948228984333784e-13
1.502345483245300014e-13
1.485757155284242751e-13
1.475901626400911935e-13
1.451790234046596171e-13
1.445414761178255218e-13
1.427639376116818183e-13
1.416495644937548664e-13
1.410848155766906567e-13
1.398472023319330711e-13
1.386340903092569708e-13
1.361364592037503784e-13
1.331339620129452355e-13
1.325729580712791941e-13
1.313557564115528130e-13
1.299181033543719547e-13
1.289445012108584760e-13
1.283361786590612577e-13
1.281545067765539918e-13
1.279794028223774923e-13
1.275034125718498934e-13
1.231500183494527033e-13
1.228148488996673820e-13
1.221753856683124394e-13
1.215935599863266097e-13
1.209845528649140827e-13
1.192297745878828913e-13
1.171590317952950886e-13
1.162187060597470646e-13
1.158465804542356421e-13
1.147173499208703344e-13
1.135477643686779351e-13
1.126223502999794394e-13
1.107610834506316301e-13
1.097340283847553548e-13
1.085500209542478264e-13
1.072149521328599250e-13
1.064813650076038033e-13
1.058281101888833546e-13
1.045011271356460860e-13
1.027095207318273565e-13
1.021151086400977887e-13
1.016004009230881327e-13
1.012001401852627219e-13
