# Singular values
1.703692592898248404e+04
6.739107002049016046e+03
4.601537516749612223e+03
3.611881129837399840e+03
2.182186596357938924e+03
1.812200843491974183e+03
1.423148646083761832e+03
1.156200061642430228e+03
1.051416390260774051e+03
9.684463524421064449e+02
7.967959348397374697e+02
7.580197830109214010e+02
6.933782256199974654e+02
5.496662952053386562e+02
4.679772541123862766e+02
3.610100911324481672e+02
3.491031373720310285e+02
2.669999999999998295e+02
2.378511180320558651e+02
2.020658044270774099e+02
1.746986763681598802e+02
1.619356394958892906e+02
1.310248134280009538e+02
1.241761477440511783e+02
1.233729710922868605e+02
1.187447509822720235e+02
1.140218973921852381e+02
1.048429442599055079e+02
1.032450558935479421e+02
1.030442227452683142e+02
6.402880226943980801e+01
6.116448300844326980e+01
5.478161132585901072e+01
5.400000000000001421e+01
5.371731724837763267e+01
4.993163683449559898e+01
4.100001805488852114e+01
4.051634477573968951e+01
4.027363421374993635e+01
3.913187795294741989e+01
3.431487017108063498e+01
3.401466624956858453e+01
3.104468809934966345e+01
3.019332699858921032e+01
2.827423142039790704e+01
2.704108141829587808e+01
2.638822682712234524e+01
2.503554294851548789e+01
2.420524652106189123e+01
2.299534640798620089e+01
2.272189665458432728e+01
2.268088748904817109e+01
2.050746618394891740e+01
2.017634356843467458e+01
1.893618937516782808e+01
1.697858893476043107e+01
1.607435811015622917e+01
1.546187400988857519e+01
1.523331678712251325e+01
1.376704699552990263e+01
1.325541264725451462e+01
1.256436043818538018e+01
1.200002263485209575e+01
1.160818053340071643e+01
1.133939190242871042e+01
1.100033241485933111e+01
1.100000000000001066e+01
1.033852249433045500e+01
1.001614198748932338e+01
9.958471949745373308e+00
9.113435896366846478e+00
8.148425201717161670e+00
7.761135908865732347e+00
7.117447740136213064e+00
6.950533040429903053e+00
6.502579612824952449e+00
6.415605866229383558e+00
6.384644583787833838e+00
6.324612301118145652e+00
6.289621820138187047e+00
6.000096558422962190e+00
5.982159191772207230e+00
5.866631791381961669e+00
5.344078267212195144e+00
5.120212818216684170e+00
4.966874558120548677e+00
4.642904967041103781e+00
4.526848292691981079e+00
4.328127385765165869e+00
4.166836757988655826e+00
4.064218005022541824e+00
4.049903641379891006e+00
3.999774886218266268e+00
3.996990418831321445e+00
3.743031406115821191e+00
3.640466026626086649e+00
3.376351472680590327e+00
3.276793820725182993e+00
3.218929563554504547e+00
3.101063656890207021e+00
3.008357171442966660e+00
3.005308092326030245e+00
3.000000000000000000e+00
2.999889093648664851e+00
2.880431343771179709e+00
2.845583202604303974e+00
2.828447111367776490e+00
2.696394153178957254e+00
2.587924381261254680e+00
2.414584731704010778e+00
2.405291020259461732e+00
2.356111931327631304e+00
2.323528537538612770e+00
2.275986247223680259e+00
2.236292306442885458e+00
2.235905638797490269e+00
2.207407170344621417e+00
2.117720258296412084e+00
2.001016439215879128e+00
2.000000000000000888e+00
2.000000000000000444e+00
1.999999999999999778e+00
1.999999946633106429e+00
1.997448416347468836e+00
1.970792827956068916e+00
1.944964673033372948e+00
1.899683802773136865e+00
1.872886559209483215e+00
1.846240520751728731e+00
1.839465404420340899e+00
1.825550434542746459e+00
1.690707239587070809e+00
1.600911627977037455e+00
1.543570780525494568e+00
1.444303686358584971e+00
1.424778343056910312e+00
1.414441139135855119e+00
1.356980616739551060e+00
1.290880877946264160e+00
1.140736452130783229e+00
1.105882710181683493e+00
1.100156621385068423e+00
1.067879148090232988e+00
1.044826176029368003e+00
1.003872107725631402e+00
1.000000000000086375e+00
1.000000000000001998e+00
1.000000000000000444e+00
9.999999999999998890e-01
9.999999999999998890e-01
9.999999999999984457e-01
9.996121755804691089e-01
9.993982703834815018e-01
9.991895229389869959e-01
9.981202071953343413e-01
9.941987833356057402e-01
9.899377425634138250e-01
9.706679454233000381e-01
9.613714410437435021e-01
9.497114340776885433e-01
8.486852498215963214e-01
8.268194655897569412e-01
8.034295274055580638e-01
7.226572356837406286e-01
6.082462876934598972e-01
5.984773398731463301e-01
5.654439180008584698e-01
4.129528248728793205e-01
3.553938411532655550e-01
2.891754968355122468e-01
2.375915150981607604e-01
1.854754440415583849e-01
1.107815117435957536e-01
9.596553960853226872e-02
6.099594062472759454e-02
2.939691107670013362e-02
2.523362295398574873e-02
1.793448298543823607e-02
7.863124050533710011e-03
1.314836689229684826e-03
9.385059514146401464e-05
5.935159211561715722e-06
9.383772516134958714e-13
5.753689754769736417e-13
4.470148192834631209e-13
3.868295970200162605e-13
3.138430515760487663e-13
2.696525043851250954e-13
2.058404269822519569e-13
1.905585837139396238e-13
1.421877853538632734e-13
1.288173967888240392e-13
1.033340423296843384e-13
