# Singular values
4.746800829159053683e+04
2.578246394979190154e+04
1.472200407643904327e+04
1.271823399757397419e+04
6.142091268328835213e+03
4.600741965891282234e+03
4.129158853694412755e+03
3.820449163175679587e+03
2.254070735562028403e+03
2.234355591301451113e+03
2.130006928252615580e+03
2.103290085435110996e+03
2.056973598808564475e+03
1.723779640455243680e+03
1.581232635035870999e+03
1.564000270776983825e+03
1.055116174150410870e+03
1.031077322170744310e+03
9.969430403427412557e+02
9.926220620162308705e+02
9.589000600182499738e+02
9.129600372244411801e+02
7.908616502679132054e+02
5.350061628634580302e+02
5.213336862608593947e+02
5.168477315003220838e+02
4.804547979783770870e+02
4.550402530322127745e+02
4.252594751452497235e+02
4.039709734433577637e+02
3.920010576226119383e+02
3.720784140966075597e+02
3.040036625680724001e+02
2.796344438335212885e+02
2.625434438012676424e+02
2.380021025251318463e+02
2.301506106108596441e+02
2.064866557438056986e+02
2.060102444282575220e+02
1.909967409032954038e+02
1.909490626201398698e+02
1.900691401872179824e+02
1.481688812144702183e+02
1.451714289706845875e+02
1.367665094887792634e+02
1.337176048033791176e+02
1.310805061044935087e+02
1.228046524000303492e+02
1.173949887583203662e+02
1.169982077928474382e+02
1.076497303519101791e+02
1.042961799167091925e+02
8.922957331726132679e+01
8.060585226769427436e+01
7.523112430799552897e+01
7.507170797723530598e+01
7.194983234362916846e+01
7.000711558159822800e+01
6.915074480331833229e+01
6.425571536435363384e+01
6.332573080193619575e+01
5.704514960536842239e+01
5.355435026426685852e+01
4.906006242772728143e+01
4.403075257698588274e+01
4.267895014970210354e+01
4.238997624766581396e+01
4.085062990108154679e+01
3.804786248797292814e+01
3.775016090245090083e+01
3.660579865078943129e+01
3.603288119358832375e+01
3.410482833297238869e+01
3.358088127154740476e+01
3.316450751117035622e+01
3.246546457455541912e+01
2.503624160230781115e+01
2.408018392823156972e+01
2.189788064563605019e+01
2.148848952618559949e+01
1.949878326561725927e+01
1.925932287875410864e+01
1.890370522737977765e+01
1.856732343956415221e+01
1.762497054280749254e+01
1.708824285448943314e+01
1.697707195565229910e+01
1.635049370945804625e+01
1.615965149819557922e+01
1.597506406353430641e+01
1.593268748023344905e+01
1.550441963725457306e+01
1.538773733432755897e+01
1.510985983961352730e+01
1.296208010249914899e+01
1.223686823052864270e+01
1.195656159523016981e+01
1.179513270542979342e+01
1.160188930543655772e+01
1.143456489768976780e+01
1.058527608849215795e+01
1.026723948481805415e+01
1.013033286627494078e+01
9.486204808715081427e+00
8.756149996531656043e+00
8.632374268488684166e+00
8.263572107739378225e+00
7.849014693062922987e+00
7.616882402186013756e+00
7.448151267526863073e+00
7.302814822512194937e+00
7.215914889970969526e+00
6.999572219147466079e+00
6.918433004668802511e+00
6.772432762371166426e+00
6.324222204637500511e+00
6.232435665903699018e+00
6.050212417198847170e+00
5.967288037037269177e+00
5.743874046673169254e+00
5.415481200075120682e+00
5.384394654833135618e+00
5.192271440427130180e+00
5.174528809000185525e+00
5.159556113884765871e+00
5.077533217258073606e+00
4.999999999999993783e+00
4.999635294677980291e+00
4.757406074842887023e+00
4.699985844427139625e+00
4.509508504871776680e+00
4.426901790859772312e+00
4.257925781641746177e+00
4.081385961381100991e+00
3.999888645440485391e+00
3.975549729790579079e+00
3.895575655094700718e+00
3.832484746757301775e+00
3.653777806013388307e+00
3.598824525461814083e+00
3.559962891724359757e+00
3.516888182214430003e+00
3.510517827305947414e+00
3.403551605705244398e+00
3.360026662886931081e+00
3.336169080141138554e+00
3.241720125208495951e+00
3.187513772208305340e+00
3.148088327127610331e+00
3.116590991941695865e+00
3.100870803245196150e+00
3.024057126926076755e+00
2.942892601703128719e+00
2.932270941417852050e+00
2.877726601564933873e+00
2.841395532654852563e+00
2.814722172939446931e+00
2.797111207982362124e+00
2.604244784825486825e+00
2.543206014347843436e+00
2.470407912374191106e+00
2.466797815966512264e+00
2.444081319671786101e+00
2.396074013077192255e+00
2.384681758764392256e+00
2.316913319503177693e+00
2.256890416909985042e+00
2.245572072915213990e+00
2.234912329624101357e+00
2.171538764252743725e+00
2.122958798455747420e+00
2.108691124649590076e+00
2.068452045145856566e+00
2.012180382895551567e+00
1.999999999999998446e+00
1.999999746673033263e+00
1.999994539323094234e+00
1.999897877762185860e+00
1.993585074852643801e+00
1.987672634229348700e+00
1.973431652466180575e+00
1.962294387447984345e+00
1.943858413237010030e+00
1.935551484880734474e+00
1.895830440211973222e+00
1.877600481964620149e+00
1.863549956307868127e+00
1.837409421846697199e+00
1.774270412944765729e+00
1.720513918427049038e+00
1.695237189280133006e+00
1.683414658637405470e+00
1.566611666559834637e+00
1.503064033474795558e+00
1.485444699202359997e+00
1.459019457901304939e+00
1.414213562373094923e+00
1.381504058282683411e+00
1.367004142118210641e+00
1.348661722351689018e+00
1.322679878739332127e+00
1.302314886863850107e+00
1.275431991431264844e+00
1.254233129066580021e+00
1.208210722458388231e+00
1.144680479099868142e+00
1.104085006150307802e+00
1.079883336332068344e+00
1.038280579562637307e+00
1.021027219528256147e+00
1.000341437653641252e+00
1.000005872060393930e+00
9.999999999999991118e-01
9.968559220883518313e-01
9.955900428321021733e-01
9.925118461717817864e-01
9.841898285383025025e-01
9.701862760599399005e-01
9.596788136484371012e-01
9.478007241880803679e-01
9.397665615534074313e-01
9.280932102369190417e-01
9.172311531822575636e-01
9.143667859958171107e-01
8.882179710633083536e-01
8.736117631670997641e-01
8.567991080470116483e-01
8.408722533716501690e-01
8.257135002881322849e-01
8.159539235221344722e-01
8.138240457705523401e-01
7.905910161691538374e-01
7.785930216384622238e-01
7.640340505441386432e-01
7.141015339274194851e-01
7.087784692519881746e-01
6.902120301715074513e-01
6.466982254934567909e-01
5.938784274759689730e-01
5.783039255866291306e-01
5.569546021596488705e-01
5.352458967971946979e-01
5.217090631377625520e-01
4.826033147782036181e-01
4.500642759906929302e-01
4.173607799186282996e-01
3.966136005705758194e-01
3.773855762820507720e-01
3.135399904419905459e-01
2.912779681235670437e-01
2.678828852543132522e-01
2.464306684847505369e-01
2.171742097648779179e-01
2.108085335299482443e-01
1.806924924716037384e-01
1.251767704538475356e-01
1.136048227791929682e-01
6.915847506528918776e-02
4.118900221091996439e-02
3.688707641708192930e-02
2.710604330419131777e-02
6.431771680396210916e-03
2.914143771402171856e-03
1.916963520100862595e-03
6.361084500188155357e-04
9.543568493813168509e-07
2.030136762581386555e-11
8.473764123245223564e-12
1.531161158989902868e-12
1.310811826543220128e-12
1.033145585638993238e-12
8.682056141348333053e-13
6.628256933675797737e-13
6.171171947625294478e-13
4.639328991053333656e-13
3.626354360811708301e-13
3.005851592241960655e-13
2.967121357890665952e-13
2.730089174633008135e-13
2.333539447525284782e-13
1.968510333478006688e-13
1.558079098914014492e-13
1.421247756743816470e-13
1.177269267327896109e-13
1.120525605678308575e-13
