# Singular values
6.615800019694253569e+04
2.822133264633485669e+04
2.144382290839618508e+04
1.788195097634147533e+04
1.518698837003889093e+04
1.459900085113924069e+04
1.437653002682725128e+04
1.182977622394377977e+04
9.279616080446230626e+03
7.662448684862113623e+03
6.349340655186234471e+03
5.822464331127627702e+03
4.744647926703590201e+03
3.707029678217867513e+03
3.339462997208820070e+03
3.212182169102624357e+03
3.198405268889994659e+03
3.117004800771496775e+03
2.847858384876298260e+03
2.712238494923016788e+03
2.644513870460878934e+03
2.512407451451646011e+03
2.174343870563454402e+03
2.113248971643742152e+03
2.069793889739508359e+03
2.068487649912130109e+03
2.025686295899033667e+03
2.006383239542063166e+03
1.869779800631867829e+03
1.853606084066670974e+03
1.794625702143823673e+03
1.713325277972488038e+03
1.686133041347117796e+03
1.663133988488616978e+03
1.659715997189542577e+03
1.565894220193628144e+03
1.527838335993254987e+03
1.499902632419666816e+03
1.420991451047416604e+03
1.385129684452118454e+03
1.374903092984161731e+03
1.336674277220227168e+03
1.248088634157607885e+03
1.247486182516478493e+03
1.240055544645954114e+03
1.227970593966656452e+03
1.206778931791585137e+03
1.195900469980180333e+03
1.171833307761426113e+03
1.129963189897965322e+03
1.109873629526002787e+03
1.073375568252903577e+03
1.069008708810004691e+03
1.067250758407554258e+03
9.772076206293909308e+02
9.553966608714855511e+02
9.329045499342870471e+02
9.259120146583557016e+02
8.785875291679398060e+02
8.376993542653233362e+02
7.947425041832912029e+02
7.760345076620444615e+02
7.263481990926227354e+02
7.110808548301400833e+02
6.945041746376152787e+02
6.921794221934253528e+02
6.894815568561967893e+02
6.792381611947877218e+02
6.679925675297758971e+02
6.660556429519838275e+02
6.600282443685422322e+02
6.560131593427410053e+02
6.460262898109000389e+02
6.397146271893019502e+02
6.370123266006186213e+02
6.215920198854573755e+02
6.128045258960944466e+02
5.956995257656176364e+02
5.700712495520390348e+02
5.698849948620523946e+02
5.308957669167343738e+02
4.870051616140094097e+02
4.842986017913189016e+02
4.797174953136851627e+02
4.728301547448360793e+02
4.572597723193062507e+02
4.550886926297417858e+02
4.306719319644377606e+02
4.155810781573526924e+02
4.107765618534310192e+02
3.957679570027340787e+02
3.932852708996981050e+02
3.901612827532509300e+02
3.763486578246760246e+02
3.722077081205379159e+02
3.598646829193708072e+02
3.583093195496358589e+02
3.533417173406001552e+02
3.442577370239932293e+02
3.410046401591617951e+02
3.375247449593283591e+02
3.349491304940344207e+02
3.344425762917638849e+02
3.272184919100046159e+02
3.246323766391955701e+02
3.240729324980505908e+02
3.121161553009932277e+02
3.080461506341067661e+02
2.999190966900275725e+02
2.958397022912486705e+02
2.886603322554308875e+02
2.841942661646726833e+02
2.788632158806070720e+02
2.766657067044089899e+02
2.753470096967462268e+02
2.729888316033959086e+02
2.710743589130505029e+02
2.700209575014674215e+02
2.617054918708407740e+02
2.538420578443902684e+02
2.526649746052624437e+02
2.523866721689348083e+02
2.355534231381950860e+02
2.321735978328187286e+02
2.320189391444766045e+02
2.218659711669190244e+02
2.156182515289294486e+02
2.078583347000135575e+02
1.880720207640996193e+02
1.774851433378967442e+02
1.736469302780714656e+02
1.720115013424629353e+02
1.561550384882923765e+02
1.541484963430799269e+02
1.538908762746831087e+02
1.536577103504199044e+02
1.526739565624858983e+02
1.523238108019568244e+02
1.517741982365621425e+02
1.513930908908155004e+02
1.473710080495859245e+02
1.470681078409589020e+02
1.288881016837809170e+02
1.229008459124525103e+02
1.200091676480421654e+02
1.190738595484309457e+02
1.153404481054099477e+02
1.143008946837435076e+02
1.133372389190299288e+02
1.107060926512382935e+02
1.103350095767910517e+02
1.092128452742289682e+02
1.066050878424695014e+02
1.030517394739652843e+02
1.020833455975762831e+02
1.020000000000002558e+02
1.009856123578222906e+02
1.002988053473075780e+02
9.632186855788403079e+01
9.224561463267058059e+01
9.205347750649589500e+01
9.047092682378686845e+01
8.758010549810001066e+01
8.701417542222098689e+01
8.489477366859739504e+01
8.413663120703779441e+01
8.327402035177973971e+01
8.301957009519455255e+01
8.300376287098839612e+01
8.281191164303110952e+01
8.220555453997113204e+01
8.160209618365216500e+01
8.146333388738429448e+01
8.078929080768702420e+01
7.916907426985717677e+01
7.693657175411576077e+01
7.495995806381846194e+01
7.385201613961376665e+01
7.162315733837267828e+01
7.128744975087367663e+01
7.082480297611326137e+01
6.764926244746928319e+01
6.688222372457705944e+01
6.442582542846000138e+01
6.364846968401425187e+01
6.215884794922981627e+01
6.159412389761229178e+01
6.102067088454059984e+01
6.053471489436100228e+01
6.031012746973512861e+01
6.011884911296042588e+01
5.970994853810562120e+01
5.947800248453133065e+01
5.932415797385702660e+01
5.901892594988213858e+01
5.869774038226363899e+01
5.797449784483877266e+01
5.706302832033506434e+01
5.639819660203097129e+01
5.628727112051331716e+01
5.530362609143666930e+01
5.521805626502263920e+01
5.492554929084025872e+01
5.450991814341851693e+01
5.346695631212252664e+01
5.285513397866773744e+01
5.244155945412528297e+01
5.051322727422654424e+01
4.999790008328367463e+01
4.875512108538685396e+01
4.850157547654322343e+01
4.810042590659101336e+01
4.684084148806801551e+01
4.607991099443275118e+01
4.499361622283257844e+01
4.458064067770213512e+01
4.448815155527729814e+01
4.407618832262570407e+01
4.201171748401361583e+01
4.197150337763800820e+01
4.159873382045261536e+01
4.118398550485129306e+01
4.072928960071224225e+01
4.012995058689707406e+01
4.001054667414610577e+01
3.989152143304702491e+01
3.916893680596056981e+01
3.711602085008028951e+01
3.622360452998929503e+01
3.551738913714837054e+01
3.483580919918510688e+01
3.480152831932516477e+01
3.415352685036612002e+01
3.360519434890446888e+01
3.357790654892664861e+01
3.308300715851385831e+01
3.258329138541136416e+01
3.203077498592274708e+01
3.144087078884214037e+01
3.108236296464776416e+01
3.097793448185915821e+01
3.009480358645327769e+01
2.962475500779796533e+01
2.935726079862457993e+01
2.909382206560997020e+01
2.899959498581540629e+01
2.871253254800587840e+01
2.843493211341731097e+01
2.801662003231551878e+01
2.782360041339771684e+01
2.757380006805939132e+01
2.731209829507016806e+01
2.714629617799361228e+01
2.681221278424158072e+01
2.636828616009963255e+01
2.611297910404713818e+01
2.604428877147540788e+01
2.556067511536944892e+01
2.473472332954582598e+01
2.472005977646239927e+01
2.453062285415970223e+01
2.399903997534282851e+01
2.354740965511912876e+01
2.350486446916689687e+01
2.299438688454330659e+01
2.228743310591343985e+01
2.219244681930938512e+01
2.199999813817829875e+01
2.175550223398136751e+01
2.166957341190977360e+01
2.131884372737947331e+01
2.106072663038213477e+01
2.072334693599355404e+01
2.060325455086499247e+01
2.044281590588716213e+01
2.035380822351066143e+01
2.013408982758970467e+01
1.996410554050119757e+01
1.984288234338540491e+01
1.973249312896867380e+01
1.944317169117012156e+01
1.925437937103995267e+01
1.893235612130965251e+01
1.866179558516178716e+01
1.852456522539378270e+01
1.847933969350608052e+01
1.784791871804111807e+01
1.721428569653581064e+01
1.706997281589322313e+01
1.673810165983289266e+01
1.665170544659849128e+01
1.630237677212132752e+01
1.595631786980849576e+01
1.576114596444246807e+01
1.570082906566014813e+01
1.557350603135245670e+01
1.543539205803082481e+01
1.542510637351478664e+01
1.516933206322806527e+01
1.508473973762676401e+01
1.502128113467105841e+01
1.461248871125351201e+01
1.454165330528124755e+01
1.444400919051731513e+01
1.424720417807629858e+01
1.402232319274699002e+01
1.397101787144383778e+01
1.379945430906156290e+01
1.362713426757389179e+01
1.360469644105403830e+01
1.333947784475314613e+01
1.330712278528169357e+01
1.291242453622434283e+01
1.284211073731877129e+01
1.275315539460268965e+01
1.245693468353723610e+01
1.231391500531523597e+01
1.226475819789908961e+01
1.198811364690322812e+01
1.160133866109751111e+01
1.129694455707664602e+01
1.122241651808298712e+01
1.115236610466218181e+01
1.096480744766665438e+01
1.085522887405706705e+01
1.071804459045488578e+01
1.065015738009063107e+01
1.060752244781623332e+01
1.049912823776463178e+01
1.040561797669493949e+01
1.030107926485448644e+01
1.013481753824653175e+01
1.000668892190085302e+01
9.967313533561359407e+00
9.888612121521124010e+00
9.617227352136881180e+00
9.495273282685932514e+00
9.474008708103298204e+00
9.188356020895643184e+00
9.138513181657140549e+00
9.097713594264645209e+00
9.087370569431389100e+00
9.029130749816300039e+00
9.011179867555160428e+00
8.858041505861743659e+00
8.790163600113126918e+00
8.592687787255021803e+00
8.525377688070303606e+00
8.487111929129390830e+00
8.280892210470994996e+00
8.160521810045421987e+00
8.120482365622038401e+00
8.061570202537048146e+00
7.974741275526506357e+00
7.871842670962106325e+00
7.776244849830155736e+00
7.719372862414472181e+00
7.643617268500737971e+00
7.604170183015712681e+00
7.494643479237892869e+00
7.473703851117552865e+00
7.405959304371801721e+00
7.380810549871349657e+00
7.257931434919158598e+00
7.239422149902018155e+00
7.190956883253534215e+00
7.132837111815479858e+00
7.070823104460487230e+00
7.002824122701204246e+00
6.998635001877346440e+00
6.931782148763784512e+00
6.905557581595888728e+00
6.793699027572960070e+00
6.785162567248511856e+00
6.748880167248753281e+00
6.692278999736982925e+00
6.606385573079567308e+00
6.568218096650314308e+00
6.552728649537023387e+00
6.521749111331111237e+00
6.450055706422095803e+00
6.414468774959892095e+00
6.366616179974985634e+00
6.292945549914015224e+00
6.272908969354809017e+00
6.213262204421371671e+00
6.178634519199648345e+00
6.160166292151356693e+00
6.110178703277533430e+00
6.092696465263542471e+00
6.073039565883161295e+00
6.016257687950290922e+00
5.957069424546868497e+00
5.926855790650122024e+00
5.915616066324755451e+00
5.909273006249319948e+00
5.886968600009613084e+00
5.862903056960682591e+00
5.808583733855253506e+00
5.773183886623966643e+00
5.663464060760167840e+00
5.634760965659808996e+00
5.553830964787820790e+00
5.466547523442674361e+00
5.452252151946527903e+00
5.418329282308969042e+00
5.385382637505674808e+00
5.361944591658579284e+00
5.314304390246361365e+00
5.293583338911502345e+00
5.210733631731315540e+00
5.181790546583122214e+00
5.174298888919891759e+00
5.112360684979359249e+00
5.104776435146325397e+00
5.098325078268884702e+00
5.079518961609232441e+00
5.018157401668084994e+00
4.996710026473494715e+00
4.968276632083959754e+00
4.959223429036977215e+00
4.905652246885263246e+00
4.828238867845062288e+00
4.826925029011140289e+00
4.768445100368373879e+00
4.737561743680083204e+00
4.705103559630139820e+00
4.691475326149974201e+00
4.671048250909575650e+00
4.632150971189731514e+00
4.497135092013349045e+00
4.473728161277633397e+00
4.467701693283323117e+00
4.404756323688843622e+00
4.371061710746332096e+00
4.313500409771932276e+00
4.291822590321329400e+00
4.219121981512055086e+00
4.209519768993404298e+00
4.163713328962227678e+00
4.141453757119090362e+00
4.128070883909926714e+00
4.115087725928148643e+00
4.074255695422666079e+00
4.063190630671787318e+00
4.017252573072527255e+00
4.005560085707497997e+00
3.999999999999999556e+00
3.999999999999998224e+00
3.997282710366042213e+00
3.942663795200136434e+00
3.904518389481590468e+00
3.875311842295359188e+00
3.873020398151929999e+00
3.848139244302231532e+00
3.815867517934464992e+00
3.795727139931117655e+00
3.755834714714271882e+00
3.746980917577491077e+00
3.719195784034765140e+00
3.697811141799152601e+00
3.657916842789291856e+00
3.640599985674616068e+00
3.625375191563124044e+00
3.610919896933777018e+00
3.581715779233014985e+00
3.543427162246582718e+00
3.504976600784304619e+00
3.476168724139943045e+00
3.460378758095052021e+00
3.422078893609202588e+00
3.420701813868836538e+00
3.409820354453847902e+00
3.391431620527730839e+00
3.381492660614227042e+00
3.361643757031392177e+00
3.354637335431980727e+00
3.342978494913494636e+00
3.328487184261595733e+00
3.327547347658480703e+00
3.288895549138604490e+00
3.263193296366746043e+00
3.243840867153772844e+00
3.232953085847145580e+00
3.221870985701515089e+00
3.211330063125863443e+00
3.193999475108130426e+00
3.158968306484760458e+00
3.133627173872005400e+00
3.132117027972057599e+00
3.094362199194430119e+00
3.082411083373790550e+00
3.054947525522029306e+00
3.035038703022872486e+00
3.021369877881450616e+00
3.000000000000004885e+00
2.999999988699443065e+00
2.999996027150842348e+00
2.999664747666808573e+00
2.994728978219693527e+00
2.989147549169412166e+00
2.982038387069675167e+00
2.971276929913890807e+00
2.958049451398588658e+00
2.948121584215135371e+00
2.937686787701866198e+00
2.915756211260722708e+00
2.911135632246209859e+00
2.898827354927104860e+00
2.874632162558369952e+00
2.846655595834055585e+00
2.837429695149774389e+00
2.824233726720286608e+00
2.795473770138957370e+00
2.782958620709119479e+00
2.778478491844076803e+00
2.744259985340041563e+00
2.731579672441411866e+00
2.696693701669812704e+00
2.689718604991859774e+00
2.661969052879940900e+00
2.645434183943083273e+00
2.632029585473355748e+00
2.613783308120489757e+00
2.569179003599797895e+00
2.541848852631495514e+00
2.501422517974298376e+00
2.493653173341860985e+00
2.481987892971928567e+00
2.474160972290445404e+00
2.440312967118579035e+00
2.426406780173193667e+00
2.397821109229311354e+00
2.380965939811976906e+00
2.376371299987403596e+00
2.360620970623320325e+00
2.321849165283189187e+00
2.301455554357333622e+00
2.283933548872621788e+00
2.273776970556950605e+00
2.250762034618330354e+00
2.235004977649909907e+00
2.230074189952847341e+00
2.204570288612007989e+00
2.186391546345355597e+00
2.177589263342267767e+00
2.160349941833752840e+00
2.132417001742422880e+00
2.123178503812170437e+00
2.112333326664859179e+00
2.088033979709620791e+00
2.071383319651045607e+00
2.056688516014031354e+00
2.050778572445340675e+00
2.043543694146058520e+00
2.042498313004383448e+00
2.025718976546800665e+00
2.022623136264409371e+00
2.014368574317797034e+00
1.994606575067670695e+00
1.989203088416031884e+00
1.973771084858876756e+00
1.965442766686575471e+00
1.944627004237708290e+00
1.937020516119460911e+00
1.930758983468958689e+00
1.923829179005147383e+00
1.914601486815348030e+00
1.912949005487378118e+00
1.904078726176655412e+00
1.891145923687453489e+00
1.883873129264290069e+00
1.867650129538140247e+00
1.860930436021176027e+00
1.855085943025819750e+00
1.844324126385379348e+00
1.835741077604343463e+00
1.824690695761520987e+00
1.818773909464891592e+00
1.791550567376768877e+00
1.775664425353793430e+00
1.767029131625632354e+00
1.753255554042113751e+00
1.742789438741037200e+00
1.731264873024985773e+00
1.724057540712651271e+00
1.717384868943471643e+00
1.704300996870251383e+00
1.697532848562480323e+00
1.686704073324033271e+00
1.671939410679221361e+00
1.663991755612781454e+00
1.661675657028349073e+00
1.655976711777313648e+00
1.650143108730588448e+00
1.643875146931142117e+00
1.634956336640491559e+00
1.621520530836170204e+00
1.612753697194705405e+00
1.603344743707940889e+00
1.597888954304453657e+00
1.593179580187187527e+00
1.586662805841479340e+00
1.583693917125069683e+00
1.579012707713038255e+00
1.572563579537710643e+00
1.556972762690025158e+00
1.553851284378779063e+00
1.536656729866359150e+00
1.528991889595527676e+00
1.513791010755737965e+00
1.497547802902946090e+00
1.495007138944416392e+00
1.475360416387724971e+00
1.464675505157156943e+00
1.457655258739315896e+00
1.424439695918529702e+00
1.422173278972536981e+00
1.414204232979027198e+00
1.411614002929225009e+00
1.409395184283407820e+00
1.394451398767079908e+00
1.392642824357629427e+00
1.380198404694251035e+00
1.367105169467297543e+00
1.351459127037836438e+00
1.342168524743608593e+00
1.332383722613668109e+00
1.320348441294324493e+00
1.314479511198263006e+00
1.298625933852584957e+00
1.288609997117353023e+00
1.281399208060236106e+00
1.272407555875370244e+00
1.260789988483898671e+00
1.249413271757488175e+00
1.242631827230063157e+00
1.233012779784280477e+00
1.226368655207302094e+00
1.219492718887976501e+00
1.218102839712031038e+00
1.204101458213295617e+00
1.202736805704367251e+00
1.194260020060055938e+00
1.184018529381024365e+00
1.172629958203188494e+00
1.161366252582885839e+00
1.148044539544169629e+00
1.135682643945593595e+00
1.132198928651948489e+00
1.128369339045347974e+00
1.115038517606428359e+00
1.107328432077851144e+00
1.103585843127749433e+00
1.097949911685048630e+00
1.083781335451776684e+00
1.074930752701705794e+00
1.061206585556718318e+00
1.055351603508554170e+00
1.053799211652113765e+00
1.038398356484186102e+00
1.032735967139171152e+00
1.018415921181739625e+00
1.016143912269480865e+00
1.011947375744484345e+00
1.011408487185508687e+00
1.005832227269271018e+00
1.002613286355851008e+00
1.001420557573368564e+00
1.000601250134010689e+00
1.000357087600879602e+00
1.000008154973078156e+00
1.000000406261441155e+00
1.000000000000001110e+00
9.999999999999993339e-01
9.996854118124517408e-01
9.992059689121101096e-01
9.983001910789267574e-01
9.975963308369490967e-01
9.973136964240322255e-01
9.967095305524771298e-01
9.947865740200368956e-01
9.937474610915392192e-01
9.877233472855379004e-01
9.837247382377071192e-01
9.816612204828712995e-01
9.758103639903922266e-01
9.681423101629698102e-01
9.662963541280621405e-01
9.629985028846917983e-01
9.576271634721560400e-01
9.544435833081049703e-01
9.513624853629458755e-01
9.462657561298923881e-01
9.436423991965600111e-01
9.415745489578510874e-01
9.380902016334715654e-01
9.332591786485819885e-01
9.306009866441732337e-01
9.272457327729684007e-01
9.206999419241499449e-01
9.095114775163417598e-01
9.088680285122739955e-01
9.028784486920374830e-01
8.987778957204969332e-01
8.951488421010549423e-01
8.918618191651436211e-01
8.852399639369009643e-01
8.788000948874331586e-01
8.710200717133543824e-01
8.494000494063712603e-01
8.428811868986204603e-01
8.361852319575363568e-01
8.324047182295396530e-01
8.280498676509963074e-01
8.102994839989088316e-01
8.047744554843362375e-01
7.939598273199551803e-01
7.928369151271861259e-01
7.806305124265560114e-01
7.690628990894182726e-01
7.615269057548309517e-01
7.549615799179999476e-01
7.427587242235625942e-01
7.411273103584539168e-01
7.263010765493114196e-01
7.229079435370396878e-01
7.184545467749007264e-01
7.121544052517830847e-01
7.071846859445409805e-01
7.033233677473788026e-01
6.969796447418061813e-01
6.906709200846014030e-01
6.885370748256046669e-01
6.715349364450380332e-01
6.686736340183951910e-01
6.620429862247032560e-01
6.544597156998440690e-01
6.486821312634554193e-01
6.417597723166544865e-01
6.362067977027632271e-01
6.301996763291329851e-01
6.264028992495230819e-01
6.189917444626399368e-01
6.174627051175137771e-01
6.109361169044943418e-01
6.086465090944470635e-01
5.994894987099257389e-01
5.919715553146899234e-01
5.893732893579207710e-01
5.808482396908491996e-01
5.692559551300544474e-01
5.682005967859530271e-01
5.640820584979588936e-01
5.547262223210200904e-01
5.531128512580030243e-01
5.487602248506637803e-01
5.406764779591224368e-01
5.323768744762136240e-01
5.287826755287117209e-01
5.200471258034384814e-01
5.067994822872352589e-01
5.005278003598938596e-01
4.886238600299129820e-01
4.875167825220292350e-01
4.795244708475293050e-01
4.779219174940887993e-01
4.763194479789136793e-01
4.653525150719555192e-01
4.458364526350330204e-01
4.394477335405309604e-01
4.357230291313363701e-01
4.255783365240733973e-01
4.200081951770570088e-01
4.099593463511448932e-01
4.007341756168947278e-01
3.950189198563942572e-01
3.809217353428389075e-01
3.773775899155789593e-01
3.698532924974202163e-01
3.578235626608610165e-01
3.543911674113784938e-01
3.540041322589342898e-01
3.476443004951971782e-01
3.426911597603317094e-01
3.268770209424437523e-01
3.233613349037811613e-01
3.157054111828787035e-01
2.999186190622776249e-01
2.906656217120610619e-01
2.857510311926779178e-01
2.803851302984385341e-01
2.734910759272648484e-01
2.512162501535205039e-01
2.367296991321385657e-01
2.271441341372267830e-01
2.133083408652626245e-01
2.052303133407606950e-01
1.994262690501424351e-01
1.858876413573809783e-01
1.757208849343779855e-01
1.675879325785305796e-01
1.596198150236599334e-01
1.500846997088692847e-01
1.475556479448407454e-01
1.404141802932722671e-01
1.352178693189132197e-01
1.282580221333750325e-01
1.240588347512196904e-01
1.085735697781950032e-01
1.016974684616820390e-01
9.426856704679259513e-02
8.920151548531665697e-02
8.218280653078956222e-02
8.182098037497245735e-02
7.666122051112522762e-02
6.888066083115809701e-02
6.266686441451367606e-02
5.883317450155222533e-02
5.591745716819745970e-02
5.346201741448478040e-02
4.452422595459771398e-02
4.286925313213967720e-02
3.964695934977932601e-02
3.648766240349206325e-02
3.511810244152493293e-02
3.129122981403512777e-02
3.014461832688484708e-02
2.325135655933736542e-02
2.113747426570802140e-02
2.067694763045008211e-02
2.013853837269995867e-02
1.599982211205162180e-02
1.570108987173042536e-02
1.542114354374592503e-02
1.367549669115846432e-02
1.185164546858200746e-02
8.834583467007528154e-03
7.321979364072949900e-03
5.020542753110774498e-03
4.076284879959426836e-03
2.886485406217082373e-03
2.385873403334067694e-03
1.337214770052468169e-03
1.110100040147278880e-03
7.155239389495759951e-04
5.993637079014040546e-04
5.233078415713182576e-04
5.043362371863162460e-04
1.643991951727498922e-04
1.524755183808752595e-04
4.103696140436137285e-11
6.230943029040757737e-12
4.526953960172324335e-12
3.309129206322040043e-12
2.576888527435049981e-12
2.022764741829306275e-12
1.482145156551099732e-12
1.328567953491569443e-12
1.323000494679886313e-12
1.159781983782023548e-12
9.772731571063782499e-13
9.647857467606536300e-13
9.179716073303054465e-13
7.852955678696768325e-13
7.578655741790850898e-13
7.514909882947893288e-13
6.733432070745801933e-13
6.363030542617431323e-13
6.219206851385182307e-13
5.580926366911197546e-13
5.323788490541452652e-13
4.807387265288969501e-13
4.644036840316713021e-13
4.501202511602172874e-13
4.213121201978626437e-13
3.777473171707179343e-13
3.583430111146955644e-13
3.327149386196680984e-13
3.284166459036985250e-13
3.109086209519818975e-13
3.038817621226132558e-13
2.745051084219626886e-13
2.642815385543598706e-13
2.460350414351095560e-13
2.349185557349637941e-13
2.181221782212067283e-13
2.127608880312173448e-13
2.012335894491695190e-13
1.808533074019469449e-13
1.790678543575170467e-13
1.664100581839033406e-13
1.646914686556799205e-13
1.603168736189575013e-13
1.566030456774452555e-13
1.515378141216492994e-13
1.435475658899811170e-13
1.344880447042472193e-13
1.303790251419703640e-13
1.221053109529763059e-13
1.128882509987550434e-13
1.119042670616310804e-13
1.052897302841511154e-13
1.045314984295111403e-13
