# Singular values
3.372172590532404371e+06
2.407714167458704906e+05
4.181373327426994365e+04
2.818858695214604450e+04
1.732050807568879100e+04
1.613567792226528763e+04
8.142188609604228986e+03
7.912004679965582000e+03
6.576622052999513471e+03
6.317603972362708191e+03
5.779099283080291571e+03
5.406850534444730329e+03
4.263003994267235612e+03
4.185981709850276275e+03
4.092183642041383337e+03
4.039832226783911665e+03
3.846464300252966950e+03
3.447805800613151405e+03
3.333590477908413959e+03
3.275863944140108288e+03
3.217567768586945931e+03
3.069721234682254362e+03
3.041434045755124771e+03
2.885635751309736861e+03
2.699606578533980610e+03
2.696677640364162926e+03
2.663912910082396138e+03
2.645859008211959463e+03
2.628750633889096207e+03
2.505332252866287490e+03
2.407398865503570050e+03
2.234395680776885911e+03
2.191682755662101044e+03
2.140937389442692620e+03
2.108701826244057429e+03
1.909018604181415867e+03
1.814209703208029168e+03
1.739674279345338391e+03
1.682549259313308312e+03
1.677879719512566453e+03
1.596221971391654279e+03
1.550482062044354279e+03
1.506222775483366377e+03
1.476808144431191295e+03
1.466943546379183772e+03
1.335000724533189214e+03
1.225930576847644261e+03
1.209197144191484995e+03
1.198231388633020515e+03
1.140747275962641879e+03
9.858248038019685282e+02
8.464528105436111218e+02
7.828553228965906783e+02
7.209011538316101451e+02
6.671320852496247653e+02
6.489406597605756133e+02
6.457212806137775942e+02
6.386148181382071698e+02
6.269167498484425778e+02
6.097813233430184710e+02
5.460672303551964433e+02
5.341270996038626890e+02
4.362135776338374740e+02
4.162731057327268331e+02
4.128948871809326988e+02
4.098951957148422593e+02
3.686545421110063785e+02
3.352590040716523845e+02
3.281100574005524777e+02
3.208938396629546332e+02
2.288550996901561803e+02
2.068243620423649816e+02
1.648988166994584219e+02
1.616534663992251524e+02
1.480471526742990704e+02
1.453291585262100511e+02
1.322869772714637122e+02
1.168370485149922473e+02
1.160348088968257798e+02
1.078647081266802275e+02
1.043308402396208123e+02
9.147749212994951051e+01
7.901178792124207462e+01
7.710694196903030218e+01
7.652779349916367835e+01
7.005411296523287490e+01
6.708629233295259553e+01
6.397661693645109438e+01
5.900409432638362262e+01
5.621934506350865490e+01
4.721966548149540444e+01
3.977058137516368674e+01
3.825279653204420782e+01
3.768329021905186238e+01
3.373998523236971181e+01
3.094510564883490034e+01
2.608568494288078554e+01
2.225226002890848420e+01
2.158539573049060323e+01
1.987668776431766915e+01
1.759809267190533077e+01
1.700595100488240874e+01
1.657175694031122148e+01
1.298350797856730310e+01
1.046493170585748089e+01
1.025300353555626387e+01
8.869162577403491454e+00
8.423193134187462405e+00
7.286076935608228666e+00
6.603228198183130893e+00
5.927854545001924436e+00
5.453503745498281319e+00
5.163891026409443974e+00
4.802130102089351205e+00
4.215336307684856898e+00
4.097824971907029656e+00
4.010901598251857436e+00
3.910036046365702234e+00
3.774818916940069879e+00
3.609188951448749183e+00
3.494611491948457882e+00
3.319322874086459318e+00
3.089607933375244198e+00
3.023384578498939046e+00
3.006193272380567105e+00
2.855789077419639721e+00
2.842897800988283041e+00
2.828427124746191179e+00
2.701117341453325604e+00
2.652806201226024285e+00
2.323324261215457653e+00
2.151955958748973163e+00
2.111976056619426778e+00
1.874780260735156467e+00
1.736484968442128407e+00
1.642285608898331306e+00
1.570021438128365254e+00
1.444805189919159183e+00
1.332851123143930616e+00
1.257518731439695836e+00
1.149566016983261552e+00
9.999999999999998890e-01
9.994034739368492515e-01
9.532504253053144527e-01
8.803931752766760432e-01
8.501210139725647874e-01
7.074437129798264445e-01
6.171865025425486984e-01
6.140811297641634026e-01
5.390091990574621406e-01
4.330939567675358148e-01
3.569810467578968249e-01
2.586287627839519709e-01
2.209544861177648589e-01
1.785554382750753066e-01
1.058271229288238469e-01
1.016896250168297100e-01
7.256089782973094982e-02
6.340363813190968978e-02
5.865387092956396431e-02
2.733630345296443609e-02
8.864106446273705558e-03
6.866636192340447135e-03
3.058501115044234050e-03
6.758951737514578076e-04
2.186365197047552645e-08
7.548321768416114844e-10
2.037981828613770675e-10
8.914866720074076936e-11
5.968670852953392738e-11
5.432953679621623568e-11
4.048082873615699085e-11
3.936315928925742322e-11
3.370182433374010945e-11
2.649033446565647843e-11
2.315808759428943440e-11
1.880649273202928525e-11
1.456647705920315481e-11
1.009997339759708088e-11
9.213385749844398919e-12
7.051335965829779421e-12
1.428303486227226599e-12
1.023253848084831624e-12
8.877650805430158902e-13
7.813726806526250094e-13
7.485573430523343180e-13
6.515242865837487223e-13
6.012782313908351001e-13
5.057164756567750194e-13
4.283596124602667880e-13
4.083063974353196908e-13
3.401855137619017100e-13
2.787298308685720131e-13
2.246779936323475538e-13
1.877689609517727506e-13
1.657272850329165220e-13
1.362542418188414189e-13
1.170348503895078897e-13
1.020804488042778351e-13
