# Singular values
2.426973575851619826e+05
7.206070510005240794e+04
2.174013522921089680e+04
1.886102089053712552e+04
1.230366206720467744e+04
1.197800021316609855e+04
1.167671148554070714e+04
1.008526747007804624e+04
9.727832090574231188e+03
5.772407960916045340e+03
5.618127574974489107e+03
3.204370431266596370e+03
2.334821980445223744e+03
2.261098181407361608e+03
1.964783258165446114e+03
1.522010498776875011e+03
1.383757568016866117e+03
1.274012905630580690e+03
1.271286915943230042e+03
1.260955290319747519e+03
1.193635975401337873e+03
1.152715457558329263e+03
9.438084359892510520e+02
9.092640976298893065e+02
8.054100336616677396e+02
7.643575481556780460e+02
7.549051171234574440e+02
7.376003538349435757e+02
6.704058555661916898e+02
5.652915347613636641e+02
5.503852046309295929e+02
4.360259780236502252e+02
4.007435428339090890e+02
3.412771722115886064e+02
3.288769077414878552e+02
2.910847463550978773e+02
2.908755312607480619e+02
2.667424031488166634e+02
2.364969742824353318e+02
2.252745782870214271e+02
2.236125376498866331e+02
2.140026460262820649e+02
2.056266761139936534e+02
1.907949041647522392e+02
1.904389463802504849e+02
1.863086785621265449e+02
1.719968876043569423e+02
1.669057778779117598e+02
1.647730377381363382e+02
1.634932521025188805e+02
1.626723512513781031e+02
1.609357339068639590e+02
1.577166094065177333e+02
1.502978570308942210e+02
1.352905811079797616e+02
1.250602405667140573e+02
1.197148395252921631e+02
1.128589584797404797e+02
1.084303372050896002e+02
1.051970407928030937e+02
9.552597623161246077e+01
9.523718534911945710e+01
9.159108072323088834e+01
8.351275263655598735e+01
8.254852099912439201e+01
8.100090041749751890e+01
8.055382028737811595e+01
7.808722336801167785e+01
7.799382422206430476e+01
7.375518948216411275e+01
7.148386557682289322e+01
7.115583673231856210e+01
6.084013320864837482e+01
5.916003378967091919e+01
5.641515865475533076e+01
5.039564545337712076e+01
4.766515741505322978e+01
4.374316781135781440e+01
4.200451229796315289e+01
3.937357783133219158e+01
3.710306890516238809e+01
3.367488758585181330e+01
2.943302640735356945e+01
2.712118772684226187e+01
2.615047540872955878e+01
2.287409814135205011e+01
1.993410153183726408e+01
1.907350611418077335e+01
1.849387476104913830e+01
1.804551183991521768e+01
1.727250301333084792e+01
1.678663373680001314e+01
1.600000000000002487e+01
1.535316742617781571e+01
1.462855279547075860e+01
1.371344495048709433e+01
1.290734203860498042e+01
1.226868172725204076e+01
1.156046691468730536e+01
1.034374836008001708e+01
9.989061165768054806e+00
9.260000105652883562e+00
9.068485168032768939e+00
8.707514446277007991e+00
8.174196469796642717e+00
7.276419681267209505e+00
6.631931730747885112e+00
6.388219535511693081e+00
6.277464858084795374e+00
5.997677738545845294e+00
5.929754532819049295e+00
5.826440610715638790e+00
5.428775512478940080e+00
5.257382075814890143e+00
5.120453505680236717e+00
4.855451180406838319e+00
4.687080243979272254e+00
4.505913723196644405e+00
4.449686185951840400e+00
4.392621520230990839e+00
4.261836032757523540e+00
4.196448740767758423e+00
3.999999999999710010e+00
3.975841590908562040e+00
3.966650819634526481e+00
3.836296716439139498e+00
3.693910737489950691e+00
3.626499256626423584e+00
3.316884110914663619e+00
3.155919480921118847e+00
3.153174219776080367e+00
3.070863251508284097e+00
2.970595801448664641e+00
2.912399983410943083e+00
2.828388774505654180e+00
2.753462259120717182e+00
2.683009715424855557e+00
2.653464258894802530e+00
2.591447199582161520e+00
2.503195149482918325e+00
2.437836056025649789e+00
2.247148545312983359e+00
2.193587859966629861e+00
2.153199993595499517e+00
2.069318115395188062e+00
2.000000000000000888e+00
1.988876018245528510e+00
1.973102405651426583e+00
1.952558214149638038e+00
1.947425647910413060e+00
1.917119465891380603e+00
1.897832089606038775e+00
1.866884110385639062e+00
1.760567702849153537e+00
1.687874196662796145e+00
1.610075935125633961e+00
1.518729404475114952e+00
1.461082644100217376e+00
1.307456276701700615e+00
1.213341922259652206e+00
1.196288962304146830e+00
1.168935360362676645e+00
1.137258675111321615e+00
1.058143631122202999e+00
1.027142304960282138e+00
1.006110770663903642e+00
1.000489824206526546e+00
9.999999999999998890e-01
9.999996689794884430e-01
9.999938712079371461e-01
9.999536946398954740e-01
9.993969421749986370e-01
9.768919966511310227e-01
9.145429917300000877e-01
8.715295958391738873e-01
8.203387194706913688e-01
7.925557636175145637e-01
7.863837510354135807e-01
7.753883523991924598e-01
7.212513990892608362e-01
6.651008590150953026e-01
6.607434997656049802e-01
6.409784641361996327e-01
6.119256252300244725e-01
5.803025385452637019e-01
5.287881419891444779e-01
4.869709362720273660e-01
4.764257890682979113e-01
4.322156373356461079e-01
4.188309365801364259e-01
4.088224732149597362e-01
3.702598104597502049e-01
3.437986486323635349e-01
2.699559391241670436e-01
2.490286732708033302e-01
2.276172964664445464e-01
1.405324587256427671e-01
9.233009913944842384e-02
8.262434926079513520e-02
4.578410145637920592e-02
3.666190170543007915e-02
2.935837727569817757e-02
2.672719734262485672e-02
2.413372632648042027e-02
2.196598757999865953e-02
1.643188132829079273e-02
8.772995138434321744e-03
7.123723013912026253e-03
4.396929018830814453e-03
1.160530189670836695e-11
1.088324807471002695e-11
9.233184179037415689e-12
6.818170497438934221e-12
5.055645902478442563e-12
3.811964601515344875e-12
2.951274078944296180e-12
2.629243620829774480e-12
1.872379085224083250e-12
1.484990038304722879e-12
1.269786174650989556e-12
9.621012194884475253e-13
7.031866715760688748e-13
5.781495050513533276e-13
5.076966271836186017e-13
4.503499501210836775e-13
4.107170919034445201e-13
3.386950933957855055e-13
3.107183465731262997e-13
2.183063365375447741e-13
2.002488466064207768e-13
1.887546787190373819e-13
1.604750489191712824e-13
1.458378136130599292e-13
1.266436808479209370e-13
1.203327458914843455e-13
1.102015102293003129e-13
1.037864466572551280e-13
