# Singular values
6.916438498304798850e+04
3.743414461679097440e+04
3.169199674548992698e+04
2.768056673559092087e+04
1.129372437572919807e+04
9.229303189244445093e+03
8.384792116717700992e+03
5.877668791789615170e+03
5.359537707819595198e+03
5.090672222025464180e+03
4.809961476630175639e+03
4.794307590456694925e+03
4.243140500324824643e+03
3.938563229151980067e+03
3.919963206462653488e+03
3.783838935210930686e+03
3.526790355501952490e+03
3.388053409488935813e+03
2.853071368984014953e+03
2.524337257899444921e+03
2.304147975693674653e+03
2.195284352216142906e+03
1.970678040751475010e+03
1.955782450168217110e+03
1.846818984447775847e+03
1.665161542606758758e+03
1.628567354809837070e+03
1.505582533493517531e+03
1.246304011290715380e+03
1.234052552139780346e+03
1.074619273292738853e+03
9.042882138410687958e+02
8.144199548265049771e+02
8.065515497363040822e+02
8.060203465811144952e+02
7.680139118740809181e+02
6.305462405331352329e+02
6.101607678600366853e+02
5.870974285952215723e+02
5.460009172457162094e+02
4.772785647924047794e+02
4.687973482589341643e+02
4.565200500203731622e+02
4.391587480805251289e+02
3.935727756447417391e+02
3.741479090757997028e+02
3.690013550440673953e+02
3.295946047343136911e+02
3.292181935736722949e+02
3.034192769771130997e+02
2.551532721118635436e+02
2.540019768295622953e+02
2.529156308081130078e+02
2.505279105913267585e+02
1.947591720300640077e+02
1.893557342636247824e+02
1.877172299009847336e+02
1.850072981598829358e+02
1.842332228629336441e+02
1.795173238914874503e+02
1.707053245923721079e+02
1.665440499986156340e+02
1.647957774020876229e+02
1.599570134092962235e+02
1.574337630643339310e+02
1.528575081327145710e+02
1.470582107331982513e+02
1.371875299877424936e+02
1.358056180107620321e+02
1.347899097254066589e+02
1.203949242472479284e+02
1.057585924601581269e+02
1.028340413320134132e+02
9.375655559160773578e+01
9.001258124763060664e+01
8.137266954547631315e+01
7.810230633488434648e+01
7.718880155310704083e+01
7.625029022524347511e+01
7.605618927224752213e+01
6.323420550118532901e+01
6.135435814856049319e+01
5.937632072006692141e+01
5.807569606531647821e+01
5.704256088929258084e+01
5.623719969571697419e+01
5.608777100585181330e+01
5.580826507147917681e+01
5.399999999999632649e+01
5.254954135314250863e+01
5.066323229130852468e+01
4.969092616244993366e+01
4.930039127015248823e+01
4.699742329477241753e+01
4.609067857597403162e+01
4.529511613553054161e+01
4.524773592684072554e+01
4.334127841337124920e+01
4.301768644947521381e+01
4.223615473696838052e+01
4.208455413832330549e+01
4.200564402276572196e+01
4.104875149709064885e+01
3.978193231203052704e+01
3.885758932054076809e+01
3.832196169592013746e+01
3.546541435930262054e+01
3.450834930813272194e+01
3.330209043354508935e+01
3.324955957418217878e+01
3.200881939556911959e+01
3.115074264837229734e+01
2.999951150512859854e+01
2.924206734337619906e+01
2.881326478057984986e+01
2.801157096487550646e+01
2.697053811849982807e+01
2.615222765247224856e+01
2.562121182614302484e+01
2.470340478164365194e+01
2.422957129134231025e+01
2.368401463123742801e+01
2.348429735860991485e+01
2.305122493551517238e+01
2.276817770747997116e+01
2.247631447599859911e+01
2.232160964859064123e+01
2.230051647565532136e+01
2.210575406777108043e+01
2.201662712928481369e+01
2.176381548227968565e+01
2.134729487194382713e+01
2.047848522825175621e+01
1.976860473849457733e+01
1.946576516458753403e+01
1.916525413823701030e+01
1.905587775699014941e+01
1.891042167412101449e+01
1.880238290158602865e+01
1.800000000001090683e+01
1.800000000000003553e+01
1.800000000000002132e+01
1.799995905931354301e+01
1.786734758343091301e+01
1.777556174293299662e+01
1.736649043832854389e+01
1.645318555193705379e+01
1.620209413193899550e+01
1.603175439992174489e+01
1.584474169554317236e+01
1.570572453372245292e+01
1.564865386812990700e+01
1.535075986980728580e+01
1.512713024155444863e+01
1.505790607050519725e+01
1.469222688984872072e+01
1.375248894708822611e+01
1.356228714241714073e+01
1.328677334071812766e+01
1.284002706687051010e+01
1.273864675792785306e+01
1.249861475955033541e+01
1.239888399446351031e+01
1.214994151351708496e+01
1.208288048287790239e+01
1.199398428336198208e+01
1.184479614537807990e+01
1.170877569646109606e+01
1.124619750637928917e+01
1.113663901988432947e+01
1.099999872274150903e+01
1.095998842925757621e+01
1.081667684879708347e+01
1.053755692261603016e+01
1.046151959588001823e+01
1.033078105025785653e+01
1.005280736603059033e+01
9.967581255727678169e+00
9.868148915334884919e+00
9.747322113552309375e+00
9.658596222948109045e+00
9.535839631611763068e+00
9.100497206757005131e+00
9.034181396112657580e+00
8.930628096957413220e+00
8.785835800406482932e+00
8.721000314974016732e+00
8.510429737320853505e+00
8.298168079058926949e+00
8.193872099767268935e+00
8.130815626250111450e+00
8.045096328416455833e+00
7.914763196056299854e+00
7.815558370291563861e+00
7.697824477785367492e+00
7.675212452657780737e+00
7.491453868552873985e+00
7.376013480042648673e+00
7.347254490574460561e+00
7.288640521780211046e+00
7.254970878238429677e+00
7.048882405386041050e+00
6.980586025199615463e+00
6.890551505099552720e+00
6.788431012375935936e+00
6.538818092564484985e+00
6.462687645975448092e+00
6.371687172324170589e+00
6.300369641768348572e+00
6.283331796176684136e+00
6.204352499275340271e+00
6.129471607685976764e+00
6.003671669534194066e+00
5.986108838141064759e+00
5.963026421338945227e+00
5.894145019565434573e+00
5.777703217808760172e+00
5.663575032582790492e+00
5.554403596186369363e+00
5.424244667018396804e+00
5.382973317058667106e+00
5.352745269502509728e+00
5.188762133530050669e+00
5.104785589325247841e+00
5.023383934700949460e+00
4.931919643571839984e+00
4.915277262151902526e+00
4.865714796718140001e+00
4.748780232436636162e+00
4.689059618899658943e+00
4.645378704267927539e+00
4.618540913202615172e+00
4.590856496968402034e+00
4.576850919252636984e+00
4.551871349376841458e+00
4.492139536464728522e+00
4.373471886684079379e+00
4.219272170536904731e+00
4.203358244537498400e+00
4.157446736805347598e+00
4.152021533108393392e+00
4.118631931428921256e+00
4.092930576269917076e+00
4.040741630643595705e+00
3.996481205390478131e+00
3.970276520543598586e+00
3.898602367151717374e+00
3.833355761461402889e+00
3.746361625937807638e+00
3.737782646157716382e+00
3.713287348253208719e+00
3.659335464486094036e+00
3.642001902718010165e+00
3.580550111720533835e+00
3.536282393478170416e+00
3.504271196353341278e+00
3.468892174059858835e+00
3.458372165839545875e+00
3.397811525182208747e+00
3.389194783461991545e+00
3.352822732466670619e+00
3.322639495866151371e+00
3.304833031823636524e+00
3.289901801952774374e+00
3.245065430034797416e+00
3.230887250532286092e+00
3.121861994342959079e+00
3.088333119138683802e+00
3.061422632876487970e+00
3.046013242398872833e+00
3.011813410395633550e+00
2.999975235648394634e+00
2.999017392007752747e+00
2.995952744807225177e+00
2.986508546613779735e+00
2.966595185303785520e+00
2.953361898243093364e+00
2.936945737148028535e+00
2.901829508979167471e+00
2.891706015156180420e+00
2.850582968040128673e+00
2.820367578432834144e+00
2.770966420045830159e+00
2.748269322611029519e+00
2.733617474391765612e+00
2.706227824188677022e+00
2.661112611702043385e+00
2.646974760770330892e+00
2.598463226603320742e+00
2.588728043790867961e+00
2.555570163445231469e+00
2.534042112486492915e+00
2.503095910778174726e+00
2.477298768281184227e+00
2.428640905777601056e+00
2.396832921431185870e+00
2.350367652669286045e+00
2.336356267041387991e+00
2.320772156151432508e+00
2.303792015421280759e+00
2.263742527922613323e+00
2.227103868994373848e+00
2.206811014685396977e+00
2.190294254949910702e+00
2.186018533386874907e+00
2.154120384350469042e+00
2.141999841099949453e+00
2.125694824487047718e+00
2.076332112653611617e+00
2.057000878296828983e+00
2.025879225917871285e+00
2.023176704665088810e+00
2.002996889138417114e+00
2.000235612715722588e+00
2.000002228026030782e+00
1.999973213819804307e+00
1.997853152205056215e+00
1.996405555856202385e+00
1.993973021925955269e+00
1.992785945337977926e+00
1.979212887049500269e+00
1.968696376994291564e+00
1.958276074178432857e+00
1.939917216229338992e+00
1.919235694413991666e+00
1.914783028794051933e+00
1.897585501772595107e+00
1.891740933725520435e+00
1.877520906824293290e+00
1.875234670170361273e+00
1.867369374195453791e+00
1.835670634005826862e+00
1.832747679314129963e+00
1.819315288311167622e+00
1.781863475031192134e+00
1.761271259719613402e+00
1.743042263941168013e+00
1.707971878960360623e+00
1.666335419257297001e+00
1.653954860268306515e+00
1.635430301965954847e+00
1.617557860431984018e+00
1.600807501148826972e+00
1.579833197830227798e+00
1.571718317347148064e+00
1.562177858573472022e+00
1.541864412412366381e+00
1.537622475883327899e+00
1.526720246335898645e+00
1.516788786628006536e+00
1.502693492262004549e+00
1.492551534515127676e+00
1.477753702500591348e+00
1.469927830961533788e+00
1.449190534244457096e+00
1.440818077665474206e+00
1.425606289774099311e+00
1.419860821359966607e+00
1.412216923382673794e+00
1.407299775594445412e+00
1.398013268157682676e+00
1.391771127853401291e+00
1.386944327278369471e+00
1.379224267116356373e+00
1.366654536640141915e+00
1.334913275090656493e+00
1.321996778524565874e+00
1.314832965918517615e+00
1.291705414748425484e+00
1.267994973608556508e+00
1.260518907225036900e+00
1.246044057163165464e+00
1.235087414301107911e+00
1.232786606338343471e+00
1.214729645322083718e+00
1.178899278860430666e+00
1.170241704073256450e+00
1.139623974114605032e+00
1.133383982172314619e+00
1.124310170598338265e+00
1.113850512069789689e+00
1.096852087933220199e+00
1.084351180140294524e+00
1.061627899223711147e+00
1.060179866576199670e+00
1.030724948799680574e+00
1.019383545114750378e+00
1.010316367472353205e+00
1.003729447118002494e+00
1.002207078675586560e+00
1.000022367958607550e+00
1.000008060004770050e+00
1.000000000000001998e+00
1.000000000000000666e+00
1.000000000000000444e+00
9.999999999999990008e-01
9.999999999999977796e-01
9.999947954164447594e-01
9.999889492542671787e-01
9.997610606843096992e-01
9.987360006788270628e-01
9.970888198431834271e-01
9.966324624663769338e-01
9.946277947377629713e-01
9.887803355879180023e-01
9.841385077823118221e-01
9.802938028913605883e-01
9.710574851835794830e-01
9.624158268079577860e-01
9.579956662555269009e-01
9.549651388729896162e-01
9.462638771949561933e-01
9.422819610422700221e-01
9.309664088110696234e-01
9.257702327294834443e-01
9.127154879538318388e-01
9.060223382454665186e-01
9.005730929478846791e-01
8.975393822266727328e-01
8.923275716046898953e-01
8.818362142820539429e-01
8.718774051147111237e-01
8.655657612258506051e-01
8.551469397775228742e-01
8.484326018484870113e-01
8.469588287929675774e-01
8.306557013761871611e-01
8.131774032923557716e-01
8.047377397932081733e-01
7.986349010639550716e-01
7.937934814031480935e-01
7.821278064629949567e-01
7.674051047177760099e-01
7.630648257037485616e-01
7.547459821105331201e-01
7.375848244977492030e-01
7.347901521414840209e-01
7.306059100612988244e-01
7.075488260017951392e-01
7.070885733217275870e-01
7.022451330928823898e-01
6.971648915897937782e-01
6.914206787107616270e-01
6.637702591915805028e-01
6.547676843928017520e-01
6.412077872435354431e-01
6.086184521159742067e-01
6.002363862135083883e-01
5.748319960159498088e-01
5.618169017307532709e-01
5.562084360527359550e-01
5.352752986528317436e-01
5.248591634556366570e-01
4.989903901083009852e-01
4.703756047002840002e-01
4.594699573930045577e-01
4.442804592542606845e-01
4.238435327489032955e-01
4.082772019702174959e-01
3.896766840541837640e-01
3.731100626623798933e-01
3.580631758836302359e-01
3.306623841573939626e-01
3.189759450581884370e-01
2.941854231145038523e-01
2.842980677021993419e-01
2.489971084214080421e-01
2.330053909487632136e-01
2.294433889710777164e-01
2.250260558067808392e-01
2.044794382026030588e-01
1.925232450941279927e-01
1.743448271377227576e-01
1.707737043460819393e-01
1.704003707473997209e-01
1.588358209145523670e-01
1.398212140094474698e-01
1.388741522169619769e-01
1.335077259715130860e-01
1.282357690746729617e-01
1.255728782285071843e-01
1.210733572542388725e-01
1.166199276714368349e-01
1.059591705186551241e-01
1.026278210439844352e-01
9.931170233066294317e-02
9.034073848753473857e-02
8.611512864804511669e-02
7.801840751769489879e-02
5.986657817174365070e-02
5.845627315158814785e-02
5.158270500838831041e-02
4.305826149602701158e-02
3.680026367392089104e-02
3.170847957589364302e-02
2.847189587316598450e-02
2.629871166050864323e-02
1.265630858423910134e-02
1.245056253148240331e-02
1.116812793624350972e-02
5.783539337539696581e-03
4.015111893135791914e-03
2.184281378124077345e-03
1.649830087743403388e-03
5.815939129983003749e-04
3.603908209790242755e-04
1.765581064051953907e-04
1.013444559765533502e-05
3.970634173342565365e-11
2.632998289125094066e-11
1.372382911219827819e-11
9.197396862608792602e-12
6.062098301347282556e-12
5.140590486632374667e-12
4.213072516217496062e-12
3.497308865286946692e-12
3.224988369760076831e-12
2.431038646528181340e-12
1.988193403570848006e-12
1.752304162199825824e-12
1.374378365326171120e-12
1.228055702938550504e-12
1.093524400202993762e-12
9.300484558095674988e-13
7.761281000008888350e-13
6.850591117013612623e-13
6.194644530574093008e-13
5.755435013082233883e-13
5.124861726470304069e-13
5.011610632116063200e-13
4.793359907145149000e-13
4.481652394371944664e-13
4.428561299055233631e-13
3.845005418709573943e-13
3.482063019157781901e-13
3.282240014679219405e-13
2.976536893545375268e-13
2.357375343868473565e-13
2.223208976667286416e-13
2.166813958206790347e-13
1.728991353681019721e-13
1.654665107198240251e-13
1.653035997129331839e-13
1.583114260031755548e-13
1.483760812832833210e-13
1.415890529890490133e-13
1.219927292616781378e-13
1.137655033136539353e-13
1.070191959061978632e-13
