# Singular values
5.146589887807975572e+01
2.275123954799552806e+01
1.114377697411407375e+01
9.917980467527874211e+00
8.543474284440341293e+00
8.199842595276342294e+00
7.857507006961203189e+00
7.804239533363498182e+00
7.063120769236570951e+00
7.059308965113179291e+00
6.775220398590906079e+00
6.389945742049860655e+00
6.192239801653052211e+00
6.045518591965953092e+00
5.956972660259093111e+00
5.949387982972259792e+00
5.629338267839999688e+00
5.528958587528199686e+00
5.462832526150957158e+00
5.367872297162914919e+00
5.332834010569378336e+00
5.262436193531204509e+00
5.050628474900043408e+00
5.012986173239725396e+00
4.891689917969565649e+00
4.755458257940929911e+00
4.652461159393790346e+00
4.612723529070013484e+00
4.549733860653761397e+00
4.537353931094624926e+00
4.500010708464279752e+00
4.453215501143059640e+00
4.437711393242643076e+00
4.349928854449908400e+00
4.306264428980148828e+00
4.179197517616951352e+00
4.019203102261436733e+00
3.924379749418076990e+00
3.902462720606135971e+00
3.856306812476401280e+00
3.741254240140270859e+00
3.486646877134467193e+00
3.429595890001388092e+00
3.410093377636157275e+00
3.365279702634514258e+00
3.263098514940315553e+00
3.125183767214751551e+00
3.111609202248867057e+00
3.048796801556171943e+00
3.044203747298835250e+00
3.009644900853628791e+00
2.934920005563706802e+00
2.760370025576873942e+00
2.703236219846567145e+00
2.667662690111019419e+00
2.597927849987880844e+00
2.561850441801482248e+00
2.474214976800360954e+00
2.415879325277229039e+00
2.352786418753557651e+00
2.332135861645355579e+00
2.293193652774832447e+00
2.261876736454629722e+00
2.157844984895122664e+00
2.134140418381688331e+00
2.043714197149899103e+00
2.034628282025115364e+00
1.933843365381592294e+00
1.826670814582755042e+00
1.800740181828412778e+00
1.798035768824096881e+00
1.624876031306281998e+00
1.565009017654594992e+00
1.509341734716941330e+00
1.475268431741701303e+00
1.409977195982689002e+00
1.371255578598301383e+00
1.334530799085967834e+00
1.278040752613201825e+00
1.219530009490973788e+00
1.187126524500043301e+00
1.151047986296910075e+00
1.057023645245219745e+00
9.862951421791874562e-01
9.641711637070522478e-01
8.691301327435292379e-01
7.438684783767504083e-01
7.353894732323729144e-01
7.348304947573285340e-01
6.689466508104378040e-01
6.032593351213925148e-01
5.436460490252462696e-01
4.930415108885382036e-01
3.963089252980566135e-01
3.753577341993215577e-01
2.645851000849037127e-01
1.929702775854420793e-01
1.232411596515244900e-01
9.340292204905711881e-02
8.472422258238361537e-02
