# Singular values
5.930250928677249789e+01
2.172576540271765211e+01
1.205059596706999869e+01
1.008746362549267950e+01
9.997245227062736106e+00
8.207934862431367051e+00
7.561627222291038564e+00
7.325713554845123099e+00
6.931767339658764904e+00
6.564544872695968536e+00
6.551926392941734179e+00
6.343425037676766465e+00
6.136362756642667726e+00
5.963897906819549455e+00
5.768878212645906167e+00
5.654752130688602385e+00
5.561764078906445086e+00
5.519627365606933900e+00
5.464035198085658962e+00
5.336138139750058684e+00
5.027331827717088863e+00
4.966193130719662285e+00
4.922025308253839881e+00
4.824652325060243996e+00
4.655077867580572182e+00
4.614961431296535466e+00
4.563740943936948291e+00
4.563389923739245901e+00
4.450630166349015759e+00
4.383974999423611685e+00
4.342149912131704426e+00
4.189587767935541329e+00
4.173094242228118311e+00
4.119382462844406234e+00
4.010815423046725670e+00
3.971565455440221104e+00
3.876577951650750364e+00
3.812054711496402959e+00
3.582668664860179764e+00
3.570467639306031504e+00
3.493236302598342835e+00
3.389819452844243575e+00
3.324874358544547270e+00
3.252009294806232909e+00
3.245860473224651432e+00
3.115470912266387948e+00
3.074968860885889832e+00
3.046271845135528622e+00
2.918944126430440100e+00
2.901835072943682370e+00
2.863357680666705374e+00
2.694013085289633125e+00
2.671556719536286373e+00
2.601793720333891891e+00
2.545246841874543975e+00
2.528122285141374270e+00
2.399566102695061431e+00
2.372127832316174967e+00
2.315118623657408392e+00
2.292251552081857380e+00
2.207784947301455691e+00
2.124092705419346583e+00
2.117705531855237133e+00
2.008582181359845453e+00
1.982074849137177575e+00
1.889191897811830723e+00
1.838188636252084951e+00
1.786304044076732600e+00
1.726299494266968715e+00
1.702919396266839414e+00
1.610189865001449006e+00
1.581748354977619897e+00
1.537455459942935532e+00
1.508836314222060659e+00
1.451042948768570540e+00
1.341426883842013584e+00
1.312275413560759496e+00
1.297583312451746407e+00
1.184899460263084237e+00
1.159830269345184295e+00
1.136678691188863999e+00
1.082788428038973016e+00
1.075748191952355048e+00
9.780950641645465016e-01
8.669526578269506345e-01
8.544189538896022063e-01
7.945578676907091298e-01
7.620574703779897652e-01
6.267954900483023728e-01
5.889285726320900860e-01
5.812252533223086770e-01
5.733693176804176561e-01
5.283456386340890099e-01
4.082101522781952374e-01
3.720616255812799200e-01
3.586593971262803660e-01
2.715006634632068372e-01
2.254713387206614683e-01
1.286170703903902479e-01
1.166812115729204125e-01
4.503191833249948345e-02
2.636646256534427163e-02
