# Singular values
1.221746300058796493e+02
4.777568012364066874e+01
3.208269114041969772e+01
2.587443757033976510e+01
2.406972101980312928e+01
2.078014628567132505e+01
2.053595261695438623e+01
1.952922921120636701e+01
1.820570284736843547e+01
1.786806456813492971e+01
1.697296304847231596e+01
1.681014539101497007e+01
1.625170936555548096e+01
1.605090945377165568e+01
1.581813866381203049e+01
1.568681657256198747e+01
1.527065406400260628e+01
1.524453379904537620e+01
1.502613069117767708e+01
1.492817707752768186e+01
1.464298763103138512e+01
1.455616643454387216e+01
1.429810011799829894e+01
1.404342098281082230e+01
1.400690757178425727e+01
1.399661649691141641e+01
1.388088263067484185e+01
1.363524018506421420e+01
1.357935894197134097e+01
1.350099873602854750e+01
1.340283161279085178e+01
1.337834837629487339e+01
1.318498826724192874e+01
1.316524947473128115e+01
1.300113266040102644e+01
1.300030917230091276e+01
1.289998661068184660e+01
1.282254605417285909e+01
1.278214100301521228e+01
1.265051617985274213e+01
1.264202409260069793e+01
1.260239206816268087e+01
1.252199792086434549e+01
1.235898449007392230e+01
1.235539161272211217e+01
1.224243261074200717e+01
1.220248910827531041e+01
1.207289438439272189e+01
1.202393570913549148e+01
1.190449651598927794e+01
1.184001984550035935e+01
1.181465160636795808e+01
1.176588208752804654e+01
1.172141300355879956e+01
1.159983743214033147e+01
1.158816807955621186e+01
1.150912840718575403e+01
1.138523973310861059e+01
1.132954403670589549e+01
1.127523236158873310e+01
1.124030980655540013e+01
1.119177481111676187e+01
1.111182490728857886e+01
1.110806174682885050e+01
1.110074804955487870e+01
1.103427428313888647e+01
1.088578850884223037e+01
1.085440860636540172e+01
1.084024173328135632e+01
1.072893565335740185e+01
1.062178618385363116e+01
1.060316527365528927e+01
1.058078342406635031e+01
1.052457136847191421e+01
1.044542826731543528e+01
1.042558385664831988e+01
1.035526791598483243e+01
1.030437466092749688e+01
1.028938410299206829e+01
1.025694830376557398e+01
1.019653822217834005e+01
1.015973750184951285e+01
1.007354303828034325e+01
1.004106096659999636e+01
1.002622478553421104e+01
9.968031830866626919e+00
9.908071876939789746e+00
9.859579960727838710e+00
9.802837006507845174e+00
9.795388933168393208e+00
9.701160472529810619e+00
9.615798327950360047e+00
9.607330286135139730e+00
9.564865565612057807e+00
9.536964761104577804e+00
9.487237279892369202e+00
9.423291199670162044e+00
9.412436295799672337e+00
9.375107929634125981e+00
9.368185062859064161e+00
9.270451984934776846e+00
9.220076162155221411e+00
9.187285595581419884e+00
9.115876648083137468e+00
9.046502408452115063e+00
8.990309466444363906e+00
8.963619540078939352e+00
8.945416685087014486e+00
8.893256943292138672e+00
8.867690564679886478e+00
8.828734798893327351e+00
8.794615020945498074e+00
8.741783525062365001e+00
8.694626343212675579e+00
8.676679448204694722e+00
8.573005186171478442e+00
8.566312772510856988e+00
8.544494174449868140e+00
8.532761012645883270e+00
8.523204932813063905e+00
8.361575657177940712e+00
8.266347073978273841e+00
8.226593105950170681e+00
8.182417046880525291e+00
8.176647170670849007e+00
8.147580737372608795e+00
8.093245818747419662e+00
8.083601043487119497e+00
8.021312094016201044e+00
7.972695966382873145e+00
7.935792844331999163e+00
7.906329045643611941e+00
7.884533619756289191e+00
7.875574507165413074e+00
7.829480708268401479e+00
7.805296529490521884e+00
7.774490211802999262e+00
7.728916368911937340e+00
7.686850381250048159e+00
7.639852423153046246e+00
7.622585243643533737e+00
7.613788759900649517e+00
7.578736394591973458e+00
7.479854985838399806e+00
7.457691248295171604e+00
7.402184323986602088e+00
7.359083203547447383e+00
7.355412387061273982e+00
7.318030861092691630e+00
7.282029719053126904e+00
7.231496799786084395e+00
7.222260619344095467e+00
7.163825757678901951e+00
7.119557188965610628e+00
7.115582577329112368e+00
7.046599255878213341e+00
7.001290725332905751e+00
6.995322030980074324e+00
6.964003043753903555e+00
6.909597120387991787e+00
6.876543272804254592e+00
6.843275175974563140e+00
6.802409288483700855e+00
6.753720005551501870e+00
6.749941892593908754e+00
6.718949603431231488e+00
6.705093453311570251e+00
6.631560259798130019e+00
6.627966108331118988e+00
6.585762959010611262e+00
6.571564151175380175e+00
6.497440241178180642e+00
6.462283251849131105e+00
6.453400492800846600e+00
6.399415833783506535e+00
6.385112091192482353e+00
6.375471607228460513e+00
6.332793021897621166e+00
6.329887358310029022e+00
6.295242389071849409e+00
6.260297831960864201e+00
6.219608972493763765e+00
6.186255061609278627e+00
6.133664100463122715e+00
6.125235380740745583e+00
6.106495546051508683e+00
6.041375397021467641e+00
6.006574866317100359e+00
5.972617759464090348e+00
5.965896382525773589e+00
5.905074859812120103e+00
5.870947299833257027e+00
5.862477719514530783e+00
5.859571473910102135e+00
5.819681419189554283e+00
5.814553415203234543e+00
5.722171907789440404e+00
5.714462064668687447e+00
5.696937835954247298e+00
5.626990939514508128e+00
5.605634463066659023e+00
5.605549422152438233e+00
5.572012504170825054e+00
5.503218482568464687e+00
5.483263752150643988e+00
5.462029845735466793e+00
5.434309280552475308e+00
5.375604435986237384e+00
5.348742277729518158e+00
5.315116842351934601e+00
5.278039207582038372e+00
5.265102444374149648e+00
5.220644964923586429e+00
5.190010123596890068e+00
5.144507525983620155e+00
5.137446377452999258e+00
5.100971418345135788e+00
5.058070317062562715e+00
5.057160342217945193e+00
5.021224664131291426e+00
4.981063900426655700e+00
4.945416003121470894e+00
4.920928700042219717e+00
4.905810083436135116e+00
4.872355876186038159e+00
4.862015110095870618e+00
4.839422392538499373e+00
4.837032505232891744e+00
4.773384128722049979e+00
4.771185110953518382e+00
4.744203510813248315e+00
4.713141765317347520e+00
4.669691918295410638e+00
4.636967393729858777e+00
4.631417434538183109e+00
4.614949587110072748e+00
4.536225281070246140e+00
4.518757148203670582e+00
4.489230456006286119e+00
4.481451718308332666e+00
4.463336741624179815e+00
4.417576869527453987e+00
4.414542373885042892e+00
4.381630284940301046e+00
4.340044292962070394e+00
4.289359043061756971e+00
4.287167229246890976e+00
4.231090632886572500e+00
4.201111061317026163e+00
4.173550668517300721e+00
4.172405102509135766e+00
4.132744003442788028e+00
4.103454829330515530e+00
4.091754104373087841e+00
4.067237357249853247e+00
4.046295956370920877e+00
4.039771623060748773e+00
4.027423293474792665e+00
3.987308068223684998e+00
3.969369956759329909e+00
3.922325991600691619e+00
3.908373884455186964e+00
3.876611821505420608e+00
3.868215557207996813e+00
3.810268498825095662e+00
3.798766152871022150e+00
3.780994018043480231e+00
3.745021600935394268e+00
3.685995378138612999e+00
3.651631536387246690e+00
3.621412185746543777e+00
3.603621833590719525e+00
3.573458688265454430e+00
3.572970147157134679e+00
3.529296468886814253e+00
3.518954167952379031e+00
3.476787050466896289e+00
3.435134151301451055e+00
3.410570253602955404e+00
3.404298704531622644e+00
3.394588112545444680e+00
3.360525308815993206e+00
3.335377422914873158e+00
3.291724517905824765e+00
3.278377169434578242e+00
3.253894570816422416e+00
3.227673244795300711e+00
3.208633229111041985e+00
3.191536796265808995e+00
3.178942075274353130e+00
3.120894573229493041e+00
3.106702866290864229e+00
3.074222790282700846e+00
3.048458961014825164e+00
3.037774872113240932e+00
3.012241641499665779e+00
2.992584213762620404e+00
2.986804117511093093e+00
2.956191457781416787e+00
2.925279122700386036e+00
2.914776394007702720e+00
2.892127079658011191e+00
2.866481469021938899e+00
2.832039073169288379e+00
2.811540736093574022e+00
2.789782521899042411e+00
2.767874693916952289e+00
2.736552785566229495e+00
2.726803268588955831e+00
2.685382498432522524e+00
2.677460685195487855e+00
2.619243698817330213e+00
2.601881998101108984e+00
2.563395042268443280e+00
2.552102464489992339e+00
2.533198970911440639e+00
2.519912278866953237e+00
2.489283914071489523e+00
2.444897813241188267e+00
2.432338235348339150e+00
2.424369865575938920e+00
2.398975713496944273e+00
2.387878134486280945e+00
2.360366733438145737e+00
2.317803417744688677e+00
2.310497545512887108e+00
2.277682696486673208e+00
2.259318943652607548e+00
2.230280191775892984e+00
2.201109545798035416e+00
2.181027751714827101e+00
2.166366399891046512e+00
2.160223000332456067e+00
2.147847845082620388e+00
2.095187513183172090e+00
2.086505195856814598e+00
2.077134776964441265e+00
2.044752566408138073e+00
2.011508976809888605e+00
1.982570513525831579e+00
1.971855960459180768e+00
1.949693350213163923e+00
1.920548186195322637e+00
1.897168006615202795e+00
1.890377523304136886e+00
1.859638695681809839e+00
1.836041612171340320e+00
1.831162639645318668e+00
1.811224175311721529e+00
1.795323406174627712e+00
1.780311504301479442e+00
1.768355080142036462e+00
1.755528776210516506e+00
1.707236893651858711e+00
1.688918454812480263e+00
1.655249728374809992e+00
1.646463782543815091e+00
1.610098626834450153e+00
1.601347159997933201e+00
1.584179972128883618e+00
1.548103530659351135e+00
1.513722989866792545e+00
1.486445254821990192e+00
1.467299434720830797e+00
1.462667053698589958e+00
1.445024366731727739e+00
1.426438920680596523e+00
1.398350178088718865e+00
1.387198626705734572e+00
1.378523736922962595e+00
1.344679260745912597e+00
1.319409863652692527e+00
1.298637888053639777e+00
1.295018671072266647e+00
1.274201552029783802e+00
1.253371136469716429e+00
1.226377998260436364e+00
1.225169722778208570e+00
1.190861252608934606e+00
1.143647564281429219e+00
1.128134820566611074e+00
1.090684266463771035e+00
1.082108355558940804e+00
1.076119861815763690e+00
1.069441453875045411e+00
1.060288912574281373e+00
9.986468623511824960e-01
9.888732538583744347e-01
9.872744663806855003e-01
9.584597807663415292e-01
9.002345824182264034e-01
8.872105347596359604e-01
8.836261499256120588e-01
8.489775734145250663e-01
8.449986000659882590e-01
8.045544094424117443e-01
7.895688162456786507e-01
7.892531513976464019e-01
7.804500701411568597e-01
7.704635670007794479e-01
7.446386354236628202e-01
7.425913677934833368e-01
7.246846023370825396e-01
7.111967203036523300e-01
6.998688960422940752e-01
6.936975062735071251e-01
6.435270408963335020e-01
6.398917881699768273e-01
6.294478931199382066e-01
6.140217868684035851e-01
5.900147146709403545e-01
5.828907670832513821e-01
5.448676344083164258e-01
5.318880284461451335e-01
5.123428299389523044e-01
4.946700208557036071e-01
4.521017437660088123e-01
4.230085418543416687e-01
4.197994273843472235e-01
3.942859860428424290e-01
3.940134522294589936e-01
3.658538002746261619e-01
3.657786008615818152e-01
3.587429894501545369e-01
3.263932110468645287e-01
3.240678474269839127e-01
3.160598959086554083e-01
2.609311798906336355e-01
2.377987233470448547e-01
2.257832117758032664e-01
2.106494538191036880e-01
1.871737354256268193e-01
1.854142965467014126e-01
1.783053058936923396e-01
1.555789643050186910e-01
1.538231092834553837e-01
1.309270792293328323e-01
1.309150948197689845e-01
6.512010296437556467e-02
5.264444347141122860e-02
4.249171838114799288e-02
3.359784587449841237e-02
2.245764956840261284e-02
1.112532177402599659e-02
