# Singular values
3.500356418147028421e+02
8.051883909695729358e+01
5.432126753988751489e+01
4.391015194769891394e+01
3.439761582255563610e+01
2.582889318494949293e+01
2.340095872368087981e+01
2.139638200900895981e+01
1.944718997765404112e+01
1.909228709817179137e+01
1.722468301154181702e+01
1.710471682874245758e+01
1.647298780080900471e+01
1.602290319069546243e+01
1.500505209887828784e+01
1.484202230787720467e+01
1.390253667229537982e+01
1.361488774458129392e+01
1.355770640278296746e+01
1.318910567433573355e+01
1.268577429788518529e+01
1.248640836530664444e+01
1.244439869020623135e+01
1.229437856800086770e+01
1.229101026865515855e+01
1.202543542390000475e+01
1.200117072443128485e+01
1.176172999542081499e+01
1.163756109043878340e+01
1.157454911523390351e+01
1.141559152629215923e+01
1.120844697369797416e+01
1.118765251999075971e+01
1.108676654244553106e+01
1.104934003408549792e+01
1.075630117459472679e+01
1.063780168421029337e+01
1.058443740594903204e+01
1.048732415182306177e+01
1.041684105919150660e+01
1.041207317790319564e+01
1.039506003475709051e+01
1.033125573065876956e+01
1.024931785782966109e+01
1.016806105937804539e+01
1.010743625462987438e+01
1.003370559018179442e+01
9.946905479714599707e+00
9.930615926116255210e+00
9.690043664055998818e+00
9.680553725337567528e+00
9.515363955303618226e+00
9.490870657278065892e+00
9.470514177067872907e+00
9.340807656064502140e+00
9.291782390460278762e+00
9.187543642693018597e+00
9.124322191166321261e+00
9.103975064278996499e+00
9.095678651222870670e+00
9.054197502896746741e+00
9.040245298164897747e+00
8.962372912807994751e+00
8.962216681683820241e+00
8.840997953271154230e+00
8.773668370868241695e+00
8.745169120861445933e+00
8.690709821897490528e+00
8.628144545684909517e+00
8.591712341370763895e+00
8.565774962541894411e+00
8.518650245292612055e+00
8.499274916911282673e+00
8.392497702838884521e+00
8.301288357154550823e+00
8.300349596788164419e+00
8.210090515081633455e+00
8.172657608010036157e+00
8.126729044390268442e+00
8.124090247696472034e+00
8.060046854455103826e+00
8.055665950647153295e+00
7.973045218454679173e+00
7.966489497259895636e+00
7.922190025878652619e+00
7.865103819732542689e+00
7.851467856364823028e+00
7.813387046189379959e+00
7.738212356838650940e+00
7.735176716848314982e+00
7.689470233910824071e+00
7.657851591939540903e+00
7.588116914612157871e+00
7.566184672234517627e+00
7.522048283826896942e+00
7.510707633292092567e+00
7.411078989971484177e+00
7.400348464983060204e+00
7.354683106816260363e+00
7.340802924122432849e+00
7.329413040040346772e+00
7.243784658597349768e+00
7.239300973466328060e+00
7.222643018358004596e+00
7.159424134527546890e+00
7.127413506501751428e+00
7.079237025231232217e+00
7.036549269708070931e+00
7.031558193040296167e+00
6.995728964572775155e+00
6.994989679049592013e+00
6.922009893014759996e+00
6.795663759940738124e+00
6.789566329694948443e+00
6.758178152962901919e+00
6.721212276521048246e+00
6.689126793126753512e+00
6.634238841199816328e+00
6.612890325851625839e+00
6.571430069251838368e+00
6.563033565688073168e+00
6.551656370246671912e+00
6.504689773787350582e+00
6.443648329152317444e+00
6.427970579213219793e+00
6.425430492460591836e+00
6.385785306880480405e+00
6.308259183897807709e+00
6.296107342547627717e+00
6.254548364336078414e+00
6.205829945979878026e+00
6.180962969005966201e+00
6.160604992007925773e+00
6.120380762723617529e+00
6.065679745115698296e+00
6.035322729214302129e+00
6.004932655131955066e+00
5.972273527658799708e+00
5.961758126406019542e+00
5.949217217949985148e+00
5.890842322397365827e+00
5.843874117065941398e+00
5.837362169130881462e+00
5.763094171542185506e+00
5.756835986157747165e+00
5.741391768085698288e+00
5.727505550351352781e+00
5.689111093769277261e+00
5.651924484852981934e+00
5.636016702910970899e+00
5.583510651412175285e+00
5.580673675050147331e+00
5.516010836901392267e+00
5.496304955578348306e+00
5.481426410484805167e+00
5.468538682220586367e+00
5.451591294514851249e+00
5.443953993000155478e+00
5.435681226245931086e+00
5.357661618523327007e+00
5.313046894507563955e+00
5.262655791905378244e+00
5.229693136600159775e+00
5.227042113464666073e+00
5.200822330925326753e+00
5.188690934005800948e+00
5.184614624791991311e+00
5.170458193165114125e+00
5.133317050416032146e+00
5.098497757177828049e+00
5.093672072464408451e+00
5.083571832217516295e+00
4.993714616976342668e+00
4.953779168585225712e+00
4.945746073164103862e+00
4.907246615225788311e+00
4.888466999822014714e+00
4.841347182576332564e+00
4.829641992018497199e+00
4.795454524212663827e+00
4.792861078569410793e+00
4.786703246584242954e+00
4.765398249675159015e+00
4.753944068843076742e+00
4.704473851703808940e+00
4.682250915692756088e+00
4.636791535650902851e+00
4.628973876555873446e+00
4.588735405430020897e+00
4.580977574832036048e+00
4.548138362965945980e+00
4.543415417869232975e+00
4.477965400306604948e+00
4.442475484141581887e+00
4.407754421455461369e+00
4.397986627131495574e+00
4.379026517568508581e+00
4.366880738427266095e+00
4.316953776530374931e+00
4.312508206143989220e+00
4.310104775603365468e+00
4.276930295370311441e+00
4.196487548104524734e+00
4.171516773753357832e+00
4.148617462386037680e+00
4.126701400944298825e+00
4.098862853620397040e+00
4.078012482718121667e+00
4.067335455304558423e+00
4.027751586351916657e+00
3.996732176253841029e+00
3.975926013725522790e+00
3.964061673769820882e+00
3.928313512607978897e+00
3.880258039100052070e+00
3.879553313667033265e+00
3.834229797382288307e+00
3.811864645424167808e+00
3.800053928446366136e+00
3.763496591080385478e+00
3.753481139129335453e+00
3.745080799843080399e+00
3.739766959941091429e+00
3.681088648380293815e+00
3.680566453260095905e+00
3.664566032367735371e+00
3.648549687970885191e+00
3.641629862153391350e+00
3.602855555784749697e+00
3.573649639992536819e+00
3.572894946366499180e+00
3.532745917915482980e+00
3.495004145933905182e+00
3.493934368921143729e+00
3.481432212984851393e+00
3.464987327605975498e+00
3.433410388247185363e+00
3.386474917817130059e+00
3.358561301205052363e+00
3.354382843114671164e+00
3.312422319914791302e+00
3.291060977045273450e+00
3.281187212953497134e+00
3.266724810187509043e+00
3.265158907846398062e+00
3.230107004940896864e+00
3.195364877507343770e+00
3.188239939499141418e+00
3.152866022806262603e+00
3.123206713915585020e+00
3.097019251057730571e+00
3.092065117553788323e+00
3.055888361569329525e+00
3.046088120775444885e+00
3.037367795789633451e+00
3.018410216159283177e+00
3.001701714129497045e+00
2.973880103930126140e+00
2.937568696593551021e+00
2.928231241305080612e+00
2.907076267008064985e+00
2.892358131867835080e+00
2.843585655259863731e+00
2.833874494311437786e+00
2.821112996516096150e+00
2.780492657156893532e+00
2.779997212870036094e+00
2.736274258140872995e+00
2.723059364217901290e+00
2.721091683243447967e+00
2.685752378067755242e+00
2.671899255580671095e+00
2.659386117910486735e+00
2.656810988300865262e+00
2.626127761469379429e+00
2.622666120533585055e+00
2.602411952876259704e+00
2.571656481051204590e+00
2.555673368987789296e+00
2.532239431436478672e+00
2.518819449272118760e+00
2.503527866034424676e+00
2.479582570935675356e+00
2.450706360637142200e+00
2.412655509086484518e+00
2.401886855117945085e+00
2.388623039537103310e+00
2.351756196496746831e+00
2.341899178297333517e+00
2.321921706027765708e+00
2.315381069873784448e+00
2.309638707423887549e+00
2.287125924449128878e+00
2.252730755725557366e+00
2.221214964007992787e+00
2.206530507453575485e+00
2.189919666663741271e+00
2.186855218272045320e+00
2.143845433758490238e+00
2.140739645629339272e+00
2.132091235600110046e+00
2.127870121918864044e+00
2.095402183174081223e+00
2.074515437887122893e+00
2.058355348447843181e+00
2.046591961344600197e+00
2.030278729573925300e+00
2.011881081918759140e+00
1.999440713753152910e+00
1.982504615216450494e+00
1.958656528701309130e+00
1.955390604977472302e+00
1.920265594818082677e+00
1.887069109713595871e+00
1.865334601407043547e+00
1.860199000533628633e+00
1.843070411104593020e+00
1.828472974047631538e+00
1.809292887618431100e+00
1.790245843142706850e+00
1.772559678463335509e+00
1.762802761510471106e+00
1.758828621592319674e+00
1.710163287350503492e+00
1.688105875090462726e+00
1.673242916154772164e+00
1.668836851310543823e+00
1.653417392227566785e+00
1.645560756889774545e+00
1.630552453644711131e+00
1.616183607170943670e+00
1.595941773155433285e+00
1.576173398306075946e+00
1.554497743313648872e+00
1.538466580444585841e+00
1.531678084084942881e+00
1.517694718140440990e+00
1.506107159467841461e+00
1.499224008685800413e+00
1.496275007980597316e+00
1.474528996938896608e+00
1.472860297759982284e+00
1.441135190995925353e+00
1.421291753931180901e+00
1.404598494917691731e+00
1.370319634395410269e+00
1.354223606415279280e+00
1.346794931574937904e+00
1.328537852440871081e+00
1.324278464085446805e+00
1.314726179259182892e+00
1.310137258102761937e+00
1.282668967856328335e+00
1.268358505045786400e+00
1.244110696974990216e+00
1.227837271083560777e+00
1.222293584339281036e+00
1.217121767296659662e+00
1.194074510337252537e+00
1.182159635874695303e+00
1.168734564045626811e+00
1.167340223428661838e+00
1.161437988017326228e+00
1.131296486409447466e+00
1.130570059348982914e+00
1.110891337667414325e+00
1.091738933197356820e+00
1.089875401300664848e+00
1.077640220564094253e+00
1.077101105842334761e+00
1.055989437301825706e+00
1.034069467093329919e+00
1.022774652487846270e+00
1.004939501941610080e+00
1.001749735581437539e+00
1.000000000000000222e+00
9.999999999999998890e-01
9.999999999999988898e-01
9.761265885982796098e-01
9.726728665221949788e-01
9.629218604589405706e-01
9.380137525800921194e-01
9.360144697902471611e-01
9.331081465650152840e-01
9.279236617304740253e-01
9.102511213386865752e-01
8.938678421540527941e-01
8.810392276851838345e-01
8.416695010366251894e-01
8.386570351911808441e-01
8.300907280249869569e-01
8.160972252389513404e-01
7.974912454027837105e-01
7.758204888823848622e-01
7.703856028274599366e-01
7.404864086188936989e-01
7.354261249428829528e-01
7.305651878934306120e-01
7.086436620986628077e-01
6.912335768975760297e-01
6.774698709664874752e-01
6.455503656772327847e-01
6.411770152751492535e-01
6.411147936628062149e-01
6.215449932483193551e-01
6.005704328038422579e-01
5.865419441668121570e-01
5.613321959443040576e-01
5.565404633012207558e-01
5.516469361834835938e-01
5.289514819597781470e-01
5.223699643206591858e-01
5.090609608048038970e-01
5.024683022056223303e-01
4.822706102593988797e-01
4.668211623274474698e-01
4.462716344209903818e-01
4.397669467349948902e-01
4.101105789420833592e-01
3.780844106312635788e-01
3.708457518239505757e-01
3.482584022188836004e-01
3.345625092631396846e-01
3.298028622042555313e-01
3.231753795538172547e-01
3.068495454813477963e-01
3.061515933837447023e-01
2.882029605149727391e-01
2.507106999329084540e-01
2.397768176072017088e-01
2.271105327684379560e-01
2.220295521345900802e-01
1.993633680430177690e-01
1.989356278649942467e-01
1.590564773391688336e-01
1.506391340844095983e-01
1.330093567294767798e-01
1.307902159437386025e-01
1.230104695414931948e-01
9.791275012855778226e-02
9.572747728833004566e-02
6.885855451836588037e-02
6.255941713951362892e-02
6.039015490482925463e-02
4.959124372330896147e-02
2.587654569272277577e-02
9.741306763010970302e-03
