# Singular values
4.746238466079782370e+01
1.704449840833612839e+01
1.288437496238828572e+01
9.839931482472923818e+00
8.651125449079254182e+00
8.517878937569459907e+00
8.355916082754459850e+00
7.876193860104357292e+00
7.739001888261586082e+00
7.617551560318009507e+00
7.055464689879983098e+00
6.837655070799104173e+00
6.687802315202408643e+00
6.558249722977592455e+00
6.309548673650287931e+00
6.173608091984267965e+00
5.992414929225935438e+00
5.909135029788968652e+00
5.810662965810371894e+00
5.734762994351778609e+00
5.717759140327444811e+00
5.536358019126568664e+00
5.438602283630528333e+00
5.317828606571608496e+00
5.294398887554832456e+00
5.079173238629412168e+00
5.064118902037731296e+00
4.867810883305216052e+00
4.864013694385941555e+00
4.735095125217515744e+00
4.660161023083348120e+00
4.614326281154760068e+00
4.576997758015951767e+00
4.403655095397804864e+00
4.348288140264363832e+00
4.280350029315600047e+00
4.261645696082030810e+00
4.134650253378414853e+00
3.994936777317126708e+00
3.980657470966080691e+00
3.940685678695529770e+00
3.938142917258995457e+00
3.760305151358295461e+00
3.646555169927763185e+00
3.577241915832830355e+00
3.520119155267245947e+00
3.518421177512737419e+00
3.454221468062810718e+00
3.386941342097348429e+00
3.300379746400587511e+00
3.278069495561154678e+00
3.220581774652720330e+00
3.052039244714378707e+00
3.026482632519337024e+00
2.928343043826832748e+00
2.810754239272331034e+00
2.683856965976628040e+00
2.607894303337012332e+00
2.548649598570752239e+00
2.516214038059793712e+00
2.460514218427628741e+00
2.357527460143451048e+00
2.277140865746726472e+00
2.255371858756068271e+00
2.204148396772466878e+00
2.185955920191625879e+00
2.032568056665535305e+00
2.024760657818546861e+00
1.879978570070421240e+00
1.847109271569201683e+00
1.842600002964374983e+00
1.774391427486923023e+00
1.625004970848486829e+00
1.554751886409820649e+00
1.513312670378568425e+00
1.502734170983552442e+00
1.404152111883673060e+00
1.342182055793129658e+00
1.292930015397552701e+00
1.280596014109355085e+00
1.169278503549296522e+00
1.096270497499682861e+00
1.007121395063909075e+00
9.793151431553563935e-01
9.038928024075320034e-01
8.715305626160823049e-01
8.592247271651930474e-01
7.815486814888138456e-01
7.774489240555013669e-01
7.475155212537214489e-01
6.618344409337406642e-01
4.540830000672860245e-01
4.157601826835989334e-01
3.444643124378552468e-01
3.397588402055782830e-01
2.417163301494128225e-01
2.344778474639413746e-01
2.086691038892512229e-01
1.241189955859395427e-01
1.206642067794467255e-01
2.817789509369121592e-02
