# Singular values
5.264488064320683947e+01
1.652092319226900585e+01
1.538959355541510554e+01
1.470605114124830415e+01
1.113256247295939971e+01
8.901993878990282383e+00
8.563835975360394315e+00
7.937887618696848335e+00
7.387432387574413006e+00
7.141318561682044042e+00
6.629382570565658384e+00
6.443783966172872191e+00
6.148271714546935662e+00
6.059271762918474025e+00
5.748082302019694723e+00
5.654466729845043282e+00
5.517082575320027438e+00
5.448103919965587849e+00
5.380506890660583075e+00
5.278380429198053392e+00
5.091145279510997490e+00
4.940425534496800886e+00
4.801724150434780292e+00
4.737756568616548591e+00
4.653101042632064477e+00
4.619822239692561894e+00
4.581833401146539586e+00
4.491497845403852551e+00
4.464140954655335669e+00
4.353708460929562207e+00
4.302331119184994002e+00
4.281586972701583171e+00
4.184399577706752638e+00
4.067516924035719406e+00
3.951531385811160479e+00
3.884406344836738523e+00
3.739004590824626550e+00
3.631255023684047956e+00
3.587314286782686601e+00
3.489969975245011291e+00
3.381733618592991153e+00
3.352056265414516734e+00
3.281479475279235558e+00
3.257444875705245213e+00
3.238781944542803881e+00
3.167966161645590084e+00
3.103038544779394670e+00
3.045306256757231544e+00
2.990082364586248431e+00
2.933886462274859941e+00
2.818696888898757802e+00
2.739423379019227944e+00
2.689840849685146029e+00
2.556067981678734391e+00
2.547600307417516419e+00
2.535179704897724040e+00
2.411298125024265993e+00
2.398106075103049406e+00
2.232454000271527850e+00
2.189251031511779910e+00
2.184536759063887335e+00
2.172154800011146580e+00
2.147708163431146122e+00
2.120306216199615790e+00
2.053089282740947485e+00
1.950513352905657971e+00
1.854380577358015980e+00
1.833226597427449533e+00
1.794156354027318434e+00
1.742622810276788003e+00
1.691937879152991764e+00
1.615385472203821449e+00
1.570299666675372574e+00
1.423919782398041622e+00
1.372630195058378799e+00
1.315470603078175982e+00
1.296647439051078710e+00
1.207858498216478393e+00
1.192337013379391575e+00
1.181888939754557999e+00
1.097068869327019636e+00
1.072771293633882239e+00
1.025522357797918005e+00
9.475584144998460134e-01
8.824192862210121779e-01
8.803351313612971518e-01
7.895093046416222782e-01
6.765730245070642468e-01
6.557579647566922354e-01
5.917118596345493087e-01
5.689867203215127622e-01
4.751822443553180841e-01
4.302894506818920606e-01
3.910764439999573350e-01
3.696667370069598446e-01
3.226326195460296198e-01
2.695593988380492467e-01
2.317790564090103367e-01
1.816087157120260809e-01
1.460329989429092201e-01
1.322027879648807885e-02
