# Singular values
2.788637361834049102e+02
8.431954152514259704e+01
6.688454379699376773e+01
5.678782106424621645e+01
3.815271374066974630e+01
3.450283325432499737e+01
3.216089313261564797e+01
3.132956236958529317e+01
2.684164957320490430e+01
2.397291978551438874e+01
2.310925011589020173e+01
2.199082319930468188e+01
2.009780707672362254e+01
1.901570054886322225e+01
1.842813860852750807e+01
1.690539436196307932e+01
1.645250155183549978e+01
1.611144161482558346e+01
1.562546603894563368e+01
1.547828796629052306e+01
1.506355024636140350e+01
1.499094423813377297e+01
1.448040258820110182e+01
1.409523877763491484e+01
1.376476644775250868e+01
1.350085330365882896e+01
1.333940879968354309e+01
1.323896056763646989e+01
1.313522048966573941e+01
1.295417339772357934e+01
1.272274638747200370e+01
1.262290911776894831e+01
1.241883106161748174e+01
1.218786018291353379e+01
1.206866531012623867e+01
1.206029517471451307e+01
1.198032191341124353e+01
1.177048446146924654e+01
1.169251756384891650e+01
1.168013398057178165e+01
1.161879835539058625e+01
1.150648466723922603e+01
1.145171814836540136e+01
1.141537078637918512e+01
1.137982292271079743e+01
1.121245485578765511e+01
1.117627581559563410e+01
1.116121550492515802e+01
1.103562997948958824e+01
1.101418679212114959e+01
1.087471428791591599e+01
1.079822911543609898e+01
1.075021580779946717e+01
1.071035096724489222e+01
1.066974570472938666e+01
1.059405966377261166e+01
1.052029363486024494e+01
1.036480106875249696e+01
1.035632320186253352e+01
1.030503966109095160e+01
1.028225145772611882e+01
1.024496664794529721e+01
1.023126194889256801e+01
1.017673857121443071e+01
1.006072336821202740e+01
1.001900121543786248e+01
9.943244459234074739e+00
9.927977282285125327e+00
9.852002025730186574e+00
9.784451194578963396e+00
9.755939737508029452e+00
9.705682194064079837e+00
9.644968980886844179e+00
9.642118403509803315e+00
9.563042603368945294e+00
9.521173682663961912e+00
9.456057465926617667e+00
9.411754914754578039e+00
9.370254118860568582e+00
9.357401581559463111e+00
9.277787350485706241e+00
9.262116885570733871e+00
9.222941034773519675e+00
9.103831051769871507e+00
9.090381034171938879e+00
9.057468807668993094e+00
9.038191679239110599e+00
9.029192754235429774e+00
8.944134058691142641e+00
8.910776889370554343e+00
8.859296752412449294e+00
8.786736749274599134e+00
8.758465486188940829e+00
8.721178486355398718e+00
8.681895625364184355e+00
8.621174063473109328e+00
8.618222897049033548e+00
8.564419410776153541e+00
8.531674404829281855e+00
8.491933185607653201e+00
8.457942217944260932e+00
8.437617659957657779e+00
8.432879351228109499e+00
8.309065017201112013e+00
8.308369021347221661e+00
8.201561971479824464e+00
8.155733407861188056e+00
8.153155917173219080e+00
8.072905143207313117e+00
8.045393726204611795e+00
8.042947261465823061e+00
7.944331218818193818e+00
7.933511004562063818e+00
7.926453408877590867e+00
7.846883566517568021e+00
7.846538894300874922e+00
7.835497508040759840e+00
7.815877673077115340e+00
7.790246938539993948e+00
7.750865609167764347e+00
7.707554321171602218e+00
7.692591649339753701e+00
7.668490444798718109e+00
7.614274267205762392e+00
7.572717096093743550e+00
7.536378508561408118e+00
7.525353281311455866e+00
7.477253178410796508e+00
7.474240970900518199e+00
7.425323971273458667e+00
7.398430979370182570e+00
7.382863303762777107e+00
7.325886826936087282e+00
7.318387194304977861e+00
7.259068131512609767e+00
7.243199134030117392e+00
7.224498378544064181e+00
7.175845316736277901e+00
7.171303750717918923e+00
7.151894652656219264e+00
7.108435102064433408e+00
7.047495395745313473e+00
6.994050800046744953e+00
6.950781840317028504e+00
6.930524470511656432e+00
6.864550387742428761e+00
6.855545831870007767e+00
6.835602165602046476e+00
6.777528303722770708e+00
6.763246129947029672e+00
6.753182867253185506e+00
6.708127147704868065e+00
6.705053755379390523e+00
6.643325463246416263e+00
6.634426067094491231e+00
6.609627674267781750e+00
6.602174146085123319e+00
6.545868695428691098e+00
6.539478916752771376e+00
6.530488809420501362e+00
6.486230248609626159e+00
6.448232269738265465e+00
6.383707262589332743e+00
6.339642185039579658e+00
6.335952238625067956e+00
6.326270448680758385e+00
6.260912540441438523e+00
6.250910171311009123e+00
6.244899620279291241e+00
6.204454275142649244e+00
6.165680148368480218e+00
6.135481365739568815e+00
6.130430903870439430e+00
6.106677891832089422e+00
6.081055094107069792e+00
6.014762794057361361e+00
5.998278770931402271e+00
5.995720245277871285e+00
5.948546705950722213e+00
5.913597008367893260e+00
5.892773804098771606e+00
5.866610311581752057e+00
5.800923939821214681e+00
5.799603506500979222e+00
5.778458666836839619e+00
5.774702205835686719e+00
5.773763446460683291e+00
5.724179559116117311e+00
5.712869470156024754e+00
5.702669538250394687e+00
5.667328429410905422e+00
5.638680214288676495e+00
5.613913382258593820e+00
5.578180189157559532e+00
5.549912589802637797e+00
5.522098434576381720e+00
5.497613982782243447e+00
5.467614789903080919e+00
5.445056270200791637e+00
5.430037868930118528e+00
5.376009492842764637e+00
5.366170034029134506e+00
5.313609145335289163e+00
5.312054478586024864e+00
5.300121678936439373e+00
5.269228765092072386e+00
5.254068827782408135e+00
5.228803663595769535e+00
5.209451390853282682e+00
5.196257878398962582e+00
5.162515916934278692e+00
5.142285108113662240e+00
5.140376118854360854e+00
5.109523517134639370e+00
5.072730852856817130e+00
5.040740102361408681e+00
5.018326721909636134e+00
4.922896959653154880e+00
4.903409133413282106e+00
4.880796762826379087e+00
4.864898295255989602e+00
4.811578201062863158e+00
4.808212628946254341e+00
4.769780152066682710e+00
4.761947824133033969e+00
4.709984370400924547e+00
4.696506372209551472e+00
4.653856193991613210e+00
4.649176378919237074e+00
4.581298652950390071e+00
4.576373011794604651e+00
4.563220668904834909e+00
4.553055662099346534e+00
4.503807908601099363e+00
4.484687402578138027e+00
4.474425147167178984e+00
4.435836163249590847e+00
4.432650990431970861e+00
4.397570795383630937e+00
4.393507101049478614e+00
4.361743490082020891e+00
4.341982735279360739e+00
4.332423592012363045e+00
4.312646833159355708e+00
4.299192339747571978e+00
4.250248602046565516e+00
4.231558490666089689e+00
4.225245581414265317e+00
4.171137637238929052e+00
4.151726504791310113e+00
4.139271736568756133e+00
4.105155256614764880e+00
4.102034244585623490e+00
4.046045077724713224e+00
4.036303813602510004e+00
4.008353399717059951e+00
3.999063458818946870e+00
3.962317611024634534e+00
3.910592982429124564e+00
3.896526929059113353e+00
3.880093461117762654e+00
3.858921227863046255e+00
3.842976755006777267e+00
3.828216163736679611e+00
3.793831015817181740e+00
3.791383829597697375e+00
3.780744800601365530e+00
3.751940793581747702e+00
3.745213795154140435e+00
3.718020103715269364e+00
3.671228779692572441e+00
3.666044001919243733e+00
3.651871946689767778e+00
3.597814796822331740e+00
3.595268402726108370e+00
3.579959456615031232e+00
3.510443409317059782e+00
3.494001319647474180e+00
3.488515934811865282e+00
3.452904926262161833e+00
3.451343630407031071e+00
3.420043968048460226e+00
3.411612428439115163e+00
3.364623523450000153e+00
3.364410592311088521e+00
3.339783253850203248e+00
3.339027083916527694e+00
3.324053131396792260e+00
3.264032114069010060e+00
3.231713241470135056e+00
3.220729497686494636e+00
3.200585007691304273e+00
3.174262902445061929e+00
3.166136764488672206e+00
3.134043363567876828e+00
3.110848666863536227e+00
3.087323658292210560e+00
3.086414544992046149e+00
3.036098972072556190e+00
3.033129189099238232e+00
2.983504694151611680e+00
2.973606115935598204e+00
2.965604224891967622e+00
2.947298682560051120e+00
2.911524857865003479e+00
2.904982220971166207e+00
2.871130824126640668e+00
2.853652202344073352e+00
2.844778452372050737e+00
2.827602961008834903e+00
2.808130558444173364e+00
2.793002104122430218e+00
2.762399218563211800e+00
2.751326495263010319e+00
2.672140941487397559e+00
2.668917501112403112e+00
2.637828779423069925e+00
2.610561246442400396e+00
2.603957021906798452e+00
2.594898883966890502e+00
2.563589408684132653e+00
2.536351079482821902e+00
2.517148800100102335e+00
2.508245486605769514e+00
2.471376177533395335e+00
2.452446675556301692e+00
2.440809338701013242e+00
2.404863318381878390e+00
2.404684282350745050e+00
2.387480133001992577e+00
2.384239781522293988e+00
2.344320951982405976e+00
2.320005052885543151e+00
2.287520504280233791e+00
2.272178872951390982e+00
2.251485068226275033e+00
2.221325358011825291e+00
2.211794563846242401e+00
2.180282589067248367e+00
2.124140511521896091e+00
2.093122618096046494e+00
2.089637494156482145e+00
2.037256114663307027e+00
2.035692597566304496e+00
2.029326065399773338e+00
2.005722975729378632e+00
2.004063299718977564e+00
1.952100532358156171e+00
1.950189073792706784e+00
1.927140848694021580e+00
1.911231068974752700e+00
1.895868482481131156e+00
1.878951078512428152e+00
1.847143159005648849e+00
1.842879297526467397e+00
1.809853926606564301e+00
1.792899159329659708e+00
1.779735584059075171e+00
1.745657370790160368e+00
1.727542943351829230e+00
1.708311942982142728e+00
1.695640967601871552e+00
1.687163511036175345e+00
1.633827042665757956e+00
1.629260223322357648e+00
1.620887833024587943e+00
1.572297187734941648e+00
1.546751218002757167e+00
1.536872115416687556e+00
1.499701834653449417e+00
1.494200483214803699e+00
1.461280382324493088e+00
1.440527563998149851e+00
1.398999748241493979e+00
1.359021259586151942e+00
1.353616119502742965e+00
1.325314757508346597e+00
1.320465015177823442e+00
1.301559177114371302e+00
1.300663506863082297e+00
1.263254517842228086e+00
1.248006707146616545e+00
1.239465707329726829e+00
1.199317777031669641e+00
1.182563043969757421e+00
1.178098127939134265e+00
1.168493545384450050e+00
1.140398266908399849e+00
1.102693461090367366e+00
1.075788434046577091e+00
1.058518262240511376e+00
1.040772611389016333e+00
1.009271350909959120e+00
9.999999999999995559e-01
9.999999999999987788e-01
9.999999999999987788e-01
9.930437050533580390e-01
9.748734550098369089e-01
9.450629533686056849e-01
9.329759812761154736e-01
9.027310747736333463e-01
8.931152698289908098e-01
8.751351787699183093e-01
8.657644706669992418e-01
8.473160247542582679e-01
8.413487277025840649e-01
7.614031083994974303e-01
7.585258144436556327e-01
7.350263633674383179e-01
7.240569652753894303e-01
6.949808391012851638e-01
6.845307850629187563e-01
6.765526856186480087e-01
6.376772123801375258e-01
6.338093745883695007e-01
6.182006458040388841e-01
5.886411789140769679e-01
5.705638892938694751e-01
5.685947692497856920e-01
5.416234144458305089e-01
5.293607535022729627e-01
4.805236360060411438e-01
4.716525706237094662e-01
4.517250946625364083e-01
4.333043814353021439e-01
4.115670184599852233e-01
3.613294875222550773e-01
3.480610880301578391e-01
3.409014857769649964e-01
2.942462545215812630e-01
2.920126641025805325e-01
2.876247226387508849e-01
2.592574340461842874e-01
2.393195290025018629e-01
2.283019263527547027e-01
2.208959712584598611e-01
2.051347046798314144e-01
2.022392587565492172e-01
1.925793112945050622e-01
1.557006243087160902e-01
1.083782259744586890e-01
8.434581612431443776e-02
7.913594755235194012e-02
5.048849391506143175e-02
1.816782914826654133e-02
2.469163911419957648e-03
