# Singular values
3.137669659432169169e+02
8.852276233904743208e+01
5.159562905849465153e+01
4.234879096571474832e+01
3.692470919799711737e+01
3.016624658554879446e+01
2.314569459475920965e+01
2.112474115788610263e+01
2.099633657441485823e+01
2.001180035387875478e+01
1.980810924959402541e+01
1.892487773083750469e+01
1.841983907958186251e+01
1.783037363046952350e+01
1.723360378347849320e+01
1.652640807283697555e+01
1.587514261366065860e+01
1.536100582132600856e+01
1.511823822632158532e+01
1.511364195806843647e+01
1.465966773608739082e+01
1.421958859216561066e+01
1.420801742095090248e+01
1.412741924474961408e+01
1.372886009215889835e+01
1.353834456507855322e+01
1.329791374712786833e+01
1.311366402106335194e+01
1.309828203632670984e+01
1.305572834970777762e+01
1.259854568571670086e+01
1.246386208282806685e+01
1.244550737911244909e+01
1.240673866557639471e+01
1.222327335780852309e+01
1.208708373338012265e+01
1.202901650465396521e+01
1.178768780963462959e+01
1.170893925806531044e+01
1.162189720517414138e+01
1.158470870297757571e+01
1.150777046342970422e+01
1.149380808499618034e+01
1.140133884826624033e+01
1.132666976261501723e+01
1.123374471642478412e+01
1.115187646642587715e+01
1.101850996255896931e+01
1.099993824650659313e+01
1.099847546588031832e+01
1.092020925787680419e+01
1.087041155934018910e+01
1.083522765084804185e+01
1.075738948359510694e+01
1.073068506680229284e+01
1.068758184884516993e+01
1.065356256049744843e+01
1.050099219778468651e+01
1.035459053686497732e+01
1.031714077074582114e+01
1.029721499656976391e+01
1.016030437260645947e+01
1.015657228074038798e+01
1.010855421590598802e+01
1.009437313328833952e+01
1.006125353290456914e+01
1.001799400799328410e+01
9.979932661977011676e+00
9.951288821139412377e+00
9.823749037823155561e+00
9.792921705874039873e+00
9.743602491664887566e+00
9.659811650104499492e+00
9.573939753676175002e+00
9.567758560139845159e+00
9.490621906326964563e+00
9.470073504066560233e+00
9.413887192384079228e+00
9.315088970977301486e+00
9.271228772170275079e+00
9.234009389008821955e+00
9.160464717800111956e+00
9.145415094219597307e+00
9.108808616095407373e+00
9.021788260900331480e+00
8.995186816464901369e+00
8.946771386996552167e+00
8.871242002743986887e+00
8.790615185392521624e+00
8.704875366816054338e+00
8.702730957615882446e+00
8.639313469024328285e+00
8.636363049525934699e+00
8.593073667338840593e+00
8.563668888587177008e+00
8.505636880665862876e+00
8.481207462079304094e+00
8.445226726059388511e+00
8.422062945633683739e+00
8.388108739806190428e+00
8.284724134189762168e+00
8.252201187004605032e+00
8.189322657128235150e+00
8.184254329295434616e+00
8.127811250887781114e+00
8.111083382808345732e+00
8.088945212509280225e+00
8.044572947267530694e+00
8.013870633656180686e+00
8.011324083452283418e+00
7.925487471642419735e+00
7.921197207711924371e+00
7.887278471549494796e+00
7.820280216705460141e+00
7.809665319880505052e+00
7.794553129329593766e+00
7.732395006052997566e+00
7.680688122044034394e+00
7.667408935880787091e+00
7.646639234066239688e+00
7.621400472513616187e+00
7.557537826866155939e+00
7.502174795216588699e+00
7.475436989564211210e+00
7.474543511790592731e+00
7.425135256350549717e+00
7.408781976053930407e+00
7.407029973325539807e+00
7.304594078414544001e+00
7.282139602396054734e+00
7.241677799442295616e+00
7.231751472827843585e+00
7.166217094967840318e+00
7.159246968518331755e+00
7.129927146159571016e+00
7.117220094553614373e+00
7.085996020775729320e+00
7.076514137485292899e+00
7.000215805693722260e+00
6.935163363504676326e+00
6.888079495462916313e+00
6.867439237642675387e+00
6.829749207827052970e+00
6.815499723851055514e+00
6.798936117619009956e+00
6.737371327138243160e+00
6.736209441872325066e+00
6.701322628994948793e+00
6.621892827369939560e+00
6.608977826735712213e+00
6.588800858530355242e+00
6.542360978736341259e+00
6.531435946574056572e+00
6.505520220244267016e+00
6.409467229951239631e+00
6.389418358507227502e+00
6.344914370802453796e+00
6.333089949339365532e+00
6.306716076158471296e+00
6.269945344587886993e+00
6.261877128535296322e+00
6.226176528011170497e+00
6.210409573257346771e+00
6.153799330828087832e+00
6.139999442970474952e+00
6.137138673265484456e+00
6.113101013093920066e+00
6.088404779326681115e+00
6.027891058642553368e+00
6.012742721755569342e+00
5.986543582017373133e+00
5.968790408199687647e+00
5.946081042675348982e+00
5.899979844794836836e+00
5.877870804107684144e+00
5.853362058446570870e+00
5.837547365947850508e+00
5.783542214435838602e+00
5.780603280500624663e+00
5.749275425743634038e+00
5.697543582271352491e+00
5.659537647250421522e+00
5.627479495302463164e+00
5.624958950420993808e+00
5.576165122364892035e+00
5.560317601234672225e+00
5.521445309732182949e+00
5.482547696027723738e+00
5.460100063034269979e+00
5.423810145682210759e+00
5.421363606290118042e+00
5.376288007680074976e+00
5.321777832034874756e+00
5.318931212136254416e+00
5.256123458444567298e+00
5.237092639937158900e+00
5.211872600199765948e+00
5.189085626161165976e+00
5.161625627972809660e+00
5.126236503337704420e+00
5.113860408698251092e+00
5.058722412936950796e+00
5.053460989370093692e+00
5.031577716420973623e+00
5.004482674739187509e+00
4.991433104417563271e+00
4.981907245387026784e+00
4.938239436951787908e+00
4.894034591772632226e+00
4.887466557422086133e+00
4.864339136221784266e+00
4.850776534677134322e+00
4.836586727833531718e+00
4.758554613751277529e+00
4.751572717638921084e+00
4.729219914089251020e+00
4.725496709705197418e+00
4.695242380457568920e+00
4.633900283903264139e+00
4.629003433606013296e+00
4.577476317383333715e+00
4.560274413730123655e+00
4.496698953348377437e+00
4.494888359471107542e+00
4.472641591893706803e+00
4.463573558130666363e+00
4.437408867104585042e+00
4.409069798316248345e+00
4.360702019279512065e+00
4.360145327660751136e+00
4.341274131704849992e+00
4.320969312228505999e+00
4.301108755240395709e+00
4.285344268563322068e+00
4.250995383461257049e+00
4.206559152311591276e+00
4.159329226804381108e+00
4.135138563155181579e+00
4.121299592715311100e+00
4.106772135799456436e+00
4.100039479651477414e+00
4.085863084831703240e+00
4.037553771237841538e+00
4.009636369273881229e+00
4.001717603368615706e+00
3.965226172429094476e+00
3.959634581808015419e+00
3.917004104424181676e+00
3.905577155801426947e+00
3.878780599963355336e+00
3.852642000905068809e+00
3.823096436274203924e+00
3.822132060706631584e+00
3.789234252723389762e+00
3.782389580674320406e+00
3.744302712157143720e+00
3.725801518702286153e+00
3.712891710659115496e+00
3.691062151085973131e+00
3.660326575274326366e+00
3.620701319432590548e+00
3.586967590483326251e+00
3.577107709784398626e+00
3.562933333513355283e+00
3.531358944776678221e+00
3.508999309508125553e+00
3.504919619543352294e+00
3.499035480986453450e+00
3.456721266725663266e+00
3.422986869129788001e+00
3.390437839345755044e+00
3.388476378866870142e+00
3.337939328101494407e+00
3.325142831875435245e+00
3.274793706733853504e+00
3.246655451028749084e+00
3.238405358761073938e+00
3.204670627203255240e+00
3.191483148248259294e+00
3.188830228095356212e+00
3.151253834380725927e+00
3.132999748889833569e+00
3.125489207432154526e+00
3.106772848896399708e+00
3.099632449768987996e+00
3.055778448922616075e+00
3.039757566867665517e+00
3.022945287343957066e+00
2.994892609912427339e+00
2.991789436445241979e+00
2.943098310662462413e+00
2.931324132522567627e+00
2.917320180032823895e+00
2.913627990570490933e+00
2.897918615451714697e+00
2.841324552573170070e+00
2.810622341653699063e+00
2.799928160085658480e+00
2.771573389332766979e+00
2.743513195749445632e+00
2.713627500066652765e+00
2.710592494809056507e+00
2.690057157426009482e+00
2.662671917788926201e+00
2.635361326022535700e+00
2.633850486743547048e+00
2.603508921223980366e+00
2.595404842855899563e+00
2.575225342848193488e+00
2.528033876297709703e+00
2.514388526130010071e+00
2.514085245860005369e+00
2.499789213438007973e+00
2.454676869480096002e+00
2.449087997440170472e+00
2.436717727367217812e+00
2.422083831612371618e+00
2.393164640685112587e+00
2.391692498715607851e+00
2.359459299958207357e+00
2.358871071280401299e+00
2.332813202339852232e+00
2.318819737831570027e+00
2.270557981173102480e+00
2.238670996217035025e+00
2.219533312265531411e+00
2.156920780070139543e+00
2.155771672754969170e+00
2.114715860472815123e+00
2.089786035757068117e+00
2.079011515011560451e+00
2.064857511354060815e+00
2.038685127289161514e+00
2.018721180461199083e+00
2.015182979941385177e+00
1.993456370574320013e+00
1.990677421284575921e+00
1.967525560614653557e+00
1.939821018940029340e+00
1.933463579288859924e+00
1.908948632501992426e+00
1.871207207944917350e+00
1.863501309706854903e+00
1.854104096555589720e+00
1.813775934824512381e+00
1.810400593571124483e+00
1.786341103235477012e+00
1.772137132937618542e+00
1.743804360660188957e+00
1.735975900044901543e+00
1.712400247523655938e+00
1.704778684577236803e+00
1.669603597608981138e+00
1.649085836679119010e+00
1.621030061643225606e+00
1.615216411698384036e+00
1.609420984620739015e+00
1.591100649150540836e+00
1.573318310083024585e+00
1.563014515747030098e+00
1.550999070923413381e+00
1.501633173316114789e+00
1.489057306665614755e+00
1.462598135096823571e+00
1.451271458557664484e+00
1.427979131604686813e+00
1.422845702871806672e+00
1.413540137494823323e+00
1.362122824169649915e+00
1.351025910042863876e+00
1.342931511868115990e+00
1.335795598107937243e+00
1.331326302978326659e+00
1.310753934006690491e+00
1.285083747704586887e+00
1.282002112363442414e+00
1.239295901198883554e+00
1.216983096218353433e+00
1.200818437166412567e+00
1.198840996985990781e+00
1.180021819727667065e+00
1.166288834967698751e+00
1.145539030769745059e+00
1.112696625309545384e+00
1.103926096950620828e+00
1.088126108055359031e+00
1.067786956763672634e+00
1.058680844752738714e+00
1.046858507145821848e+00
1.040101553965748549e+00
1.022139265330866298e+00
1.000000000000000222e+00
9.999999999999993339e-01
9.883643190091007114e-01
9.819499363629720090e-01
9.590150819115941250e-01
9.401959520593982100e-01
9.114220250421060099e-01
8.967491185918090579e-01
8.826307915211524247e-01
8.692135713170332512e-01
8.503332061758348548e-01
8.098306343094895388e-01
7.971094540518885996e-01
7.957722593653391296e-01
7.757223381847242472e-01
7.591603949226668480e-01
7.510698074780028932e-01
7.141945164354649433e-01
6.783884804507513966e-01
6.753044661550795524e-01
6.534105525846202189e-01
6.448961304293826524e-01
6.162932330403844139e-01
6.102277739799975009e-01
6.066790474935847000e-01
5.906266940334192750e-01
5.878797275400318156e-01
5.499686014233435838e-01
5.459005537096618399e-01
5.336347242119349188e-01
5.069808727749151034e-01
4.783934268485791619e-01
4.562574214334721989e-01
4.067663232080129254e-01
3.998449871206840034e-01
3.765780403926445863e-01
3.762600844097456765e-01
3.635037372271527345e-01
3.571786522836377653e-01
3.191622701704119325e-01
3.132670866594810533e-01
2.842183554932146139e-01
2.728757695907758074e-01
2.650930519594077439e-01
2.383481805355234517e-01
2.262917839202267523e-01
2.085130861628577970e-01
1.876778419228033457e-01
1.708252254567063366e-01
1.421840608183170818e-01
1.287309414096066695e-01
1.180873701705379142e-01
1.097931938715800970e-01
6.243257656283907747e-02
5.911908966761707240e-02
5.056067171331316001e-02
2.994453156604044361e-02
6.656588486615533200e-03
