# Singular values
5.274063891230141365e+01
1.938546233681422848e+01
1.552737303463578122e+01
1.173586993934312694e+01
1.162999704659784150e+01
9.042693965779557530e+00
8.076704424013966488e+00
7.590463839671895308e+00
7.326241521634852205e+00
7.099917943253926111e+00
6.900520726049580666e+00
6.538272319285777456e+00
6.400184439965039829e+00
6.120461942255631449e+00
6.011376695839676820e+00
5.925935141715782173e+00
5.790465874336614860e+00
5.581451159053772315e+00
5.579252134814193909e+00
5.424105218872600886e+00
5.382488065866285254e+00
5.210799189611811322e+00
5.002868038836836284e+00
4.879085488370565216e+00
4.780703117051856132e+00
4.742236343000047150e+00
4.648191180528982613e+00
4.583307174319120492e+00
4.454144047502143877e+00
4.304662809371873067e+00
4.244996691280717549e+00
4.132154780446694708e+00
4.047197093045089566e+00
3.917819808626563205e+00
3.897680955685856485e+00
3.843578734650751283e+00
3.722525004792764491e+00
3.650331055561351956e+00
3.541004893714671198e+00
3.510164091389643026e+00
3.482374886885580612e+00
3.381736132454331134e+00
3.285404599156440675e+00
3.248622236474044911e+00
3.233738084545263014e+00
3.147081580823630542e+00
3.043826256933550134e+00
2.988039224292592611e+00
2.917161030918121511e+00
2.829837567160007783e+00
2.747457045413718824e+00
2.691758465504415998e+00
2.662338033460401654e+00
2.651175991501792506e+00
2.588603461537009931e+00
2.536512229783787209e+00
2.506518535149608429e+00
2.443540986269574944e+00
2.402949659602331423e+00
2.345480400371597440e+00
2.227438609312223150e+00
2.178478289314582650e+00
2.152119302990717298e+00
1.997271756489649386e+00
1.924443314237650027e+00
1.885395280418000974e+00
1.828745003551783155e+00
1.758727706807472480e+00
1.711309683180698427e+00
1.644599161265734466e+00
1.614403961729867998e+00
1.591750410086971490e+00
1.520834408926998060e+00
1.406844587770646360e+00
1.392362318459713144e+00
1.354265422732257029e+00
1.350557824037310839e+00
1.299298333412244988e+00
1.263010372823653249e+00
1.242270514630565925e+00
1.144235762421101255e+00
1.009148500735687071e+00
9.279406425144409720e-01
9.235009393057643790e-01
8.959447086638108182e-01
8.609413870076131348e-01
8.304226492122679382e-01
7.313753766591779559e-01
7.101833528874863521e-01
6.488086365621623663e-01
6.134650315169470902e-01
4.888271257573607032e-01
4.740881412681390294e-01
4.088728511723400683e-01
3.955211179217934525e-01
3.656610946621329239e-01
3.500238487479698790e-01
2.846665638532944742e-01
2.798200508547272758e-01
1.848705332036891524e-01
1.342661257077283621e-01
1.297159901492562217e-01
