# Singular values
5.099327682412104679e+01
1.557489224446453768e+01
1.210989766209761775e+01
1.001008054538728587e+01
8.646183900013689083e+00
8.279734267999103281e+00
7.761830642161804406e+00
7.293297253557031290e+00
7.225127914460407474e+00
7.191534502670553941e+00
6.945748553825850102e+00
6.715334588200369659e+00
6.528308122827287896e+00
6.242579670042914586e+00
6.128067482043081604e+00
6.063393275227627832e+00
5.880931083278705174e+00
5.863376896549386430e+00
5.818231261474400284e+00
5.667214085748260466e+00
5.479676840021788564e+00
5.417423950094698348e+00
5.412220503381109715e+00
5.331606676592422822e+00
5.259683191757536846e+00
5.025533023903684615e+00
4.929897710545366962e+00
4.860148760240189603e+00
4.814050642473308272e+00
4.656424430921720869e+00
4.607942661191916756e+00
4.417501395965587108e+00
4.376436783290756694e+00
4.266199745691154455e+00
4.178010693945267029e+00
4.094629792588836636e+00
4.031728047250989988e+00
3.976382333914619149e+00
3.907616926772302879e+00
3.809615375320206443e+00
3.767309428386310000e+00
3.676468331371543830e+00
3.667834490585185403e+00
3.492182077392410378e+00
3.465756394483032299e+00
3.360522647320956846e+00
3.320705963317229781e+00
3.298152795277693450e+00
3.181605924976744326e+00
3.150384909047917237e+00
3.071618049108920001e+00
3.033551711834238773e+00
2.994330738066797615e+00
2.876453178495982144e+00
2.776506679489428198e+00
2.762036841766462469e+00
2.727509030095658815e+00
2.666309074321879358e+00
2.551178274912551114e+00
2.455764896741266856e+00
2.432989669140737998e+00
2.368066796588083722e+00
2.321843942215291001e+00
2.251217657894478918e+00
2.165239175570389474e+00
2.165016494073147779e+00
2.130089557258181276e+00
1.955677178913752368e+00
1.954914091164150269e+00
1.852846230159527208e+00
1.806281255742950398e+00
1.707841848965028442e+00
1.648302518671212358e+00
1.614747769806993638e+00
1.555717707415805062e+00
1.536867768275505419e+00
1.497497220913626803e+00
1.423007074762457025e+00
1.265902803384416186e+00
1.240096565064049416e+00
1.217218952282624889e+00
1.119275402504323891e+00
1.093002628275295152e+00
1.050944080820199078e+00
9.917737301281915885e-01
9.537733634947779260e-01
9.058768598358857282e-01
8.136224697721914367e-01
8.077756659546307949e-01
7.224806899020433937e-01
5.970773787958961742e-01
5.730780066089058433e-01
4.026065145918177324e-01
3.996204810384447192e-01
3.305495818682144815e-01
2.581539055826139739e-01
2.342113021656229976e-01
1.360129417548018027e-01
8.752384213785562028e-02
5.265231171744583910e-02
2.628595408077357212e-02
