# Singular values
2.640333940146396685e+02
7.860702441628885140e+01
6.463285676056544560e+01
5.725998003013236826e+01
4.673189160564061950e+01
3.968683335513931354e+01
3.173620975585740211e+01
2.775228058961136313e+01
2.535501399228567720e+01
2.302091906955572753e+01
2.234204591378982130e+01
2.058248845397626070e+01
2.057330882076361434e+01
1.956118007559921423e+01
1.811615917282158250e+01
1.803539506170450579e+01
1.716629527567947378e+01
1.687653714623710144e+01
1.618109621880230264e+01
1.587599910847656481e+01
1.522461251370106083e+01
1.520521599899058351e+01
1.504346274727797272e+01
1.463704153609764802e+01
1.448213680859378094e+01
1.419210818170065203e+01
1.409478895985681568e+01
1.397914209562661725e+01
1.362623771686545382e+01
1.356755711167782330e+01
1.341519414703428481e+01
1.327456997369080938e+01
1.314975215233814332e+01
1.309011054830734722e+01
1.307494790033683252e+01
1.295402707544304022e+01
1.291886311430939571e+01
1.282539051338867253e+01
1.277382140122609400e+01
1.265808812871445177e+01
1.264709624829942847e+01
1.250041484004268888e+01
1.248701978691976322e+01
1.238022182402091609e+01
1.223172851313266563e+01
1.210710051139583321e+01
1.208276196094407240e+01
1.201392847105572059e+01
1.192743487580354333e+01
1.180312555052489820e+01
1.169965113986776650e+01
1.160109077637459052e+01
1.154260396597466709e+01
1.154026719932048728e+01
1.143747783109249028e+01
1.134691380013455486e+01
1.129262233093446710e+01
1.128396499674862064e+01
1.120450748010660647e+01
1.119256654057815226e+01
1.111266462543501454e+01
1.108558538270021110e+01
1.108025093873440525e+01
1.096325659788282714e+01
1.094143191016670791e+01
1.092279959560506697e+01
1.084459318852867149e+01
1.071033470326126924e+01
1.070988129373158415e+01
1.054179175216456699e+01
1.053172514704875518e+01
1.046790678882491932e+01
1.042775908817714381e+01
1.040950105944255810e+01
1.032297865687076133e+01
1.022903670353947270e+01
1.022745504923623194e+01
1.010825433070611545e+01
1.006420019288721335e+01
1.000668905285419719e+01
1.000174934515399983e+01
9.969775299043401873e+00
9.914853477527419301e+00
9.895041346093092827e+00
9.833316946506386103e+00
9.767178106697578244e+00
9.678179153453411843e+00
9.674280463064414803e+00
9.624508705972402822e+00
9.613673184376558822e+00
9.573191091861957602e+00
9.490259206714176443e+00
9.446571743799630383e+00
9.422383531847209781e+00
9.412101394514703401e+00
9.365206345857885140e+00
9.314862721661993916e+00
9.313781894360211311e+00
9.294597769988389047e+00
9.251122562240679414e+00
9.199785941448341831e+00
9.171852269158279114e+00
9.092970237831554670e+00
9.068495157623919667e+00
9.048332477705040233e+00
9.009001714704231389e+00
8.933768401774633716e+00
8.897820395522138881e+00
8.876187761246500330e+00
8.796706278951731406e+00
8.710645273512712450e+00
8.708124436527526768e+00
8.683550255830283504e+00
8.667888172362077981e+00
8.644687043750101552e+00
8.566673421923615805e+00
8.447771127573245664e+00
8.433849249382433300e+00
8.398351241884052243e+00
8.362353910399976442e+00
8.337974236442912357e+00
8.326974150312370426e+00
8.311917211989630516e+00
8.291196990433116198e+00
8.242994793733956271e+00
8.201881916154748708e+00
8.150062747355702797e+00
8.130221574775022830e+00
8.114405121570962720e+00
8.051965854930900335e+00
8.044172761047532205e+00
8.003432314090487054e+00
7.941771415663277267e+00
7.926781134519556460e+00
7.882597687151027266e+00
7.874369464567296362e+00
7.801171393286049138e+00
7.759394851543853555e+00
7.737307942509208836e+00
7.718093197795184324e+00
7.659713181746403698e+00
7.653356544221669111e+00
7.621610631864804475e+00
7.538332744343001934e+00
7.531532694632876890e+00
7.498756008247771554e+00
7.478009713326264851e+00
7.449950777054452189e+00
7.418361123575905935e+00
7.384077085120278383e+00
7.304656632217117362e+00
7.299359066037862220e+00
7.290368608368596348e+00
7.210253388738154356e+00
7.201071941593824910e+00
7.147937139269688878e+00
7.137719441871509751e+00
7.111807374713028373e+00
7.110540409058105915e+00
7.109439839829115648e+00
7.084093010424904691e+00
7.051342718382302976e+00
7.032748550471067617e+00
6.953086116501488334e+00
6.951077218343736597e+00
6.945879171051053014e+00
6.902475750613677796e+00
6.873767209544696222e+00
6.835989179237787816e+00
6.788136659078055857e+00
6.703930623562034619e+00
6.681526071777226683e+00
6.656043200684866434e+00
6.626003485578947583e+00
6.617574763410711824e+00
6.560128269601321449e+00
6.559318585730786744e+00
6.508237338907031599e+00
6.492021604122276912e+00
6.465414315773485576e+00
6.456889392419179252e+00
6.435330813760644197e+00
6.393119806508968495e+00
6.392904090353951574e+00
6.338061566496825172e+00
6.323945634899071244e+00
6.317994574974700406e+00
6.274747508576941968e+00
6.226830296058094127e+00
6.193560735877056800e+00
6.168999469505802580e+00
6.145871270510618878e+00
6.145426138455247767e+00
6.099001609917958255e+00
6.057045163234145768e+00
6.045125196149151670e+00
5.987455882543823549e+00
5.981704389050385373e+00
5.940178847467511680e+00
5.924413066015202567e+00
5.916532728004232133e+00
5.901235861184280118e+00
5.856139471497326277e+00
5.824013794298867452e+00
5.732392292616117047e+00
5.717119455147634532e+00
5.712054215543846958e+00
5.681093125937628940e+00
5.663452254307672185e+00
5.620668928583297586e+00
5.613855727921259309e+00
5.582687076103209023e+00
5.577613361848200668e+00
5.519646463757417187e+00
5.480721424274762832e+00
5.462711924060307034e+00
5.394988376377883199e+00
5.391224238798614898e+00
5.381525812721843494e+00
5.370728291307870883e+00
5.312710737465748956e+00
5.306553256000229091e+00
5.281423010003083007e+00
5.219426986550383951e+00
5.213733986097188300e+00
5.179315809509551727e+00
5.137075147486646287e+00
5.122466050893724976e+00
5.104665247158497010e+00
5.066289517472071680e+00
5.042260284097697998e+00
5.019450628927072167e+00
4.993856600491563213e+00
4.960960111772776848e+00
4.948462492934810442e+00
4.925160533829118670e+00
4.909841765057421092e+00
4.883256896271017666e+00
4.871007510613353020e+00
4.852752843810645977e+00
4.844493267176724238e+00
4.787560301855254608e+00
4.771465994113044395e+00
4.725654609936834838e+00
4.723774073859384082e+00
4.715108066533499453e+00
4.672308670457272051e+00
4.637033983301551920e+00
4.617864869664773053e+00
4.583605034036495773e+00
4.555715421041509394e+00
4.531977994853667369e+00
4.504546636020685391e+00
4.476377959726670852e+00
4.462947015566302689e+00
4.427170982867520976e+00
4.421387765956594329e+00
4.375961360673664480e+00
4.357186861995996807e+00
4.309230821856527172e+00
4.305035513124354729e+00
4.264989420628094052e+00
4.262253442223260969e+00
4.237193461845517817e+00
4.225310184175024908e+00
4.201924919049538687e+00
4.197561380153829624e+00
4.162540991100700971e+00
4.094146424018362929e+00
4.075420627223657277e+00
4.053457090244256378e+00
4.011044481140871198e+00
4.003687613372444609e+00
3.965117203928652412e+00
3.946881383464380555e+00
3.937463116784515105e+00
3.875290437898857299e+00
3.838440017209239219e+00
3.827690342870067930e+00
3.795845908061132423e+00
3.764559915913300081e+00
3.723316503995972138e+00
3.712865397253060529e+00
3.675383507912305614e+00
3.651145644946802271e+00
3.621639024760377357e+00
3.610501394165045230e+00
3.580059552246176668e+00
3.551985116806779530e+00
3.532831335405871354e+00
3.530838380532969278e+00
3.490360777769473621e+00
3.482327978678038782e+00
3.433297040945129108e+00
3.421921463043557043e+00
3.375264596241726700e+00
3.372511303472274680e+00
3.321612205961240072e+00
3.311328086552953298e+00
3.281767833589605665e+00
3.240634394953405550e+00
3.239601645727414603e+00
3.202193923341010162e+00
3.186041922053591602e+00
3.149078259045311246e+00
3.145511440932642788e+00
3.140627079342664718e+00
3.118809973720788165e+00
3.107388895398936590e+00
3.052667392394806445e+00
3.013325528311799228e+00
2.999562145071207553e+00
2.990579069636374765e+00
2.983693536796486967e+00
2.977207394727420464e+00
2.953937869694323037e+00
2.931669284890600746e+00
2.898424771657098997e+00
2.894096918140455887e+00
2.835257852923577016e+00
2.825400187772003413e+00
2.800345535469485725e+00
2.769818930708801030e+00
2.748354108459248657e+00
2.716636290392552056e+00
2.709481858418160805e+00
2.706922795112021163e+00
2.639774545345006995e+00
2.633473731928007933e+00
2.622946902224175592e+00
2.610570104860079343e+00
2.588291315821568350e+00
2.536748529639024419e+00
2.534705881361075885e+00
2.529919110607956156e+00
2.469216972680878808e+00
2.454433953997013251e+00
2.443189214321890290e+00
2.408763985948604081e+00
2.386357603554197127e+00
2.370142956775128873e+00
2.363156764281253430e+00
2.328202594481217691e+00
2.301001909235503629e+00
2.295040484238737744e+00
2.243697728125603863e+00
2.231481752560315890e+00
2.191266216661265975e+00
2.190144080357971923e+00
2.177799301318962044e+00
2.126197402650076285e+00
2.093599953870231012e+00
2.080008289247122999e+00
2.078317517721553376e+00
2.066732734624983081e+00
2.023983473463771610e+00
2.023712340793997644e+00
1.998558448001230836e+00
1.959629277142475923e+00
1.913959799357028757e+00
1.892935893593924002e+00
1.879918142986755747e+00
1.866162830739028555e+00
1.856071795499559363e+00
1.831259672659202531e+00
1.806697751791229267e+00
1.795054240439778681e+00
1.735014335696398069e+00
1.734811152114217103e+00
1.707407309270555507e+00
1.704687508004331109e+00
1.678549286817077268e+00
1.653352426912142459e+00
1.584494606231380720e+00
1.572615119508700809e+00
1.562692462777276470e+00
1.531563745922163156e+00
1.503578324121136900e+00
1.502739496054440016e+00
1.477355819396641401e+00
1.452355738799544937e+00
1.421820018975755051e+00
1.378879373246354900e+00
1.358684792933848140e+00
1.351769126009859212e+00
1.325718184676790257e+00
1.304479282832786025e+00
1.273066188642351548e+00
1.263540345106236362e+00
1.237607738725958528e+00
1.211850098272164722e+00
1.204499669763557268e+00
1.167190154081652720e+00
1.165550619361478413e+00
1.134357542993397416e+00
1.118707793503186165e+00
1.083530710851752232e+00
1.061421953592882383e+00
1.034572683103818669e+00
1.017641872759665667e+00
1.007269259660566796e+00
1.000000000000000666e+00
1.000000000000000222e+00
9.833178474873294217e-01
9.647759380963155662e-01
9.463217764859130909e-01
9.389692890843378548e-01
9.337055404772521827e-01
8.917342161000230139e-01
8.812248324668522370e-01
8.496742562332140203e-01
8.082492677992106911e-01
7.840178491352963741e-01
7.545859055084376266e-01
7.502289602517250300e-01
7.406621998635078974e-01
7.292758054581544025e-01
6.800681252034803670e-01
6.649397296875118046e-01
6.555549520452067513e-01
6.455647409122622360e-01
5.995282889035166152e-01
5.984500726281885008e-01
5.797841082373772492e-01
5.550334776288017302e-01
5.350790853211307985e-01
5.172898079170884511e-01
4.980264610067333120e-01
4.781777055084037720e-01
4.401932891674011361e-01
4.241929917928393134e-01
3.989825815703612610e-01
3.758319519542184795e-01
3.631604921789439167e-01
3.472657095294408025e-01
3.116242696535785339e-01
2.691051900867759139e-01
2.483786624629902851e-01
2.165014553390904595e-01
2.098844092188689447e-01
1.861841976062645065e-01
1.798011611363669604e-01
1.655608891628315427e-01
1.281792527196070619e-01
9.933787610677780044e-02
8.930612421485442654e-02
5.407944118887229867e-02
2.585604907152840720e-02
8.828789682226906993e-03
