# Singular values
1.564438401088711927e+01
1.408575448973447664e+01
1.145861302727318787e+01
1.040894181806604557e+01
8.669607193618011465e+00
8.121118725084345513e+00
7.257071256712700702e+00
6.954578149602874682e+00
6.619192752037871941e+00
6.277993553499920942e+00
6.182654971083898054e+00
6.011683211316287689e+00
5.911561880025354654e+00
5.733251033228426330e+00
5.626721986878043147e+00
5.324335343508484364e+00
5.162820069536243395e+00
5.004763445737281380e+00
4.934923589269997635e+00
4.831677086831611234e+00
4.764986181269574850e+00
4.760897983996792426e+00
4.631127084207664169e+00
4.612151668187297382e+00
4.478237718763181441e+00
4.462556743739936493e+00
4.359840524824128316e+00
4.330819450286774064e+00
4.259268226350921616e+00
4.223481319438818105e+00
4.137642983047945755e+00
4.111649724281649654e+00
4.091759111213452371e+00
3.972679429146920072e+00
3.933665142496010070e+00
3.883739567640810630e+00
3.875725293302175523e+00
3.860492999926361080e+00
3.840210584208133326e+00
3.808974296959316330e+00
3.741038685546985931e+00
3.738078943818879729e+00
3.586877398413386153e+00
3.576239842893699006e+00
3.540121430465471342e+00
3.537966400317502647e+00
3.485403235649126241e+00
3.473566977950821144e+00
3.410494892647169429e+00
3.402298751605430827e+00
3.345896830349598172e+00
3.327565154772263334e+00
3.291493429263967929e+00
3.245454103770721410e+00
3.207978924564871104e+00
3.086592945076093830e+00
3.063094602287114387e+00
3.046143180808286832e+00
2.999389326912884624e+00
2.951744951376951587e+00
2.914161117297319414e+00
2.857730550716917506e+00
2.820615168938187978e+00
2.762154657206011166e+00
2.751274101966402874e+00
2.724542844833230060e+00
2.698778450523611205e+00
2.693658442374062378e+00
2.653695587891902630e+00
2.646516418636707613e+00
2.601466129846960573e+00
2.587606860999701386e+00
2.574708858469192396e+00
2.568530513558059170e+00
2.544487676210627214e+00
2.540777895559702682e+00
2.516525162986772646e+00
2.486980959107908173e+00
2.441296953456242758e+00
2.429703147623480053e+00
2.388496755721559506e+00
2.301681587092173853e+00
2.263529234587734251e+00
2.260058932051884462e+00
2.236563544879552889e+00
2.227419066047438445e+00
2.223970452493936989e+00
2.207806162406033668e+00
2.175030219348331961e+00
2.157882943334090697e+00
2.139084039282790339e+00
2.107581633063564830e+00
2.083612163869990042e+00
2.054257164348377351e+00
2.040218777664903449e+00
2.017318343554800109e+00
2.011556139970110735e+00
2.000000000000000444e+00
2.000000000000000444e+00
1.995884777596353743e+00
1.984596105287794510e+00
1.980185469786371888e+00
1.959675087543658822e+00
1.949298748675951876e+00
1.942414814439567650e+00
1.919979217724826492e+00
1.915466127323875778e+00
1.887233581875235933e+00
1.881271404904783617e+00
1.829229135814702145e+00
1.780604459997955358e+00
1.773643665585741491e+00
1.755362430826280074e+00
1.730670299254223998e+00
1.719333144715077255e+00
1.718905620295963166e+00
1.666496320314291957e+00
1.664693928896374020e+00
1.656781215066916335e+00
1.622816216700238900e+00
1.615128110857673605e+00
1.603154754035618801e+00
1.590547335826024256e+00
1.570924526905505658e+00
1.560890863703437104e+00
1.515506249727502475e+00
1.499421347403578020e+00
1.446297952633276651e+00
1.422068535759471564e+00
1.418663969069036357e+00
1.407042175655284888e+00
1.393281011068592257e+00
1.375985117652833933e+00
1.367923705019186364e+00
1.353368120398437568e+00
1.330433233002682680e+00
1.327020848768707184e+00
1.317310412969979749e+00
1.257224499647049631e+00
1.255279770363295411e+00
1.248186317162035763e+00
1.226003178870008314e+00
1.213347526018186295e+00
1.196337960614052953e+00
1.166794026148013863e+00
1.165532947286255450e+00
1.145050345552523385e+00
1.109126838030969342e+00
1.107610512431677963e+00
1.101395007628459100e+00
1.083177781908867265e+00
1.081038344395114814e+00
1.073567926614241053e+00
1.073433463183377512e+00
1.052121581655764082e+00
1.042162149508960578e+00
1.022026062360266829e+00
1.017363211899486197e+00
1.013621060167759547e+00
1.000000000000000000e+00
9.999999999999998890e-01
9.999999999999998890e-01
9.999999999999998890e-01
9.999999999999998890e-01
9.999999999999998890e-01
9.999999999999996669e-01
9.999999999999995559e-01
9.999999999999995559e-01
9.999999999999995559e-01
9.999999999999992228e-01
9.989703984424848082e-01
9.861000574293636856e-01
9.764761982072698299e-01
9.738608953444247707e-01
9.676312781977152166e-01
9.660825862408114473e-01
9.543130872474259174e-01
9.395280914375215842e-01
9.326308617862999473e-01
9.118783531335535875e-01
9.040745254067195091e-01
8.997885331338266734e-01
8.953622905075067084e-01
8.888174288078226626e-01
8.767917980435380176e-01
8.601797678685993986e-01
8.595923146556528893e-01
8.492566185642225207e-01
8.266960554242135384e-01
8.152352577583088511e-01
7.923112184095792987e-01
7.867260036893030106e-01
7.728788819360568052e-01
7.521508522889321924e-01
7.477292566035970145e-01
7.252721793931569128e-01
7.076109418439852083e-01
6.878639085534793418e-01
6.847908201853789567e-01
6.756846394925358767e-01
6.674018941994478427e-01
6.599872825032250256e-01
6.370646424190352652e-01
6.337825178202324272e-01
5.975668050606223192e-01
5.966481535397332170e-01
5.849402889214526668e-01
5.659600048571425956e-01
5.600008875182060919e-01
5.444261138560253510e-01
5.357474328052240775e-01
5.094567513444734352e-01
4.971529774646719080e-01
4.694921942882771537e-01
4.584016444249833233e-01
4.582329221043378586e-01
4.434844417660027127e-01
4.368139700919540513e-01
4.185394312466284572e-01
4.057353426693866560e-01
4.009157756549233120e-01
3.781445885076468727e-01
3.641741269394084823e-01
3.481625302438378089e-01
3.418410230283262519e-01
3.216642617255638936e-01
3.105400319439342582e-01
3.100134865561425812e-01
3.009502322503272431e-01
2.952064879723496627e-01
2.917813826113405673e-01
2.801923503066157117e-01
2.787909762039173511e-01
2.670698103895375874e-01
2.591590851229357284e-01
2.446544216538573124e-01
2.291052367154714775e-01
2.259728347733264975e-01
2.163472908142962114e-01
2.027006725753740524e-01
1.982790375719001019e-01
1.906502031808601783e-01
1.809256191121334789e-01
1.660475057403354715e-01
1.591340182634290723e-01
1.369700887220381968e-01
1.236546699187545673e-01
1.034435474107224112e-01
1.007519920197200575e-01
9.434599409719482410e-02
7.040611798259677201e-02
4.196649162825166063e-02
2.860087069845599489e-02
