# Singular values
4.464200366012576069e+02
2.448122923036255827e+02
1.716183885725365883e+02
1.318751205696778754e+02
1.317349774205466701e+02
8.905166035802326974e+01
7.945910322620210309e+01
7.692281101051534620e+01
7.247519479597261238e+01
7.097892513066261699e+01
6.813023741352088791e+01
6.668177366707249121e+01
6.189113856458182994e+01
5.295894902003001192e+01
5.153813440781534183e+01
5.100410789726814897e+01
4.653779258369900873e+01
4.235909565396050169e+01
4.155326462038283353e+01
4.049772773642420276e+01
4.024404667737005070e+01
3.986182168771074430e+01
3.785149651281652439e+01
3.713773781598211343e+01
3.509976344051624153e+01
3.458705226142757283e+01
3.404740895106457543e+01
3.355433376815192048e+01
3.256571402293942441e+01
3.164445921475109813e+01
3.088885106888822207e+01
2.966980522129122022e+01
2.812858122712956543e+01
2.786339800712272918e+01
2.740004436535515708e+01
2.731567434943005779e+01
2.700985196445074621e+01
2.607805472374056066e+01
2.514032908337496508e+01
2.485579863747324225e+01
2.451166199228504539e+01
2.439364719348871091e+01
2.414589782342878266e+01
2.354905295138488697e+01
2.353895665650258806e+01
2.301435217980703385e+01
2.255945763477355825e+01
2.227129849092023761e+01
2.226175008166294589e+01
2.186640392778388886e+01
2.157694742659689879e+01
2.154667793507071494e+01
2.116773389299489239e+01
2.091212232783828995e+01
2.083754428005023840e+01
2.063266554480521364e+01
2.034000718051114376e+01
1.973914542913751902e+01
1.965479731224004922e+01
1.955619400615216463e+01
1.938134163074426297e+01
1.890633345503652052e+01
1.877821142552428668e+01
1.867464238227526963e+01
1.851712956868774995e+01
1.843253611566463945e+01
1.832927108687765028e+01
1.748675381477168500e+01
1.748316878577623257e+01
1.735074249898479692e+01
1.724851589823969178e+01
1.704169325235241317e+01
1.666901604516447222e+01
1.663143136661097188e+01
1.635108807771887385e+01
1.628628263951269872e+01
1.594562985783650788e+01
1.577344371599244610e+01
1.576620100915019584e+01
1.534775079514218277e+01
1.525030683944219589e+01
1.506835026170692693e+01
1.492661374459006396e+01
1.471759064433543251e+01
1.438917462200517328e+01
1.410341380023427504e+01
1.400000000000001954e+01
1.400000000000000355e+01
1.396258585069676528e+01
1.386091103420013226e+01
1.377125905971150743e+01
1.367097535394980135e+01
1.348262252381252146e+01
1.330186414662160743e+01
1.325672441607638774e+01
1.319874909953494857e+01
1.301651011064445740e+01
1.298973105579452536e+01
1.281933077140517518e+01
1.250747879193041001e+01
1.236009965008296874e+01
1.226590077994267602e+01
1.204581085193914625e+01
1.191919791982804000e+01
1.172688329749062497e+01
1.168866007397626916e+01
1.160907094631830105e+01
1.153099462987235668e+01
1.151414764219246045e+01
1.144808468418354153e+01
1.135179038829497955e+01
1.113477638395392155e+01
1.092158888534457795e+01
1.079572441402947014e+01
1.068478055311793717e+01
1.050920211146785910e+01
1.047316829864507781e+01
1.023876946678715782e+01
1.011273057569140477e+01
1.004362251620247193e+01
9.979662382286635491e+00
9.935918342906893130e+00
9.833250911682611672e+00
9.779518530119865716e+00
9.776896023185623008e+00
9.601698939612015593e+00
9.529964028967137679e+00
9.503302420009699603e+00
9.385373077027587385e+00
9.360300847655960155e+00
9.158329797865508937e+00
9.103724921185088803e+00
9.040475838605674497e+00
9.013584658670300342e+00
8.805843722684977948e+00
8.784832342851318643e+00
8.711725320499388303e+00
8.614776984017542105e+00
8.580758330720993143e+00
8.516369797926575558e+00
8.383977510865024740e+00
8.347916832678732746e+00
8.195710549495725417e+00
8.011585346365212246e+00
8.007729406919056103e+00
8.003670106792210248e+00
7.912363849441497621e+00
7.828416681593378890e+00
7.795648508582528002e+00
7.667578847792285934e+00
7.591685489244654583e+00
7.451567737479137143e+00
7.404287954165255314e+00
7.336134169231524282e+00
7.304382448432658492e+00
7.226129220213990401e+00
7.014238462696799736e+00
6.949878481141982256e+00
6.916325692504098122e+00
6.834372246377680149e+00
6.826552010457318964e+00
6.777762277652921163e+00
6.695132614532034232e+00
6.670391583999339957e+00
6.492488625895824761e+00
6.467641594933234650e+00
6.384795100925932942e+00
6.344708689550345504e+00
6.320573342768741831e+00
6.265224145471338879e+00
6.143402511757266815e+00
5.947716069261040239e+00
5.915508183407085063e+00
5.875333950133770244e+00
5.864426656586665842e+00
5.794999294424257208e+00
5.729880897343448964e+00
5.634938024269335877e+00
5.554398089530216964e+00
5.532528416172267427e+00
5.496266147199450280e+00
5.390926979192242285e+00
5.350328835097120539e+00
5.256922923240813006e+00
5.190971241666303193e+00
5.178926287134428819e+00
5.164029320371571252e+00
5.061814980089784477e+00
4.996920881488141397e+00
4.938743761657022446e+00
4.898934635684851990e+00
4.879059612437576021e+00
4.795817346134676917e+00
4.757148079371867233e+00
4.650138976708552363e+00
4.644605798213136794e+00
4.555849803057742342e+00
4.457378554299523010e+00
4.437833547971028025e+00
4.398750527743962024e+00
4.360954317252645041e+00
4.268069401103236515e+00
4.168793402623609090e+00
4.113580974703787696e+00
4.086908774799546507e+00
4.030165861375091474e+00
4.000000000000013323e+00
4.000000000000005329e+00
4.000000000000005329e+00
4.000000000000001776e+00
4.000000000000000888e+00
4.000000000000000000e+00
3.999999999999999556e+00
3.999999999999998224e+00
3.999999999999998224e+00
3.999999999999998224e+00
3.999999999999997780e+00
3.999999999999997780e+00
3.999999999999996003e+00
3.958894539404763435e+00
3.923910109636077781e+00
3.920844044260018979e+00
3.908321922261917436e+00
3.693334177609957081e+00
3.682984043807737251e+00
3.653872244968682015e+00
3.617046135105696614e+00
3.445578006361678991e+00
3.442044952610096686e+00
3.430662047078169685e+00
3.348429109875984633e+00
3.306784486695479863e+00
3.218082871504490683e+00
3.129976114214293670e+00
3.095792388711762211e+00
3.066087341236261032e+00
3.029427129933243812e+00
3.025716541949318827e+00
2.950302222921314055e+00
2.927292775819995807e+00
2.878116452564147831e+00
2.814319991318151803e+00
2.758350251335819792e+00
2.737440119208176093e+00
2.722733141017451342e+00
2.669919666587372564e+00
2.634911556082168538e+00
2.601723722620598256e+00
2.519711385885606614e+00
2.452314956281487213e+00
2.442868018399539931e+00
2.412968328364109016e+00
2.326591092423447638e+00
2.295275870599959411e+00
2.259987883338029135e+00
2.219063397764972745e+00
2.195580756424825086e+00
2.111639854674759231e+00
2.041247213982297470e+00
2.034911930710713079e+00
2.000000000000023093e+00
2.000000000000007550e+00
2.000000000000005329e+00
2.000000000000001332e+00
2.000000000000000444e+00
2.000000000000000444e+00
2.000000000000000000e+00
2.000000000000000000e+00
2.000000000000000000e+00
2.000000000000000000e+00
1.999999999999999778e+00
1.999999999999999778e+00
1.999999999999999778e+00
1.999999999999999778e+00
1.999999999999999556e+00
1.999999999999999556e+00
1.999999999999999112e+00
1.999999999999999112e+00
1.999999999999999112e+00
1.999999999999998668e+00
1.999999999999998668e+00
1.999999999999998224e+00
1.999999999999998002e+00
1.999999999999997113e+00
1.999999999999996447e+00
1.999999999999993561e+00
1.999999999999992673e+00
1.999999999999984679e+00
1.999999999999981126e+00
1.999999999999975575e+00
1.997234257485308584e+00
1.987766273502360681e+00
1.972554021197346019e+00
1.921733392357592551e+00
1.911625567362379430e+00
1.884432074501042331e+00
1.868160854221730283e+00
1.784281931036171942e+00
1.783391227152749892e+00
1.656132010764617801e+00
1.560327643904807937e+00
1.542201222910423386e+00
1.516450933259742673e+00
1.494968513432442858e+00
1.466324307998702503e+00
1.392895525726527639e+00
1.383730665708571728e+00
1.335993297375600797e+00
1.225103872394363469e+00
1.203369025689314809e+00
1.202554324305217470e+00
1.168049837058599882e+00
1.074207742623654926e+00
1.063373052291609167e+00
1.019879263026267413e+00
9.728449228323785558e-01
8.629218254990954629e-01
8.432479013502136578e-01
7.314609736970801857e-01
6.591803441676299391e-01
6.586777403698133027e-01
6.171561179772149242e-01
6.135850330853531709e-01
5.659963274012437262e-01
5.427407790835480084e-01
4.748831282184052816e-01
4.272970742007329847e-01
4.040996034033207396e-01
4.011049435716262934e-01
3.881650286726421872e-01
3.454949596423326774e-01
3.283233795094220309e-01
2.426684459319026488e-01
2.136267110316562301e-01
1.591875058591234737e-01
1.437285367493193189e-01
1.419274395846742420e-01
1.002888903604484683e-01
6.460868641393263667e-02
4.621883453632553290e-02
2.898898752674053739e-02
8.657069398755393164e-03
7.355040252355759742e-03
3.303528766791884348e-03
