# Singular values
5.272455387984091431e+02
2.733474389332664600e+02
1.568731715428527025e+02
8.078368811188462928e+01
7.259984980464943760e+01
6.065273508201386932e+01
4.792020603767270615e+01
4.636478106584416992e+01
4.273374728594576766e+01
4.112260500506718586e+01
4.010176500599323646e+01
3.601441571799799135e+01
3.516623407685859348e+01
3.412920183948507713e+01
3.274264612177987033e+01
3.045130105542457244e+01
2.917159110751703111e+01
2.666461269877407858e+01
2.365983623673819380e+01
2.284459050944126801e+01
2.232963992167366030e+01
2.131306096062604993e+01
1.987492754097370451e+01
1.952110414516324610e+01
1.945540582833139709e+01
1.714661136402300556e+01
1.630127442327766474e+01
1.575756656841077152e+01
1.541455397579476738e+01
1.497239846084421799e+01
1.474565651598994975e+01
1.417424651941305669e+01
1.366160087558712455e+01
1.365509004377367575e+01
1.250694067771552476e+01
1.239548764963653404e+01
1.189516803618582586e+01
1.178607882451090738e+01
1.128717474453351244e+01
1.085873284737870215e+01
1.054195302021426173e+01
1.037379072373039968e+01
1.017281186000815651e+01
1.010702218251009832e+01
9.909694738749927012e+00
9.797409873577382911e+00
9.642645365064009155e+00
9.470040942658682681e+00
9.193871286368116458e+00
8.451213888675985331e+00
8.379581364140097577e+00
8.171953138891234758e+00
7.827632072900946092e+00
7.345190175105813069e+00
7.258219941335757319e+00
7.193828740243196407e+00
7.105941346937285630e+00
7.002674837505384886e+00
6.999938927683045264e+00
6.947166056617364305e+00
6.910050972904460131e+00
6.665525402549246969e+00
6.632010552219220756e+00
6.484739625440286481e+00
6.095357989820201716e+00
5.926197707187955466e+00
5.833795602012441073e+00
5.469950850393551001e+00
5.269299397223379700e+00
5.130510434958306831e+00
5.019444878651519559e+00
5.001496881826064111e+00
4.999999999999947597e+00
4.879223956145359864e+00
4.667961933544185094e+00
4.485524793845459435e+00
4.419901139252442768e+00
4.292345635330762299e+00
4.189501277529363854e+00
4.144277269430288513e+00
4.127612716376384938e+00
4.071043899410115685e+00
4.033405864226682347e+00
4.023180862377345512e+00
4.002367264403270397e+00
4.000000000000007994e+00
4.000000000000004441e+00
3.999999999999993339e+00
3.999999999999992450e+00
3.998845720082653266e+00
3.991285837589991115e+00
3.974074278255979031e+00
3.963429324240545171e+00
3.953799840285547873e+00
3.917751282792683032e+00
3.860523882116120742e+00
3.812780485366550121e+00
3.785358124979498307e+00
3.724504455171801176e+00
3.689605758368738719e+00
3.680949092883838869e+00
3.606146033001648377e+00
3.536934186925322798e+00
3.477207205372121024e+00
3.432892874784920334e+00
3.355718877004788325e+00
3.298340547850016957e+00
3.253705482859199360e+00
3.249692747907881873e+00
3.232835903601241068e+00
3.210859110975432973e+00
3.198929045758555745e+00
3.179586801558734077e+00
3.179586801558731413e+00
3.147052446103042467e+00
3.136324683337969876e+00
3.078817437349095076e+00
3.042344492977084869e+00
3.011192040103320533e+00
3.010058855816199141e+00
3.000914675153318889e+00
3.000000000000005329e+00
3.000000000000004441e+00
3.000000000000003109e+00
3.000000000000003109e+00
3.000000000000002665e+00
3.000000000000001332e+00
3.000000000000000000e+00
2.999999999999997335e+00
2.999999999999992006e+00
2.998041876347833146e+00
2.996896147093232265e+00
2.995286554901244624e+00
2.991000688524796391e+00
2.982688624786871134e+00
2.970068313431194706e+00
2.951187729671335802e+00
2.909953038924360413e+00
2.876371813411186196e+00
2.864733803520747912e+00
2.841687466730366207e+00
2.833875243438376934e+00
2.777723076239754008e+00
2.730352664525177886e+00
2.696526357665415041e+00
2.632618822552666327e+00
2.618148813090921845e+00
2.588622612523583388e+00
2.535004820795574876e+00
2.523247861402078573e+00
2.485374996511842127e+00
2.451431195623158921e+00
2.439414777874886031e+00
2.360990726216629643e+00
2.274483898604025889e+00
2.258853894889176761e+00
2.241290218998377881e+00
2.236067977499788473e+00
2.235337476446635829e+00
2.226138766029895688e+00
2.215009780487106283e+00
2.182321368457321054e+00
2.154572050281163609e+00
2.121687258149141719e+00
2.107817316674810204e+00
2.074313293051944118e+00
2.065685341570707489e+00
2.050430948494629479e+00
2.028696321759803300e+00
2.015787376435873135e+00
2.011351389601411022e+00
2.001771990318365724e+00
2.000000000000436984e+00
2.000000000000023093e+00
2.000000000000007550e+00
2.000000000000005329e+00
2.000000000000003997e+00
2.000000000000002665e+00
2.000000000000002220e+00
2.000000000000001776e+00
2.000000000000001776e+00
2.000000000000001776e+00
2.000000000000001776e+00
2.000000000000001776e+00
2.000000000000001332e+00
2.000000000000000888e+00
2.000000000000000888e+00
2.000000000000000444e+00
2.000000000000000444e+00
2.000000000000000444e+00
2.000000000000000000e+00
2.000000000000000000e+00
2.000000000000000000e+00
2.000000000000000000e+00
1.999999999999999556e+00
1.999999999999999556e+00
1.999999999999999556e+00
1.999999999999998890e+00
1.999999999999998890e+00
1.999999999999998890e+00
1.999999999999998668e+00
1.999999999999998668e+00
1.999999999999998224e+00
1.999999999999998002e+00
1.999999999999997558e+00
1.999999999999997558e+00
1.999999999999996891e+00
1.999999999999996891e+00
1.999999999999996003e+00
1.999999999999995559e+00
1.999999999999994671e+00
1.999999999999989342e+00
1.999999999999987343e+00
1.999999999999984901e+00
1.999602729874399687e+00
1.998773276439837376e+00
1.995933598575314161e+00
1.994409659801961165e+00
1.989346793761068932e+00
1.985499130807991230e+00
1.983063128222211535e+00
1.970596999973445396e+00
1.959277183994501126e+00
1.953404503307809792e+00
1.945717065475994545e+00
1.936642011082209569e+00
1.918260156854954435e+00
1.905939623178900089e+00
1.890844983279035940e+00
1.857062401587306733e+00
1.841107853734200495e+00
1.784855037441960945e+00
1.767471699273115426e+00
1.741639299148699971e+00
1.710788411105609752e+00
1.681380149091122878e+00
1.669150800081808494e+00
1.620247875184272601e+00
1.618033988749903784e+00
1.608023710164213638e+00
1.604157379217657331e+00
1.567484260846840893e+00
1.512758362729701211e+00
1.490165115230864590e+00
1.479315398536377613e+00
1.418469564766854152e+00
1.414617594966989911e+00
1.414213562373096034e+00
1.414213562373096034e+00
1.414213562373096034e+00
1.414213562373096034e+00
1.414213562373095812e+00
1.414213562373095590e+00
1.414213562373094923e+00
1.414213562373094257e+00
1.414213562373094257e+00
1.414213562373075828e+00
1.413489961290882002e+00
1.410781511445515335e+00
1.406083539392395387e+00
1.402667925308542562e+00
1.380762371998881965e+00
1.373704464844593964e+00
1.328833974665962758e+00
1.315336685012432838e+00
1.270190119747369950e+00
1.255966510383477841e+00
1.235545920893486915e+00
1.224994138957024914e+00
1.192114354349961713e+00
1.183350962425801844e+00
1.166296838951687009e+00
1.155075679211359230e+00
1.139351877155966086e+00
1.123790239025783233e+00
1.061723412089381258e+00
1.048222444089582206e+00
1.037772836456888337e+00
1.021985760634584572e+00
1.015891120694985217e+00
1.008585951925847768e+00
1.004390302250515177e+00
1.000582273945570533e+00
1.000000000000054179e+00
1.000000000000029532e+00
1.000000000000021538e+00
1.000000000000020206e+00
1.000000000000014433e+00
1.000000000000009326e+00
1.000000000000008882e+00
1.000000000000007105e+00
1.000000000000006439e+00
1.000000000000005551e+00
1.000000000000005107e+00
1.000000000000004663e+00
1.000000000000004663e+00
1.000000000000004663e+00
1.000000000000004219e+00
1.000000000000003997e+00
1.000000000000003997e+00
1.000000000000003997e+00
1.000000000000003775e+00
1.000000000000003553e+00
1.000000000000003331e+00
1.000000000000003331e+00
1.000000000000003331e+00
1.000000000000003109e+00
1.000000000000002887e+00
1.000000000000002887e+00
1.000000000000002887e+00
1.000000000000002665e+00
1.000000000000002442e+00
1.000000000000002442e+00
1.000000000000002442e+00
1.000000000000002220e+00
1.000000000000001998e+00
1.000000000000001998e+00
1.000000000000001998e+00
1.000000000000001776e+00
1.000000000000001554e+00
1.000000000000001554e+00
1.000000000000001554e+00
1.000000000000001554e+00
1.000000000000001554e+00
1.000000000000001332e+00
1.000000000000001332e+00
1.000000000000001332e+00
1.000000000000001332e+00
1.000000000000001332e+00
1.000000000000001332e+00
1.000000000000001332e+00
1.000000000000001332e+00
1.000000000000001332e+00
1.000000000000001332e+00
1.000000000000001110e+00
1.000000000000001110e+00
1.000000000000001110e+00
1.000000000000001110e+00
1.000000000000001110e+00
1.000000000000000888e+00
1.000000000000000888e+00
1.000000000000000888e+00
1.000000000000000888e+00
1.000000000000000888e+00
1.000000000000000888e+00
1.000000000000000888e+00
1.000000000000000888e+00
1.000000000000000888e+00
1.000000000000000888e+00
1.000000000000000888e+00
1.000000000000000666e+00
1.000000000000000666e+00
1.000000000000000666e+00
1.000000000000000666e+00
1.000000000000000666e+00
1.000000000000000444e+00
1.000000000000000444e+00
1.000000000000000444e+00
1.000000000000000444e+00
1.000000000000000444e+00
1.000000000000000444e+00
1.000000000000000444e+00
1.000000000000000444e+00
1.000000000000000444e+00
1.000000000000000444e+00
1.000000000000000444e+00
1.000000000000000444e+00
1.000000000000000444e+00
1.000000000000000444e+00
1.000000000000000444e+00
1.000000000000000444e+00
1.000000000000000222e+00
1.000000000000000222e+00
1.000000000000000222e+00
1.000000000000000222e+00
1.000000000000000222e+00
1.000000000000000222e+00
1.000000000000000222e+00
1.000000000000000222e+00
1.000000000000000222e+00
1.000000000000000222e+00
1.000000000000000222e+00
1.000000000000000222e+00
1.000000000000000222e+00
1.000000000000000222e+00
1.000000000000000222e+00
1.000000000000000222e+00
1.000000000000000222e+00
1.000000000000000222e+00
1.000000000000000222e+00
1.000000000000000222e+00
1.000000000000000222e+00
1.000000000000000222e+00
1.000000000000000222e+00
1.000000000000000222e+00
1.000000000000000222e+00
1.000000000000000222e+00
1.000000000000000000e+00
1.000000000000000000e+00
1.000000000000000000e+00
1.000000000000000000e+00
1.000000000000000000e+00
1.000000000000000000e+00
1.000000000000000000e+00
1.000000000000000000e+00
1.000000000000000000e+00
1.000000000000000000e+00
1.000000000000000000e+00
1.000000000000000000e+00
1.000000000000000000e+00
1.000000000000000000e+00
1.000000000000000000e+00
1.000000000000000000e+00
9.999999999999997780e-01
9.999999999999997780e-01
9.999999999999997780e-01
9.999999999999997780e-01
9.999999999999997780e-01
9.999999999999997780e-01
9.999999999999997780e-01
9.999999999999997780e-01
9.999999999999997780e-01
9.999999999999997780e-01
9.999999999999997780e-01
9.999999999999997780e-01
9.999999999999997780e-01
9.999999999999997780e-01
9.999999999999997780e-01
9.999999999999997780e-01
9.999999999999997780e-01
9.999999999999997780e-01
9.999999999999997780e-01
9.999999999999996669e-01
9.999999999999996669e-01
9.999999999999996669e-01
9.999999999999996669e-01
9.999999999999996669e-01
9.999999999999996669e-01
9.999999999999994449e-01
9.999999999999994449e-01
9.999999999999994449e-01
9.999999999999994449e-01
9.999999999999994449e-01
9.999999999999994449e-01
9.999999999999994449e-01
9.999999999999994449e-01
9.999999999999994449e-01
9.999999999999994449e-01
9.999999999999994449e-01
9.999999999999994449e-01
9.999999999999994449e-01
9.999999999999994449e-01
9.999999999999994449e-01
9.999999999999994449e-01
9.999999999999993339e-01
9.999999999999993339e-01
9.999999999999993339e-01
9.999999999999993339e-01
9.999999999999993339e-01
9.999999999999993339e-01
9.999999999999993339e-01
9.999999999999993339e-01
9.999999999999993339e-01
9.999999999999993339e-01
9.999999999999993339e-01
9.999999999999991118e-01
9.999999999999991118e-01
9.999999999999991118e-01
9.999999999999990008e-01
9.999999999999990008e-01
9.999999999999990008e-01
9.999999999999990008e-01
9.999999999999990008e-01
9.999999999999990008e-01
9.999999999999990008e-01
9.999999999999987788e-01
9.999999999999987788e-01
9.999999999999987788e-01
9.999999999999986677e-01
9.999999999999986677e-01
9.999999999999984457e-01
9.999999999999984457e-01
9.999999999999984457e-01
9.999999999999984457e-01
9.999999999999984457e-01
9.999999999999983347e-01
9.999999999999983347e-01
9.999999999999983347e-01
9.999999999999983347e-01
9.999999999999983347e-01
9.999999999999981126e-01
9.999999999999981126e-01
9.999999999999981126e-01
9.999999999999981126e-01
9.999999999999981126e-01
9.999999999999981126e-01
9.999999999999980016e-01
9.999999999999977796e-01
9.999999999999977796e-01
9.999999999999977796e-01
9.999999999999976685e-01
9.999999999999976685e-01
9.999999999999976685e-01
9.999999999999976685e-01
9.999999999999974465e-01
9.999999999999973355e-01
9.999999999999973355e-01
9.999999999999971134e-01
9.999999999999970024e-01
9.999999999999970024e-01
9.999999999999968914e-01
9.999999999999966693e-01
9.999999999999963363e-01
9.999999999999963363e-01
9.999999999999958922e-01
9.999999999999958922e-01
9.999999999999958922e-01
9.999999999999952260e-01
9.999999999999950040e-01
9.999999999999945599e-01
9.999999999999942268e-01
9.999999999999930056e-01
9.999999999999924505e-01
9.999999999999917843e-01
9.999999999999912292e-01
9.999999999999898970e-01
9.999999999999894529e-01
9.999999999999870104e-01
9.999999999999812372e-01
9.999999999999804601e-01
9.999999999999795719e-01
9.999999999999740208e-01
9.999999999999715783e-01
9.999999999999682476e-01
9.999999999999618083e-01
9.999999999999570344e-01
9.999999999999459321e-01
9.996134450982682162e-01
9.989003874963710006e-01
9.958750474249175033e-01
9.954359287642894349e-01
9.922790342499530070e-01
9.905399509051988627e-01
9.869694888625709650e-01
9.858614986049926143e-01
9.848587832334007031e-01
9.769364701561573661e-01
9.766071829931742831e-01
9.730312521597332953e-01
9.696122777861344577e-01
9.664416392920014420e-01
9.600225628517325971e-01
9.556571261352879709e-01
9.515862868533548902e-01
9.435188240589498232e-01
9.435188240589368336e-01
9.423027529200131980e-01
9.288942768157266716e-01
9.243524785633440155e-01
9.128886575646292245e-01
9.006812865945704738e-01
8.949922477929376230e-01
8.910380004709026469e-01
8.753824125803859602e-01
8.719808062090826928e-01
8.569430141084434238e-01
8.413767222726008521e-01
8.349996181244659921e-01
8.324622973176983853e-01
8.272485262672045758e-01
7.988320602086715905e-01
7.943576710518074346e-01
7.862418759661976564e-01
7.714893022224402763e-01
7.693454516681109689e-01
7.536332256396724993e-01
7.247887050311380142e-01
6.782793963908397838e-01
6.474367398661728945e-01
6.346404971448343924e-01
6.250380252602671938e-01
6.180339887498984552e-01
6.164558964001992658e-01
5.978102124979840504e-01
4.987399338190874332e-01
4.358215560063599114e-01
3.928125910160001899e-01
3.835021387253847447e-01
3.680847109011525786e-01
3.024806434053623483e-01
3.024087256297439130e-01
2.692814432429870841e-01
2.559305520748798579e-01
2.114952044902457251e-01
1.866881366501753903e-01
1.697238330971977405e-01
1.448125799838101135e-01
1.316000873331965582e-01
7.761226032831040900e-02
7.441482524741227511e-02
6.398117269723035960e-02
5.074838245034168221e-02
1.346917177694611189e-12
8.500997099388043835e-13
5.284924202576846800e-13
1.965195641093887113e-13
1.523349109861727943e-13
1.422634846602605687e-13
1.229439339717767179e-13
1.064142920276236447e-13
