# Singular values
3.757023490187573884e+02
2.136630240834213339e+02
5.425117358015828728e+01
3.712044829907753041e+01
3.565093157249184941e+01
3.440601339414472903e+01
3.314436162295442045e+01
3.123917022566332591e+01
2.207483535978497713e+01
2.033333469807163141e+01
1.843675720140138807e+01
1.838499942531876030e+01
1.679519520543064814e+01
1.350327213993709918e+01
1.240410113907246803e+01
1.210110326000446967e+01
1.167949116567644552e+01
1.129669087791562632e+01
1.119367997045441854e+01
1.097057708274516763e+01
1.054430483230064475e+01
1.026286038788593658e+01
9.871422417470204991e+00
9.379744052811247457e+00
8.998937298409655838e+00
8.990330324294552256e+00
8.731902804198615087e+00
8.653857456667619630e+00
8.631816719865753385e+00
8.574952778234738560e+00
8.402729130380304667e+00
8.342706116088193014e+00
8.112150595245376294e+00
8.044282451284713531e+00
7.913286052815117877e+00
7.807516995787582736e+00
7.695522758187242296e+00
7.503943591118201084e+00
7.486856571436946162e+00
7.355692712950618883e+00
7.276862302124021298e+00
7.043516783340712628e+00
6.905570988821479794e+00
6.859530405741248948e+00
6.747840333491529563e+00
6.706732428040396599e+00
6.677704631861732132e+00
6.584582330152930041e+00
6.477756546173408125e+00
6.466693740814163149e+00
6.346907647149890863e+00
6.296872995020535768e+00
6.220764539096011347e+00
6.160981059203495924e+00
6.113675119728611662e+00
6.057150243907365450e+00
6.036060237673904538e+00
5.938541738407627335e+00
5.901887354972757294e+00
5.879305724793896459e+00
5.803420610002263835e+00
5.753455712413005685e+00
5.729566494270454946e+00
5.679210270559431173e+00
5.668379903090747796e+00
5.639146862962159723e+00
5.479261015258428458e+00
5.474085846357122698e+00
5.449621389136482641e+00
5.401008656517953810e+00
5.355200358702869146e+00
5.336672382739740428e+00
5.280100252193278720e+00
5.234949439986666953e+00
5.178765620441655670e+00
5.166724493832770548e+00
5.123402535463229768e+00
5.091000512198543326e+00
5.020398270733934964e+00
5.008155169689573860e+00
4.970297929257202263e+00
4.905356134228243903e+00
4.891178885545696353e+00
4.873537641538835175e+00
4.827123977048826120e+00
4.809551131509993027e+00
4.802526770556808877e+00
4.763254770648496894e+00
4.739699227024567918e+00
4.732071953354948235e+00
4.695477777060020230e+00
4.684693878408451084e+00
4.665383501122660981e+00
4.639897561306788987e+00
4.607225380050665287e+00
4.587605321548029025e+00
4.553008944451574003e+00
4.538701842429908595e+00
4.528852509721038366e+00
4.475346211248687922e+00
4.464579053807121944e+00
4.443622701728151547e+00
4.436247894540472636e+00
4.407291339553455423e+00
4.380314373783574133e+00
4.377330103069385636e+00
4.363002185683510170e+00
4.326304399580061855e+00
4.301963208713897480e+00
4.286382332218138913e+00
4.273975343975964236e+00
4.255562086472399308e+00
4.240374189112596781e+00
4.205976808478378182e+00
4.183982484431278515e+00
4.164554504342431684e+00
4.147239138477300635e+00
4.120114274915668062e+00
4.106104268699125370e+00
4.085794572378923739e+00
4.070887163654329122e+00
4.056792969645211855e+00
4.046052316866306064e+00
4.035317846490527494e+00
4.016364265256356703e+00
3.999057046663502035e+00
3.987696303550796628e+00
3.966515030263438657e+00
3.961911101722612738e+00
3.933169374558208364e+00
3.924656246848885033e+00
3.900918566418027478e+00
3.894689323960422112e+00
3.859837810501065558e+00
3.847704253700699795e+00
3.834515315728822760e+00
3.831259154167187209e+00
3.824790468512341945e+00
3.812398192684495424e+00
3.785210300915148540e+00
3.771162205251862520e+00
3.755166564268190843e+00
3.746844142156816382e+00
3.742769293412831821e+00
3.726866667072394890e+00
3.696752174855985729e+00
3.684797143567286604e+00
3.673452268177695323e+00
3.666373140136094833e+00
3.641496251880377510e+00
3.631165582105631895e+00
3.628055087397819456e+00
3.617070889770404030e+00
3.613713068370177695e+00
3.607748963790776919e+00
3.598774507835641234e+00
3.597772809814215655e+00
3.572812704845110154e+00
3.556472584986813512e+00
3.547606800404473848e+00
3.539686750483010513e+00
3.527496179186869973e+00
3.526307184423833174e+00
3.517610319835633437e+00
3.512811684306459181e+00
3.507158985555996367e+00
3.493742210484663602e+00
3.486021993807522534e+00
3.458574973644843453e+00
3.450970187923663612e+00
3.435564007953430643e+00
3.431829664590494655e+00
3.421779086516850921e+00
3.397566928196342761e+00
3.390502432472663585e+00
3.385025771291108487e+00
3.367252438183542473e+00
3.357374150860792827e+00
3.352019912888189346e+00
3.343182218634284109e+00
3.321499259640870338e+00
3.314568707720230378e+00
3.300444497208681938e+00
3.291074071288137226e+00
3.277340221118465458e+00
3.254046273475784901e+00
3.240851717374386265e+00
3.222498534411458060e+00
3.214836652559624142e+00
3.208687590169798209e+00
3.195069304695919321e+00
3.191906394690834148e+00
3.189187156904417009e+00
3.172941842183373495e+00
3.166136083328396911e+00
3.162277660168377746e+00
3.153630131663069047e+00
3.150703897201208470e+00
3.139149548327297978e+00
3.129674759247075055e+00
3.119090517994641321e+00
3.107304418980208371e+00
3.102991802908339203e+00
3.084049606372633701e+00
3.066377772978832184e+00
3.065608305056980232e+00
3.045220243415763584e+00
3.032934419753716693e+00
3.026325560599505415e+00
3.022495471202160999e+00
3.019105838381655360e+00
3.007995470857415921e+00
2.995359963479738763e+00
2.989117631560449517e+00
2.984076631294083626e+00
2.974128580126774946e+00
2.967183160745637149e+00
2.959352161544295257e+00
2.949669341217084906e+00
2.942877294481111683e+00
2.934708254028547625e+00
2.923846916160621312e+00
2.917083077665728830e+00
2.900266273126451466e+00
2.891024860031402355e+00
2.886416571836390332e+00
2.880839891167660483e+00
2.871500723292935042e+00
2.867895149622917472e+00
2.850462023368657061e+00
2.845961283984242307e+00
2.832383126740240176e+00
2.821808603257019765e+00
2.815551332914179472e+00
2.804850250589476790e+00
2.802151734483886436e+00
2.789119410390210163e+00
2.785732653171752560e+00
2.776796570255430918e+00
2.770371515614607372e+00
2.766140155883278773e+00
2.750073113209558162e+00
2.745605285453514011e+00
2.736092708043062149e+00
2.730134355501310228e+00
2.723082912036847159e+00
2.713943706827600888e+00
2.692025669528365306e+00
2.680196838632443068e+00
2.677434156145377386e+00
2.670768267995566436e+00
2.667172510058890111e+00
2.666758331838012808e+00
2.661808937533949759e+00
2.656725746859442516e+00
2.649950239255768114e+00
2.649622370876277166e+00
2.648467083211536011e+00
2.645339106660341777e+00
2.641070498920724763e+00
2.637350095285635909e+00
2.627549882851845098e+00
2.625466209191921862e+00
2.617898795776666621e+00
2.611084334174000432e+00
2.602134905465899539e+00
2.594481297098055528e+00
2.589052319378331468e+00
2.581241551580326643e+00
2.578183921040043458e+00
2.575766575309323070e+00
2.573774470657110403e+00
2.564372404700373309e+00
2.561590405177841756e+00
2.558622104391145236e+00
2.557612414958353231e+00
2.552558349144504302e+00
2.548927006884786461e+00
2.545039170408586848e+00
2.541792107802808065e+00
2.538353850992614902e+00
2.534437686134059842e+00
2.531410765724048773e+00
2.530955441147630935e+00
2.528448875820266561e+00
2.517726342505630210e+00
2.515450205307665943e+00
2.514349116706892318e+00
2.510762236376084200e+00
2.508840370589637381e+00
2.506085952156337449e+00
2.503055726523286229e+00
2.496344430438740769e+00
2.493433873031700720e+00
2.488657942346706786e+00
2.482288474841898296e+00
2.475991541869675849e+00
2.467738511241562627e+00
2.466984505698195829e+00
2.464268365696209440e+00
2.461495289024846933e+00
2.456137483624507123e+00
2.449489742783177437e+00
2.447903537071381752e+00
2.439934789985656050e+00
2.431698853370083846e+00
2.424968217832359940e+00
2.419878156898056965e+00
2.418584050286290754e+00
2.413726153335712610e+00
2.410739484155459245e+00
2.407298730725888181e+00
2.400649290289563975e+00
2.396720690517378571e+00
2.394209019272975691e+00
2.381627383419697708e+00
2.378773736299112151e+00
2.373943162840372434e+00
2.365701519888496751e+00
2.360752083649917399e+00
2.357172369700101022e+00
2.353214841972633753e+00
2.351710648346103660e+00
2.350565124566878605e+00
2.341398745199404718e+00
2.339295128656639911e+00
2.328562394086684861e+00
2.326447393590619139e+00
2.324687202899061944e+00
2.321071901647088875e+00
2.313621101461037721e+00
2.312016282704079106e+00
2.307084214846828019e+00
2.302775637731999669e+00
2.299493337740195376e+00
2.296314642110257598e+00
2.286554267152526521e+00
2.277099291275386239e+00
2.275154225507571404e+00
2.268490351982443087e+00
2.266923078770705313e+00
2.260287245425183222e+00
2.251166087880561495e+00
2.243948478687370685e+00
2.239590280860232596e+00
2.236067977499787141e+00
2.236067977499782256e+00
2.235839067517500389e+00
2.233984054214404047e+00
2.230480822445221722e+00
2.228333760498247162e+00
2.220726634088413309e+00
2.219886883449989412e+00
2.216239656399672686e+00
2.207527105469175410e+00
2.203040820421807933e+00
2.199757189084404985e+00
2.195188693932518031e+00
2.189895339645120842e+00
2.181552112386617281e+00
2.175839018687168114e+00
2.175515971495042056e+00
2.172907992805967137e+00
2.169378323626214300e+00
2.163176612814229571e+00
2.159571167332933861e+00
2.156695368257797174e+00
2.156348130907029592e+00
2.155518814834235020e+00
2.155014596969095475e+00
2.154100825056133317e+00
2.147350713710463044e+00
2.145972964144016171e+00
2.142739977798960194e+00
2.142228469082043230e+00
2.137174831745376480e+00
2.133609248457246643e+00
2.130049920029208010e+00
2.124555553572697875e+00
2.122259354277281851e+00
2.120247736786822657e+00
2.114320930146218913e+00
2.109442944179667823e+00
2.108411735318015179e+00
2.104231772984374693e+00
2.104133375399258821e+00
2.096399754456331532e+00
2.092895917824890262e+00
2.089997776144064900e+00
2.086090612568937797e+00
2.082284255993137823e+00
2.079263882033668853e+00
2.078325982780615089e+00
2.075470345922113324e+00
2.073605171985797746e+00
2.071074111174532550e+00
2.067902453178100064e+00
2.063976335619504443e+00
2.061814860732583021e+00
2.060820128909240712e+00
2.060465869208822465e+00
2.055781979503595203e+00
2.052147855641901941e+00
2.049364196622240453e+00
2.044925547381919007e+00
2.038186246263054446e+00
2.034720083853478911e+00
2.031147843799731234e+00
2.029493271297466706e+00
2.027587518570137082e+00
2.021210903017966576e+00
2.019227422396501215e+00
2.012159447186147254e+00
2.009055293602137748e+00
2.007017285796894424e+00
2.005782292768960584e+00
2.004299532940391426e+00
2.000000000000003997e+00
2.000000000000000888e+00
2.000000000000000444e+00
1.999999999999997558e+00
1.999117379666332850e+00
1.995038598838630328e+00
1.993757600993400825e+00
1.989104309595296494e+00
1.987143086393927893e+00
1.984916201268396074e+00
1.984096497891750133e+00
1.978080409533558903e+00
1.974977446427061079e+00
1.968798221779175517e+00
1.965895171361153881e+00
1.964253515662463201e+00
1.957907833156645072e+00
1.954403899176490711e+00
1.950419667238464383e+00
1.949788690860239537e+00
1.942082522599362981e+00
1.937995339474072543e+00
1.935129193997454644e+00
1.931923621557289028e+00
1.929368939609913847e+00
1.924791766311671148e+00
1.920605967085411425e+00
1.919459756860159905e+00
1.918025120891434732e+00
1.915271111999583775e+00
1.909509848710199353e+00
1.907480497351826676e+00
1.903409622863281081e+00
1.901061370263862349e+00
1.900721924197657176e+00
1.900219383174228227e+00
1.893988907188898230e+00
1.892691858562102203e+00
1.892169511067356646e+00
1.888779497369530658e+00
1.884145554141220424e+00
1.882630823122653396e+00
1.880014703292322897e+00
1.875479166915130280e+00
1.870166113866773561e+00
1.868490248676423215e+00
1.868215847646884864e+00
1.862540282234408373e+00
1.860845915816895735e+00
1.859037569940446666e+00
1.855641181576180410e+00
1.853613322876104252e+00
1.851483063225230818e+00
1.849485556058804603e+00
1.845977493650037937e+00
1.844968281162121526e+00
1.840243766331039810e+00
1.838055002520998737e+00
1.835686870158451667e+00
1.828870992983279820e+00
1.827344412188206757e+00
1.825970138608254967e+00
1.825003453259395503e+00
1.823598716271862319e+00
1.823271100391785637e+00
1.819391176622497275e+00
1.817370028001678683e+00
1.814550549655776557e+00
1.808248792130490834e+00
1.806136039926810266e+00
1.800335404863292910e+00
1.799506637404031384e+00
1.797855402948215886e+00
1.795903223523253711e+00
1.794446322684136064e+00
1.789286911541678071e+00
1.788104987255478617e+00
1.786057255946894129e+00
1.783947818582613865e+00
1.780561419422170832e+00
1.778133547304591389e+00
1.777383826881722362e+00
1.774591610058334989e+00
1.770600024296799413e+00
1.766354312042528685e+00
1.760158102835434057e+00
1.755346444535309747e+00
1.749579356329623803e+00
1.746255569258045037e+00
1.743930026098785113e+00
1.741805499043284522e+00
1.741218617753919506e+00
1.739777129021564450e+00
1.732964259448866562e+00
1.732050807568881856e+00
1.732050807568880968e+00
1.732050807568879636e+00
1.732050807568879192e+00
1.732050807568879192e+00
1.732050807568878081e+00
1.732050807568876749e+00
1.732050807568876749e+00
1.732050807568876083e+00
1.732050807568875417e+00
1.732050807568875417e+00
1.732050807568875417e+00
1.732050807568875195e+00
1.732050807568875195e+00
1.732050807568875195e+00
1.732050807568869644e+00
1.731014202902275700e+00
1.730716059628987225e+00
1.729965611563840877e+00
1.729428009175984826e+00
1.727225290679422542e+00
1.725611573645854824e+00
1.725340612144390162e+00
1.723731897102511512e+00
1.723044751896416260e+00
1.722263831344837515e+00
1.720622816779205033e+00
1.718573921320427633e+00
1.717716989413266448e+00
1.715360245591700750e+00
1.714412493847761843e+00
1.713956185975130886e+00
1.712253653107219886e+00
1.707526886640256647e+00
1.706658127465504160e+00
1.703337559055530637e+00
1.701386736290542157e+00
1.696959349109356197e+00
1.695960627348445771e+00
1.693163121068549604e+00
1.690586031679369716e+00
1.689294973823571189e+00
1.688451464314960626e+00
1.687295129583261222e+00
1.685824780663357503e+00
1.682395262500304467e+00
1.678351819745631746e+00
1.675925224738048502e+00
1.674140157054064160e+00
1.671254496912670806e+00
1.670444174090917500e+00
1.669147084305770523e+00
1.665555308137107060e+00
1.664595920572842003e+00
1.662148972221567655e+00
1.659614427128480507e+00
1.656689179922727240e+00
1.652684287709201616e+00
1.651812939322882201e+00
1.649961812962378316e+00
1.645069240044217285e+00
1.641509335107194545e+00
1.638759546574416470e+00
1.637526627831185966e+00
1.635133275252094842e+00
1.634233617856046816e+00
1.630520981752814569e+00
1.629533099089815806e+00
1.625345257869592164e+00
1.623390786669830499e+00
1.620041431882864202e+00
1.618770258310112009e+00
1.618033988749896013e+00
1.618033988749895791e+00
1.617689420619834895e+00
1.616891341983619945e+00
1.615636651107757116e+00
1.614555450653766711e+00
1.614287885422013513e+00
1.613457309469115808e+00
1.613157809311026591e+00
1.611316981256778913e+00
1.609180584303339767e+00
1.607095159496236159e+00
1.601925190673885169e+00
1.599171842776526020e+00
1.598423639742408753e+00
1.598205457221095305e+00
1.597177511427303465e+00
1.590717492598484384e+00
1.587843378704767217e+00
1.587245325401913432e+00
1.584692727502015730e+00
1.582473095956546061e+00
1.581016568918346188e+00
1.579012468627977173e+00
1.578327038300977314e+00
1.576161871768546163e+00
1.572267308113384665e+00
1.570857240979799840e+00
1.568912273930024526e+00
1.565667894094914470e+00
1.563511866270439254e+00
1.562086771724190415e+00
1.559045888013325776e+00
1.558090238401031336e+00
1.555002915667434316e+00
1.551736394125249996e+00
1.550514313004070610e+00
1.546623171382449646e+00
1.546278555262086796e+00
1.541584300456924517e+00
1.539572681449879576e+00
1.538261635604038391e+00
1.535841960126396843e+00
1.533608252078933143e+00
1.528515050215102145e+00
1.527365907763098551e+00
1.525255954439113548e+00
1.524063119855690429e+00
1.520341199109978447e+00
1.517091577301380001e+00
1.515896899009649079e+00
1.513607224926545536e+00
1.510803787925903974e+00
1.509502468990801871e+00
1.507298844931792114e+00
1.502959310655088254e+00
1.501921395672791482e+00
1.499130985558001061e+00
1.497537916000254432e+00
1.496274234914717338e+00
1.493762457910309482e+00
1.492644227272589719e+00
1.487873626616463385e+00
1.485832367776186436e+00
1.482099749627908691e+00
1.478454673737410241e+00
1.477394660871208298e+00
1.473044727219716687e+00
1.472150878892712900e+00
1.470904805044039199e+00
1.466014714426558285e+00
1.463476387130032030e+00
1.460785533908843581e+00
1.460358667540753386e+00
1.457616721750327526e+00
1.456199013774272411e+00
1.454728181966230549e+00
1.449779571514078214e+00
1.447453498313125086e+00
1.445334908424125597e+00
1.441887834685299685e+00
1.439231316426672569e+00
1.437316358058112975e+00
1.434671961218184411e+00
1.430588079935917856e+00
1.426942044774846208e+00
1.424460550027425665e+00
1.420782474415438701e+00
1.420189024169143055e+00
1.417280693538449876e+00
1.416010589250018548e+00
1.415118713582835808e+00
1.414258425097645100e+00
1.414213562373107358e+00
1.414213562373100030e+00
1.414213562373099142e+00
1.414213562373096700e+00
1.414213562373096478e+00
1.414213562373096478e+00
1.414213562373096034e+00
1.414213562373096034e+00
1.414213562373095812e+00
1.414213562373095812e+00
1.414213562373095812e+00
1.414213562373095812e+00
1.414213562373095812e+00
1.414213562373095590e+00
1.414213562373095590e+00
1.414213562373095590e+00
1.414213562373095145e+00
1.414213562373095145e+00
1.414213562373095145e+00
1.414213562373095145e+00
1.414213562373095145e+00
1.414213562373095145e+00
1.414213562373095145e+00
1.414213562373095145e+00
1.414213562373095145e+00
1.414213562373095145e+00
1.414213562373095145e+00
1.414213562373095145e+00
1.414213562373095145e+00
1.414213562373095145e+00
1.414213562373095145e+00
1.414213562373095145e+00
1.414213562373095145e+00
1.414213562373094923e+00
1.414213562373094923e+00
1.414213562373094923e+00
1.414213562373094923e+00
1.414213562373094923e+00
1.414213562373094923e+00
1.414213562373094923e+00
1.414213562373094923e+00
1.414213562373094923e+00
1.414213562373094923e+00
1.414213562373094923e+00
1.414213562373094923e+00
1.414213562373094479e+00
1.414213562373094479e+00
1.414213562373094479e+00
1.414213562373094479e+00
1.414213562373094479e+00
1.414213562373094479e+00
1.414213562373094479e+00
1.414213562373094257e+00
1.414213562373094257e+00
1.414213562373094257e+00
1.414213562373094257e+00
1.414213562373094257e+00
1.414213562373094257e+00
1.414213562373094257e+00
1.414213562373094257e+00
1.414213562373094257e+00
1.414213562373094257e+00
1.414213562373094035e+00
1.414213562373094035e+00
1.414213562373094035e+00
1.414213562373093591e+00
1.414213562373093591e+00
1.414213562373093591e+00
1.414213562373093369e+00
1.414213562373093369e+00
1.414213562373093147e+00
1.414213562373091149e+00
1.414213562373091149e+00
1.414213562373088484e+00
1.413429453494819299e+00
1.413292021081741900e+00
1.412635626474405104e+00
1.412209233246254136e+00
1.411360720975317173e+00
1.410745658992929252e+00
1.409550506327495789e+00
1.408589741326820022e+00
1.406104219210906559e+00
1.404850249615579250e+00
1.404472585230791104e+00
1.403522898396243335e+00
1.401794851913956697e+00
1.401650164951518951e+00
1.400115120508745870e+00
1.398507150984299452e+00
1.397562773515888201e+00
1.396392245864688686e+00
1.395861800372738770e+00
1.393614544688486445e+00
1.393345973755405698e+00
1.392656042701969188e+00
1.391821959714112600e+00
1.390044107894134795e+00
1.389419188808743044e+00
1.388359033123124808e+00
1.386910781800329673e+00
1.385936037892714356e+00
1.385262396766285153e+00
1.383883887299213411e+00
1.382228539442585058e+00
1.381405873200413525e+00
1.380951743712604429e+00
1.379493494026521327e+00
1.378931339940810519e+00
1.375679243364898996e+00
1.374696623793048245e+00
1.373616554105848042e+00
1.369593313298290038e+00
1.367470976655451365e+00
1.366025440979585337e+00
1.363381652018782697e+00
1.362826117997322006e+00
1.362030540770822196e+00
1.360322377093123203e+00
1.358724519176422119e+00
1.357569586951161256e+00
1.355262484079512442e+00
1.353807934553502124e+00
1.351793254533113497e+00
1.350824125019363553e+00
1.348683645137362719e+00
1.347706382002177961e+00
1.345886923227989085e+00
1.344485135498317607e+00
1.342771210361644041e+00
1.341900399015035550e+00
1.339239681317107022e+00
1.337460817168409033e+00
1.335444409764833473e+00
1.333247537024079499e+00
1.329741794393931142e+00
1.329200389373139002e+00
1.328204262824161708e+00
1.326563985896373588e+00
1.325039034407309524e+00
1.323739372636829170e+00
1.320988693052641993e+00
1.319478014508489672e+00
1.314377097437071429e+00
1.312565325608402889e+00
1.311435200510211008e+00
1.309814392110795644e+00
1.305731598643510072e+00
1.304031788850036566e+00
1.302775637731993230e+00
1.301905328187887623e+00
1.299171320666806517e+00
1.296220080132555630e+00
1.293903279596053224e+00
1.291462815104012174e+00
1.288901653850914597e+00
1.287132678840035904e+00
1.283526140613983735e+00
1.281745622707064713e+00
1.278979410247557347e+00
1.277092980334235905e+00
1.276265188663495920e+00
1.270564043759848882e+00
1.270356719608697116e+00
1.269112362898740631e+00
1.264588713990535629e+00
1.263898742248280582e+00
1.259305814203462548e+00
1.258297793721690150e+00
1.256964774184349931e+00
1.255536346207122289e+00
1.254559968488671684e+00
1.249553141667311129e+00
1.247380630572202387e+00
1.246952254798992410e+00
1.244750237204602428e+00
1.243095310686286536e+00
1.242494786218420577e+00
1.240324702383943656e+00
1.238034529450076748e+00
1.237854502183111549e+00
1.233837568219336767e+00
1.231724042419830578e+00
1.229921243448610202e+00
1.228432016522312376e+00
1.226498558524776739e+00
1.224174996363360357e+00
1.223283444006054710e+00
1.221794995261386907e+00
1.220637747599583989e+00
1.217979820391435819e+00
1.216032124272666382e+00
1.215071950022447167e+00
1.212815749623154193e+00
1.211114218948533106e+00
1.205894518067865961e+00
1.203010434737479706e+00
1.199611656263471993e+00
1.194917277215219009e+00
1.193089761737893495e+00
1.190505061036584156e+00
1.188550847201479410e+00
1.186402980471479074e+00
1.184454495440312671e+00
1.183210064477139722e+00
1.179371158748656834e+00
1.178861551496209525e+00
1.177530278587900714e+00
1.173871439118915339e+00
1.173278221157575851e+00
1.171617244941686620e+00
1.170718740563191362e+00
1.168343942334989727e+00
1.165376009930280343e+00
1.164726843907422982e+00
1.162043899303348171e+00
1.160538146803129722e+00
1.160104086502131260e+00
1.157944675994972528e+00
1.155862782576532410e+00
1.154018415021887733e+00
1.150558819558884505e+00
1.148899860912974580e+00
1.144825686611221860e+00
1.144233687958172041e+00
1.142472245037694067e+00
1.142195356484083657e+00
1.141360851889725359e+00
1.140195805318939382e+00
1.134415379897582010e+00
1.133111817203386051e+00
1.131842693349551121e+00
1.126665484570568587e+00
1.122414466371813635e+00
1.121445665706017891e+00
1.119442592676711534e+00
1.118125406826559587e+00
1.116592540844941972e+00
1.112118121031331786e+00
1.110138685138730485e+00
1.107030214023243087e+00
1.105862659911017509e+00
1.103085852014473955e+00
1.100643640342419349e+00
1.096480566063820827e+00
1.095825435682106885e+00
1.094560306330885080e+00
1.091382362415276530e+00
1.088050856328529825e+00
1.085774857962351403e+00
1.085540662268905887e+00
1.083252914148614465e+00
1.079462802947157352e+00
1.077237327997194072e+00
1.072008240154076475e+00
1.070693163260457048e+00
1.069880341436751259e+00
1.068855947184123023e+00
1.065534316872245757e+00
1.064959997349959497e+00
1.063105124595589368e+00
1.061066428689575458e+00
1.057487140850270624e+00
1.056524057881091050e+00
1.052966471388181446e+00
1.052372098295701441e+00
1.047102600256976324e+00
1.045941450228072611e+00
1.044780372791803247e+00
1.043604146039627256e+00
1.041773689948028547e+00
1.039507056046166333e+00
1.036760000906108647e+00
1.035586216645106861e+00
1.033794431588272111e+00
1.030099691179988008e+00
1.029028263246113628e+00
1.027244093643592926e+00
1.025875895121765247e+00
1.023796307425341778e+00
1.022153702913534801e+00
1.017757632035135806e+00
1.014440820929805032e+00
1.013686034997951513e+00
1.012198532771375614e+00
1.009305485332409713e+00
1.008137205127744629e+00
1.006561527650348120e+00
1.004343630157701339e+00
1.001772512374493607e+00
1.001193189913327730e+00
1.000000000000011768e+00
1.000000000000008882e+00
1.000000000000008216e+00
1.000000000000007994e+00
1.000000000000007550e+00
1.000000000000007327e+00
1.000000000000006439e+00
1.000000000000006439e+00
1.000000000000005995e+00
1.000000000000005995e+00
1.000000000000005551e+00
1.000000000000005107e+00
1.000000000000005107e+00
1.000000000000004663e+00
1.000000000000003997e+00
1.000000000000003997e+00
1.000000000000003553e+00
1.000000000000003331e+00
1.000000000000003331e+00
1.000000000000003109e+00
1.000000000000003109e+00
1.000000000000002665e+00
1.000000000000002665e+00
1.000000000000002220e+00
1.000000000000002220e+00
1.000000000000002220e+00
1.000000000000001998e+00
1.000000000000001998e+00
1.000000000000001998e+00
1.000000000000001998e+00
1.000000000000001998e+00
1.000000000000001998e+00
1.000000000000001998e+00
1.000000000000001998e+00
1.000000000000001998e+00
1.000000000000001776e+00
1.000000000000001776e+00
1.000000000000001776e+00
1.000000000000001776e+00
1.000000000000001776e+00
1.000000000000001554e+00
1.000000000000001554e+00
1.000000000000001554e+00
1.000000000000001554e+00
1.000000000000001554e+00
1.000000000000001554e+00
1.000000000000001554e+00
1.000000000000001554e+00
1.000000000000001332e+00
1.000000000000001332e+00
1.000000000000001332e+00
1.000000000000001332e+00
1.000000000000001332e+00
1.000000000000001332e+00
1.000000000000001332e+00
1.000000000000001332e+00
1.000000000000001332e+00
1.000000000000001332e+00
1.000000000000001332e+00
1.000000000000001110e+00
1.000000000000001110e+00
1.000000000000001110e+00
1.000000000000001110e+00
1.000000000000001110e+00
1.000000000000001110e+00
1.000000000000001110e+00
1.000000000000001110e+00
1.000000000000001110e+00
1.000000000000001110e+00
1.000000000000001110e+00
1.000000000000001110e+00
1.000000000000001110e+00
1.000000000000001110e+00
1.000000000000001110e+00
1.000000000000001110e+00
1.000000000000001110e+00
1.000000000000001110e+00
1.000000000000001110e+00
1.000000000000001110e+00
1.000000000000001110e+00
1.000000000000001110e+00
1.000000000000001110e+00
1.000000000000001110e+00
1.000000000000001110e+00
1.000000000000001110e+00
1.000000000000001110e+00
1.000000000000001110e+00
1.000000000000001110e+00
1.000000000000001110e+00
1.000000000000001110e+00
1.000000000000001110e+00
1.000000000000001110e+00
1.000000000000001110e+00
1.000000000000001110e+00
1.000000000000001110e+00
1.000000000000001110e+00
1.000000000000001110e+00
1.000000000000001110e+00
1.000000000000001110e+00
1.000000000000001110e+00
1.000000000000001110e+00
1.000000000000000888e+00
1.000000000000000888e+00
1.000000000000000888e+00
1.000000000000000888e+00
1.000000000000000888e+00
1.000000000000000888e+00
1.000000000000000888e+00
1.000000000000000888e+00
1.000000000000000888e+00
1.000000000000000888e+00
1.000000000000000888e+00
1.000000000000000888e+00
1.000000000000000888e+00
1.000000000000000888e+00
1.000000000000000888e+00
1.000000000000000888e+00
1.000000000000000888e+00
1.000000000000000666e+00
1.000000000000000666e+00
1.000000000000000666e+00
1.000000000000000666e+00
1.000000000000000666e+00
1.000000000000000666e+00
1.000000000000000666e+00
1.000000000000000666e+00
1.000000000000000666e+00
1.000000000000000666e+00
1.000000000000000666e+00
1.000000000000000666e+00
1.000000000000000666e+00
1.000000000000000666e+00
1.000000000000000666e+00
1.000000000000000666e+00
1.000000000000000666e+00
1.000000000000000666e+00
1.000000000000000666e+00
1.000000000000000666e+00
1.000000000000000666e+00
1.000000000000000666e+00
1.000000000000000666e+00
1.000000000000000666e+00
1.000000000000000666e+00
1.000000000000000666e+00
1.000000000000000666e+00
1.000000000000000666e+00
1.000000000000000666e+00
1.000000000000000666e+00
1.000000000000000666e+00
1.000000000000000666e+00
1.000000000000000666e+00
1.000000000000000666e+00
1.000000000000000666e+00
1.000000000000000666e+00
1.000000000000000666e+00
1.000000000000000666e+00
1.000000000000000666e+00
1.000000000000000666e+00
1.000000000000000666e+00
1.000000000000000666e+00
1.000000000000000666e+00
1.000000000000000666e+00
1.000000000000000666e+00
1.000000000000000666e+00
1.000000000000000666e+00
1.000000000000000666e+00
1.000000000000000666e+00
1.000000000000000666e+00
1.000000000000000666e+00
1.000000000000000666e+00
1.000000000000000666e+00
1.000000000000000666e+00
1.000000000000000666e+00
1.000000000000000666e+00
1.000000000000000666e+00
1.000000000000000666e+00
1.000000000000000666e+00
1.000000000000000666e+00
1.000000000000000666e+00
1.000000000000000666e+00
1.000000000000000666e+00
1.000000000000000666e+00
1.000000000000000666e+00
1.000000000000000666e+00
1.000000000000000666e+00
1.000000000000000666e+00
1.000000000000000666e+00
1.000000000000000666e+00
1.000000000000000666e+00
1.000000000000000666e+00
1.000000000000000444e+00
1.000000000000000444e+00
1.000000000000000444e+00
1.000000000000000444e+00
1.000000000000000444e+00
1.000000000000000444e+00
1.000000000000000444e+00
1.000000000000000444e+00
1.000000000000000444e+00
1.000000000000000444e+00
1.000000000000000444e+00
1.000000000000000444e+00
1.000000000000000444e+00
1.000000000000000444e+00
1.000000000000000444e+00
1.000000000000000444e+00
1.000000000000000444e+00
1.000000000000000444e+00
1.000000000000000444e+00
1.000000000000000444e+00
1.000000000000000444e+00
1.000000000000000444e+00
1.000000000000000444e+00
1.000000000000000444e+00
1.000000000000000444e+00
1.000000000000000444e+00
1.000000000000000444e+00
1.000000000000000444e+00
1.000000000000000444e+00
1.000000000000000444e+00
1.000000000000000444e+00
1.000000000000000444e+00
1.000000000000000444e+00
1.000000000000000444e+00
1.000000000000000444e+00
1.000000000000000444e+00
1.000000000000000444e+00
1.000000000000000444e+00
1.000000000000000444e+00
1.000000000000000444e+00
1.000000000000000444e+00
1.000000000000000444e+00
1.000000000000000444e+00
1.000000000000000444e+00
1.000000000000000444e+00
1.000000000000000444e+00
1.000000000000000444e+00
1.000000000000000444e+00
1.000000000000000444e+00
1.000000000000000444e+00
1.000000000000000444e+00
1.000000000000000444e+00
1.000000000000000444e+00
1.000000000000000444e+00
1.000000000000000444e+00
1.000000000000000444e+00
1.000000000000000444e+00
1.000000000000000444e+00
1.000000000000000444e+00
1.000000000000000444e+00
1.000000000000000444e+00
1.000000000000000444e+00
1.000000000000000444e+00
1.000000000000000444e+00
1.000000000000000444e+00
1.000000000000000444e+00
1.000000000000000444e+00
1.000000000000000444e+00
1.000000000000000222e+00
1.000000000000000222e+00
1.000000000000000222e+00
1.000000000000000222e+00
1.000000000000000222e+00
1.000000000000000222e+00
1.000000000000000222e+00
1.000000000000000222e+00
1.000000000000000222e+00
1.000000000000000222e+00
1.000000000000000222e+00
1.000000000000000222e+00
1.000000000000000222e+00
1.000000000000000222e+00
1.000000000000000222e+00
1.000000000000000222e+00
1.000000000000000222e+00
1.000000000000000222e+00
1.000000000000000222e+00
1.000000000000000222e+00
1.000000000000000222e+00
1.000000000000000222e+00
1.000000000000000222e+00
1.000000000000000222e+00
1.000000000000000222e+00
1.000000000000000222e+00
1.000000000000000222e+00
1.000000000000000222e+00
1.000000000000000222e+00
1.000000000000000222e+00
1.000000000000000222e+00
1.000000000000000222e+00
1.000000000000000222e+00
1.000000000000000222e+00
1.000000000000000222e+00
1.000000000000000222e+00
1.000000000000000222e+00
1.000000000000000222e+00
1.000000000000000222e+00
1.000000000000000222e+00
1.000000000000000222e+00
1.000000000000000222e+00
1.000000000000000222e+00
1.000000000000000222e+00
1.000000000000000222e+00
1.000000000000000222e+00
1.000000000000000222e+00
1.000000000000000222e+00
1.000000000000000222e+00
1.000000000000000222e+00
1.000000000000000222e+00
1.000000000000000222e+00
1.000000000000000222e+00
1.000000000000000222e+00
1.000000000000000222e+00
1.000000000000000222e+00
1.000000000000000222e+00
1.000000000000000222e+00
1.000000000000000222e+00
1.000000000000000222e+00
1.000000000000000222e+00
1.000000000000000222e+00
1.000000000000000222e+00
1.000000000000000222e+00
1.000000000000000222e+00
1.000000000000000222e+00
1.000000000000000222e+00
1.000000000000000222e+00
1.000000000000000222e+00
1.000000000000000222e+00
1.000000000000000222e+00
1.000000000000000222e+00
1.000000000000000222e+00
1.000000000000000222e+00
1.000000000000000222e+00
1.000000000000000222e+00
1.000000000000000222e+00
1.000000000000000222e+00
1.000000000000000222e+00
1.000000000000000222e+00
1.000000000000000222e+00
1.000000000000000222e+00
1.000000000000000222e+00
1.000000000000000222e+00
1.000000000000000222e+00
1.000000000000000222e+00
1.000000000000000222e+00
1.000000000000000000e+00
1.000000000000000000e+00
1.000000000000000000e+00
1.000000000000000000e+00
1.000000000000000000e+00
1.000000000000000000e+00
1.000000000000000000e+00
1.000000000000000000e+00
1.000000000000000000e+00
1.000000000000000000e+00
1.000000000000000000e+00
1.000000000000000000e+00
1.000000000000000000e+00
1.000000000000000000e+00
1.000000000000000000e+00
1.000000000000000000e+00
1.000000000000000000e+00
1.000000000000000000e+00
1.000000000000000000e+00
1.000000000000000000e+00
1.000000000000000000e+00
1.000000000000000000e+00
1.000000000000000000e+00
1.000000000000000000e+00
1.000000000000000000e+00
1.000000000000000000e+00
1.000000000000000000e+00
1.000000000000000000e+00
1.000000000000000000e+00
1.000000000000000000e+00
1.000000000000000000e+00
1.000000000000000000e+00
1.000000000000000000e+00
1.000000000000000000e+00
1.000000000000000000e+00
1.000000000000000000e+00
1.000000000000000000e+00
1.000000000000000000e+00
1.000000000000000000e+00
1.000000000000000000e+00
1.000000000000000000e+00
1.000000000000000000e+00
1.000000000000000000e+00
1.000000000000000000e+00
1.000000000000000000e+00
1.000000000000000000e+00
1.000000000000000000e+00
1.000000000000000000e+00
1.000000000000000000e+00
1.000000000000000000e+00
1.000000000000000000e+00
1.000000000000000000e+00
1.000000000000000000e+00
1.000000000000000000e+00
1.000000000000000000e+00
1.000000000000000000e+00
1.000000000000000000e+00
1.000000000000000000e+00
1.000000000000000000e+00
1.000000000000000000e+00
1.000000000000000000e+00
1.000000000000000000e+00
1.000000000000000000e+00
1.000000000000000000e+00
1.000000000000000000e+00
1.000000000000000000e+00
1.000000000000000000e+00
1.000000000000000000e+00
1.000000000000000000e+00
1.000000000000000000e+00
1.000000000000000000e+00
1.000000000000000000e+00
1.000000000000000000e+00
1.000000000000000000e+00
1.000000000000000000e+00
1.000000000000000000e+00
1.000000000000000000e+00
1.000000000000000000e+00
1.000000000000000000e+00
1.000000000000000000e+00
1.000000000000000000e+00
1.000000000000000000e+00
1.000000000000000000e+00
1.000000000000000000e+00
1.000000000000000000e+00
1.000000000000000000e+00
1.000000000000000000e+00
1.000000000000000000e+00
1.000000000000000000e+00
1.000000000000000000e+00
1.000000000000000000e+00
1.000000000000000000e+00
1.000000000000000000e+00
1.000000000000000000e+00
1.000000000000000000e+00
1.000000000000000000e+00
1.000000000000000000e+00
1.000000000000000000e+00
1.000000000000000000e+00
9.999999999999997780e-01
9.999999999999997780e-01
9.999999999999997780e-01
9.999999999999997780e-01
9.999999999999997780e-01
9.999999999999997780e-01
9.999999999999997780e-01
9.999999999999997780e-01
9.999999999999997780e-01
9.999999999999997780e-01
9.999999999999997780e-01
9.999999999999997780e-01
9.999999999999997780e-01
9.999999999999997780e-01
9.999999999999997780e-01
9.999999999999997780e-01
9.999999999999997780e-01
9.999999999999997780e-01
9.999999999999997780e-01
9.999999999999997780e-01
9.999999999999997780e-01
9.999999999999997780e-01
9.999999999999997780e-01
9.999999999999997780e-01
9.999999999999997780e-01
9.999999999999997780e-01
9.999999999999997780e-01
9.999999999999997780e-01
9.999999999999997780e-01
9.999999999999997780e-01
9.999999999999997780e-01
9.999999999999997780e-01
9.999999999999997780e-01
9.999999999999997780e-01
9.999999999999997780e-01
9.999999999999997780e-01
9.999999999999997780e-01
9.999999999999997780e-01
9.999999999999997780e-01
9.999999999999997780e-01
9.999999999999997780e-01
9.999999999999997780e-01
9.999999999999997780e-01
9.999999999999997780e-01
9.999999999999997780e-01
9.999999999999997780e-01
9.999999999999997780e-01
9.999999999999997780e-01
9.999999999999997780e-01
9.999999999999997780e-01
9.999999999999996669e-01
9.999999999999996669e-01
9.999999999999996669e-01
9.999999999999996669e-01
9.999999999999996669e-01
9.999999999999996669e-01
9.999999999999996669e-01
9.999999999999996669e-01
9.999999999999996669e-01
9.999999999999996669e-01
9.999999999999996669e-01
9.999999999999996669e-01
9.999999999999996669e-01
9.999999999999996669e-01
9.999999999999996669e-01
9.999999999999996669e-01
9.999999999999996669e-01
9.999999999999996669e-01
9.999999999999996669e-01
9.999999999999996669e-01
9.999999999999996669e-01
9.999999999999996669e-01
9.999999999999996669e-01
9.999999999999996669e-01
9.999999999999996669e-01
9.999999999999996669e-01
9.999999999999996669e-01
9.999999999999996669e-01
9.999999999999996669e-01
9.999999999999996669e-01
9.999999999999996669e-01
9.999999999999996669e-01
9.999999999999996669e-01
9.999999999999996669e-01
9.999999999999996669e-01
9.999999999999996669e-01
9.999999999999996669e-01
9.999999999999996669e-01
9.999999999999996669e-01
9.999999999999996669e-01
9.999999999999996669e-01
9.999999999999996669e-01
9.999999999999996669e-01
9.999999999999996669e-01
9.999999999999996669e-01
9.999999999999996669e-01
9.999999999999996669e-01
9.999999999999996669e-01
9.999999999999996669e-01
9.999999999999996669e-01
9.999999999999996669e-01
9.999999999999996669e-01
9.999999999999996669e-01
9.999999999999996669e-01
9.999999999999996669e-01
9.999999999999996669e-01
9.999999999999996669e-01
9.999999999999996669e-01
9.999999999999996669e-01
9.999999999999996669e-01
9.999999999999996669e-01
9.999999999999996669e-01
9.999999999999996669e-01
9.999999999999996669e-01
9.999999999999996669e-01
9.999999999999996669e-01
9.999999999999996669e-01
9.999999999999996669e-01
9.999999999999996669e-01
9.999999999999996669e-01
9.999999999999996669e-01
9.999999999999996669e-01
9.999999999999996669e-01
9.999999999999996669e-01
9.999999999999996669e-01
9.999999999999996669e-01
9.999999999999996669e-01
9.999999999999996669e-01
9.999999999999996669e-01
9.999999999999996669e-01
9.999999999999996669e-01
9.999999999999996669e-01
9.999999999999996669e-01
9.999999999999996669e-01
9.999999999999995559e-01
9.999999999999995559e-01
9.999999999999995559e-01
9.999999999999995559e-01
9.999999999999995559e-01
9.999999999999995559e-01
9.999999999999995559e-01
9.999999999999995559e-01
9.999999999999995559e-01
9.999999999999995559e-01
9.999999999999995559e-01
9.999999999999995559e-01
9.999999999999995559e-01
9.999999999999995559e-01
9.999999999999995559e-01
9.999999999999995559e-01
9.999999999999995559e-01
9.999999999999995559e-01
9.999999999999995559e-01
9.999999999999995559e-01
9.999999999999995559e-01
9.999999999999995559e-01
9.999999999999995559e-01
9.999999999999995559e-01
9.999999999999995559e-01
9.999999999999995559e-01
9.999999999999995559e-01
9.999999999999995559e-01
9.999999999999995559e-01
9.999999999999995559e-01
9.999999999999995559e-01
9.999999999999995559e-01
9.999999999999995559e-01
9.999999999999995559e-01
9.999999999999995559e-01
9.999999999999995559e-01
9.999999999999993339e-01
9.999999999999993339e-01
9.999999999999993339e-01
9.999999999999993339e-01
9.999999999999993339e-01
9.999999999999993339e-01
9.999999999999993339e-01
9.999999999999993339e-01
9.999999999999993339e-01
9.999999999999993339e-01
9.999999999999993339e-01
9.999999999999993339e-01
9.999999999999993339e-01
9.999999999999993339e-01
9.999999999999993339e-01
9.999999999999993339e-01
9.999999999999993339e-01
9.999999999999993339e-01
9.999999999999993339e-01
9.999999999999993339e-01
9.999999999999993339e-01
9.999999999999993339e-01
9.999999999999993339e-01
9.999999999999993339e-01
9.999999999999993339e-01
9.999999999999993339e-01
9.999999999999993339e-01
9.999999999999993339e-01
9.999999999999993339e-01
9.999999999999993339e-01
9.999999999999993339e-01
9.999999999999993339e-01
9.999999999999993339e-01
9.999999999999993339e-01
9.999999999999993339e-01
9.999999999999993339e-01
9.999999999999993339e-01
9.999999999999993339e-01
9.999999999999993339e-01
9.999999999999993339e-01
9.999999999999993339e-01
9.999999999999993339e-01
9.999999999999993339e-01
9.999999999999993339e-01
9.999999999999993339e-01
9.999999999999993339e-01
9.999999999999993339e-01
9.999999999999993339e-01
9.999999999999993339e-01
9.999999999999993339e-01
9.999999999999993339e-01
9.999999999999993339e-01
9.999999999999992228e-01
9.999999999999992228e-01
9.999999999999992228e-01
9.999999999999992228e-01
9.999999999999992228e-01
9.999999999999992228e-01
9.999999999999992228e-01
9.999999999999992228e-01
9.999999999999992228e-01
9.999999999999992228e-01
9.999999999999992228e-01
9.999999999999992228e-01
9.999999999999992228e-01
9.999999999999992228e-01
9.999999999999992228e-01
9.999999999999992228e-01
9.999999999999992228e-01
9.999999999999992228e-01
9.999999999999992228e-01
9.999999999999992228e-01
9.999999999999992228e-01
9.999999999999992228e-01
9.999999999999992228e-01
9.999999999999992228e-01
9.999999999999992228e-01
9.999999999999992228e-01
9.999999999999992228e-01
9.999999999999992228e-01
9.999999999999992228e-01
9.999999999999990008e-01
9.999999999999990008e-01
9.999999999999990008e-01
9.999999999999990008e-01
9.999999999999990008e-01
9.999999999999990008e-01
9.999999999999990008e-01
9.999999999999990008e-01
9.999999999999990008e-01
9.999999999999990008e-01
9.999999999999990008e-01
9.999999999999990008e-01
9.999999999999990008e-01
9.999999999999990008e-01
9.999999999999990008e-01
9.999999999999990008e-01
9.999999999999990008e-01
9.999999999999990008e-01
9.999999999999990008e-01
9.999999999999990008e-01
9.999999999999990008e-01
9.999999999999990008e-01
9.999999999999990008e-01
9.999999999999990008e-01
9.999999999999990008e-01
9.999999999999990008e-01
9.999999999999990008e-01
9.999999999999990008e-01
9.999999999999990008e-01
9.999999999999990008e-01
9.999999999999990008e-01
9.999999999999990008e-01
9.999999999999988898e-01
9.999999999999988898e-01
9.999999999999988898e-01
9.999999999999988898e-01
9.999999999999988898e-01
9.999999999999988898e-01
9.999999999999988898e-01
9.999999999999988898e-01
9.999999999999987788e-01
9.999999999999987788e-01
9.999999999999987788e-01
9.999999999999987788e-01
9.999999999999987788e-01
9.999999999999987788e-01
9.999999999999987788e-01
9.999999999999987788e-01
9.999999999999987788e-01
9.999999999999987788e-01
9.999999999999987788e-01
9.999999999999987788e-01
9.999999999999987788e-01
9.999999999999987788e-01
9.999999999999987788e-01
9.999999999999987788e-01
9.999999999999987788e-01
9.999999999999987788e-01
9.999999999999985567e-01
9.999999999999985567e-01
9.999999999999985567e-01
9.999999999999985567e-01
9.999999999999985567e-01
9.999999999999985567e-01
9.999999999999985567e-01
9.999999999999985567e-01
9.999999999999984457e-01
9.999999999999984457e-01
9.999999999999984457e-01
9.999999999999984457e-01
9.999999999999984457e-01
9.999999999999984457e-01
9.999999999999984457e-01
9.999999999999984457e-01
9.999999999999983347e-01
9.999999999999983347e-01
9.999999999999983347e-01
9.999999999999983347e-01
9.999999999999983347e-01
9.999999999999983347e-01
9.999999999999983347e-01
9.999999999999983347e-01
9.999999999999983347e-01
9.999999999999981126e-01
9.999999999999981126e-01
9.999999999999981126e-01
9.999999999999981126e-01
9.999999999999981126e-01
9.999999999999980016e-01
9.999999999999980016e-01
9.999999999999980016e-01
9.999999999999980016e-01
9.999999999999980016e-01
9.999999999999980016e-01
9.999999999999977796e-01
9.999999999999977796e-01
9.999999999999976685e-01
9.999999999999976685e-01
9.999999999999976685e-01
9.999999999999973355e-01
9.999999999999972244e-01
9.999999999999971134e-01
9.999999999999968914e-01
9.999999999999967804e-01
9.999999999999963363e-01
9.999999999999963363e-01
9.999999999999960032e-01
9.999999999999956701e-01
9.999999999999953371e-01
9.999999999999951150e-01
9.999999999999947820e-01
9.999999999999943379e-01
9.999999999999940048e-01
9.999999999999934497e-01
9.999999999999931166e-01
9.999999999999927836e-01
9.999999999999923395e-01
9.999999999999920064e-01
9.999999999999916733e-01
9.996365656351823281e-01
9.994599634653179576e-01
9.991048618364150036e-01
9.985665149582442224e-01
9.974002179737758711e-01
9.972963963724147396e-01
9.963698040787064558e-01
9.937098391792530405e-01
9.934467298315192707e-01
9.920564489767741412e-01
9.917080915063199997e-01
9.912902005103619851e-01
9.907986932715083794e-01
9.899436036689073237e-01
9.892765590004519716e-01
9.885924787660125279e-01
9.881956294480942482e-01
9.851734522579712605e-01
9.850595404818734968e-01
9.844341986969065150e-01
9.824550775593136054e-01
9.821168503450250498e-01
9.802723514622592171e-01
9.795062844954622872e-01
9.759551450427970121e-01
9.758610170403634321e-01
9.743177749592637493e-01
9.723967919495007939e-01
9.710788790417828054e-01
9.688690362330875105e-01
9.681365265785171204e-01
9.679592431401080610e-01
9.677541816684469556e-01
9.669758270843891168e-01
9.649043866570361505e-01
9.636234419247245997e-01
9.619593499511118750e-01
9.610334795506975114e-01
9.597940224789039965e-01
9.577066721564212459e-01
9.568212739768940933e-01
9.549572912285496651e-01
9.545237354965073751e-01
9.519033012470256017e-01
9.512121339079004922e-01
9.503497973107326580e-01
9.495166953036642266e-01
9.461685220844217037e-01
9.456661512496921107e-01
9.453740705899552621e-01
9.447974109335298687e-01
9.417354160556017373e-01
9.410370787885132815e-01
9.402518436330278284e-01
9.394951643994045032e-01
9.373099943547003043e-01
9.350796260023912509e-01
9.347809171343527401e-01
9.328396450325842082e-01
9.318870999282099499e-01
9.291879464102756891e-01
9.285979175190770540e-01
9.265071088359541074e-01
9.255845797165215272e-01
9.248962348677999268e-01
9.191098356140126047e-01
9.176724336175328123e-01
9.163069350309536176e-01
9.153964108388032983e-01
9.115837196066045589e-01
9.092826230872993465e-01
9.084985749476881534e-01
9.069689646438592323e-01
9.062087750534703057e-01
9.040735506136771127e-01
9.034573008629673829e-01
9.033777173516672754e-01
9.002835211552585593e-01
8.999304626701924992e-01
8.961880829632294931e-01
8.942278316721755660e-01
8.934046323471730444e-01
8.903638800870506964e-01
8.895500430971762240e-01
8.882308572667391156e-01
8.867567502868890505e-01
8.866885786880414067e-01
8.861696990485384839e-01
8.832518885150595356e-01
8.815907897427976980e-01
8.790966303593809039e-01
8.778664653597192391e-01
8.769207714461412229e-01
8.767641418493437033e-01
8.756468843453057982e-01
8.745883819410750215e-01
8.740317519230839105e-01
8.730566046707883832e-01
8.706139708650032505e-01
8.699647752540051737e-01
8.669618943786610021e-01
8.646512407295229297e-01
8.637094914964280612e-01
8.613930751982478151e-01
8.598526820944889515e-01
8.564870425522406183e-01
8.541345724600704070e-01
8.518721782932715536e-01
8.509551446632613869e-01
8.472955153022254660e-01
8.448740052363711284e-01
8.427667001228288379e-01
8.391507405556913879e-01
8.346326022836934033e-01
8.339530720989095647e-01
8.332057864470890918e-01
8.321626817415975763e-01
8.298124545545187969e-01
8.266470329733148770e-01
8.262095168199671269e-01
8.248091380714480669e-01
8.239149051406001734e-01
8.205202121990873287e-01
8.201816703704893907e-01
8.186663909413184337e-01
8.185159161228880986e-01
8.165098828551131671e-01
8.150616473795184724e-01
8.121449098191628746e-01
8.106863839989888465e-01
8.095370033297843992e-01
8.085147903745031339e-01
8.074572479321170393e-01
8.055845008354759473e-01
8.040513182137333237e-01
8.028752079332029945e-01
8.025341066426870951e-01
7.989034501407799027e-01
7.979867166612306661e-01
7.946736411883552620e-01
7.923669300998694709e-01
7.918533021644373893e-01
7.906490418050287072e-01
7.889906253891352250e-01
7.881742031594878295e-01
7.858853885791659000e-01
7.856213989235274475e-01
7.846555243119739398e-01
7.833334525454328512e-01
7.805687461602119903e-01
7.802401140575044858e-01
7.787286888096079940e-01
7.769634672949442544e-01
7.756241520784458165e-01
7.736394114895627228e-01
7.721557656518347468e-01
7.715306523097541502e-01
7.699510957520446786e-01
7.691276593123380634e-01
7.683272279092234758e-01
7.670433735509081252e-01
7.659541018804949530e-01
7.648333589275739808e-01
7.633381655620448125e-01
7.623786458171201152e-01
7.621919861610648717e-01
7.618391553462805499e-01
7.604037091727681164e-01
7.591759859862385884e-01
7.578652156103453663e-01
7.559528680241667242e-01
7.540760405020335844e-01
7.525487940486974558e-01
7.505493138989343116e-01
7.484547947625183051e-01
7.466932935098001822e-01
7.441506345981001580e-01
7.418370408205607891e-01
7.405243506498229156e-01
7.393792318112910600e-01
7.382331616833242016e-01
7.366201134272511997e-01
7.342964383269835471e-01
7.338845767365113071e-01
7.334541870187725188e-01
7.303339210706298879e-01
7.282629273123624181e-01
7.261964161451801569e-01
7.246096085019873012e-01
7.230041589120651535e-01
7.202119018842698672e-01
7.187299530323066898e-01
7.181634730680933609e-01
7.169193545850638394e-01
7.149353893176544350e-01
7.136961924445435201e-01
7.120715813508848857e-01
7.103606080248235921e-01
7.093649814620699434e-01
7.062124672092456867e-01
7.039720229766126547e-01
7.013387857098910549e-01
6.991887958613246523e-01
6.987026444634301114e-01
6.976933096956704494e-01
6.959567770463914727e-01
6.928028623170846556e-01
6.894052554203040639e-01
6.888877545405983627e-01
6.869215196899575160e-01
6.858187027667093094e-01
6.837699776621219971e-01
6.804637453053433704e-01
6.794977713963399335e-01
6.786198935735657800e-01
6.778151537318365394e-01
6.772139505731489262e-01
6.730601061571531707e-01
6.722521814531305928e-01
6.683354772928843390e-01
6.674637563204557367e-01
6.664651958010261446e-01
6.660891749393745842e-01
6.620467260217296479e-01
6.594176998112534216e-01
6.583584004643301402e-01
6.560997356897489974e-01
6.543318002654873178e-01
6.514720037642441897e-01
6.494589642710622002e-01
6.470117873568150824e-01
6.469248730338897913e-01
6.436001164899816107e-01
6.417321635797301749e-01
6.384672581464971852e-01
6.374401694668226925e-01
6.367627773056606655e-01
6.349378128655386311e-01
6.332588314799468820e-01
6.307475804366546868e-01
6.300710542582178553e-01
6.283919060362461728e-01
6.253095285278802429e-01
6.234263354522735501e-01
6.188892944261883411e-01
6.181033587414190844e-01
6.180339887498954576e-01
6.180339887498953466e-01
6.175810028475383628e-01
6.171042228008234432e-01
6.165750052219627353e-01
6.149883048170057265e-01
6.145954434844743686e-01
6.144444341281525279e-01
6.124522201787818698e-01
6.117768398031321331e-01
6.109178199732022696e-01
6.095772135266173120e-01
6.067628162459182128e-01
6.044519056498899312e-01
6.016186671357086624e-01
6.009557194804239222e-01
5.996636159001879074e-01
5.978516628742885919e-01
5.959450387061689947e-01
5.957981426596543617e-01
5.929154971528439733e-01
5.924840679619612915e-01
5.911199824407918912e-01
5.893562201713025139e-01
5.875956404961648616e-01
5.868164832337529058e-01
5.829612860402447749e-01
5.794373816240059316e-01
5.785464973254434984e-01
5.778897203522487258e-01
5.768383360898644563e-01
5.763098595432850635e-01
5.731854495794217463e-01
5.712961920473197397e-01
5.655717543257056112e-01
5.624191569058878404e-01
5.600111933673559417e-01
5.595938711235141083e-01
5.584831029546961645e-01
5.526114374958733810e-01
5.511126716554476390e-01
5.480775955885724970e-01
5.475812466919358634e-01
5.470792515604130379e-01
5.437425633382882983e-01
5.413003066346431247e-01
5.395411318577016946e-01
5.371427917984870071e-01
5.333980087561164263e-01
5.314588691596374703e-01
5.301483192453022575e-01
5.267777529055830410e-01
5.252174169906413947e-01
5.234640533867763734e-01
5.224325011183810208e-01
5.169234346852270567e-01
5.161281235987171812e-01
5.158705050893523936e-01
5.130058546486678805e-01
5.122001520539174457e-01
5.076557748289779459e-01
5.064045161929819905e-01
5.034725023666303256e-01
5.032148838263680313e-01
5.009656580633313760e-01
4.997989480080007874e-01
4.994076618724668792e-01
4.977716632266163121e-01
4.956029933397186893e-01
4.928177826949108331e-01
4.920091734707764952e-01
4.886235540888460016e-01
4.853804586185916925e-01
4.821645896359538774e-01
4.809821183800619404e-01
4.796952403985925706e-01
4.777726633894900377e-01
4.731717484374391991e-01
4.720766987286850180e-01
4.700039069036182626e-01
4.689511671831360085e-01
4.670620912498625876e-01
4.645929678420935294e-01
4.624918770009740498e-01
4.610245806205744978e-01
4.581007361690908053e-01
4.567066865792566710e-01
4.562147983241658378e-01
4.534780225921952734e-01
4.519081651585846182e-01
4.492226545590031761e-01
4.485682351068422946e-01
4.449756771813304090e-01
4.447928160720611146e-01
4.427060106267624029e-01
4.416648679052195825e-01
4.389236657005090581e-01
4.383173136082933463e-01
4.370138241889147124e-01
4.359505890676802498e-01
4.324299529913357421e-01
4.311196345084311043e-01
4.285355794138999697e-01
4.272566911052301242e-01
4.238614624617758619e-01
4.223752351073065681e-01
4.209001297877705827e-01
4.174119115448680639e-01
4.136546538125909223e-01
4.107192104016775813e-01
4.070958054005539561e-01
4.052463918485887939e-01
4.028858757206629226e-01
4.001653713455946559e-01
3.991477306309349493e-01
3.970058939434575329e-01
3.961376566075670014e-01
3.916249944731081123e-01
3.888444524532515545e-01
3.867148308912740085e-01
3.840487359196802508e-01
3.824966330079059285e-01
3.778790387324984512e-01
3.771883091615267358e-01
3.754589054180071939e-01
3.703863792025261503e-01
3.663530714474240724e-01
3.650643974597166386e-01
3.639202218375786613e-01
3.593912290925979636e-01
3.581247062593296282e-01
3.539456885063378966e-01
3.529156577556155638e-01
3.492241385966520228e-01
3.479728767830594927e-01
3.417287921407813345e-01
3.372210935103409635e-01
3.334608387153407127e-01
3.310494461356643936e-01
3.277164153982154993e-01
3.212654048163344211e-01
3.163235468132574169e-01
3.151223807441068114e-01
3.118723716466715867e-01
3.109220378995838918e-01
3.103489887724605323e-01
3.076149510388883623e-01
3.059226447862067877e-01
3.032597061572056552e-01
2.991622519567323502e-01
2.980512167406342283e-01
2.942991550861570604e-01
2.922561439986804954e-01
2.895853924354693243e-01
2.824393045561799376e-01
2.779282116070937447e-01
2.748137459799040450e-01
2.727040777159298601e-01
2.686573454477011458e-01
2.670447584153804454e-01
2.650796424798522177e-01
2.620302153073854057e-01
2.614848129850019798e-01
2.612551910830758217e-01
2.526085305538999237e-01
2.498055142984050569e-01
2.484242454445734494e-01
2.430334972379627201e-01
2.407681487093702444e-01
2.402725628822976189e-01
2.376129071530344306e-01
2.369214992528395070e-01
2.327889503833085461e-01
2.318292339543532032e-01
2.265375571990629611e-01
2.232044087855804826e-01
2.221032309823774420e-01
2.209877782454909012e-01
2.168126192533760266e-01
2.137749260966926024e-01
2.078589498289480086e-01
2.035234405006817460e-01
2.000019636497126496e-01
1.992856821179422866e-01
1.989347048965443565e-01
1.969024900212595630e-01
1.934394692415879469e-01
1.871374426449670114e-01
1.853821220392530833e-01
1.743243133952657176e-01
1.730671041157646473e-01
1.692602925677243186e-01
1.646004167653543626e-01
1.565507996488131326e-01
1.446133633793359463e-01
1.387838383447680124e-01
1.355212102888884440e-01
1.255418841769814220e-01
1.240789729716866435e-01
1.174115655519307466e-01
1.156244381225886714e-01
1.067773019248081240e-01
1.028774900142733484e-01
1.017617050447867794e-01
9.908253447980101825e-02
9.508635692588231214e-02
8.822864076547866363e-02
8.147997847092057488e-02
7.166307625384371605e-02
6.881711809522896017e-02
6.241703476196913680e-02
5.856160095764472578e-02
4.319754305770175107e-02
3.682703485655254572e-02
2.085279970625434492e-02
