# Singular values
9.840153795036177371e+02
5.952069886007536752e+02
3.754199039790458414e+02
2.788919369348988653e+02
2.484395989210391065e+02
2.326627374391889873e+02
2.013574033110674293e+02
1.919912064735354420e+02
1.543824451835474463e+02
1.490761412896440561e+02
1.310548076767983048e+02
1.226385123041412442e+02
1.169596140173450749e+02
1.041001288858932838e+02
9.353226306400117096e+01
8.797754112191076103e+01
8.182767404570141423e+01
7.922846759714943232e+01
7.555474581078634344e+01
6.914521939966049047e+01
6.798119982836695385e+01
6.469616606397201508e+01
6.307516020963051773e+01
5.810838423463038538e+01
5.263570372910413653e+01
5.206755278417523414e+01
4.626200030947384789e+01
4.608850690387040316e+01
4.198676279636088537e+01
4.158883847598725225e+01
3.684890487959948047e+01
3.584964936985115713e+01
3.515138553392994680e+01
3.446736018505148280e+01
3.343157496508840154e+01
3.162416792483292127e+01
3.091471631715248947e+01
2.970097755082874613e+01
2.901082956087980946e+01
2.735752169306831050e+01
2.606669926297786688e+01
2.573226611104908557e+01
2.491597323302016420e+01
2.434064669386754787e+01
2.284197928276037004e+01
2.266865958971102657e+01
2.196901893588866272e+01
2.176759342920316342e+01
2.152238208755899862e+01
2.058951387888983575e+01
2.014147248324530892e+01
1.993059021002719078e+01
1.895295034510037979e+01
1.859967770793244313e+01
1.816041245813073957e+01
1.726610544734765895e+01
1.693341928859620182e+01
1.682608519695572724e+01
1.641484753542220787e+01
1.618071060314686349e+01
1.584541404552551391e+01
1.577639024769062281e+01
1.542492172060501687e+01
1.514803832297864084e+01
1.495751274736587355e+01
1.478105995983519350e+01
1.447392762308661673e+01
1.420199323492969690e+01
1.415097787920117156e+01
1.378563644059436477e+01
1.372738815148908920e+01
1.360685942737351084e+01
1.329649523399367972e+01
1.299032286713606510e+01
1.289140980458716079e+01
1.272572690828384623e+01
1.255368492751430232e+01
1.246714592250025788e+01
1.227148395526407221e+01
1.207786038934559159e+01
1.173329476752382483e+01
1.153301409283410806e+01
1.144263933938889544e+01
1.115007807303276621e+01
1.099387806703055226e+01
1.073782246123670348e+01
1.059172806621731056e+01
1.035170289707283331e+01
1.021535755987084748e+01
1.008714019726051880e+01
9.966196717501587088e+00
9.938523831540283737e+00
9.902571830656491159e+00
9.780909148571202749e+00
9.646958532045609047e+00
9.472581656446470433e+00
9.368409888913372896e+00
9.188041837886101959e+00
9.091048700697573537e+00
9.066785514099423793e+00
8.858986515303689302e+00
8.713130809250358766e+00
8.594821917290822455e+00
8.402041854760675221e+00
8.233173984469209117e+00
8.095793705082579450e+00
8.024023362251835323e+00
7.929395105980003855e+00
7.922968324796492823e+00
7.872220370042985138e+00
7.725630513706216895e+00
7.637066905997137667e+00
7.531689467072429700e+00
7.479675921622266799e+00
7.238179167868890040e+00
7.151152586983657855e+00
7.105211747021465740e+00
7.060971777958809703e+00
7.000000000000001776e+00
6.995498755680506164e+00
6.943141291017211003e+00
6.839004640307392968e+00
6.765423418404026279e+00
6.665190341613995706e+00
6.574183851236561793e+00
6.550957975320319981e+00
6.405737814908327721e+00
6.364452590903961315e+00
6.334289681364559499e+00
6.250203680624411007e+00
6.220798178026561764e+00
6.133736022759140205e+00
6.098849229921833981e+00
6.055739625565808915e+00
6.042101092647449434e+00
5.999559657471847274e+00
5.979287663316731560e+00
5.917668897257690297e+00
5.889587952088507272e+00
5.847807967713957389e+00
5.775092102493828428e+00
5.725832717069645916e+00
5.690827397335121773e+00
5.654294544403783540e+00
5.633719233498561962e+00
5.602181680585612611e+00
5.550288837352610471e+00
5.484013465704126844e+00
5.436231217157525109e+00
5.385661757378231052e+00
5.340525093242438182e+00
5.293448629214762668e+00
5.232292394930987633e+00
5.158205080493665662e+00
5.119405430704443205e+00
5.097327713181289965e+00
5.067412152612779330e+00
5.025206194619968869e+00
5.003071463019527876e+00
4.994987514043383037e+00
4.987572195230151273e+00
4.982882982306478858e+00
4.938014349843470541e+00
4.923020573700616076e+00
4.892735131614343480e+00
4.881582785295526250e+00
4.876643137415610063e+00
4.822445657958367882e+00
4.761499928475944721e+00
4.692545141032890221e+00
4.652555850823005379e+00
4.570388628797733332e+00
4.514360633122241673e+00
4.464619600064130722e+00
4.397375987173094636e+00
4.388541807540645046e+00
4.292698063237183170e+00
4.206949711470922004e+00
4.168515604716874101e+00
4.137712973015717388e+00
4.128993231919888096e+00
4.118908738274638104e+00
4.072179857359555122e+00
4.058696606479061053e+00
4.051049155353130260e+00
4.020949019595624563e+00
4.005658178998662500e+00
4.001090542851628129e+00
4.000000000000006217e+00
3.999905135707495507e+00
3.999028697899739804e+00
3.998303703968379086e+00
3.997248764143588762e+00
3.995375294691570378e+00
3.994416389842672110e+00
3.993780525222251132e+00
3.992747639031429152e+00
3.989630423026614192e+00
3.984593615506524245e+00
3.981926800212073569e+00
3.975540878595652305e+00
3.965890958919257248e+00
3.953879723431482418e+00
3.940422976796439158e+00
3.916962214066486148e+00
3.909364753735402598e+00
3.863276951335165688e+00
3.821609588171399174e+00
3.771774069075354507e+00
3.750240512547731164e+00
3.687127627676808572e+00
3.667564313701433321e+00
3.660663580747057111e+00
3.627663731307597228e+00
3.594560673777535076e+00
3.514295754699074514e+00
3.491920149561653641e+00
3.453260185237225333e+00
3.400342171243280198e+00
3.352820568133277224e+00
3.341360568189372771e+00
3.297743578624892979e+00
3.254521700781024318e+00
3.230505408353341767e+00
3.211782875938026471e+00
3.180768569986001548e+00
3.175428704806014135e+00
3.161270358343076126e+00
3.143298938422444344e+00
3.136214261206664133e+00
3.115812414963360588e+00
3.088562846077654189e+00
3.068149052592793691e+00
3.027081723742457875e+00
3.017579554315375390e+00
3.003835651036216969e+00
3.001918068856479938e+00
3.000871692921075251e+00
3.000177697015904421e+00
3.000000000000012879e+00
3.000000000000006217e+00
3.000000000000002665e+00
3.000000000000001776e+00
3.000000000000001776e+00
3.000000000000000444e+00
3.000000000000000000e+00
2.999999999999999556e+00
2.999999999999997335e+00
2.999999999999992006e+00
2.999999999999980016e+00
2.999954608252896726e+00
2.999899551126929520e+00
2.999662931756066353e+00
2.999506373883944477e+00
2.999314375969177160e+00
2.998872510906097855e+00
2.997298661891067084e+00
2.997121194648175280e+00
2.993889687030827584e+00
2.992016412060250818e+00
2.991215848104717079e+00
2.989371669566973200e+00
2.987266026599586066e+00
2.981254991994970460e+00
2.976992911432008171e+00
2.967987398704784230e+00
2.964597228426593567e+00
2.958402877639634276e+00
2.951791086022035326e+00
2.939086202584959118e+00
2.929185563104640178e+00
2.920376854621579366e+00
2.919923491751009070e+00
2.918300934473501140e+00
2.883822220585253060e+00
2.870030961050720197e+00
2.850824307955386772e+00
2.840769766964351906e+00
2.826309963325530195e+00
2.779628929967699058e+00
2.774789047402796527e+00
2.739255841714754336e+00
2.719054841719267035e+00
2.683217815112744375e+00
2.661994466275790838e+00
2.637057666528137112e+00
2.607431509788360025e+00
2.561552812808830293e+00
2.552400561226741527e+00
2.535581193745510831e+00
2.487550599233611770e+00
2.482114733287331010e+00
2.444574300418718149e+00
2.429408593465945732e+00
2.411227223061742198e+00
2.357609045162631478e+00
2.351931676124915604e+00
2.326716013763303614e+00
2.312033140871055270e+00
2.304343469401918920e+00
2.288245611270740998e+00
2.286986464224873394e+00
2.280654584934830087e+00
2.275075232375168621e+00
2.263808535636534280e+00
2.255891578087140470e+00
2.240640136513474268e+00
2.235906154445400418e+00
2.235115473609467607e+00
2.227501215050497585e+00
2.213837182988525942e+00
2.198923887222788309e+00
2.187863695529773000e+00
2.173041792618770618e+00
2.164360875007416585e+00
2.137895699024274343e+00
2.133374368344044036e+00
2.109226172863691851e+00
2.083127419557750937e+00
2.046374519814806003e+00
2.021297250974319670e+00
2.013282756371625570e+00
2.010755592848832762e+00
2.003592481093476874e+00
2.001728265370544158e+00
2.001178889343420586e+00
2.000950728669747658e+00
2.000349307509853958e+00
2.000294946388593065e+00
2.000021775256018763e+00
2.000000000000008882e+00
2.000000000000007994e+00
2.000000000000007105e+00
2.000000000000007105e+00
2.000000000000006661e+00
2.000000000000006217e+00
2.000000000000004885e+00
2.000000000000003553e+00
2.000000000000003109e+00
2.000000000000003109e+00
2.000000000000003109e+00
2.000000000000002220e+00
2.000000000000001776e+00
2.000000000000001776e+00
2.000000000000001332e+00
2.000000000000001332e+00
2.000000000000000888e+00
2.000000000000000888e+00
2.000000000000000888e+00
2.000000000000000444e+00
2.000000000000000444e+00
2.000000000000000444e+00
2.000000000000000000e+00
2.000000000000000000e+00
2.000000000000000000e+00
2.000000000000000000e+00
2.000000000000000000e+00
2.000000000000000000e+00
2.000000000000000000e+00
2.000000000000000000e+00
2.000000000000000000e+00
1.999999999999999778e+00
1.999999999999999778e+00
1.999999999999999778e+00
1.999999999999999556e+00
1.999999999999999556e+00
1.999999999999999556e+00
1.999999999999999556e+00
1.999999999999999556e+00
1.999999999999999556e+00
1.999999999999999112e+00
1.999999999999999112e+00
1.999999999999999112e+00
1.999999999999998890e+00
1.999999999999998890e+00
1.999999999999998890e+00
1.999999999999998668e+00
1.999999999999998224e+00
1.999999999999998224e+00
1.999999999999998002e+00
1.999999999999996669e+00
1.999999999999995115e+00
1.999999999999995115e+00
1.999999999999995115e+00
1.999999999999992673e+00
1.999967040205420377e+00
1.999896527741747310e+00
1.999811158181539428e+00
1.999703223250293371e+00
1.999650927215348206e+00
1.999448564360808422e+00
1.999148037042018267e+00
1.998585121623392746e+00
1.998119882008382753e+00
1.998030656957419549e+00
1.997206827880800839e+00
1.996494272625624955e+00
1.996238733373530083e+00
1.995679429542408512e+00
1.994400463119889499e+00
1.993904663089158147e+00
1.993114928349832393e+00
1.992605396927960459e+00
1.992033299874786501e+00
1.990029208428844898e+00
1.987538833086873957e+00
1.983898136666771839e+00
1.982372974309850155e+00
1.979483118049882640e+00
1.977178229245831753e+00
1.975140781018581038e+00
1.967579701562642613e+00
1.966463659705683042e+00
1.962578024175474223e+00
1.959050511744883094e+00
1.956338126309118408e+00
1.947340882807657714e+00
1.942296969486994707e+00
1.939881729514564279e+00
1.936001024738486453e+00
1.931024760861757672e+00
1.921823914966142022e+00
1.921632132952163285e+00
1.906175647846185983e+00
1.890338548126432761e+00
1.880970361720985640e+00
1.873746822566837000e+00
1.873320200765354437e+00
1.859288229501613543e+00
1.842771735153567736e+00
1.835955713038949222e+00
1.822444581824769205e+00
1.811582688352181725e+00
1.796288005454061310e+00
1.784873142762596121e+00
1.767211199143827294e+00
1.759816628072462974e+00
1.736839865361928359e+00
1.732143808523997297e+00
1.729010638131801558e+00
1.727339893112062263e+00
1.719976295404182620e+00
1.711293123449915132e+00
1.684250599509423463e+00
1.675197795853682781e+00
1.650762574288279660e+00
1.644102289328018385e+00
1.628059059631663086e+00
1.618337084525542924e+00
1.617991967785471052e+00
1.615046171201404146e+00
1.607880409859358650e+00
1.599706162045136493e+00
1.594106311766219086e+00
1.585055202298884414e+00
1.561552812808830293e+00
1.557455789067575980e+00
1.553225530674690269e+00
1.540589446645730387e+00
1.522207980748860212e+00
1.501059940242932988e+00
1.497940962559121569e+00
1.493153692114378428e+00
1.481947609301481839e+00
1.476422833358548070e+00
1.455459399215744298e+00
1.441843000749939652e+00
1.435457534688738157e+00
1.427530640515933591e+00
1.415202293742492623e+00
1.414213562373095812e+00
1.414213562373095368e+00
1.414213562373095368e+00
1.414213562373095145e+00
1.414213562373095145e+00
1.414213562373094479e+00
1.414213562373094479e+00
1.414213562373093147e+00
1.414191034836410621e+00
1.414083271507709183e+00
1.414018757558702211e+00
1.413678549123166261e+00
1.413399681534713181e+00
1.413173974422260226e+00
1.412405682330042822e+00
1.412044816526466740e+00
1.411414804624625541e+00
1.407105476278533107e+00
1.395184220565957478e+00
1.389584079183008969e+00
1.382623884727462782e+00
1.380020867247521155e+00
1.375093301916251898e+00
1.357670400999116511e+00
1.354561010245685537e+00
1.348069763154823741e+00
1.338424450356976658e+00
1.312602867820661823e+00
1.297239332810510959e+00
1.278274266632940526e+00
1.262028166435940957e+00
1.253866579859549191e+00
1.238177368371579767e+00
1.228277285184437906e+00
1.206496535696284012e+00
1.205313667570238501e+00
1.184937397341046195e+00
1.167221895208287785e+00
1.138284787201334192e+00
1.113541347041138163e+00
1.093175625597032186e+00
1.065467584049312855e+00
1.052342873383916189e+00
1.048297820573085293e+00
1.043531467788642475e+00
1.038682110983888851e+00
1.025711832958986713e+00
1.022748921463338956e+00
1.016493922760591140e+00
1.012099180400398923e+00
1.007194739000570882e+00
1.001539081723624935e+00
1.001147290090772524e+00
1.000675399369349794e+00
1.000188938260948346e+00
1.000000000000039746e+00
1.000000000000008660e+00
1.000000000000008660e+00
1.000000000000007994e+00
1.000000000000006883e+00
1.000000000000006661e+00
1.000000000000006217e+00
1.000000000000005329e+00
1.000000000000005107e+00
1.000000000000005107e+00
1.000000000000004885e+00
1.000000000000004219e+00
1.000000000000004219e+00
1.000000000000003997e+00
1.000000000000003997e+00
1.000000000000003997e+00
1.000000000000003553e+00
1.000000000000003331e+00
1.000000000000002665e+00
1.000000000000002665e+00
1.000000000000002665e+00
1.000000000000002665e+00
1.000000000000002665e+00
1.000000000000002442e+00
1.000000000000002442e+00
1.000000000000002220e+00
1.000000000000001998e+00
1.000000000000001776e+00
1.000000000000001776e+00
1.000000000000001554e+00
1.000000000000001554e+00
1.000000000000001554e+00
1.000000000000001554e+00
1.000000000000001554e+00
1.000000000000001554e+00
1.000000000000001554e+00
1.000000000000001554e+00
1.000000000000001332e+00
1.000000000000001332e+00
1.000000000000001332e+00
1.000000000000001110e+00
1.000000000000001110e+00
1.000000000000001110e+00
1.000000000000001110e+00
1.000000000000001110e+00
1.000000000000001110e+00
1.000000000000000888e+00
1.000000000000000888e+00
1.000000000000000888e+00
1.000000000000000888e+00
1.000000000000000888e+00
1.000000000000000888e+00
1.000000000000000888e+00
1.000000000000000888e+00
1.000000000000000888e+00
1.000000000000000888e+00
1.000000000000000888e+00
1.000000000000000888e+00
1.000000000000000888e+00
1.000000000000000888e+00
1.000000000000000888e+00
1.000000000000000888e+00
1.000000000000000888e+00
1.000000000000000888e+00
1.000000000000000888e+00
1.000000000000000666e+00
1.000000000000000666e+00
1.000000000000000666e+00
1.000000000000000666e+00
1.000000000000000666e+00
1.000000000000000666e+00
1.000000000000000666e+00
1.000000000000000666e+00
1.000000000000000666e+00
1.000000000000000666e+00
1.000000000000000666e+00
1.000000000000000666e+00
1.000000000000000666e+00
1.000000000000000666e+00
1.000000000000000444e+00
1.000000000000000444e+00
1.000000000000000444e+00
1.000000000000000444e+00
1.000000000000000444e+00
1.000000000000000444e+00
1.000000000000000444e+00
1.000000000000000444e+00
1.000000000000000444e+00
1.000000000000000444e+00
1.000000000000000444e+00
1.000000000000000444e+00
1.000000000000000444e+00
1.000000000000000444e+00
1.000000000000000444e+00
1.000000000000000444e+00
1.000000000000000444e+00
1.000000000000000444e+00
1.000000000000000444e+00
1.000000000000000444e+00
1.000000000000000444e+00
1.000000000000000444e+00
1.000000000000000444e+00
1.000000000000000444e+00
1.000000000000000444e+00
1.000000000000000444e+00
1.000000000000000444e+00
1.000000000000000444e+00
1.000000000000000444e+00
1.000000000000000444e+00
1.000000000000000444e+00
1.000000000000000444e+00
1.000000000000000444e+00
1.000000000000000444e+00
1.000000000000000444e+00
1.000000000000000444e+00
1.000000000000000444e+00
1.000000000000000444e+00
1.000000000000000444e+00
1.000000000000000444e+00
1.000000000000000444e+00
1.000000000000000444e+00
1.000000000000000444e+00
1.000000000000000444e+00
1.000000000000000444e+00
1.000000000000000444e+00
1.000000000000000444e+00
1.000000000000000444e+00
1.000000000000000444e+00
1.000000000000000444e+00
1.000000000000000444e+00
1.000000000000000444e+00
1.000000000000000444e+00
1.000000000000000444e+00
1.000000000000000444e+00
1.000000000000000222e+00
1.000000000000000222e+00
1.000000000000000222e+00
1.000000000000000222e+00
1.000000000000000222e+00
1.000000000000000222e+00
1.000000000000000222e+00
1.000000000000000222e+00
1.000000000000000222e+00
1.000000000000000222e+00
1.000000000000000222e+00
1.000000000000000222e+00
1.000000000000000222e+00
1.000000000000000222e+00
1.000000000000000222e+00
1.000000000000000222e+00
1.000000000000000222e+00
1.000000000000000222e+00
1.000000000000000222e+00
1.000000000000000222e+00
1.000000000000000222e+00
1.000000000000000222e+00
1.000000000000000222e+00
1.000000000000000000e+00
1.000000000000000000e+00
1.000000000000000000e+00
1.000000000000000000e+00
1.000000000000000000e+00
1.000000000000000000e+00
1.000000000000000000e+00
1.000000000000000000e+00
1.000000000000000000e+00
1.000000000000000000e+00
1.000000000000000000e+00
1.000000000000000000e+00
1.000000000000000000e+00
1.000000000000000000e+00
1.000000000000000000e+00
1.000000000000000000e+00
1.000000000000000000e+00
1.000000000000000000e+00
1.000000000000000000e+00
1.000000000000000000e+00
1.000000000000000000e+00
1.000000000000000000e+00
1.000000000000000000e+00
1.000000000000000000e+00
1.000000000000000000e+00
1.000000000000000000e+00
1.000000000000000000e+00
1.000000000000000000e+00
1.000000000000000000e+00
1.000000000000000000e+00
1.000000000000000000e+00
1.000000000000000000e+00
1.000000000000000000e+00
1.000000000000000000e+00
1.000000000000000000e+00
1.000000000000000000e+00
1.000000000000000000e+00
1.000000000000000000e+00
1.000000000000000000e+00
1.000000000000000000e+00
1.000000000000000000e+00
1.000000000000000000e+00
1.000000000000000000e+00
1.000000000000000000e+00
1.000000000000000000e+00
1.000000000000000000e+00
1.000000000000000000e+00
1.000000000000000000e+00
1.000000000000000000e+00
1.000000000000000000e+00
1.000000000000000000e+00
1.000000000000000000e+00
9.999999999999998890e-01
9.999999999999998890e-01
9.999999999999998890e-01
9.999999999999998890e-01
9.999999999999998890e-01
9.999999999999998890e-01
9.999999999999998890e-01
9.999999999999998890e-01
9.999999999999998890e-01
9.999999999999998890e-01
9.999999999999998890e-01
9.999999999999998890e-01
9.999999999999998890e-01
9.999999999999998890e-01
9.999999999999998890e-01
9.999999999999998890e-01
9.999999999999998890e-01
9.999999999999998890e-01
9.999999999999998890e-01
9.999999999999998890e-01
9.999999999999998890e-01
9.999999999999998890e-01
9.999999999999998890e-01
9.999999999999998890e-01
9.999999999999998890e-01
9.999999999999998890e-01
9.999999999999998890e-01
9.999999999999998890e-01
9.999999999999997780e-01
9.999999999999997780e-01
9.999999999999997780e-01
9.999999999999997780e-01
9.999999999999997780e-01
9.999999999999997780e-01
9.999999999999997780e-01
9.999999999999997780e-01
9.999999999999997780e-01
9.999999999999997780e-01
9.999999999999997780e-01
9.999999999999997780e-01
9.999999999999997780e-01
9.999999999999997780e-01
9.999999999999997780e-01
9.999999999999997780e-01
9.999999999999997780e-01
9.999999999999997780e-01
9.999999999999997780e-01
9.999999999999997780e-01
9.999999999999997780e-01
9.999999999999997780e-01
9.999999999999997780e-01
9.999999999999997780e-01
9.999999999999997780e-01
9.999999999999997780e-01
9.999999999999997780e-01
9.999999999999997780e-01
9.999999999999997780e-01
9.999999999999997780e-01
9.999999999999997780e-01
9.999999999999997780e-01
9.999999999999997780e-01
9.999999999999997780e-01
9.999999999999997780e-01
9.999999999999997780e-01
9.999999999999997780e-01
9.999999999999997780e-01
9.999999999999995559e-01
9.999999999999995559e-01
9.999999999999995559e-01
9.999999999999995559e-01
9.999999999999995559e-01
9.999999999999995559e-01
9.999999999999995559e-01
9.999999999999995559e-01
9.999999999999994449e-01
9.999999999999994449e-01
9.999999999999994449e-01
9.999999999999994449e-01
9.999999999999994449e-01
9.999999999999994449e-01
9.999999999999994449e-01
9.999999999999994449e-01
9.999999999999994449e-01
9.999999999999994449e-01
9.999999999999994449e-01
9.999999999999994449e-01
9.999999999999994449e-01
9.999999999999994449e-01
9.999999999999994449e-01
9.999999999999994449e-01
9.999999999999994449e-01
9.999999999999994449e-01
9.999999999999994449e-01
9.999999999999994449e-01
9.999999999999993339e-01
9.999999999999993339e-01
9.999999999999993339e-01
9.999999999999993339e-01
9.999999999999993339e-01
9.999999999999993339e-01
9.999999999999993339e-01
9.999999999999993339e-01
9.999999999999991118e-01
9.999999999999991118e-01
9.999999999999991118e-01
9.999999999999991118e-01
9.999999999999991118e-01
9.999999999999991118e-01
9.999999999999990008e-01
9.999999999999990008e-01
9.999999999999990008e-01
9.999999999999990008e-01
9.999999999999990008e-01
9.999999999999990008e-01
9.999999999999990008e-01
9.999999999999990008e-01
9.999999999999990008e-01
9.999999999999987788e-01
9.999999999999987788e-01
9.999999999999987788e-01
9.999999999999987788e-01
9.999999999999986677e-01
9.999999999999986677e-01
9.999999999999986677e-01
9.999999999999986677e-01
9.999999999999986677e-01
9.999999999999986677e-01
9.999999999999986677e-01
9.999999999999986677e-01
9.999999999999986677e-01
9.999999999999985567e-01
9.999999999999983347e-01
9.999999999999983347e-01
9.999999999999982236e-01
9.999999999999980016e-01
9.999999999999980016e-01
9.999999999999980016e-01
9.999999999999978906e-01
9.999999999999977796e-01
9.999999999999975575e-01
9.999999999999974465e-01
9.999999999999972244e-01
9.999999999999972244e-01
9.999999999999971134e-01
9.999999999999971134e-01
9.999999999999970024e-01
9.999999999999970024e-01
9.999999999999964473e-01
9.999999999999963363e-01
9.999999999999958922e-01
9.999999999999958922e-01
9.999999999999958922e-01
9.999999999999956701e-01
9.999999999999952260e-01
9.999999999999947820e-01
9.999999999999947820e-01
9.999999999999943379e-01
9.999999999999943379e-01
9.999999999999936717e-01
9.999999999999936717e-01
9.999999999999932276e-01
9.999999999999928946e-01
9.999999999999921174e-01
9.999999999999910072e-01
9.999999999999901190e-01
9.999999999999892308e-01
9.999052926650690010e-01
9.995832967754558762e-01
9.995253301181585837e-01
9.994009290530415646e-01
9.991105375926195853e-01
9.986531642419775867e-01
9.980247979302194761e-01
9.975791711703994036e-01
9.972166364251557891e-01
9.969126531294936200e-01
9.963323908342056612e-01
9.956086534239705355e-01
9.955519951871825146e-01
9.952719041064790328e-01
9.942740680157621247e-01
9.935357544852885248e-01
9.930716144925550992e-01
9.925658879994950778e-01
9.921033339703420051e-01
9.911756447797614999e-01
9.903607766169643112e-01
9.901697044724564467e-01
9.895502794121396883e-01
9.883960226799122228e-01
9.879155099437517684e-01
9.875955742005740889e-01
9.868256746808921065e-01
9.864789528503568050e-01
9.858100582118497490e-01
9.856056955830440058e-01
9.853133457587142097e-01
9.844149062313405363e-01
9.825072279248792118e-01
9.819460024621190497e-01
9.809249980006043979e-01
9.785951961534798960e-01
9.774307221766226350e-01
9.763457655627854059e-01
9.747947084711154897e-01
9.736180180794888894e-01
9.695290673141130355e-01
9.690738631229566247e-01
9.682889000591782258e-01
9.661324954595671421e-01
9.658265340967725487e-01
9.639809232526468374e-01
9.620531611960358997e-01
9.605035440186718843e-01
9.597903463146246761e-01
9.581532726075172590e-01
9.558205521273294147e-01
9.535178864725425418e-01
9.506743573574294448e-01
9.472303458415989308e-01
9.454266479934747558e-01
9.436996801815782376e-01
9.419846959997835167e-01
9.394369609633580476e-01
9.358445546825869821e-01
9.328545843047935104e-01
9.271088204149527945e-01
9.224236929188140977e-01
9.135705409216571260e-01
9.103282009830657717e-01
9.088889533075289462e-01
9.077983111463764354e-01
9.023731309365032871e-01
8.966229887337494597e-01
8.874756337349669622e-01
8.847107894632071368e-01
8.772725404878206623e-01
8.748688493178787828e-01
8.743829287271983608e-01
8.740320488976419666e-01
8.731001686120769545e-01
8.722560109558774588e-01
8.683801577476150113e-01
8.638480064303186712e-01
8.615640983491896776e-01
8.534261698267681107e-01
8.489278914620398409e-01
8.420648004535766784e-01
8.335869642599217366e-01
8.330429703252922868e-01
8.304398388169818013e-01
8.220781856049653724e-01
8.079578607574592342e-01
7.943861571697337087e-01
7.903225398956377212e-01
7.867991054452959654e-01
7.802571727589953099e-01
7.607057764422926471e-01
7.463053353895469089e-01
7.392105238841009118e-01
7.317147550285585389e-01
7.146488414331990668e-01
7.019165637374705780e-01
6.919887447234623901e-01
6.847206300432531201e-01
6.845805338254978833e-01
6.837723951489182994e-01
6.725502207545382971e-01
6.573977389701726182e-01
6.471528570631981392e-01
6.423642249894777612e-01
6.180001164145447756e-01
6.177116205217896283e-01
6.107292438618808772e-01
6.036541946660632929e-01
5.951302044696056281e-01
5.854307739100854668e-01
5.682568916201717890e-01
5.668812548244286376e-01
5.559224094527577265e-01
5.482263992820636256e-01
5.223717064170985136e-01
5.120319481694831643e-01
4.976767504933262143e-01
4.798589451983253928e-01
4.577602726092528940e-01
4.545409188378322085e-01
4.356120221826053074e-01
4.202618979551616119e-01
4.145222613973653658e-01
4.099795098841250707e-01
4.071781857000923988e-01
3.989679883616553679e-01
3.886751899352555162e-01
3.819110804123506120e-01
3.750415624424521810e-01
3.692048098097323594e-01
3.495423083956368249e-01
3.276009186358322389e-01
3.159700619357443951e-01
3.117998063940907172e-01
3.019837400841358099e-01
2.858575064038418878e-01
2.818859566274621864e-01
2.665926287233010838e-01
2.328815658455626603e-01
2.246488347234515959e-01
2.211717114908646475e-01
1.922885784875061621e-01
1.875675424165360317e-01
1.788638099805994197e-01
1.616992784270665506e-01
1.503010689397983324e-01
1.440334607535146416e-01
1.310868068981891066e-01
1.103730220971741866e-01
1.097245979231877278e-01
1.093136468503367320e-01
9.597463470724262868e-02
8.814929887392615460e-02
7.479916551413237635e-02
5.035277784514856358e-02
5.426833083777988929e-13
3.690368628150900458e-13
2.424132748298803877e-13
1.480036736540606206e-13
1.128798640418946926e-13
