# Singular values
1.658478054553258403e+02
1.336223682145101179e+02
1.279870606621928459e+02
1.116519346100020584e+02
1.079828191025983983e+02
9.933615657634707929e+01
9.677189077266076822e+01
8.083034713673694682e+01
6.999482403429270505e+01
6.879968122388108043e+01
6.706174996927484244e+01
6.684786105450054094e+01
6.467886395363056806e+01
6.435625434394218303e+01
6.047137970029377385e+01
5.789295642963039512e+01
5.685970157437317596e+01
5.298934313408887675e+01
5.145689604043518273e+01
4.768673560829745384e+01
4.456732934879081398e+01
4.180534555011045938e+01
3.975437450159677866e+01
3.798599357401868559e+01
3.746084349451212603e+01
3.489197866581409357e+01
3.369969560472697623e+01
3.184048482457489371e+01
3.162887571086342575e+01
3.036494438053405887e+01
2.981674735526635089e+01
2.887575126606454390e+01
2.788546134278222866e+01
2.767327372556158949e+01
2.683168241907187834e+01
2.555116816144578351e+01
2.469568984995775907e+01
2.393698692612652579e+01
2.294202390567123118e+01
2.259192677370040769e+01
2.240318796197944806e+01
2.195837040704938303e+01
2.046094429582860030e+01
2.030466362231941702e+01
1.921734402259901131e+01
1.849390632983302751e+01
1.789094500607929561e+01
1.706943055952313060e+01
1.682988401052086758e+01
1.592436935336951720e+01
1.560168087482465005e+01
1.509105262569189598e+01
1.482980236337265900e+01
1.469987986288409232e+01
1.455215347827219929e+01
1.421148171212513134e+01
1.396455118984573929e+01
1.384829130066422209e+01
1.341899264672289505e+01
1.322139881441391474e+01
1.304089745643012321e+01
1.282793993464065352e+01
1.258946780530136955e+01
1.251917902373278757e+01
1.248701765763001426e+01
1.182504914613554980e+01
1.177706910131601248e+01
1.170263985814481700e+01
1.153283557365181800e+01
1.134308648312813084e+01
1.125962526402019037e+01
1.106849440030650555e+01
1.089823537381739094e+01
1.071391268150266640e+01
1.062939963078671468e+01
1.057802714622325446e+01
1.036988380844419844e+01
1.025725845962876193e+01
1.014312889440824428e+01
9.981903802553009797e+00
9.884294800627209554e+00
9.787221640533699585e+00
9.719320622075970917e+00
9.660554820387709185e+00
9.588278723441522544e+00
9.514534213864306977e+00
9.474858222530318841e+00
9.427335655104499779e+00
9.344394706085919822e+00
9.305628181522489939e+00
9.240837557937231495e+00
9.148401313137899393e+00
9.110365870919824971e+00
9.005959718692992055e+00
8.934198526529774753e+00
8.908807645120658592e+00
8.803558335087648956e+00
8.767110191812156117e+00
8.702132424669009936e+00
8.634608598217440090e+00
8.594390488514182636e+00
8.560636075551327551e+00
8.490387310898997342e+00
8.476253205939499935e+00
8.404584248852380313e+00
8.381379419925128360e+00
8.359102155190155869e+00
8.277017114267128051e+00
8.246161973179258808e+00
8.216398902802696469e+00
8.171577961486848452e+00
8.133092125234613334e+00
8.088007427332930988e+00
8.051430645849432466e+00
8.044190987614369348e+00
8.018868659972422819e+00
7.974100009027083935e+00
7.970493270267383856e+00
7.898425666999386863e+00
7.869151279836777313e+00
7.824106588628975345e+00
7.780201542939085613e+00
7.769615373367155797e+00
7.766152946361197351e+00
7.728886666105914571e+00
7.693970419552233153e+00
7.637821089250295792e+00
7.629472224092998189e+00
7.605081153045817999e+00
7.529411394773445565e+00
7.511868922959507699e+00
7.498660776039741904e+00
7.465989248597185046e+00
7.429159051367690836e+00
7.398694074361633177e+00
7.382388648933788211e+00
7.351911670503466389e+00
7.307108576056253746e+00
7.250761628589466490e+00
7.241250555733568461e+00
7.217073463637218467e+00
7.204239211776942930e+00
7.179430703241870049e+00
7.156150907486723334e+00
7.128002750494542461e+00
7.109151236085339498e+00
7.087850395730271202e+00
7.052034755673415312e+00
7.016273220699948077e+00
6.991242804228487984e+00
6.969892460850133808e+00
6.937415613179977569e+00
6.903521720805221307e+00
6.893408973770536186e+00
6.876234232860006124e+00
6.830779479780671792e+00
6.824964557956474387e+00
6.813620381204052556e+00
6.784375827857356711e+00
6.767016370073658749e+00
6.757963846233583816e+00
6.742786945821420019e+00
6.711472457722629237e+00
6.700856363567258889e+00
6.679618666659358439e+00
6.664447675051759390e+00
6.626200021387406380e+00
6.592057375292642796e+00
6.584447290284469290e+00
6.553534753871018914e+00
6.548557223479470224e+00
6.518130067423300034e+00
6.503855035668049567e+00
6.480970111618603369e+00
6.469873588303370227e+00
6.438062221765643578e+00
6.427682372196873217e+00
6.390761588107247704e+00
6.376790692875172972e+00
6.346313570112706692e+00
6.317072262638509628e+00
6.299215912797922812e+00
6.282082308714403318e+00
6.262798366958530316e+00
6.245856636185509458e+00
6.241549117472563246e+00
6.215193574396186804e+00
6.188854846635502227e+00
6.178894880054359717e+00
6.159312773312088041e+00
6.151384159365446358e+00
6.139448433154736762e+00
6.120454042019868091e+00
6.108919975850721329e+00
6.090331594585107311e+00
6.062435096803226564e+00
6.052660631244616063e+00
6.025368837342912620e+00
6.007852591492468086e+00
5.994593927485997398e+00
5.975032118458576846e+00
5.960568987768207094e+00
5.951184653838097027e+00
5.950298845403307446e+00
5.910595544110126554e+00
5.875947304014600192e+00
5.872284390765706519e+00
5.856618723455150111e+00
5.841445070835376896e+00
5.832994350343859935e+00
5.819016752397313752e+00
5.787694168946634576e+00
5.784850821086789274e+00
5.769116703001512469e+00
5.756649544523319229e+00
5.743530250404678128e+00
5.738224419691812628e+00
5.733133785104274516e+00
5.702475007206991187e+00
5.694453317200263598e+00
5.672338928861869078e+00
5.669185127228346666e+00
5.647249369052791401e+00
5.631931127034609297e+00
5.624163365738346521e+00
5.612778777353277349e+00
5.592553423383588296e+00
5.580674199012319647e+00
5.567292091456312875e+00
5.556355514805853879e+00
5.536783961616021266e+00
5.517143168685908705e+00
5.505023754866290808e+00
5.495198612158205265e+00
5.481385710431752933e+00
5.476803241508714670e+00
5.470852542182324640e+00
5.440591685700930213e+00
5.428349470394029375e+00
5.417013710192232878e+00
5.395533194835146595e+00
5.385480522186904651e+00
5.369562551313384446e+00
5.367874077786266795e+00
5.354830473376306799e+00
5.344421385587699191e+00
5.342131994296951625e+00
5.329768730923159836e+00
5.325665667242311940e+00
5.310262471002737072e+00
5.296414264899610203e+00
5.287998528722718028e+00
5.280673635278804845e+00
5.267642218851264602e+00
5.264207782932658120e+00
5.247368190832876422e+00
5.224729038343618903e+00
5.213468432222892801e+00
5.199971645614886562e+00
5.190679063224040490e+00
5.178402199665296912e+00
5.162012879413854449e+00
5.155473772410599231e+00
5.152638247605373145e+00
5.129055932777910165e+00
5.126609737886997031e+00
5.115069704487217095e+00
5.105701966905360045e+00
5.101247857373995664e+00
5.090062761238911548e+00
5.073891822962862896e+00
5.059040413880641296e+00
5.048968184336922072e+00
5.038312801144040343e+00
5.025434895008712211e+00
5.020988323545743981e+00
5.014042480173769967e+00
5.009269497027409201e+00
4.982724218376120007e+00
4.974928054775859643e+00
4.957772453518609623e+00
4.942412623390638693e+00
4.939826738839443010e+00
4.928273267293687532e+00
4.925808857202114588e+00
4.909449664162472082e+00
4.901267949339859875e+00
4.894140506009582836e+00
4.886365821040684843e+00
4.883933802669834456e+00
4.867960240880843337e+00
4.864798861787949846e+00
4.854246307669784599e+00
4.837508490874027345e+00
4.831373528389022454e+00
4.825776675888646672e+00
4.802217556655142161e+00
4.789579211864097630e+00
4.785565054028740661e+00
4.767139406420067615e+00
4.758420339442650970e+00
4.754095721838800692e+00
4.749222163704625466e+00
4.728223725503544195e+00
4.715934368651938158e+00
4.711818147544330593e+00
4.700591086295336396e+00
4.696442915745066671e+00
4.687051055831813251e+00
4.677484218091275459e+00
4.673237172589657540e+00
4.668216540736813691e+00
4.648512009119424526e+00
4.645156866114085403e+00
4.639579321354509567e+00
4.626866445963170094e+00
4.618575583282861885e+00
4.602692102305871558e+00
4.594470145120081561e+00
4.585979533102090500e+00
4.579295568650472603e+00
4.572207161161994549e+00
4.562171363379106559e+00
4.560777078637709536e+00
4.542596326903796111e+00
4.538766430134165475e+00
4.531443514623549440e+00
4.525702453232283595e+00
4.503698621894223209e+00
4.499625130391327055e+00
4.487518064159297104e+00
4.482042983040088302e+00
4.476269505738904364e+00
4.464660064113674665e+00
4.457470338300362656e+00
4.454281115097498578e+00
4.438301601506935867e+00
4.435630874895112541e+00
4.433753904214697172e+00
4.415947543274919340e+00
4.407504326782520465e+00
4.402954170386987442e+00
4.393092180832182336e+00
4.385478699386765378e+00
4.376493524197807794e+00
4.370061481715413976e+00
4.361252513879460224e+00
4.333200547410686276e+00
4.332154989999325245e+00
4.322143429577777418e+00
4.309145992145506199e+00
4.296665553957383032e+00
4.293631303113579101e+00
4.289999106199458900e+00
4.278375218717040518e+00
4.270059331291151672e+00
4.254268646390445774e+00
4.248871737881017907e+00
4.233351308618385822e+00
4.231843716921003029e+00
4.229766580873993043e+00
4.219845637167480845e+00
4.211630385687698208e+00
4.208767840997786891e+00
4.204479317079769629e+00
4.188718896567076300e+00
4.183087932903299055e+00
4.174025726531821689e+00
4.169898014189686641e+00
4.162472649451954609e+00
4.149024893678944892e+00
4.142538748480635746e+00
4.134117539836095645e+00
4.131884620146191622e+00
4.131088870654664014e+00
4.107694410621813397e+00
4.104446879492838818e+00
4.090389911513104160e+00
4.085569524088167981e+00
4.081662155995972263e+00
4.075119886466371355e+00
4.067254084306882511e+00
4.061143742310378890e+00
4.048615872010213224e+00
4.047325022950460927e+00
4.039823064290311017e+00
4.025228586679162390e+00
4.019581704644208386e+00
4.011289673622851382e+00
4.006680841765463796e+00
3.999835261419695698e+00
3.994521304651394544e+00
3.988737178165699060e+00
3.982606578350650128e+00
3.970270540855118657e+00
3.965031684824779745e+00
3.955109713858434795e+00
3.949740603128313765e+00
3.940643520143528811e+00
3.934609066647105191e+00
3.923174676071987221e+00
3.913741793662609769e+00
3.904760106402448194e+00
3.897143746504627249e+00
3.892655322128681039e+00
3.886273714159784287e+00
3.878437736968090022e+00
3.874322606473509456e+00
3.872637152863830146e+00
3.860842105650564626e+00
3.850447972240992112e+00
3.847946333090521254e+00
3.843616708385804159e+00
3.835643839580268555e+00
3.821261100457720605e+00
3.819635818753855272e+00
3.807716244128588556e+00
3.803266017158554835e+00
3.798635300181745222e+00
3.788540552340327494e+00
3.777799239954132027e+00
3.773677292384799209e+00
3.765571291309330437e+00
3.760748273933117058e+00
3.759816356677246674e+00
3.748250199864832766e+00
3.742236445761323083e+00
3.737846127436982524e+00
3.726477108195297205e+00
3.721265211076970836e+00
3.719125553453431543e+00
3.717954912771419984e+00
3.709677028567503143e+00
3.701391044230384786e+00
3.695925422958823425e+00
3.686999763449046341e+00
3.680912693843270134e+00
3.678284949784728752e+00
3.668375444623836135e+00
3.663650326744699370e+00
3.662033066201115350e+00
3.653799960796114021e+00
3.652262995013107361e+00
3.642290975005320064e+00
3.631502371675128238e+00
3.625695742081612050e+00
3.620659865676136846e+00
3.617097208197866287e+00
3.615759727225458686e+00
3.606033858423868033e+00
3.596419065219962796e+00
3.593398459101590170e+00
3.585902949739682821e+00
3.581608375646810671e+00
3.578346210469102395e+00
3.570264852347171392e+00
3.560959686649471490e+00
3.557692145692494812e+00
3.547292696653718824e+00
3.542943808414483975e+00
3.532382291614178715e+00
3.529736123120733815e+00
3.522258049012382042e+00
3.519655017587565382e+00
3.511153185725373049e+00
3.506377422859646931e+00
3.504258514342063258e+00
3.497166767134006538e+00
3.489056698968490355e+00
3.488420004275249564e+00
3.481592067071392016e+00
3.463901513747998706e+00
3.460633592544184456e+00
3.459093468431248208e+00
3.455783132251077028e+00
3.447824916692570962e+00
3.440922876113148732e+00
3.437987201504098866e+00
3.433353523445160427e+00
3.429599340411634945e+00
3.420295281023474132e+00
3.417479905781970029e+00
3.410615819981312580e+00
3.405605028860762218e+00
3.402321178521442668e+00
3.391250856155110682e+00
3.388801552860452482e+00
3.385809515829909078e+00
3.379864528313132332e+00
3.370429098913448218e+00
3.366239708828084876e+00
3.363540233077405350e+00
3.361176463849506302e+00
3.354074700207134718e+00
3.352187361495741591e+00
3.346008972827124506e+00
3.343252341019732565e+00
3.339903336763738295e+00
3.332544458703824208e+00
3.323170252230378541e+00
3.311696471209100601e+00
3.302994209376031609e+00
3.299816729296270346e+00
3.298569142510955121e+00
3.294828803899497505e+00
3.289632394297976159e+00
3.283336045082207111e+00
3.278786610883356989e+00
3.272145530347669418e+00
3.269034469461265857e+00
3.264026714482530345e+00
3.257162402966435000e+00
3.256212512118928259e+00
3.247428516590165515e+00
3.243296085023601449e+00
3.238252915943032662e+00
3.235936067298049057e+00
3.228435487447195218e+00
3.225650256160249807e+00
3.216951673457546956e+00
3.207443707958781864e+00
3.199157815990562703e+00
3.197335045634073225e+00
3.193638081697200981e+00
3.189820998888494685e+00
3.186392564838683494e+00
3.182613626733312717e+00
3.181877280917678519e+00
3.178154825656676952e+00
3.172457203091627598e+00
3.166364658335754978e+00
3.162504160843010226e+00
3.159137311012768734e+00
3.156000266338052196e+00
3.148218227526541568e+00
3.143222733938080271e+00
3.139549822670798296e+00
3.136651427518010404e+00
3.133732563414305616e+00
3.132803605093058774e+00
3.126032569901470382e+00
3.122844174307457976e+00
3.115716612739207303e+00
3.113012486361403930e+00
3.103616147692505045e+00
3.101854703660618995e+00
3.099690323251737656e+00
3.094938324741839164e+00
3.089926732946732812e+00
3.085107235949654747e+00
3.080510594445134753e+00
3.078337499142880240e+00
3.072357023990571534e+00
3.069175289211052871e+00
3.065175437974184014e+00
3.058435868406112146e+00
3.055200224560952638e+00
3.047382406712613179e+00
3.042593948105103863e+00
3.038477777695838267e+00
3.037268875320540573e+00
3.031074115174088313e+00
3.028169754183620110e+00
3.020745827102830461e+00
3.019486601154269145e+00
3.018604856972730843e+00
3.014710550532550659e+00
3.010389178488887207e+00
3.007187957547909463e+00
3.000905822564003955e+00
2.992487444412067710e+00
2.984587917361048781e+00
2.981719336987779023e+00
2.981060634623032612e+00
2.974974629499062218e+00
2.971091888713679463e+00
2.967877798088473629e+00
2.961125075849657673e+00
2.959760835606246143e+00
2.953761451027764551e+00
2.950951594038594639e+00
2.943832135704530728e+00
2.942007711148153959e+00
2.934406484909521051e+00
2.931131544687996193e+00
2.929066115859294772e+00
2.925220771009260812e+00
2.921510745743456816e+00
2.909885022080731520e+00
2.904259194893321183e+00
2.901138915069969570e+00
2.895963095120497321e+00
2.893719027123538456e+00
2.889139134587073166e+00
2.887528189057988914e+00
2.879455925829471852e+00
2.878271226005334249e+00
2.872345936894378227e+00
2.867375464328295376e+00
2.864440802269700104e+00
2.863137805397204971e+00
2.859097057032173872e+00
2.856048979607741511e+00
2.850579948661694729e+00
2.845045448934146126e+00
2.836311113989341770e+00
2.834910619168836465e+00
2.829367697533331505e+00
2.828944511923891625e+00
2.826915721411482618e+00
2.822605056763307640e+00
2.820809763049933139e+00
2.814949394639221225e+00
2.812611869416443700e+00
2.803744964605193069e+00
2.801648711118194690e+00
2.796985343003469904e+00
2.795833671412676136e+00
2.790834147487778250e+00
2.785406139018690386e+00
2.782201937224841437e+00
2.777991126958560653e+00
2.775690037762460260e+00
2.772701846352705779e+00
2.766044680659878185e+00
2.762516877402644067e+00
2.761826161755869702e+00
2.760076576871056897e+00
2.756065309387218498e+00
2.754573907882085670e+00
2.748870209718318858e+00
2.745904325511526967e+00
2.738065564017681197e+00
2.736065547483976346e+00
2.731732427601175850e+00
2.728702215561012334e+00
2.725962597731653503e+00
2.723022073089374828e+00
2.719239999905351368e+00
2.713869602620756272e+00
2.710808883889980869e+00
2.710219755951116749e+00
2.709249879862443589e+00
2.704875241519380857e+00
2.697563054126114857e+00
2.695229507325312301e+00
2.693660478114762391e+00
2.689641290894733139e+00
2.684419302970864507e+00
2.683006997154024909e+00
2.678238958743744735e+00
2.673729350447483721e+00
2.669782906130355737e+00
2.666947801893538195e+00
2.664104881917928047e+00
2.659685921339871584e+00
2.656704924397628620e+00
2.653378607867992400e+00
2.648496193367445350e+00
2.647130345014587771e+00
2.642559831776049695e+00
2.640256322706938885e+00
2.634506639294879715e+00
2.631633566036252425e+00
2.627976849499135792e+00
2.622968359891546086e+00
2.620675202113831315e+00
2.618056150143864169e+00
2.616151470458231820e+00
2.611848602422923715e+00
2.608519547632405011e+00
2.605189926859195371e+00
2.600927907109557680e+00
2.598887608572757024e+00
2.594705622851953830e+00
2.592098963540363066e+00
2.588374114154547545e+00
2.585758983858675641e+00
2.582439318153187280e+00
2.581308031992496588e+00
2.577893764705060597e+00
2.573722718344719329e+00
2.571543534329526981e+00
2.566937167426595501e+00
2.562839702598114666e+00
2.559655630995223419e+00
2.557094363180570262e+00
2.556035287087848662e+00
2.554694673355943024e+00
2.552346554895410957e+00
2.543445484961627923e+00
2.541008767921765887e+00
2.537608500678951717e+00
2.533528678372936049e+00
2.532097612256790420e+00
2.528975420034485388e+00
2.525454571135846038e+00
2.522180727883277296e+00
2.516768981555058460e+00
2.516369433466656425e+00
2.513477931662907228e+00
2.509695275164642858e+00
2.503990482050804101e+00
2.502221206495958583e+00
2.500764746073973921e+00
2.499724939211220409e+00
2.493517724897419185e+00
2.489918233077129894e+00
2.482188878468409854e+00
2.480509602028684757e+00
2.477665553031267009e+00
2.476417220803234009e+00
2.473252203721228781e+00
2.472373506885912953e+00
2.470722013761892821e+00
2.466123294684966272e+00
2.463303546438926350e+00
2.461218989234689847e+00
2.459303907462116356e+00
2.457787299910131118e+00
2.455531449525159005e+00
2.453785927438086212e+00
2.450191911189242067e+00
2.442863776458624070e+00
2.440700786153092050e+00
2.439236628119415329e+00
2.436675081471930238e+00
2.432648350416805272e+00
2.431316831481577623e+00
2.429199106284665177e+00
2.426616800741998148e+00
2.423581305803474528e+00
2.420051039200362020e+00
2.418384385636890510e+00
2.416611974649417238e+00
2.410066975973053083e+00
2.408851595002631463e+00
2.404947949944771235e+00
2.404458642988545058e+00
2.402713159015092970e+00
2.400884209742591757e+00
2.395586765711806621e+00
2.392991428107149599e+00
2.387909670760768766e+00
2.383791616513295075e+00
2.382063760124293328e+00
2.380832434320991009e+00
2.378732567508792251e+00
2.374877139270108906e+00
2.374093183315894695e+00
2.370251966688731393e+00
2.369638035355901007e+00
2.363565228328857071e+00
2.360473873008519075e+00
2.358491239174365983e+00
2.357123270073029353e+00
2.356286282355753769e+00
2.353886754725164732e+00
2.349511051527378047e+00
2.348556959826134438e+00
2.346576295002215318e+00
2.342556039574552162e+00
2.340720544869145048e+00
2.337822773720118263e+00
2.335037745368695017e+00
2.333939063477901588e+00
2.333570724790531958e+00
2.331690456813634960e+00
2.325029309606310157e+00
2.323622339965295769e+00
2.319990102499366547e+00
2.317955929648987556e+00
2.316295115003884408e+00
2.313208436978408944e+00
2.311941080417273309e+00
2.308826344446707868e+00
2.305319015082358813e+00
2.302602079121479406e+00
2.302198072201888213e+00
2.298465551463388490e+00
2.296713407152691122e+00
2.294958830642526593e+00
2.290503743600879716e+00
2.288350811443860877e+00
2.287614993974064870e+00
2.285137511155421741e+00
2.280846713716465413e+00
2.279126894467796483e+00
2.278592549147975710e+00
2.274484445211691241e+00
2.270841367089949436e+00
2.268210070917958454e+00
2.267625817756905082e+00
2.266331768249028045e+00
2.261959218274375072e+00
2.259806860624213876e+00
2.258076409397010487e+00
2.256767833059214912e+00
2.252910569968516352e+00
2.251426350474388105e+00
2.247635687964324891e+00
2.243617227489952182e+00
2.241147868483863714e+00
2.239027737602647505e+00
2.236387901229428099e+00
2.233583761767115927e+00
2.231663235133636292e+00
2.227186508071750559e+00
2.224026455979234651e+00
2.221518373252040046e+00
2.220869697568124135e+00
2.218294117205799054e+00
2.216707773568298734e+00
2.213341856981481559e+00
2.208133526270956715e+00
2.206181647224812803e+00
2.203638391882309033e+00
2.203039055688459591e+00
2.200614399297998958e+00
2.197442069113893393e+00
2.196550912401236122e+00
2.193983060270089602e+00
2.190649512945017197e+00
2.190123252201880089e+00
2.186657353168076856e+00
2.183417138188028961e+00
2.182552086415616266e+00
2.180937063193321812e+00
2.178713097413925492e+00
2.176795825464920231e+00
2.175565454543916033e+00
2.170740570822752957e+00
2.167275569191606799e+00
2.166961162014895859e+00
2.166140687349226823e+00
2.161931700579366566e+00
2.160346764941256659e+00
2.158791166756068858e+00
2.157261400089220515e+00
2.150955907702056358e+00
2.150072220231621145e+00
2.143908996517742693e+00
2.142951468391618874e+00
2.142080358302595577e+00
2.139133829325917890e+00
2.136572454079196604e+00
2.134988268972098258e+00
2.134452626835615430e+00
2.129484990332360717e+00
2.127659804835861035e+00
2.126323198639583190e+00
2.124177607728071848e+00
2.121642215689432120e+00
2.119072095285731372e+00
2.117004104536967191e+00
2.114325550723815006e+00
2.110137794381607534e+00
2.108965155253405221e+00
2.107197634565801003e+00
2.106789022307996806e+00
2.104137766597451442e+00
2.103259561425823598e+00
2.101030705223358108e+00
2.099113315799318258e+00
2.097797241982616967e+00
2.096760440323352626e+00
2.093257822275977009e+00
2.089562597828937829e+00
2.088798463635570979e+00
2.087852024736892798e+00
2.085028032459539382e+00
2.081359464270236881e+00
2.077757882034918513e+00
2.075217025461544740e+00
2.072850095383713231e+00
2.070741819721924060e+00
2.070041865929078462e+00
2.066584616605063651e+00
2.066024315388599319e+00
2.062926479844035210e+00
2.061668267111560038e+00
2.060705160624147325e+00
2.059025616319702046e+00
2.056922041184441330e+00
2.054714818927835918e+00
2.050682563249077717e+00
2.048857144352874027e+00
2.047603936683429993e+00
2.045744267381882420e+00
2.044012614258647886e+00
2.042427012963124788e+00
2.040518427020758363e+00
2.038471219780503052e+00
2.035915599757331496e+00
2.034961819156758889e+00
2.032865932861136926e+00
2.031066826702717432e+00
2.027551421932241471e+00
2.022296134158141800e+00
2.021917258581178878e+00
2.020316812432871423e+00
2.019936721030570759e+00
2.017373507908070795e+00
2.015753177100831905e+00
2.012225486973205246e+00
2.011285472768705507e+00
2.010019477220831963e+00
2.008505556671604797e+00
2.006334957528995933e+00
2.003816762291622755e+00
2.002015421085028279e+00
2.000000000000002665e+00
2.000000000000000888e+00
2.000000000000000444e+00
2.000000000000000000e+00
1.999999999999999334e+00
1.999999999999998446e+00
1.999999999999998446e+00
1.999999999999997335e+00
1.999999999999996891e+00
1.999897672753031763e+00
1.998547461095954603e+00
1.997215674207412306e+00
1.995192355991254329e+00
1.993543682972471087e+00
1.992996556429269761e+00
1.991045596198090406e+00
1.989292065550082311e+00
1.988373636939207101e+00
1.984873747527146293e+00
1.984261658217229662e+00
1.982130576264597988e+00
1.981205263051776910e+00
1.976912087097195236e+00
1.976412345213572008e+00
1.974249045216118770e+00
1.973759008635639578e+00
1.970743888912381836e+00
1.968913492888888284e+00
1.966832658623527408e+00
1.963683347074726360e+00
1.962435044706666076e+00
1.957931793018344191e+00
1.957121782208653960e+00
1.953564321134046766e+00
1.952878357868759185e+00
1.951671706032549025e+00
1.948619278779487374e+00
1.947846983926926345e+00
1.945359032111286135e+00
1.944449949627588881e+00
1.941186396315103257e+00
1.940941883898901876e+00
1.937857344193856024e+00
1.936797381667466178e+00
1.935271309165926379e+00
1.933011299445629438e+00
1.930402837694717544e+00
1.929814896904867183e+00
1.927287256034421858e+00
1.926373847663255257e+00
1.925158450142604227e+00
1.924594703193628131e+00
1.922080336687165047e+00
1.921995558844198815e+00
1.919007563691706553e+00
1.916685528093579727e+00
1.915377185186363906e+00
1.912121919310781681e+00
1.911481143507181901e+00
1.909813124518532357e+00
1.906848772710997286e+00
1.905936479117959603e+00
1.905148933250275345e+00
1.901276837798113295e+00
1.899640776803580344e+00
1.897794917440820850e+00
1.896983145570206641e+00
1.896363905062753208e+00
1.895367246214118451e+00
1.893460642560210294e+00
1.892424796916536867e+00
1.890025600183909082e+00
1.888520794375486922e+00
1.886278961243767593e+00
1.884670008419665921e+00
1.883209439433338517e+00
1.881569352084730751e+00
1.880614600863188990e+00
1.879646284586213634e+00
1.876595263891383869e+00
1.874704380763466904e+00
1.874659703243322983e+00
1.873877375106468568e+00
1.872904581498254339e+00
1.871745492127870003e+00
1.870702084567595680e+00
1.868339675063610317e+00
1.865974976697325260e+00
1.865272630903776818e+00
1.864767426405177231e+00
1.860321246161329656e+00
1.859103963721436159e+00
1.856850990773611709e+00
1.856167529377996450e+00
1.853821287099077342e+00
1.852269998562878106e+00
1.850285649800629040e+00
1.847805996050746025e+00
1.847026323715136309e+00
1.846533631027581723e+00
1.845422178678491454e+00
1.843531088959541764e+00
1.843130841484852844e+00
1.840507435427935379e+00
1.839219218945315149e+00
1.838567017335748455e+00
1.835687297811755769e+00
1.835507188354033037e+00
1.834354178203208452e+00
1.831497157293257017e+00
1.830792129220276010e+00
1.828448003915116971e+00
1.827087067769950890e+00
1.826438116237468323e+00
1.825712452781419248e+00
1.822535326806386413e+00
1.821549717713820460e+00
1.819611024233578123e+00
1.815479771130480424e+00
1.814738499907138758e+00
1.814097088965662685e+00
1.813124934224499496e+00
1.812370843263900300e+00
1.811540039632269838e+00
1.810830977193230273e+00
1.808348322914527406e+00
1.806380774652288634e+00
1.806133146699852920e+00
1.804931356165390799e+00
1.800709232182561070e+00
1.799566374075950881e+00
1.798577530462184493e+00
1.796681947062637619e+00
1.794794379265247652e+00
1.792829010987933458e+00
1.791860716840630641e+00
1.790037345625494547e+00
1.789059429137995982e+00
1.787526520726079982e+00
1.786429538490709401e+00
1.784763715839409848e+00
1.781248817224447167e+00
1.779271194522817678e+00
1.778674636024869304e+00
1.777327126466347496e+00
1.776590139372607124e+00
1.773874740383532878e+00
1.772373768593978438e+00
1.771190908740718051e+00
1.769781863969834612e+00
1.767542456439455512e+00
1.765433454777562083e+00
1.763281478846679962e+00
1.762338206690350129e+00
1.758845916700206180e+00
1.757289983812852174e+00
1.756820021360712580e+00
1.754773583756549904e+00
1.752966522776921776e+00
1.752628904862044479e+00
1.751053308376393725e+00
1.750105732698119310e+00
1.748170937305222106e+00
1.745683211895783682e+00
1.744338568725402050e+00
1.742810793119478951e+00
1.742074864809691093e+00
1.740304417133523573e+00
1.737620433085996341e+00
1.735356912954041819e+00
1.734935405704660427e+00
1.733300648716412651e+00
1.732050807568884077e+00
1.732050807568881856e+00
1.732050807568879414e+00
1.732050807568879192e+00
1.732050807568878525e+00
1.732050807568878525e+00
1.732050807568878081e+00
1.732050807568877859e+00
1.732050807568877637e+00
1.732050807568877415e+00
1.732050807568877415e+00
1.732050807568877193e+00
1.732050807568876305e+00
1.732050807568876083e+00
1.732050807568876083e+00
1.732050807568875861e+00
1.732050807568875861e+00
1.732050807568875417e+00
1.732050807568875195e+00
1.732050807568874973e+00
1.732050807568874973e+00
1.732050807568872530e+00
1.731062381791180105e+00
1.729402698918394377e+00
1.728200661007071259e+00
1.727410546442950556e+00
1.726122699319065479e+00
1.725530036260144895e+00
1.724610301441702243e+00
1.723238893546875650e+00
1.721481188038977095e+00
1.720667626848462195e+00
1.720322317942845736e+00
1.718484173979650365e+00
1.717317181439758533e+00
1.715122772604877444e+00
1.713582284532292777e+00
1.712608993507383159e+00
1.710785451168935101e+00
1.709177696165874227e+00
1.708673068577098331e+00
1.708559869564662437e+00
1.707795891319956016e+00
1.706582760007558486e+00
1.705592634859716128e+00
1.703071083988048073e+00
1.702076430853519451e+00
1.701560639546269460e+00
1.699218577107547645e+00
1.698761431675553268e+00
1.697378277541665703e+00
1.695590414912336863e+00
1.693723811079317798e+00
1.693347477006915902e+00
1.691686585783533481e+00
1.691059206242715884e+00
1.690768678976573236e+00
1.688338791371920555e+00
1.686724036940546512e+00
1.685965165347276251e+00
1.684679685618012401e+00
1.682405651029592164e+00
1.681553545946028683e+00
1.681241058534193700e+00
1.678035852628146696e+00
1.675762115966518362e+00
1.674248953819533980e+00
1.673100492667618955e+00
1.669274835146404623e+00
1.668424119420471863e+00
1.666619020742678980e+00
1.666029794183192969e+00
1.664894922742897965e+00
1.663725503153306695e+00
1.661574729311085186e+00
1.660573118536143866e+00
1.660135964764954952e+00
1.659498102337172210e+00
1.657304488187867575e+00
1.656363549903457688e+00
1.654622838520918515e+00
1.653277854884972031e+00
1.651603482113596977e+00
1.650993824662936760e+00
1.649267882247069439e+00
1.647975235315467302e+00
1.646230657712145717e+00
1.645411170931056821e+00
1.644789747181518047e+00
1.642787718629528770e+00
1.641641364536241543e+00
1.638941586836180075e+00
1.638107000414410930e+00
1.636093377890539102e+00
1.635576206893684326e+00
1.633386861798444167e+00
1.632109852441214537e+00
1.631429408192574648e+00
1.630802032652474809e+00
1.627333682573805618e+00
1.626522231861249113e+00
1.625162706992471895e+00
1.624594226349671766e+00
1.621763409871598505e+00
1.621075999517791688e+00
1.619348961243787688e+00
1.618033988749892016e+00
1.617808614963395897e+00
1.617412947388866984e+00
1.616800002479091170e+00
1.615397847916708818e+00
1.612547689096142545e+00
1.611113677057731230e+00
1.608947432174609338e+00
1.606802757298982920e+00
1.606649190180985176e+00
1.604759185140407052e+00
1.603681486427218195e+00
1.602831919612651923e+00
1.601638212543667450e+00
1.600625151982606686e+00
1.599944546966058700e+00
1.597113026063532448e+00
1.595501794159976283e+00
1.594941942969450910e+00
1.594398749655204117e+00
1.593114188073368576e+00
1.590860537309422229e+00
1.589513788387174165e+00
1.587624691369123653e+00
1.585035438691353438e+00
1.584740285630910517e+00
1.583104163494656547e+00
1.582070251243237635e+00
1.580084214167196244e+00
1.577769639716706251e+00
1.577389437175439779e+00
1.576690717329973346e+00
1.574960533685789255e+00
1.573178737070034749e+00
1.572167393638285615e+00
1.571153888540043120e+00
1.569105180687895951e+00
1.568569878001468076e+00
1.567197786698601991e+00
1.566040779647232872e+00
1.564501500980183479e+00
1.563350591078419560e+00
1.562158549689774079e+00
1.560895481711861432e+00
1.559585439391101724e+00
1.558764545515903821e+00
1.557814489326589946e+00
1.556090765334346537e+00
1.555871688085549653e+00
1.554728845365970002e+00
1.552400812711855815e+00
1.551514627386903600e+00
1.550102174415129985e+00
1.549346204706733898e+00
1.547076427608740978e+00
1.545680671791654914e+00
1.544593835912884572e+00
1.542005529025504584e+00
1.539703645650897679e+00
1.539384709921482575e+00
1.538233797036414607e+00
1.537774400630472105e+00
1.536395932959030874e+00
1.534259652741422286e+00
1.532629170594859147e+00
1.531909023892199739e+00
1.531580480285059664e+00
1.530053825235585085e+00
1.528708136306490939e+00
1.526892165768384269e+00
1.526020486981933155e+00
1.525616277644365582e+00
1.524131765622504409e+00
1.521918375794786282e+00
1.521633523418308487e+00
1.520813485711638213e+00
1.518372532029549804e+00
1.517545964192446473e+00
1.516457736391106259e+00
1.515096129974923711e+00
1.514925784046354584e+00
1.513405585819207921e+00
1.511679625310519581e+00
1.510951792395129001e+00
1.509941936585871503e+00
1.508149070684158932e+00
1.506572745508485855e+00
1.505825916130614894e+00
1.504383033045732398e+00
1.502850859065546940e+00
1.501000715861993129e+00
1.500680826247042354e+00
1.499132931294783200e+00
1.498606257228757288e+00
1.497251311300703547e+00
1.496668685193523141e+00
1.496074359815816601e+00
1.493931945863011146e+00
1.493210335560832158e+00
1.491533334551202961e+00
1.490476997436865014e+00
1.489950042407942821e+00
1.487778516560407605e+00
1.485574747609105684e+00
1.484172047394520133e+00
1.483832036113650776e+00
1.481689461659590590e+00
1.480957528488495045e+00
1.478973950561897732e+00
1.477223962017613967e+00
1.476442542430540072e+00
1.474597323844580643e+00
1.473422907590306918e+00
1.472418696947197070e+00
1.470586690283925080e+00
1.469723779466330482e+00
1.468318047223533540e+00
1.466630870287421118e+00
1.465679059544133134e+00
1.464371033819024115e+00
1.463572023110587761e+00
1.462428239446466716e+00
1.461942922877510931e+00
1.459440546755739643e+00
1.458255811195571239e+00
1.457066597103317873e+00
1.456702656816240449e+00
1.455564104806448489e+00
1.452128168022551957e+00
1.450679822271720987e+00
1.447796782195330589e+00
1.447133579576719509e+00
1.446626000988400662e+00
1.445289282039497358e+00
1.444394252959405600e+00
1.443405986616714598e+00
1.441973799252004307e+00
1.440555025490593222e+00
1.439772658248975157e+00
1.438709523041749927e+00
1.437609994102496236e+00
1.436460113963687446e+00
1.435812180467823662e+00
1.435003601225235181e+00
1.432503738212309585e+00
1.431049251453055504e+00
1.429512028671397816e+00
1.428388359972301735e+00
1.427445689701138054e+00
1.426195876560488074e+00
1.426144073803066403e+00
1.423781721223879249e+00
1.422038961872051699e+00
1.421122402035864374e+00
1.420321564475028664e+00
1.419781287846136442e+00
1.419388696551229234e+00
1.417242446548595547e+00
1.416197809837342447e+00
1.414291930028854116e+00
1.414213562373098254e+00
1.414213562373098254e+00
1.414213562373097366e+00
1.414213562373097366e+00
1.414213562373096922e+00
1.414213562373096700e+00
1.414213562373096478e+00
1.414213562373096478e+00
1.414213562373096478e+00
1.414213562373096256e+00
1.414213562373096256e+00
1.414213562373096034e+00
1.414213562373096034e+00
1.414213562373096034e+00
1.414213562373095812e+00
1.414213562373095812e+00
1.414213562373095812e+00
1.414213562373095590e+00
1.414213562373095590e+00
1.414213562373095590e+00
1.414213562373095590e+00
1.414213562373095590e+00
1.414213562373095590e+00
1.414213562373095590e+00
1.414213562373095368e+00
1.414213562373095368e+00
1.414213562373095368e+00
1.414213562373095145e+00
1.414213562373095145e+00
1.414213562373095145e+00
1.414213562373095145e+00
1.414213562373095145e+00
1.414213562373095145e+00
1.414213562373095145e+00
1.414213562373094923e+00
1.414213562373094923e+00
1.414213562373094923e+00
1.414213562373094923e+00
1.414213562373094923e+00
1.414213562373094923e+00
1.414213562373094923e+00
1.414213562373094701e+00
1.414213562373094701e+00
1.414213562373094701e+00
1.414213562373094701e+00
1.414213562373094701e+00
1.414213562373094701e+00
1.414213562373094701e+00
1.414213562373094701e+00
1.414213562373094701e+00
1.414213562373094701e+00
1.414213562373094479e+00
1.414213562373094479e+00
1.414213562373094479e+00
1.414213562373094479e+00
1.414213562373094257e+00
1.414213562373094257e+00
1.414213562373094257e+00
1.414213562373094035e+00
1.414213562373093813e+00
1.414213562373093591e+00
1.414213562373093591e+00
1.414213562373093147e+00
1.414213562373092925e+00
1.414213562373092703e+00
1.414213562373092703e+00
1.414213562373092481e+00
1.414213562373092259e+00
1.413603860621227781e+00
1.413288148418870627e+00
1.412080161066843198e+00
1.411740005488703709e+00
1.411051031349007889e+00
1.409925187629076593e+00
1.409430720977725926e+00
1.408894992521621425e+00
1.408032024085037248e+00
1.407474077993787986e+00
1.406841149974016103e+00
1.405981641972583018e+00
1.405506927150220742e+00
1.405250952509001339e+00
1.403487382763592972e+00
1.402478686263613383e+00
1.402361806056143134e+00
1.401555990842717536e+00
1.400617976360368999e+00
1.399983656791382591e+00
1.399327620350447887e+00
1.397865936857143110e+00
1.396698799313573991e+00
1.396232535968129573e+00
1.395492660817144959e+00
1.395027149817974710e+00
1.394166400521580140e+00
1.392955409561623448e+00
1.392786561999219463e+00
1.391372629010502848e+00
1.390753972176193676e+00
1.388952241222900508e+00
1.388275513346306722e+00
1.387673531444127306e+00
1.386963327502972021e+00
1.385757644567100266e+00
1.385645843862729043e+00
1.384945759990882097e+00
1.384407846466701786e+00
1.383497043539963833e+00
1.382674760603341380e+00
1.382023834251905781e+00
1.381212563281952743e+00
1.380468746039509753e+00
1.379413519827594303e+00
1.378627680309968628e+00
1.377559677436591912e+00
1.376691014840182081e+00
1.376257626155219960e+00
1.375172027724355317e+00
1.374310933761802023e+00
1.373739051782765674e+00
1.372901892516538824e+00
1.371987169132186768e+00
1.370569638593050366e+00
1.370388286493053664e+00
1.369968111245027265e+00
1.368280164458926862e+00
1.367941920117329957e+00
1.367021539321785939e+00
1.365043496782819332e+00
1.364506569862348195e+00
1.363137565069799439e+00
1.362591693385963643e+00
1.361247741292326507e+00
1.360791068756684208e+00
1.359448350840804398e+00
1.358919809459916417e+00
1.357426061411674212e+00
1.356735597408788241e+00
1.355725057780611698e+00
1.355056185538296543e+00
1.353919830582799966e+00
1.353489070818446827e+00
1.352153566994319212e+00
1.351002252593144437e+00
1.349891189328300989e+00
1.348699083995564596e+00
1.348032985379409077e+00
1.347325573844077473e+00
1.346274603787700919e+00
1.345096272520484026e+00
1.344588483477859198e+00
1.343715062234463797e+00
1.343177728796710824e+00
1.342163586621815785e+00
1.341295002176480677e+00
1.340114360076768207e+00
1.337580511357153501e+00
1.337383470473390457e+00
1.335976522701801894e+00
1.335095158856620001e+00
1.333041431405779464e+00
1.332234367058727331e+00
1.331476259493468817e+00
1.331312707597683831e+00
1.330055179316260050e+00
1.328913889823285066e+00
1.327906883790642034e+00
1.326898023950339400e+00
1.325652247923124971e+00
1.325016146835535924e+00
1.324258884070742548e+00
1.323198960871488694e+00
1.321924637638722588e+00
1.321250999674276727e+00
1.320138810394793749e+00
1.319579107592376621e+00
1.318340574092182305e+00
1.316522300422020786e+00
1.316115912121296638e+00
1.315699727543368835e+00
1.313419173451806365e+00
1.312667148854452126e+00
1.311667784180321483e+00
1.311324372376101888e+00
1.310614948404270175e+00
1.309173251851027509e+00
1.308621288572364927e+00
1.306722554017248461e+00
1.305731343132851219e+00
1.304834748915462805e+00
1.303760957677617682e+00
1.302748005662280439e+00
1.301877344050475394e+00
1.301575151076836523e+00
1.300640211809739766e+00
1.298785051784357769e+00
1.298044046326148004e+00
1.297292962155890406e+00
1.296691098883637094e+00
1.295456448555798445e+00
1.294537739977232205e+00
1.293310564413245212e+00
1.293134698018503670e+00
1.291970817341955291e+00
1.291549839476336281e+00
1.290970302296765349e+00
1.290669601398375610e+00
1.288957746853433894e+00
1.287721240563127312e+00
1.287056354887049503e+00
1.285787145499127204e+00
1.283757229050827009e+00
1.283307716255095210e+00
1.282246875051200607e+00
1.280780794853008331e+00
1.280043025023393177e+00
1.278990838953194320e+00
1.277444196605439064e+00
1.277143615001887778e+00
1.275407237610099553e+00
1.274620418827973944e+00
1.273935538702166470e+00
1.273333425769775706e+00
1.271010675821774960e+00
1.270616416132749782e+00
1.269216078947915882e+00
1.266746254543403172e+00
1.265903395387836916e+00
1.264245286688406411e+00
1.263675682810623035e+00
1.261420370870167451e+00
1.260846719371641944e+00
1.260231433992185845e+00
1.259306209184172687e+00
1.258624270506490950e+00
1.257650886948032953e+00
1.256782389866470284e+00
1.255859743348677338e+00
1.254407419141137847e+00
1.253341109039249224e+00
1.252811503334722243e+00
1.251330161363386928e+00
1.250527029130101830e+00
1.249409269531223554e+00
1.248090712605972596e+00
1.247232208937969045e+00
1.246499639343727983e+00
1.245604930012886413e+00
1.243692935677798150e+00
1.243630157313047491e+00
1.242200771400649106e+00
1.240912839811419310e+00
1.239327129493142055e+00
1.237894749591655019e+00
1.237445703255246610e+00
1.236261717548291061e+00
1.235457521286055904e+00
1.235014061430705024e+00
1.233840573326252299e+00
1.233412180722374796e+00
1.232162630519413549e+00
1.231298566879172940e+00
1.230566330834745203e+00
1.229190195692740240e+00
1.228769668879037935e+00
1.227142303263185408e+00
1.226712803119129447e+00
1.225206241588234768e+00
1.224590328028630548e+00
1.223310749344955983e+00
1.222361857705980936e+00
1.221094738831842053e+00
1.220202266702504090e+00
1.219352820073776877e+00
1.218234159548708506e+00
1.217820479006944900e+00
1.215832072101519667e+00
1.214548900892931327e+00
1.213839429743047482e+00
1.213221447362284655e+00
1.212116702858497375e+00
1.211041426341287641e+00
1.210711475755703592e+00
1.208556151475095097e+00
1.208225398930457661e+00
1.206798097318846130e+00
1.205454615010576047e+00
1.205070185662483695e+00
1.203424814595328129e+00
1.202365598602950225e+00
1.201354353443957468e+00
1.200579512836624785e+00
1.200251233807792639e+00
1.199297977804370863e+00
1.197455198109974139e+00
1.196035117746934606e+00
1.195525214064969477e+00
1.194077951714017205e+00
1.193297055217154456e+00
1.192370945965242957e+00
1.191950411420041878e+00
1.190841393611511867e+00
1.190013394125930324e+00
1.189687531890425864e+00
1.189613321242625865e+00
1.187910620575413523e+00
1.186493895893210970e+00
1.185025391275842832e+00
1.184525455428839802e+00
1.183307697069770015e+00
1.182298710798181940e+00
1.181777884160453373e+00
1.180208262214293313e+00
1.179925940646077365e+00
1.178778117760672650e+00
1.178250891572335091e+00
1.177197637924505935e+00
1.174927597750629049e+00
1.174168705992987283e+00
1.173049052669297598e+00
1.172274758686026042e+00
1.171178499221669167e+00
1.169865046890852467e+00
1.168741833383592832e+00
1.168301693181165390e+00
1.166742333434223511e+00
1.165336545101810062e+00
1.164867255659656209e+00
1.163440957139449727e+00
1.163106833812960428e+00
1.161411952040953599e+00
1.160485239034170668e+00
1.159804480887203004e+00
1.158235870515722299e+00
1.157645997922054804e+00
1.157121988942517277e+00
1.156810387310150512e+00
1.154756110530940072e+00
1.153608991438119569e+00
1.152476393717186465e+00
1.152112715983910629e+00
1.150518621790383555e+00
1.149219343705820462e+00
1.148610542389479017e+00
1.147663734385173884e+00
1.147445390445569258e+00
1.146760188944770276e+00
1.145321999608464703e+00
1.144675231941266524e+00
1.143068826615955214e+00
1.141878887160633127e+00
1.140646704581701920e+00
1.139721394681156408e+00
1.138745127331434404e+00
1.137952715466645115e+00
1.136889243503266922e+00
1.136123669489579990e+00
1.134341848373459749e+00
1.133428046925975874e+00
1.132466367015279474e+00
1.131414195757425301e+00
1.131002218970118767e+00
1.129849480782252336e+00
1.129152399282681296e+00
1.128620002008960288e+00
1.125459119331944535e+00
1.124412956913776185e+00
1.124154505962196238e+00
1.122802845776942338e+00
1.122658488950434963e+00
1.121058554409637198e+00
1.119431254776661389e+00
1.118326753574379273e+00
1.117390083643334586e+00
1.116511522075065210e+00
1.116244350189796064e+00
1.115278921780442190e+00
1.113911681766648565e+00
1.113614810333492189e+00
1.112167338930610372e+00
1.111178647701085875e+00
1.110623709976179319e+00
1.109661363246763344e+00
1.108708704458283512e+00
1.107126125668542738e+00
1.105834037478123921e+00
1.105185950460186195e+00
1.104619501990991459e+00
1.102691258827202425e+00
1.102638076139941692e+00
1.101368203186679828e+00
1.100094007136475316e+00
1.099676992843280354e+00
1.098976659918973642e+00
1.097160516580241607e+00
1.096237035331900422e+00
1.095182017989255963e+00
1.093695323301105526e+00
1.093205127933904341e+00
1.092593695766331807e+00
1.091818501812326980e+00
1.090683115184842178e+00
1.088955316437252074e+00
1.088817118560904573e+00
1.087530476200014862e+00
1.086933879744852005e+00
1.086056690819914072e+00
1.085306947323935400e+00
1.084334107230090050e+00
1.083589403450179622e+00
1.082949197941224906e+00
1.080501164562251537e+00
1.079994358721907854e+00
1.079814111120702469e+00
1.078586573611841182e+00
1.078041393830752703e+00
1.077660017156920169e+00
1.076302802240982848e+00
1.074422939997768278e+00
1.073081926400649921e+00
1.072678745433521375e+00
1.072208941572345475e+00
1.072157213739318715e+00
1.069947836477807446e+00
1.069579989039573631e+00
1.068124377872215591e+00
1.067785321192475712e+00
1.066510417130325905e+00
1.065951371459521457e+00
1.064372939524206529e+00
1.063606583466200739e+00
1.063154488972364087e+00
1.062294841357222408e+00
1.061342120145737145e+00
1.060436434478793988e+00
1.059631422608829032e+00
1.058962160876788738e+00
1.058464541588309826e+00
1.057216017458950663e+00
1.055817170208397604e+00
1.054298438722750308e+00
1.053581654171295012e+00
1.052870187575154937e+00
1.052239573545588280e+00
1.050923604506386555e+00
1.050567935785403417e+00
1.050311537183282296e+00
1.049388526094897411e+00
1.048126074516247730e+00
1.047800747216579342e+00
1.047091316226124391e+00
1.046162660527167443e+00
1.045308403906008543e+00
1.045133114393335338e+00
1.043803246108272686e+00
1.043198979764150103e+00
1.042472212165894918e+00
1.041939117933655456e+00
1.041120279357738099e+00
1.040171084136081170e+00
1.039415723444255590e+00
1.038506748117260958e+00
1.036803969150141613e+00
1.036348833861073127e+00
1.035337398462221836e+00
1.034352210860824295e+00
1.033855681834215501e+00
1.033186804496293298e+00
1.032868539303354760e+00
1.032434245752477775e+00
1.032162945055362879e+00
1.030956616828462291e+00
1.030481769302538320e+00
1.029151167342027495e+00
1.028833695875333465e+00
1.027876729925576438e+00
1.026339903779923901e+00
1.025995981291563330e+00
1.025447326734346465e+00
1.024835248566813961e+00
1.024201160524598642e+00
1.023335397626653265e+00
1.022935079614987641e+00
1.021860673975383271e+00
1.021054800767013049e+00
1.020662715965202860e+00
1.019741335558915774e+00
1.019323786138833121e+00
1.017729092554813253e+00
1.016957335529655948e+00
1.016459635631509872e+00
1.015781786797588238e+00
1.015445075036186307e+00
1.015354729138410184e+00
1.014395465827619525e+00
1.013960856875326000e+00
1.013624790720761171e+00
1.013107745850859498e+00
1.012317385821051907e+00
1.011636867698628262e+00
1.011027399228670465e+00
1.010734505816594631e+00
1.010389631721546611e+00
1.009459555793604357e+00
1.008837257870939697e+00
1.008400850887957612e+00
1.007700550696990716e+00
1.007300012720172999e+00
1.007154465766868068e+00
1.006320489269611818e+00
1.005998854251826558e+00
1.005456607348280684e+00
1.004586324111420126e+00
1.004430659893930544e+00
1.004060422091593852e+00
1.002937831880462705e+00
1.002777159084331515e+00
1.002153558765733754e+00
1.001512919061866347e+00
1.001220501439543220e+00
1.001045560604509443e+00
1.000818566351525662e+00
1.000708097088857329e+00
1.000344447152207827e+00
1.000290519251152865e+00
1.000000000000007105e+00
1.000000000000005773e+00
1.000000000000005329e+00
1.000000000000005107e+00
1.000000000000004441e+00
1.000000000000003997e+00
1.000000000000003331e+00
1.000000000000003331e+00
1.000000000000002887e+00
1.000000000000002665e+00
1.000000000000002442e+00
1.000000000000002220e+00
1.000000000000002220e+00
1.000000000000001998e+00
1.000000000000001554e+00
1.000000000000001554e+00
1.000000000000001554e+00
1.000000000000001554e+00
1.000000000000001554e+00
1.000000000000001554e+00
1.000000000000001554e+00
1.000000000000001554e+00
1.000000000000001554e+00
1.000000000000001554e+00
1.000000000000001554e+00
1.000000000000001554e+00
1.000000000000001554e+00
1.000000000000001554e+00
1.000000000000001554e+00
1.000000000000001332e+00
1.000000000000001332e+00
1.000000000000001332e+00
1.000000000000001332e+00
1.000000000000001332e+00
1.000000000000001332e+00
1.000000000000001332e+00
1.000000000000001332e+00
1.000000000000001332e+00
1.000000000000001332e+00
1.000000000000001332e+00
1.000000000000001332e+00
1.000000000000001332e+00
1.000000000000001332e+00
1.000000000000001332e+00
1.000000000000001332e+00
1.000000000000001332e+00
1.000000000000001332e+00
1.000000000000001332e+00
1.000000000000001332e+00
1.000000000000001332e+00
1.000000000000001332e+00
1.000000000000001332e+00
1.000000000000001332e+00
1.000000000000001110e+00
1.000000000000001110e+00
1.000000000000001110e+00
1.000000000000001110e+00
1.000000000000001110e+00
1.000000000000001110e+00
1.000000000000001110e+00
1.000000000000001110e+00
1.000000000000001110e+00
1.000000000000001110e+00
1.000000000000001110e+00
1.000000000000001110e+00
1.000000000000001110e+00
1.000000000000001110e+00
1.000000000000001110e+00
1.000000000000001110e+00
1.000000000000001110e+00
1.000000000000001110e+00
1.000000000000001110e+00
1.000000000000001110e+00
1.000000000000001110e+00
1.000000000000001110e+00
1.000000000000001110e+00
1.000000000000001110e+00
1.000000000000001110e+00
1.000000000000001110e+00
1.000000000000001110e+00
1.000000000000001110e+00
1.000000000000001110e+00
1.000000000000001110e+00
1.000000000000001110e+00
1.000000000000001110e+00
1.000000000000000888e+00
1.000000000000000888e+00
1.000000000000000888e+00
1.000000000000000888e+00
1.000000000000000888e+00
1.000000000000000888e+00
1.000000000000000888e+00
1.000000000000000888e+00
1.000000000000000888e+00
1.000000000000000888e+00
1.000000000000000888e+00
1.000000000000000888e+00
1.000000000000000888e+00
1.000000000000000888e+00
1.000000000000000888e+00
1.000000000000000888e+00
1.000000000000000888e+00
1.000000000000000888e+00
1.000000000000000888e+00
1.000000000000000888e+00
1.000000000000000888e+00
1.000000000000000888e+00
1.000000000000000888e+00
1.000000000000000888e+00
1.000000000000000888e+00
1.000000000000000888e+00
1.000000000000000888e+00
1.000000000000000888e+00
1.000000000000000888e+00
1.000000000000000888e+00
1.000000000000000888e+00
1.000000000000000888e+00
1.000000000000000888e+00
1.000000000000000888e+00
1.000000000000000888e+00
1.000000000000000666e+00
1.000000000000000666e+00
1.000000000000000666e+00
1.000000000000000666e+00
1.000000000000000666e+00
1.000000000000000666e+00
1.000000000000000666e+00
1.000000000000000666e+00
1.000000000000000666e+00
1.000000000000000666e+00
1.000000000000000666e+00
1.000000000000000666e+00
1.000000000000000666e+00
1.000000000000000666e+00
1.000000000000000666e+00
1.000000000000000666e+00
1.000000000000000666e+00
1.000000000000000666e+00
1.000000000000000666e+00
1.000000000000000666e+00
1.000000000000000666e+00
1.000000000000000666e+00
1.000000000000000666e+00
1.000000000000000666e+00
1.000000000000000666e+00
1.000000000000000666e+00
1.000000000000000666e+00
1.000000000000000666e+00
1.000000000000000666e+00
1.000000000000000666e+00
1.000000000000000666e+00
1.000000000000000666e+00
1.000000000000000666e+00
1.000000000000000666e+00
1.000000000000000666e+00
1.000000000000000666e+00
1.000000000000000666e+00
1.000000000000000666e+00
1.000000000000000666e+00
1.000000000000000666e+00
1.000000000000000666e+00
1.000000000000000666e+00
1.000000000000000666e+00
1.000000000000000666e+00
1.000000000000000666e+00
1.000000000000000666e+00
1.000000000000000666e+00
1.000000000000000666e+00
1.000000000000000666e+00
1.000000000000000666e+00
1.000000000000000666e+00
1.000000000000000666e+00
1.000000000000000666e+00
1.000000000000000666e+00
1.000000000000000666e+00
1.000000000000000666e+00
1.000000000000000444e+00
1.000000000000000444e+00
1.000000000000000444e+00
1.000000000000000444e+00
1.000000000000000444e+00
1.000000000000000444e+00
1.000000000000000444e+00
1.000000000000000444e+00
1.000000000000000444e+00
1.000000000000000444e+00
1.000000000000000444e+00
1.000000000000000444e+00
1.000000000000000444e+00
1.000000000000000444e+00
1.000000000000000444e+00
1.000000000000000444e+00
1.000000000000000444e+00
1.000000000000000444e+00
1.000000000000000444e+00
1.000000000000000444e+00
1.000000000000000444e+00
1.000000000000000444e+00
1.000000000000000444e+00
1.000000000000000444e+00
1.000000000000000444e+00
1.000000000000000444e+00
1.000000000000000444e+00
1.000000000000000444e+00
1.000000000000000444e+00
1.000000000000000444e+00
1.000000000000000444e+00
1.000000000000000444e+00
1.000000000000000444e+00
1.000000000000000444e+00
1.000000000000000444e+00
1.000000000000000444e+00
1.000000000000000444e+00
1.000000000000000444e+00
1.000000000000000444e+00
1.000000000000000444e+00
1.000000000000000444e+00
1.000000000000000444e+00
1.000000000000000444e+00
1.000000000000000444e+00
1.000000000000000444e+00
1.000000000000000444e+00
1.000000000000000444e+00
1.000000000000000444e+00
1.000000000000000444e+00
1.000000000000000444e+00
1.000000000000000444e+00
1.000000000000000444e+00
1.000000000000000444e+00
1.000000000000000444e+00
1.000000000000000444e+00
1.000000000000000444e+00
1.000000000000000444e+00
1.000000000000000444e+00
1.000000000000000444e+00
1.000000000000000444e+00
1.000000000000000444e+00
1.000000000000000444e+00
1.000000000000000444e+00
1.000000000000000444e+00
1.000000000000000444e+00
1.000000000000000444e+00
1.000000000000000444e+00
1.000000000000000444e+00
1.000000000000000444e+00
1.000000000000000444e+00
1.000000000000000222e+00
1.000000000000000222e+00
1.000000000000000222e+00
1.000000000000000222e+00
1.000000000000000222e+00
1.000000000000000222e+00
1.000000000000000222e+00
1.000000000000000222e+00
1.000000000000000222e+00
1.000000000000000222e+00
1.000000000000000222e+00
1.000000000000000222e+00
1.000000000000000222e+00
1.000000000000000222e+00
1.000000000000000222e+00
1.000000000000000222e+00
1.000000000000000222e+00
1.000000000000000222e+00
1.000000000000000222e+00
1.000000000000000222e+00
1.000000000000000222e+00
1.000000000000000222e+00
1.000000000000000222e+00
1.000000000000000222e+00
1.000000000000000222e+00
1.000000000000000222e+00
1.000000000000000222e+00
1.000000000000000222e+00
1.000000000000000222e+00
1.000000000000000222e+00
1.000000000000000222e+00
1.000000000000000222e+00
1.000000000000000222e+00
1.000000000000000222e+00
1.000000000000000222e+00
1.000000000000000222e+00
1.000000000000000222e+00
1.000000000000000222e+00
1.000000000000000222e+00
1.000000000000000222e+00
1.000000000000000222e+00
1.000000000000000222e+00
1.000000000000000222e+00
1.000000000000000222e+00
1.000000000000000222e+00
1.000000000000000222e+00
1.000000000000000222e+00
1.000000000000000222e+00
1.000000000000000222e+00
1.000000000000000222e+00
1.000000000000000222e+00
1.000000000000000222e+00
1.000000000000000222e+00
1.000000000000000222e+00
1.000000000000000222e+00
1.000000000000000222e+00
1.000000000000000222e+00
1.000000000000000222e+00
1.000000000000000222e+00
1.000000000000000222e+00
1.000000000000000222e+00
1.000000000000000222e+00
1.000000000000000222e+00
1.000000000000000222e+00
1.000000000000000222e+00
1.000000000000000222e+00
1.000000000000000222e+00
1.000000000000000222e+00
1.000000000000000222e+00
1.000000000000000222e+00
1.000000000000000222e+00
1.000000000000000222e+00
1.000000000000000222e+00
1.000000000000000222e+00
1.000000000000000222e+00
1.000000000000000222e+00
1.000000000000000222e+00
1.000000000000000222e+00
1.000000000000000222e+00
1.000000000000000222e+00
1.000000000000000222e+00
1.000000000000000222e+00
1.000000000000000222e+00
1.000000000000000222e+00
1.000000000000000222e+00
1.000000000000000222e+00
1.000000000000000222e+00
1.000000000000000222e+00
1.000000000000000222e+00
1.000000000000000222e+00
1.000000000000000222e+00
1.000000000000000222e+00
1.000000000000000222e+00
1.000000000000000222e+00
1.000000000000000222e+00
1.000000000000000222e+00
1.000000000000000222e+00
1.000000000000000222e+00
1.000000000000000222e+00
1.000000000000000222e+00
1.000000000000000222e+00
1.000000000000000222e+00
1.000000000000000222e+00
1.000000000000000222e+00
1.000000000000000222e+00
1.000000000000000222e+00
1.000000000000000222e+00
1.000000000000000222e+00
1.000000000000000000e+00
1.000000000000000000e+00
1.000000000000000000e+00
1.000000000000000000e+00
1.000000000000000000e+00
1.000000000000000000e+00
1.000000000000000000e+00
1.000000000000000000e+00
1.000000000000000000e+00
1.000000000000000000e+00
1.000000000000000000e+00
1.000000000000000000e+00
1.000000000000000000e+00
1.000000000000000000e+00
1.000000000000000000e+00
1.000000000000000000e+00
1.000000000000000000e+00
1.000000000000000000e+00
1.000000000000000000e+00
1.000000000000000000e+00
1.000000000000000000e+00
1.000000000000000000e+00
1.000000000000000000e+00
1.000000000000000000e+00
1.000000000000000000e+00
1.000000000000000000e+00
1.000000000000000000e+00
1.000000000000000000e+00
1.000000000000000000e+00
1.000000000000000000e+00
1.000000000000000000e+00
1.000000000000000000e+00
1.000000000000000000e+00
1.000000000000000000e+00
1.000000000000000000e+00
1.000000000000000000e+00
1.000000000000000000e+00
1.000000000000000000e+00
1.000000000000000000e+00
1.000000000000000000e+00
1.000000000000000000e+00
1.000000000000000000e+00
1.000000000000000000e+00
1.000000000000000000e+00
1.000000000000000000e+00
1.000000000000000000e+00
1.000000000000000000e+00
1.000000000000000000e+00
1.000000000000000000e+00
1.000000000000000000e+00
1.000000000000000000e+00
1.000000000000000000e+00
1.000000000000000000e+00
1.000000000000000000e+00
1.000000000000000000e+00
1.000000000000000000e+00
1.000000000000000000e+00
1.000000000000000000e+00
1.000000000000000000e+00
1.000000000000000000e+00
1.000000000000000000e+00
1.000000000000000000e+00
1.000000000000000000e+00
1.000000000000000000e+00
1.000000000000000000e+00
1.000000000000000000e+00
1.000000000000000000e+00
1.000000000000000000e+00
1.000000000000000000e+00
1.000000000000000000e+00
1.000000000000000000e+00
1.000000000000000000e+00
1.000000000000000000e+00
1.000000000000000000e+00
1.000000000000000000e+00
1.000000000000000000e+00
1.000000000000000000e+00
1.000000000000000000e+00
1.000000000000000000e+00
1.000000000000000000e+00
1.000000000000000000e+00
1.000000000000000000e+00
1.000000000000000000e+00
1.000000000000000000e+00
1.000000000000000000e+00
1.000000000000000000e+00
1.000000000000000000e+00
1.000000000000000000e+00
1.000000000000000000e+00
1.000000000000000000e+00
1.000000000000000000e+00
1.000000000000000000e+00
1.000000000000000000e+00
1.000000000000000000e+00
1.000000000000000000e+00
1.000000000000000000e+00
1.000000000000000000e+00
1.000000000000000000e+00
1.000000000000000000e+00
1.000000000000000000e+00
1.000000000000000000e+00
1.000000000000000000e+00
1.000000000000000000e+00
1.000000000000000000e+00
1.000000000000000000e+00
1.000000000000000000e+00
1.000000000000000000e+00
1.000000000000000000e+00
1.000000000000000000e+00
9.999999999999998890e-01
9.999999999999998890e-01
9.999999999999998890e-01
9.999999999999998890e-01
9.999999999999998890e-01
9.999999999999998890e-01
9.999999999999998890e-01
9.999999999999998890e-01
9.999999999999998890e-01
9.999999999999998890e-01
9.999999999999998890e-01
9.999999999999998890e-01
9.999999999999998890e-01
9.999999999999998890e-01
9.999999999999998890e-01
9.999999999999998890e-01
9.999999999999998890e-01
9.999999999999998890e-01
9.999999999999998890e-01
9.999999999999998890e-01
9.999999999999998890e-01
9.999999999999998890e-01
9.999999999999998890e-01
9.999999999999998890e-01
9.999999999999998890e-01
9.999999999999998890e-01
9.999999999999998890e-01
9.999999999999998890e-01
9.999999999999998890e-01
9.999999999999998890e-01
9.999999999999998890e-01
9.999999999999998890e-01
9.999999999999998890e-01
9.999999999999998890e-01
9.999999999999998890e-01
9.999999999999998890e-01
9.999999999999998890e-01
9.999999999999998890e-01
9.999999999999998890e-01
9.999999999999998890e-01
9.999999999999998890e-01
9.999999999999998890e-01
9.999999999999998890e-01
9.999999999999998890e-01
9.999999999999998890e-01
9.999999999999998890e-01
9.999999999999998890e-01
9.999999999999998890e-01
9.999999999999998890e-01
9.999999999999998890e-01
9.999999999999998890e-01
9.999999999999998890e-01
9.999999999999998890e-01
9.999999999999998890e-01
9.999999999999998890e-01
9.999999999999998890e-01
9.999999999999998890e-01
9.999999999999998890e-01
9.999999999999998890e-01
9.999999999999998890e-01
9.999999999999998890e-01
9.999999999999998890e-01
9.999999999999998890e-01
9.999999999999998890e-01
9.999999999999998890e-01
9.999999999999998890e-01
9.999999999999998890e-01
9.999999999999998890e-01
9.999999999999998890e-01
9.999999999999998890e-01
9.999999999999998890e-01
9.999999999999998890e-01
9.999999999999998890e-01
9.999999999999998890e-01
9.999999999999998890e-01
9.999999999999998890e-01
9.999999999999998890e-01
9.999999999999998890e-01
9.999999999999998890e-01
9.999999999999998890e-01
9.999999999999998890e-01
9.999999999999998890e-01
9.999999999999998890e-01
9.999999999999998890e-01
9.999999999999998890e-01
9.999999999999998890e-01
9.999999999999998890e-01
9.999999999999998890e-01
9.999999999999998890e-01
9.999999999999998890e-01
9.999999999999998890e-01
9.999999999999998890e-01
9.999999999999998890e-01
9.999999999999998890e-01
9.999999999999998890e-01
9.999999999999998890e-01
9.999999999999998890e-01
9.999999999999998890e-01
9.999999999999998890e-01
9.999999999999998890e-01
9.999999999999998890e-01
9.999999999999998890e-01
9.999999999999998890e-01
9.999999999999998890e-01
9.999999999999998890e-01
9.999999999999998890e-01
9.999999999999998890e-01
9.999999999999998890e-01
9.999999999999998890e-01
9.999999999999998890e-01
9.999999999999998890e-01
9.999999999999998890e-01
9.999999999999998890e-01
9.999999999999998890e-01
9.999999999999998890e-01
9.999999999999998890e-01
9.999999999999998890e-01
9.999999999999998890e-01
9.999999999999998890e-01
9.999999999999998890e-01
9.999999999999998890e-01
9.999999999999998890e-01
9.999999999999998890e-01
9.999999999999998890e-01
9.999999999999998890e-01
9.999999999999998890e-01
9.999999999999998890e-01
9.999999999999998890e-01
9.999999999999998890e-01
9.999999999999998890e-01
9.999999999999998890e-01
9.999999999999998890e-01
9.999999999999998890e-01
9.999999999999998890e-01
9.999999999999998890e-01
9.999999999999998890e-01
9.999999999999998890e-01
9.999999999999998890e-01
9.999999999999998890e-01
9.999999999999996669e-01
9.999999999999996669e-01
9.999999999999996669e-01
9.999999999999996669e-01
9.999999999999996669e-01
9.999999999999996669e-01
9.999999999999996669e-01
9.999999999999996669e-01
9.999999999999996669e-01
9.999999999999996669e-01
9.999999999999996669e-01
9.999999999999996669e-01
9.999999999999996669e-01
9.999999999999996669e-01
9.999999999999996669e-01
9.999999999999996669e-01
9.999999999999996669e-01
9.999999999999996669e-01
9.999999999999996669e-01
9.999999999999996669e-01
9.999999999999996669e-01
9.999999999999996669e-01
9.999999999999996669e-01
9.999999999999996669e-01
9.999999999999996669e-01
9.999999999999996669e-01
9.999999999999996669e-01
9.999999999999996669e-01
9.999999999999996669e-01
9.999999999999996669e-01
9.999999999999996669e-01
9.999999999999996669e-01
9.999999999999996669e-01
9.999999999999996669e-01
9.999999999999996669e-01
9.999999999999996669e-01
9.999999999999996669e-01
9.999999999999996669e-01
9.999999999999996669e-01
9.999999999999996669e-01
9.999999999999996669e-01
9.999999999999996669e-01
9.999999999999996669e-01
9.999999999999996669e-01
9.999999999999996669e-01
9.999999999999996669e-01
9.999999999999996669e-01
9.999999999999996669e-01
9.999999999999996669e-01
9.999999999999996669e-01
9.999999999999996669e-01
9.999999999999996669e-01
9.999999999999996669e-01
9.999999999999996669e-01
9.999999999999996669e-01
9.999999999999996669e-01
9.999999999999996669e-01
9.999999999999996669e-01
9.999999999999996669e-01
9.999999999999996669e-01
9.999999999999996669e-01
9.999999999999996669e-01
9.999999999999996669e-01
9.999999999999996669e-01
9.999999999999996669e-01
9.999999999999996669e-01
9.999999999999996669e-01
9.999999999999996669e-01
9.999999999999996669e-01
9.999999999999996669e-01
9.999999999999996669e-01
9.999999999999996669e-01
9.999999999999996669e-01
9.999999999999996669e-01
9.999999999999996669e-01
9.999999999999996669e-01
9.999999999999996669e-01
9.999999999999996669e-01
9.999999999999996669e-01
9.999999999999996669e-01
9.999999999999996669e-01
9.999999999999996669e-01
9.999999999999996669e-01
9.999999999999996669e-01
9.999999999999996669e-01
9.999999999999996669e-01
9.999999999999996669e-01
9.999999999999996669e-01
9.999999999999996669e-01
9.999999999999994449e-01
9.999999999999994449e-01
9.999999999999994449e-01
9.999999999999994449e-01
9.999999999999994449e-01
9.999999999999994449e-01
9.999999999999994449e-01
9.999999999999994449e-01
9.999999999999994449e-01
9.999999999999994449e-01
9.999999999999994449e-01
9.999999999999994449e-01
9.999999999999994449e-01
9.999999999999994449e-01
9.999999999999994449e-01
9.999999999999994449e-01
9.999999999999994449e-01
9.999999999999994449e-01
9.999999999999994449e-01
9.999999999999994449e-01
9.999999999999994449e-01
9.999999999999994449e-01
9.999999999999994449e-01
9.999999999999994449e-01
9.999999999999994449e-01
9.999999999999994449e-01
9.999999999999994449e-01
9.999999999999994449e-01
9.999999999999994449e-01
9.999999999999994449e-01
9.999999999999994449e-01
9.999999999999994449e-01
9.999999999999994449e-01
9.999999999999994449e-01
9.999999999999994449e-01
9.999999999999994449e-01
9.999999999999994449e-01
9.999999999999994449e-01
9.999999999999994449e-01
9.999999999999994449e-01
9.999999999999994449e-01
9.999999999999994449e-01
9.999999999999994449e-01
9.999999999999994449e-01
9.999999999999994449e-01
9.999999999999994449e-01
9.999999999999994449e-01
9.999999999999994449e-01
9.999999999999994449e-01
9.999999999999994449e-01
9.999999999999994449e-01
9.999999999999994449e-01
9.999999999999994449e-01
9.999999999999994449e-01
9.999999999999994449e-01
9.999999999999994449e-01
9.999999999999994449e-01
9.999999999999994449e-01
9.999999999999994449e-01
9.999999999999994449e-01
9.999999999999994449e-01
9.999999999999994449e-01
9.999999999999994449e-01
9.999999999999994449e-01
9.999999999999994449e-01
9.999999999999994449e-01
9.999999999999994449e-01
9.999999999999994449e-01
9.999999999999994449e-01
9.999999999999994449e-01
9.999999999999994449e-01
9.999999999999994449e-01
9.999999999999994449e-01
9.999999999999992228e-01
9.999999999999992228e-01
9.999999999999992228e-01
9.999999999999992228e-01
9.999999999999992228e-01
9.999999999999992228e-01
9.999999999999992228e-01
9.999999999999992228e-01
9.999999999999992228e-01
9.999999999999992228e-01
9.999999999999992228e-01
9.999999999999992228e-01
9.999999999999992228e-01
9.999999999999992228e-01
9.999999999999992228e-01
9.999999999999992228e-01
9.999999999999992228e-01
9.999999999999992228e-01
9.999999999999992228e-01
9.999999999999992228e-01
9.999999999999992228e-01
9.999999999999992228e-01
9.999999999999992228e-01
9.999999999999992228e-01
9.999999999999992228e-01
9.999999999999992228e-01
9.999999999999992228e-01
9.999999999999992228e-01
9.999999999999992228e-01
9.999999999999992228e-01
9.999999999999992228e-01
9.999999999999992228e-01
9.999999999999992228e-01
9.999999999999992228e-01
9.999999999999992228e-01
9.999999999999992228e-01
9.999999999999992228e-01
9.999999999999992228e-01
9.999999999999992228e-01
9.999999999999992228e-01
9.999999999999992228e-01
9.999999999999992228e-01
9.999999999999990008e-01
9.999999999999990008e-01
9.999999999999990008e-01
9.999999999999990008e-01
9.999999999999990008e-01
9.999999999999990008e-01
9.999999999999990008e-01
9.999999999999990008e-01
9.999999999999990008e-01
9.999999999999990008e-01
9.999999999999990008e-01
9.999999999999990008e-01
9.999999999999990008e-01
9.999999999999990008e-01
9.999999999999990008e-01
9.999999999999990008e-01
9.999999999999990008e-01
9.999999999999990008e-01
9.999999999999990008e-01
9.999999999999990008e-01
9.999999999999990008e-01
9.999999999999990008e-01
9.999999999999990008e-01
9.999999999999988898e-01
9.999999999999988898e-01
9.999999999999988898e-01
9.999999999999988898e-01
9.999999999999988898e-01
9.999999999999988898e-01
9.999999999999988898e-01
9.999999999999988898e-01
9.999999999999988898e-01
9.999999999999988898e-01
9.999999999999988898e-01
9.999999999999988898e-01
9.999999999999988898e-01
9.999999999999988898e-01
9.999999999999988898e-01
9.999999999999988898e-01
9.999999999999988898e-01
9.999999999999988898e-01
9.999999999999988898e-01
9.999999999999988898e-01
9.999999999999986677e-01
9.999999999999986677e-01
9.999999999999986677e-01
9.999999999999986677e-01
9.999999999999986677e-01
9.999999999999986677e-01
9.999999999999986677e-01
9.999999999999986677e-01
9.999999999999984457e-01
9.999999999999984457e-01
9.999999999999984457e-01
9.999999999999984457e-01
9.999999999999984457e-01
9.999999999999984457e-01
9.999999999999984457e-01
9.999999999999984457e-01
9.999999999999984457e-01
9.999999999999984457e-01
9.999999999999984457e-01
9.999999999999984457e-01
9.999999999999982236e-01
9.999999999999982236e-01
9.999999999999982236e-01
9.999999999999980016e-01
9.999999999999980016e-01
9.999999999999977796e-01
9.999999999999977796e-01
9.999999999999975575e-01
9.999999999999975575e-01
9.999999999999965583e-01
9.999999999999965583e-01
9.999999999999956701e-01
9.999999999999955591e-01
9.999999999999951150e-01
9.999999999999948930e-01
9.999999999999944489e-01
9.999999999999932276e-01
9.998873347951892088e-01
9.996644864851671475e-01
9.995463467382280642e-01
9.993902061316612961e-01
9.991791480935545700e-01
9.990178253699772970e-01
9.987695811996196715e-01
9.986143002029123084e-01
9.984558819491066162e-01
9.981437844448768359e-01
9.980291067956622575e-01
9.979023272977797232e-01
9.976693206743574294e-01
9.974272021550751877e-01
9.972157615127975605e-01
9.969592235983856243e-01
9.966074192587482949e-01
9.964389207213435462e-01
9.961297205613161010e-01
9.958800321501973807e-01
9.958074976083568508e-01
9.954391748346036461e-01
9.950263338739421259e-01
9.947012226302426319e-01
9.944131350729548124e-01
9.943596235825765683e-01
9.942584196658917906e-01
9.936890694169248084e-01
9.934747639595917779e-01
9.929578701057170109e-01
9.927485195555901809e-01
9.924637133379630161e-01
9.922803114862092100e-01
9.920380077967295707e-01
9.916392413061652089e-01
9.914194433972971510e-01
9.910141464445229031e-01
9.906847517747460197e-01
9.903811048749867618e-01
9.900213508127703177e-01
9.898663628395616421e-01
9.891149930090937792e-01
9.886426149319880174e-01
9.881919716130675990e-01
9.878325698618851680e-01
9.876262503375379254e-01
9.864720838050223817e-01
9.862690963996362248e-01
9.859399716945435044e-01
9.858333226547298933e-01
9.852622510456755522e-01
9.849170104974203088e-01
9.842440495791398014e-01
9.838244718880487794e-01
9.834475156360314996e-01
9.827740006558737251e-01
9.824860899010487980e-01
9.821454576236157141e-01
9.815495190276983806e-01
9.812527104025760005e-01
9.809894768504947571e-01
9.803399880796640486e-01
9.796810535374246287e-01
9.792331780253178408e-01
9.790410497353838615e-01
9.788173872578039836e-01
9.782783051649668327e-01
9.777668294413934813e-01
9.770455062447677141e-01
9.766856444631212275e-01
9.761795674470724604e-01
9.758121776948225357e-01
9.755014967325690289e-01
9.749592519691768766e-01
9.744196820052769548e-01
9.741356884027468910e-01
9.736618999995998447e-01
9.734004484045376548e-01
9.729349353474431306e-01
9.722454114535094005e-01
9.719640530421330693e-01
9.716248283656551132e-01
9.711432156483400524e-01
9.706234955614175819e-01
9.704970167516991930e-01
9.698962960075332429e-01
9.695504786493510663e-01
9.693249793033985595e-01
9.688419223208872832e-01
9.674768458676957783e-01
9.669445396719773544e-01
9.661839352004213399e-01
9.659400157537726406e-01
9.656327271813144320e-01
9.653339842560719752e-01
9.647872451500946189e-01
9.641109246265150423e-01
9.638568894939759657e-01
9.628449189970871291e-01
9.625412827068478006e-01
9.622455266411253927e-01
9.612876033943991150e-01
9.608565796348226273e-01
9.604091724689666210e-01
9.601868903596022520e-01
9.589259827221362498e-01
9.587583476167172991e-01
9.582679870288665080e-01
9.577214865540929489e-01
9.568701310669612825e-01
9.563295220217390424e-01
9.559252517628386014e-01
9.554696757956212538e-01
9.548801764324785779e-01
9.543999955899469256e-01
9.538406896806543855e-01
9.535196793261455639e-01
9.531313204154066021e-01
9.528647749546207413e-01
9.521617878996003759e-01
9.511183158648719438e-01
9.503931123041688966e-01
9.495541975488956954e-01
9.489450729152240083e-01
9.486057311129648673e-01
9.475517408500627736e-01
9.471921680983813596e-01
9.466210921281194013e-01
9.464438836380711928e-01
9.457574765852492238e-01
9.450722680144811871e-01
9.444707442710988943e-01
9.435283454388460056e-01
9.431968309723943733e-01
9.424032092864935706e-01
9.413806390099901389e-01
9.406956210496634219e-01
9.402970326266569812e-01
9.390926903412211146e-01
9.386513818935676712e-01
9.382712136481554666e-01
9.372596202293470569e-01
9.370679207278751477e-01
9.364205569344195013e-01
9.360233222479076298e-01
9.354327085330900182e-01
9.345834609153875761e-01
9.340083262702537636e-01
9.324071917068633697e-01
9.321681754404803621e-01
9.315029004716152139e-01
9.307946209677588900e-01
9.302914106646525960e-01
9.298264024799918204e-01
9.292958513194939929e-01
9.285937041705341066e-01
9.278970764618735823e-01
9.275915565237424776e-01
9.258900808528071069e-01
9.255731661055214277e-01
9.247465337860388823e-01
9.241384030108676928e-01
9.225280923446477210e-01
9.223989160862844372e-01
9.216326925145309490e-01
9.209463979147521906e-01
9.200157942759041863e-01
9.197872660251448229e-01
9.186734858796710146e-01
9.177696386102456305e-01
9.172798009618866599e-01
9.168609991177678609e-01
9.151544501121194886e-01
9.147833873184131326e-01
9.132989403108685567e-01
9.124853187632266938e-01
9.123186014474927719e-01
9.115763634310822816e-01
9.104805454974156387e-01
9.099396693667676228e-01
9.092653843562028548e-01
9.087952115097949202e-01
9.076649139575216907e-01
9.071444546307546597e-01
9.061578242135504002e-01
9.050784074370266108e-01
9.043782779439869524e-01
9.036786487826927727e-01
9.030992816662879452e-01
9.026407185265244992e-01
9.016759933901893342e-01
9.001833070186512353e-01
9.001271823993309829e-01
8.996381067466684422e-01
8.982173003206246342e-01
8.972973409174024306e-01
8.968181007596646159e-01
8.958900917049354984e-01
8.957191265185524554e-01
8.947217376232200481e-01
8.938830827501218490e-01
8.934441852043810695e-01
8.926015554086428327e-01
8.920346979695445988e-01
8.913008460125332322e-01
8.897929807764132226e-01
8.881812779486715215e-01
8.877292185606309172e-01
8.874672478371763429e-01
8.870775442322175186e-01
8.857521598172776178e-01
8.845485615535232382e-01
8.841923134182757549e-01
8.839395233392494111e-01
8.833252036222335457e-01
8.824383429975330984e-01
8.813747754555187885e-01
8.803403746903678551e-01
8.787866563169992595e-01
8.779532460295215168e-01
8.774838995448905887e-01
8.766779309518450969e-01
8.756461357006608548e-01
8.751839030576110678e-01
8.744096007196708875e-01
8.736699048355753838e-01
8.727592378540889317e-01
8.717110901580199522e-01
8.700626323339268886e-01
8.699123233616808948e-01
8.696307653904316037e-01
8.686241261217100273e-01
8.676037873603829054e-01
8.659705970848741163e-01
8.652371417610770221e-01
8.650288555633600662e-01
8.638949293004311025e-01
8.632240783829590036e-01
8.623238711056825379e-01
8.615868471452906574e-01
8.613937521344887660e-01
8.603788553149751550e-01
8.589887548620444013e-01
8.582409646751043564e-01
8.574306035191310293e-01
8.573610664076989352e-01
8.566954597453005915e-01
8.560948976568312219e-01
8.543189128952524136e-01
8.525848465889827033e-01
8.524605876411369687e-01
8.501275336494358292e-01
8.497691914107088351e-01
8.492207856975848568e-01
8.477053186934606632e-01
8.469150733589954072e-01
8.464379627473335166e-01
8.455961199888066826e-01
8.451578515251256807e-01
8.440398776701928396e-01
8.434895787255597410e-01
8.423058460119970947e-01
8.417646964325693482e-01
8.410309607858468262e-01
8.405268086622738055e-01
8.392585276678247164e-01
8.378432809330778053e-01
8.374160614751215981e-01
8.366203710683082218e-01
8.347748684038754918e-01
8.338530429258868004e-01
8.333071877269764283e-01
8.323621919208888942e-01
8.315171117104197540e-01
8.310014790749654656e-01
8.298256344367267445e-01
8.292851557993533573e-01
8.288772428057898933e-01
8.282456517859012601e-01
8.277626019006141256e-01
8.266804779443072126e-01
8.246826599997686413e-01
8.236364236580890896e-01
8.231576098809770814e-01
8.226332816647076163e-01
8.218171404592461426e-01
8.203666984194313283e-01
8.196569418201308244e-01
8.192106643044371195e-01
8.185822091436162351e-01
8.180944715562631364e-01
8.166632244634447479e-01
8.157269481323945470e-01
8.140816395049017551e-01
8.138946429858585629e-01
8.114999925812900194e-01
8.111703561387998418e-01
8.103810650091400891e-01
8.090963267210755649e-01
8.083330653141187483e-01
8.078818860974048555e-01
8.073700870035921406e-01
8.064405687462475880e-01
8.059993612530048646e-01
8.046441856831707540e-01
8.032364506635809587e-01
8.023347107114388033e-01
8.012460177766563829e-01
8.005473277773953455e-01
7.992341627733530185e-01
7.988173256379920151e-01
7.981983121344228271e-01
7.963858885603958271e-01
7.956086858131846684e-01
7.940053348051920867e-01
7.933434772247770495e-01
7.929144483207666294e-01
7.921140829537518524e-01
7.908852548827308704e-01
7.904491490774354645e-01
7.893973352864911419e-01
7.885442956295941608e-01
7.868728518459303656e-01
7.865702922807810138e-01
7.849764822514561091e-01
7.839478054089178416e-01
7.827662015477608870e-01
7.820511095820461556e-01
7.814485542482907388e-01
7.806713992134940439e-01
7.792691826692471624e-01
7.789176558557443508e-01
7.780286932133637645e-01
7.776463070653020226e-01
7.764934680794105537e-01
7.761047387321714508e-01
7.750608948888173533e-01
7.738993326212473267e-01
7.736817764568497680e-01
7.727930434172529672e-01
7.712957347913960149e-01
7.697461511195630157e-01
7.690882803112497612e-01
7.686516618967165204e-01
7.680626940070907072e-01
7.672549100312945347e-01
7.665610689796372723e-01
7.651994352879124550e-01
7.646541516629331570e-01
7.644943332606261022e-01
7.632414100534212764e-01
7.625000456984927233e-01
7.616367288202201546e-01
7.610148271470743575e-01
7.606416399794317940e-01
7.590800306502896166e-01
7.579467818893088626e-01
7.573429136405388507e-01
7.565149657607936895e-01
7.564578479041356163e-01
7.543775122084797058e-01
7.538193207545323959e-01
7.519498095816212757e-01
7.508791213394072628e-01
7.505385454223821862e-01
7.499799341402122455e-01
7.481527028214075559e-01
7.469895083272526382e-01
7.467177878683339820e-01
7.460305618635414415e-01
7.442094556533563887e-01
7.439484507546767489e-01
7.429321263923739371e-01
7.416769114224066595e-01
7.406823997092819578e-01
7.401694987847992069e-01
7.386826797968224501e-01
7.368551126222557812e-01
7.355321324357305679e-01
7.343731526154927414e-01
7.337845975294509104e-01
7.324741822278142411e-01
7.310322481756015289e-01
7.301726533090084903e-01
7.297560404857186267e-01
7.276529121446846382e-01
7.273778299344352272e-01
7.261022930892908622e-01
7.249501952914814140e-01
7.241615681459002696e-01
7.237862611476647556e-01
7.230476186377253756e-01
7.223339795549300613e-01
7.210473159126196130e-01
7.201567986675617705e-01
7.185713938345265062e-01
7.170773291980682140e-01
7.167838952754375104e-01
7.156012131665334675e-01
7.151748374573285716e-01
7.136282417939193712e-01
7.129777854072703036e-01
7.124594455350719002e-01
7.110857385056198465e-01
7.101892071080871949e-01
7.079090549175381941e-01
7.072436050474812941e-01
7.057006053331630335e-01
7.053351698481261645e-01
7.029385048851857221e-01
7.021278014869407613e-01
7.019901408065697401e-01
7.009472061657884279e-01
6.992931382506007987e-01
6.988242611797235160e-01
6.977285930496430755e-01
6.974110003201535735e-01
6.958677979526939339e-01
6.947792633794876993e-01
6.939737215522011615e-01
6.930968337518533806e-01
6.919325984653934558e-01
6.909349728591609452e-01
6.894909240610027634e-01
6.889236754897483106e-01
6.877622574789356014e-01
6.866308428155843968e-01
6.858950711387636900e-01
6.840582266060243333e-01
6.830791426275472089e-01
6.826776870141478826e-01
6.816787101984688180e-01
6.798076586699097756e-01
6.789221026740850373e-01
6.769660726603857759e-01
6.763983100573086604e-01
6.749362379229841835e-01
6.745745123757334039e-01
6.732689125801653018e-01
6.730929637037563751e-01
6.721719495758827767e-01
6.701561097069929085e-01
6.695939461082320854e-01
6.687953692214990697e-01
6.675711606306278245e-01
6.671382347515071309e-01
6.656367139410133138e-01
6.649301210911457982e-01
6.643202240360475130e-01
6.632335546503816959e-01
6.622798175147538435e-01
6.600073408319443447e-01
6.596952821784932697e-01
6.585304026638755248e-01
6.567401720922915187e-01
6.559803367746366298e-01
6.556933631431025589e-01
6.533499461364022931e-01
6.526778807167222807e-01
6.523653655760933701e-01
6.513069856483030273e-01
6.501711914400573056e-01
6.498455362060264751e-01
6.488820107654631464e-01
6.466575033131365391e-01
6.460355685367469292e-01
6.447453456912823899e-01
6.439995876102232453e-01
6.432176627555142856e-01
6.411432870437796527e-01
6.408513306395609010e-01
6.385029096979976115e-01
6.379443465362448773e-01
6.372438430992310998e-01
6.365110924918353508e-01
6.350923062502975558e-01
6.343690523530276515e-01
6.332692889651183599e-01
6.319761536945838198e-01
6.311662775086261945e-01
6.305326532221303681e-01
6.302866153953301520e-01
6.282671630266293272e-01
6.270317080564470347e-01
6.261500399901341885e-01
6.248564326632455312e-01
6.239667097794001638e-01
6.235279336238707115e-01
6.223541020805409829e-01
6.219205242823532265e-01
6.212306704295134097e-01
6.209675892938465447e-01
6.201142144694005154e-01
6.190156149383517770e-01
6.180339887498943474e-01
6.177478522058806876e-01
6.166103695347991964e-01
6.158743793012244616e-01
6.151557084207015524e-01
6.146340667675739278e-01
6.139657933984677962e-01
6.127535253201844556e-01
6.117518819850720213e-01
6.108063574706527055e-01
6.091952109649171332e-01
6.086524728640703152e-01
6.063088552653597141e-01
6.060040034025826472e-01
6.056014315362246991e-01
6.047945511116337158e-01
6.036539569497335611e-01
6.023514756589513075e-01
6.003994724764762925e-01
6.001195354949723226e-01
5.991405284587306701e-01
5.987986754239794651e-01
5.981243865812846394e-01
5.967582065111993739e-01
5.957800482615994708e-01
5.945411688421141649e-01
5.933639518711217864e-01
5.928248029097527017e-01
5.920860065285560303e-01
5.907820502513617678e-01
5.897844150043669575e-01
5.886916282539458312e-01
5.868704835058997649e-01
5.859732611034781380e-01
5.845978442338686243e-01
5.841299343348869133e-01
5.836324977385147772e-01
5.822780237438068829e-01
5.818745058393197667e-01
5.798445659005039277e-01
5.789621964644809937e-01
5.783354315978861404e-01
5.773578544657649303e-01
5.752730811422068768e-01
5.750187046113548472e-01
5.738489557097079530e-01
5.723225760312076194e-01
5.715704327411289531e-01
5.710514913837945183e-01
5.698247662340694131e-01
5.689008869952367764e-01
5.660348159664214673e-01
5.655139406194271690e-01
5.650571538556313778e-01
5.643381627456899308e-01
5.630460883070630418e-01
5.614847896868456756e-01
5.609853247484782868e-01
5.600853633819899979e-01
5.591920001277059793e-01
5.574761963386274388e-01
5.568452790119744478e-01
5.562759600548569106e-01
5.550894693935616298e-01
5.538115544905208854e-01
5.529023615731682995e-01
5.512694558320767602e-01
5.510231615752579915e-01
5.502502202339512039e-01
5.495262141234663611e-01
5.486455178859880322e-01
5.477869280526357354e-01
5.455897156462888864e-01
5.449926397755903151e-01
5.441255149158613635e-01
5.430753456848947947e-01
5.422762883617340268e-01
5.403591081767944448e-01
5.401315896576133202e-01
5.385727309847717637e-01
5.376708146859012771e-01
5.362621884252619653e-01
5.352349938675642349e-01
5.341685499101723744e-01
5.320931244811417660e-01
5.318681666021414234e-01
5.304098318058522166e-01
5.300149091676166213e-01
5.297106749725584152e-01
5.293083893278235363e-01
5.267623234200494720e-01
5.261371052465327880e-01
5.254942224077702173e-01
5.229206876475169796e-01
5.221156254679678588e-01
5.212801879575525987e-01
5.206831575770394238e-01
5.192838343580631344e-01
5.185678071802465317e-01
5.174220215505462850e-01
5.169630459503895548e-01
5.159635475456066933e-01
5.152588699889398827e-01
5.151320006377412275e-01
5.139003998551957553e-01
5.128776241716453965e-01
5.121929941479012038e-01
5.117734134427124326e-01
5.104255496345385668e-01
5.097902667651754705e-01
5.093512182899521124e-01
5.079024128342445321e-01
5.071433509875511447e-01
5.056239314153982978e-01
5.047897686369495762e-01
5.037671167869937072e-01
5.022020375107518753e-01
5.005988538977694802e-01
4.999977837670154246e-01
4.972654660680893013e-01
4.967902524535687259e-01
4.959675543699503808e-01
4.940876030716344625e-01
4.936507130567376889e-01
4.930377372148574411e-01
4.918062903397791286e-01
4.911042839629544687e-01
4.900500049168280969e-01
4.889302590391065850e-01
4.880333057530833463e-01
4.876698875198793304e-01
4.860922675729247300e-01
4.850556745112976076e-01
4.840172050013443195e-01
4.830791669321205517e-01
4.809560735534518239e-01
4.807086592858191842e-01
4.797926498315798205e-01
4.792612779927430400e-01
4.787828824575151021e-01
4.757084037840267343e-01
4.745992512496619575e-01
4.740373211837005107e-01
4.728836710933347898e-01
4.720005916793590384e-01
4.711437750119203405e-01
4.704483005680257790e-01
4.694596571376739580e-01
4.678506644118404778e-01
4.668779324355151195e-01
4.661723612473686051e-01
4.653112642781651043e-01
4.634164616579267149e-01
4.624753362106691634e-01
4.617906371467064841e-01
4.616404544833034862e-01
4.604203023286190244e-01
4.591268362782749413e-01
4.576036933134694507e-01
4.557604654010970480e-01
4.539328106430692844e-01
4.536937574387904237e-01
4.532210976155334192e-01
4.524223460604578362e-01
4.511611030297983382e-01
4.504360315526145797e-01
4.486537764793585570e-01
4.485462022348383204e-01
4.467692916695447103e-01
4.458562529335273195e-01
4.454765360278913899e-01
4.443998406963070025e-01
4.426459691152977438e-01
4.414242619985949689e-01
4.403297553564703426e-01
4.392136717433239301e-01
4.381649934180519845e-01
4.365784763713493888e-01
4.353414865698733704e-01
4.343637296834158001e-01
4.336444960689280204e-01
4.324997779962918565e-01
4.309362334954214280e-01
4.300572492481877784e-01
4.284433293074917382e-01
4.276984484856550806e-01
4.269194167509372528e-01
4.264029549114005668e-01
4.250399724166236126e-01
4.245109721543396386e-01
4.227716685703049593e-01
4.216457154206942337e-01
4.210441320821662892e-01
4.197903087683010903e-01
4.187126631437165791e-01
4.176701063228409616e-01
4.173715749520024998e-01
4.146651076512848921e-01
4.136819781969730547e-01
4.122852949965110647e-01
4.114967411929691954e-01
4.110034313773331394e-01
4.095656493286182198e-01
4.088044613277432293e-01
4.072837220931063151e-01
4.068910728604848703e-01
4.054079249858753009e-01
4.042446570277790086e-01
4.024518118938124056e-01
4.010760134973944679e-01
4.003690070087533304e-01
3.996744364885768674e-01
3.976779230457401781e-01
3.958525209225283725e-01
3.943958523772424507e-01
3.933513478845947486e-01
3.930375084877673619e-01
3.923282555921288051e-01
3.913318547890016763e-01
3.891338463874164377e-01
3.889446695948079458e-01
3.886038184093303371e-01
3.869751820927054276e-01
3.867963461753842203e-01
3.841001559701793799e-01
3.837776349383995034e-01
3.828114101764858446e-01
3.822784921567333183e-01
3.816366610562749173e-01
3.806483620615623287e-01
3.788535007005082722e-01
3.787652732832683111e-01
3.776641497087516730e-01
3.756674597263515714e-01
3.742256549837579827e-01
3.735451888473883542e-01
3.720379147041431023e-01
3.710373756531747391e-01
3.695577968300430838e-01
3.672705275912129808e-01
3.652775142496744731e-01
3.642043053362244986e-01
3.629631108158877240e-01
3.625688887397900406e-01
3.613687387693355624e-01
3.607973442308925471e-01
3.598758200758844783e-01
3.585914431987016204e-01
3.577751169103842721e-01
3.556782776883967157e-01
3.551809828663123336e-01
3.540459647829505285e-01
3.532602985505939874e-01
3.521429084854323377e-01
3.506526084010861966e-01
3.501505877535804334e-01
3.478277361892510022e-01
3.462057642603659224e-01
3.454510849306268727e-01
3.437480446608212614e-01
3.429294919550652243e-01
3.423210426190453903e-01
3.409479426891967591e-01
3.402722689309051751e-01
3.390301486180488100e-01
3.381977498568314311e-01
3.369061417520881618e-01
3.359920776514630503e-01
3.339905651912200568e-01
3.334831599221416143e-01
3.319542474423624046e-01
3.314440823841588446e-01
3.301535809238274055e-01
3.290722767281512029e-01
3.278566836218673175e-01
3.270060827941997927e-01
3.247988783516522759e-01
3.240551518267231201e-01
3.229523795486929916e-01
3.213747828725543876e-01
3.201214896625010353e-01
3.197950259963521780e-01
3.190148715309475969e-01
3.174168636238914321e-01
3.171354709501967295e-01
3.162015056888224374e-01
3.159739531227379605e-01
3.133219654950987754e-01
3.128754296731620643e-01
3.118214229837731888e-01
3.111988684937784244e-01
3.087497343776542391e-01
3.077111359350805930e-01
3.068621616466866708e-01
3.064940988149416623e-01
3.039291725814893264e-01
3.035820008743398413e-01
3.018247796744975009e-01
3.000271591346779232e-01
2.993125325944087645e-01
2.979689851234013642e-01
2.970504162940790782e-01
2.957595280220360889e-01
2.952628604662027034e-01
2.928722590625253419e-01
2.920058337929840042e-01
2.893595654786443871e-01
2.876693457767932616e-01
2.871686786846338602e-01
2.867700047531346330e-01
2.858870653654131955e-01
2.850841364039854997e-01
2.827803100093384536e-01
2.816904631217260202e-01
2.796998017504610523e-01
2.788872017260277669e-01
2.784386629853730089e-01
2.774804552438417393e-01
2.752750004354232449e-01
2.747601809381321480e-01
2.731623770660475126e-01
2.728849073451684593e-01
2.721914933266172953e-01
2.713644159410957823e-01
2.701975324621203600e-01
2.672623489373260885e-01
2.655723465322130106e-01
2.646887016813874727e-01
2.635480805810698768e-01
2.626275019467633753e-01
2.611548086420267811e-01
2.600546142022812646e-01
2.597178889504662691e-01
2.581994970746147033e-01
2.573018128897463508e-01
2.563882234971803786e-01
2.541574309315104974e-01
2.534060310241690872e-01
2.521762282524775967e-01
2.512320115680172772e-01
2.496859710744252780e-01
2.486297452034130773e-01
2.471075214257870967e-01
2.459704243434905901e-01
2.444280337968361971e-01
2.437695527485232994e-01
2.434497714933293588e-01
2.416280699860026693e-01
2.403286424437146573e-01
2.389741998013450719e-01
2.381379596441973168e-01
2.367248931701946835e-01
2.352362749230448580e-01
2.342318731609230320e-01
2.332590979068941139e-01
2.326694660917538182e-01
2.317290981504900593e-01
2.299983489556721994e-01
2.285608422876173051e-01
2.281697929382283663e-01
2.255054835658936163e-01
2.252923909289352433e-01
2.243309056573474791e-01
2.222812112534100215e-01
2.212596970872059976e-01
2.196846372043340101e-01
2.192093747507716794e-01
2.171653616478131377e-01
2.156911385904123901e-01
2.147048602120540106e-01
2.138749179289853863e-01
2.135353336612425545e-01
2.115897377147102909e-01
2.110910741429110338e-01
2.098879212459369148e-01
2.081011169818982598e-01
2.049702922987966525e-01
2.038782350916010788e-01
2.028673193891360471e-01
2.019094898446143760e-01
2.011640207698084382e-01
1.975974355827719853e-01
1.968103613897876358e-01
1.961571605375268812e-01
1.944899937027477210e-01
1.931322891792116025e-01
1.925193939270513077e-01
1.917702175509553020e-01
1.907492202847365648e-01
1.889382265817455275e-01
1.872421117754537456e-01
1.865478432857400060e-01
1.845193239418119191e-01
1.824503030339622855e-01
1.807962980910865214e-01
1.806236195619485563e-01
1.801922784332603000e-01
1.787885008175471580e-01
1.776925849453623030e-01
1.769151884095431226e-01
1.756124516359557908e-01
1.737083487362760525e-01
1.723226483799889797e-01
1.718492262732906894e-01
1.702136615858216573e-01
1.698432711179009291e-01
1.685680165479427894e-01
1.673635492603392505e-01
1.657995963193175104e-01
1.649880501005551170e-01
1.642252154312072721e-01
1.621398393832165219e-01
1.616734360503256362e-01
1.608337263843371556e-01
1.571401014612841263e-01
1.553781618709547396e-01
1.544455689675530152e-01
1.535714557497498967e-01
1.517062981979901692e-01
1.496361777325378450e-01
1.486014000231999088e-01
1.480857472384041473e-01
1.476691907944317206e-01
1.460731527396190998e-01
1.441605235827961851e-01
1.421552872591373695e-01
1.385020134041579087e-01
1.372029494905019908e-01
1.356858067054958483e-01
1.354766840887310364e-01
1.344775681040748239e-01
1.316166246116343974e-01
1.306184357295304410e-01
1.287139937661132272e-01
1.277726232841575604e-01
1.263645798238657858e-01
1.241977458332495787e-01
1.222415193944385997e-01
1.210534069906565174e-01
1.196178794193499678e-01
1.177713659373834792e-01
1.176501838299461450e-01
1.159312566849993731e-01
1.153937270748602723e-01
1.133179719683549552e-01
1.119590563825012264e-01
1.103160965819986600e-01
1.083497001740525295e-01
1.078992336382644662e-01
1.042727850942914286e-01
1.038312978536748837e-01
1.017201092793428713e-01
9.923425342205838273e-02
9.905562824274104228e-02
9.773080701078372401e-02
9.475611980995383987e-02
9.375353925298295088e-02
9.261424407755979027e-02
9.104618712058264174e-02
8.780621484632447626e-02
8.703334782392808944e-02
8.586374315820105574e-02
8.450767271157547111e-02
8.276409843276619216e-02
8.116842524485617938e-02
7.948714531030474928e-02
7.867253966069659432e-02
7.600793927138750627e-02
7.416214523015601801e-02
7.375652943799036743e-02
7.241939980082201522e-02
6.933161101023803397e-02
6.667971947622990114e-02
6.546536176799658269e-02
6.380838017908864457e-02
6.119897881323798500e-02
5.832287683346389084e-02
5.664514148962793844e-02
5.354040957931401057e-02
4.869707793323476558e-02
4.620526736533859397e-02
4.582591434147015308e-02
4.350421766247888899e-02
4.149791901081194972e-02
3.837924909796965739e-02
3.499658831977669332e-02
3.470265849444387901e-02
3.292368734690880039e-02
2.986370244437394281e-02
2.927595680937712316e-02
2.664950015273338801e-02
2.533755822938215871e-02
2.391841923302680945e-02
2.202927386858692660e-02
2.136608997878923499e-02
1.824890556435945430e-02
1.444130650372536101e-02
8.308432722020885064e-03
3.459959875367977621e-03
