# Singular values
2.117238931266675195e+02
1.015513217006431006e+02
9.889489170628287695e+01
7.818174338338927498e+01
6.981625459784854115e+01
5.806568166582356127e+01
5.473220723819051159e+01
5.310419171761122925e+01
4.614791032426258965e+01
4.332830523654598665e+01
3.880157879151828837e+01
3.772913448362480437e+01
3.501546694500034107e+01
3.138968109286070884e+01
3.121714689168607393e+01
3.101744501721964298e+01
3.097040739692350542e+01
3.095865565437511790e+01
3.093289087287039152e+01
3.081083105026254643e+01
2.997136283197425755e+01
2.997000580175766515e+01
2.987339548143078005e+01
2.894339527243820953e+01
2.779745514960984920e+01
2.495365240973865539e+01
2.265678336158208950e+01
2.245227133931077645e+01
1.991596785156409055e+01
1.865440004161966669e+01
1.822184276014099069e+01
1.756609518321758401e+01
1.645753396189838824e+01
1.623002880936963521e+01
1.538335845559048387e+01
1.446615306250815358e+01
1.389395691706833524e+01
1.372759163564932550e+01
1.359773348095801460e+01
1.310880905511828765e+01
1.247790667593282166e+01
1.203646503012032021e+01
1.147875896807718021e+01
1.132314218160862040e+01
1.111136403369489933e+01
1.093389190640095698e+01
1.054952554171964074e+01
1.034264901301031259e+01
1.029802350799197086e+01
1.014235525638589763e+01
1.002466150800334255e+01
9.791124193882502880e+00
9.563476173552732718e+00
9.457699402318080928e+00
9.344936816252275236e+00
9.304759220761670946e+00
9.234719499137735710e+00
8.912557840051348990e+00
8.826396706678179882e+00
8.736506549558502144e+00
8.646486432337232131e+00
8.607244665842442188e+00
8.468176537963820749e+00
8.361781585830444286e+00
8.256911058654960556e+00
8.185746514517738603e+00
8.041589773247348916e+00
8.017729648551963351e+00
7.961011986340292168e+00
7.875268078515692771e+00
7.771160912349594163e+00
7.721021941058594962e+00
7.572204162205291134e+00
7.525018219106266670e+00
7.442238166855407400e+00
7.427041342354092635e+00
7.357237308649033025e+00
7.297063924319784789e+00
7.242499370786327439e+00
7.222447078234830897e+00
7.152719955559893705e+00
7.100323247440666563e+00
7.077827892002657606e+00
7.031649061067873241e+00
6.975605918646499148e+00
6.931399244110336255e+00
6.844831895478328931e+00
6.800525462616782590e+00
6.727560814714773407e+00
6.701351338740766828e+00
6.625524400700841809e+00
6.545913569431172974e+00
6.520995259335217398e+00
6.497068263803173593e+00
6.438769723929959277e+00
6.391124185749863962e+00
6.318032121458303507e+00
6.312521088345627085e+00
6.238889520388681831e+00
6.137523603088085089e+00
6.126795149394733464e+00
6.110346440578677374e+00
6.094083868986976071e+00
6.047024737171792452e+00
6.013762043823038361e+00
5.996304393372462904e+00
5.986508908505017601e+00
5.933147181076640742e+00
5.897791782832249474e+00
5.852332547756951442e+00
5.836467482954058816e+00
5.781782898843748519e+00
5.766023280943124441e+00
5.682233567731993951e+00
5.666417761063224035e+00
5.628738451540447940e+00
5.585232941756053116e+00
5.544676122864152568e+00
5.520028871706694318e+00
5.488807329561161019e+00
5.472886264808581203e+00
5.442348620416186833e+00
5.384992698179272175e+00
5.371153824518725806e+00
5.344731849063244944e+00
5.298286153338177762e+00
5.295324340023434218e+00
5.272047625942614779e+00
5.229652066369229857e+00
5.203844073315542218e+00
5.174905674243770903e+00
5.121126533115034185e+00
5.103639437776442911e+00
5.081683407023668941e+00
5.043067107785626391e+00
5.021156274026804311e+00
5.006904586673742941e+00
4.980640223084193963e+00
4.923879853132922868e+00
4.912009394238454618e+00
4.872840292137983198e+00
4.849778508580195435e+00
4.820560942377218439e+00
4.801056566284028548e+00
4.780893429665739269e+00
4.766352218358950843e+00
4.712001867364931762e+00
4.699417880195179364e+00
4.675360307618512401e+00
4.664734907176835144e+00
4.652344090496631779e+00
4.642021869478075047e+00
4.611188114459546128e+00
4.595264753597088081e+00
4.574574415110872039e+00
4.559769123577613215e+00
4.497288604104496379e+00
4.477431129609843019e+00
4.465269462308366855e+00
4.438316494352222641e+00
4.411283714860784855e+00
4.396544108409869089e+00
4.371737114627461729e+00
4.357675878253363777e+00
4.348466430023931295e+00
4.323078404162673749e+00
4.300563171196060352e+00
4.275699819334720431e+00
4.249119134325810343e+00
4.236173915569379389e+00
4.221169613481237981e+00
4.196259156786778632e+00
4.194326894374621695e+00
4.177104487787469900e+00
4.162596220417764670e+00
4.150871735855841571e+00
4.123674386629361699e+00
4.110160583933762268e+00
4.076491462493745388e+00
4.061164316033802457e+00
4.057366104572563081e+00
4.048690317425659657e+00
4.028469444371372887e+00
4.016853508376836857e+00
4.004603431869347752e+00
3.981326361859131246e+00
3.954459742192033556e+00
3.929399103171062890e+00
3.928264152876448811e+00
3.919832171684237032e+00
3.905243266532416602e+00
3.889934917512229973e+00
3.884289359151872123e+00
3.881812448036952024e+00
3.849732170311662927e+00
3.841181302655229945e+00
3.811263989653189910e+00
3.800501218105450718e+00
3.783339822681476949e+00
3.768735972029011005e+00
3.760435466529800319e+00
3.746595792201811381e+00
3.719885510193528866e+00
3.711817922943232873e+00
3.683465913170215877e+00
3.677976152547355770e+00
3.668002137786198880e+00
3.645299411977015680e+00
3.629493966137360417e+00
3.614917610902187661e+00
3.605559383789252337e+00
3.604415743554497897e+00
3.595735322660318811e+00
3.574136068316440706e+00
3.556819979121612185e+00
3.540740966662672573e+00
3.536329722122473651e+00
3.524277903718532112e+00
3.510926074680377429e+00
3.503895285710091567e+00
3.483692276029502377e+00
3.465913847299062489e+00
3.444959138457722503e+00
3.429607872705619620e+00
3.420039036533708998e+00
3.414389310322365478e+00
3.401005779550937635e+00
3.379418666746531574e+00
3.364156673957551913e+00
3.348050020619467659e+00
3.327933667381489435e+00
3.325124018767068979e+00
3.311159290538684186e+00
3.298721032049512836e+00
3.291315203726752792e+00
3.275836587558036861e+00
3.260335698494253531e+00
3.244597192593074553e+00
3.225348995832165500e+00
3.215982385924904818e+00
3.211082944252329430e+00
3.183899197006304860e+00
3.168502566753432781e+00
3.164938869726235726e+00
3.156586614021891446e+00
3.141342156338246205e+00
3.124221909389659491e+00
3.122106525270471611e+00
3.095811635346723545e+00
3.088110660474976843e+00
3.079366200378033103e+00
3.065855835118324269e+00
3.056719748309439488e+00
3.053549334696673334e+00
3.039314051813952311e+00
3.023654799287043726e+00
3.020223277824944041e+00
2.997737767945578113e+00
2.990216692990967928e+00
2.984130653183711068e+00
2.958005124481913217e+00
2.952356193916258587e+00
2.944925319887263360e+00
2.928312584934239293e+00
2.923859213399040424e+00
2.917531865344253017e+00
2.907191487071409508e+00
2.896439092591876374e+00
2.894046540203469409e+00
2.873920826252495786e+00
2.861747309981562015e+00
2.860167674368954138e+00
2.854195441618726292e+00
2.844289877011688450e+00
2.840138403828761593e+00
2.818366578899849983e+00
2.809323021421414879e+00
2.796803470371050260e+00
2.784267761517078554e+00
2.779224488250660929e+00
2.777475176425773018e+00
2.761408410113797007e+00
2.757413937635773138e+00
2.745480289119171857e+00
2.740215797146432930e+00
2.728842523852095248e+00
2.724685241566071170e+00
2.717504826974197929e+00
2.705970542023225622e+00
2.703195964692017395e+00
2.683126616316544588e+00
2.679530875081999941e+00
2.669162188668219748e+00
2.663802359929698493e+00
2.645050940150739383e+00
2.639148264550557510e+00
2.635061019965898588e+00
2.633070244564445606e+00
2.623430496405982026e+00
2.616084959733724791e+00
2.606296466380714438e+00
2.595305963200333021e+00
2.583349142513607699e+00
2.569017724909523626e+00
2.558731536748382496e+00
2.551658377736344629e+00
2.540670154202609332e+00
2.537178827235862855e+00
2.530418950435769698e+00
2.518214436441409187e+00
2.507097405541644175e+00
2.504545554379308925e+00
2.496656407595200466e+00
2.493865277909065092e+00
2.489433536878485231e+00
2.487253078866535017e+00
2.475347637538751311e+00
2.470658708620152577e+00
2.463061636108649477e+00
2.448027779362486278e+00
2.447575211267819295e+00
2.438720574544505304e+00
2.424840012224374508e+00
2.422134636361533921e+00
2.416614696558020636e+00
2.403408971968211905e+00
2.392865059695021390e+00
2.383248778430657300e+00
2.377289218304496909e+00
2.366032006666709542e+00
2.362201598061203889e+00
2.356025968170745610e+00
2.348750530796185121e+00
2.342763862345089709e+00
2.337565559772622592e+00
2.323277082636082014e+00
2.316349416909097236e+00
2.309434066547922271e+00
2.307559050018766378e+00
2.296795996738167034e+00
2.292421378380401276e+00
2.289310805151901995e+00
2.280519700420876372e+00
2.277751339360658100e+00
2.267808754957567174e+00
2.265265872757685095e+00
2.258409464276899037e+00
2.252184531880566443e+00
2.246024125979189989e+00
2.240746378209759193e+00
2.230302808981437401e+00
2.223532555190548266e+00
2.222165757023484289e+00
2.215038618480004384e+00
2.214244338325286776e+00
2.203944839897455932e+00
2.200601220256417356e+00
2.199306699575547253e+00
2.193968940421330505e+00
2.186748579468994258e+00
2.180549608963494812e+00
2.179392876028339199e+00
2.170332196274682879e+00
2.160124435916376484e+00
2.157497113457003568e+00
2.146086258770084854e+00
2.139556297008506469e+00
2.135876414303911730e+00
2.135779205069856967e+00
2.132928474908891925e+00
2.126628413400606377e+00
2.117284662108071203e+00
2.114390361149688147e+00
2.109756155071957906e+00
2.108597005040274919e+00
2.093301549509418713e+00
2.091977860269952583e+00
2.090135989440301323e+00
2.080807106399901851e+00
2.073781003929997535e+00
2.067176100270345707e+00
2.064072726979767847e+00
2.054664211532884366e+00
2.052858383803688902e+00
2.047155647486622598e+00
2.040418155580658865e+00
2.039748144970713106e+00
2.035338729668909163e+00
2.029677525029859542e+00
2.028021482604017045e+00
2.017795123755183884e+00
2.006862007114376123e+00
2.003244304466545334e+00
2.000000000000000444e+00
1.999766893199758755e+00
1.995563263653446162e+00
1.989122210432334947e+00
1.985083799289615536e+00
1.977263123273453882e+00
1.975405078529031577e+00
1.973477892440828274e+00
1.967473108145633365e+00
1.966233152287263142e+00
1.962296940054643724e+00
1.957775500383946987e+00
1.956652105000364905e+00
1.955289990124916333e+00
1.953974093784639487e+00
1.945164000252943115e+00
1.942270578455830732e+00
1.939787958527230627e+00
1.925144842792835265e+00
1.922713035758995659e+00
1.919227479211162324e+00
1.918229904972056143e+00
1.916064924720628504e+00
1.914859131149233784e+00
1.905496813407210777e+00
1.900601587481800969e+00
1.890430633551320572e+00
1.885943710742029600e+00
1.881653026721047617e+00
1.880175081445821128e+00
1.874811675325107618e+00
1.871282957403403113e+00
1.866548748437486749e+00
1.861485294977044846e+00
1.859884284791773812e+00
1.850446898011942842e+00
1.848463545775489214e+00
1.843825108894749265e+00
1.841313516004146278e+00
1.838943125979025650e+00
1.834042919092308876e+00
1.831511998889711723e+00
1.829663006635533495e+00
1.825860150833049866e+00
1.818474621681020142e+00
1.812124328006207152e+00
1.810207914510078675e+00
1.808903389515023497e+00
1.805207651499246557e+00
1.797777943759843566e+00
1.796039120949866508e+00
1.788488719022893081e+00
1.788149358126869926e+00
1.779721881119276539e+00
1.769160435322952418e+00
1.768410547327708748e+00
1.767308714319339336e+00
1.761558499998837179e+00
1.761251743350483734e+00
1.759778457703418120e+00
1.756491701191216892e+00
1.749271267159379528e+00
1.744537452623561302e+00
1.738551952646017140e+00
1.734984116915553098e+00
1.732050807568877859e+00
1.730363440992835899e+00
1.724905142107709288e+00
1.719376846191929653e+00
1.718448911109205612e+00
1.717104249006103922e+00
1.716084797938167039e+00
1.714196692832414159e+00
1.709259392088796625e+00
1.708701779505620522e+00
1.704800749176078822e+00
1.701433489722429471e+00
1.696666292567930112e+00
1.691207405443074796e+00
1.688501681458758563e+00
1.685573729920654351e+00
1.683142040368085901e+00
1.678542443961807740e+00
1.675753876685008414e+00
1.673304366502643026e+00
1.667407946233011362e+00
1.663717414339421552e+00
1.658817776998609883e+00
1.655201328428553165e+00
1.653625422497880360e+00
1.650399358972220787e+00
1.644847284214422833e+00
1.640319259002569030e+00
1.638106848316397635e+00
1.633433670677268301e+00
1.628339037360689190e+00
1.625838353101286549e+00
1.620440455641263489e+00
1.618033988749892904e+00
1.617587675901734467e+00
1.613444641694114612e+00
1.612836625532817481e+00
1.609436844734208449e+00
1.605376418943633698e+00
1.604530088411881605e+00
1.600725105786271030e+00
1.598587891368148384e+00
1.595065868909636198e+00
1.591227345364532031e+00
1.584480584900095135e+00
1.583783676968582466e+00
1.583091331251502920e+00
1.579217003953418130e+00
1.574428067763900208e+00
1.573462103568798121e+00
1.567510225234250765e+00
1.563739530595333438e+00
1.562985735647604235e+00
1.558919851367704723e+00
1.557338817272338138e+00
1.551713847601907670e+00
1.549743433821588967e+00
1.546880018149886515e+00
1.541706321847335026e+00
1.537869436931945444e+00
1.532745071816516758e+00
1.531001771843741421e+00
1.527138489678288913e+00
1.523567565802443013e+00
1.521581643948703322e+00
1.515101976285717411e+00
1.513637801786516857e+00
1.510765249621896400e+00
1.506418399611772818e+00
1.503920433441089388e+00
1.503033297534158041e+00
1.499191775572064289e+00
1.493884431770215349e+00
1.488063913218440781e+00
1.484629502475856899e+00
1.484307906741914485e+00
1.482346191508550959e+00
1.481451340219142043e+00
1.479174328218504586e+00
1.474218267561912654e+00
1.473658626769007274e+00
1.469571169990604220e+00
1.466453631073798780e+00
1.465358353442752559e+00
1.461899564238223537e+00
1.459921406058614313e+00
1.454831418387472208e+00
1.453383969443173607e+00
1.447448400870493534e+00
1.444591362833299142e+00
1.442013244786646053e+00
1.438409465316384805e+00
1.437684994448534814e+00
1.433705479636156133e+00
1.431884220555756926e+00
1.428631238583273788e+00
1.426536887513522256e+00
1.422911655915931606e+00
1.419949169994763727e+00
1.419177978659385442e+00
1.414799699538512812e+00
1.414213562373114241e+00
1.414213562373110022e+00
1.414213562373106914e+00
1.414213562373104249e+00
1.414213562373102695e+00
1.414213562373101807e+00
1.414213562373101363e+00
1.414213562373099364e+00
1.414213562373097366e+00
1.414213562373096922e+00
1.414213562373095368e+00
1.414213562373095145e+00
1.414213562373094479e+00
1.414213562373094479e+00
1.414213562373094035e+00
1.414213562373094035e+00
1.414213562373093369e+00
1.414213562373093369e+00
1.414213562373092925e+00
1.414213562373092925e+00
1.414213562373092259e+00
1.414213562373092037e+00
1.414213562373091815e+00
1.414213562373091815e+00
1.414213562373091371e+00
1.414213562373091149e+00
1.414213562373090705e+00
1.414213562373089594e+00
1.414213562373089594e+00
1.414213562373089150e+00
1.414213562373086930e+00
1.414213562373082711e+00
1.414213562373080713e+00
1.414213562373079380e+00
1.413783252364033904e+00
1.411313582329079663e+00
1.411073888239180452e+00
1.409749862913997731e+00
1.408834214148384278e+00
1.407577311091094074e+00
1.406836942703697746e+00
1.404880382291798124e+00
1.404130722301845768e+00
1.401924788602752159e+00
1.401778124061358266e+00
1.400428156828027904e+00
1.400156767143783121e+00
1.398254837498665859e+00
1.397728475808135196e+00
1.396195784901338444e+00
1.393340141435728929e+00
1.392793687437927863e+00
1.391840521952685483e+00
1.390925256398280796e+00
1.390404555314021184e+00
1.388809740943138138e+00
1.386764948679456877e+00
1.386382429984891251e+00
1.385526575740317456e+00
1.381092158622857280e+00
1.380715331595354867e+00
1.378533677757292741e+00
1.377557774246823463e+00
1.376401463148940962e+00
1.374189686453376469e+00
1.372327694225986550e+00
1.369083241444056798e+00
1.368579370526947114e+00
1.366011512826189822e+00
1.362878135763335052e+00
1.362105900862695895e+00
1.359976157458321788e+00
1.357823369210064524e+00
1.355358753118808712e+00
1.352724270665192297e+00
1.350979787124957365e+00
1.348400500592736417e+00
1.346758994729081005e+00
1.344007966115513319e+00
1.341817224313526236e+00
1.340240581758941785e+00
1.337686165128652460e+00
1.334394434786964512e+00
1.332709866085744377e+00
1.330866066111101143e+00
1.328642543544585219e+00
1.326350807600126691e+00
1.326114554459879580e+00
1.322988195699929870e+00
1.320738549191578404e+00
1.316912711844502537e+00
1.315783767502076484e+00
1.309877820517402425e+00
1.308367815201513906e+00
1.306497762311586763e+00
1.303745814483687759e+00
1.302770919561350382e+00
1.299053679248028947e+00
1.298053861769261408e+00
1.295899763562240903e+00
1.292043299041150783e+00
1.288449268829639838e+00
1.285827554425667207e+00
1.285016315253893371e+00
1.278225167784967864e+00
1.274972901017454863e+00
1.273601186540641583e+00
1.272193996872245769e+00
1.270580385738204532e+00
1.266586942441530805e+00
1.265831771587062393e+00
1.263134133327042941e+00
1.261734633377050718e+00
1.258195100227071039e+00
1.257095811603432089e+00
1.254959477115526356e+00
1.251163269554064650e+00
1.248811334437563092e+00
1.246892298564265866e+00
1.244758293062733445e+00
1.243909173818658953e+00
1.241371939547903480e+00
1.237513137869014956e+00
1.236037334455719172e+00
1.234293716476696945e+00
1.232469159762045630e+00
1.228583257497775971e+00
1.225751063887127179e+00
1.224829939649519250e+00
1.221929735422639940e+00
1.221500622097119626e+00
1.217005037250674659e+00
1.215345550467272995e+00
1.214752490071226099e+00
1.212456898719214360e+00
1.211864134786593938e+00
1.209999156267651754e+00
1.208379196865648320e+00
1.205103702442889224e+00
1.201568789057139819e+00
1.199842421040947738e+00
1.196448559755382224e+00
1.194435153405512207e+00
1.189711203373515325e+00
1.187629139852428350e+00
1.185789991294672774e+00
1.182438479501146222e+00
1.181000295120023802e+00
1.178719603286687345e+00
1.175600631440709254e+00
1.173085514286515529e+00
1.170339636507248038e+00
1.169515164155937148e+00
1.168235628943237847e+00
1.164945504109643259e+00
1.162950594065085497e+00
1.159548109303448982e+00
1.157982478716948815e+00
1.155985696230337201e+00
1.153962505545580441e+00
1.149254162364493626e+00
1.147683801393266201e+00
1.142347015148337697e+00
1.140403128607362593e+00
1.139205397988519719e+00
1.137371246948962300e+00
1.134888949859674367e+00
1.131355589516615190e+00
1.127762327608436976e+00
1.126627846435279690e+00
1.126112857830553926e+00
1.120887194989535152e+00
1.117687693040063879e+00
1.113328544828196431e+00
1.112184909994446969e+00
1.111709419809332910e+00
1.108399980977907706e+00
1.105951453547650898e+00
1.105414616079053891e+00
1.102612773534154433e+00
1.101450518164610592e+00
1.097295157867701709e+00
1.096211965644480868e+00
1.094523127535407481e+00
1.093216967923615446e+00
1.088691065712739992e+00
1.084440710124347396e+00
1.083631869455427887e+00
1.080503284379507489e+00
1.078164034506878144e+00
1.077039312888245171e+00
1.075490814735389211e+00
1.073256586314310423e+00
1.070609861783567984e+00
1.068781431478545541e+00
1.067698746660497022e+00
1.066293724614299387e+00
1.064573054764584192e+00
1.062371071334947459e+00
1.061421409266105176e+00
1.056927863340717089e+00
1.054620609830205558e+00
1.053926945321961739e+00
1.050845542330945959e+00
1.050456838312106234e+00
1.048120340419359309e+00
1.047522888961787801e+00
1.045318217808462125e+00
1.043041515954262310e+00
1.042999155806187739e+00
1.039746245486123266e+00
1.036419200310390698e+00
1.036083965477538005e+00
1.033802487470644627e+00
1.031491184028830776e+00
1.030473451153222753e+00
1.026129746210658444e+00
1.025744100000090864e+00
1.023348517132389723e+00
1.021252822898450541e+00
1.020731563648008100e+00
1.019038028244044769e+00
1.018310480389952533e+00
1.017081327376199384e+00
1.014919929642104535e+00
1.014251512047157799e+00
1.012065572385180801e+00
1.008731006557375354e+00
1.008606412755275183e+00
1.007617012654121291e+00
1.005877171717039831e+00
1.004604319943367408e+00
1.002155338861127287e+00
1.001878284937088859e+00
1.001489473137148867e+00
1.000962095766539717e+00
1.000059786150777397e+00
1.000000000000142997e+00
1.000000000000131228e+00
1.000000000000091038e+00
1.000000000000077494e+00
1.000000000000075717e+00
1.000000000000066391e+00
1.000000000000055289e+00
1.000000000000051958e+00
1.000000000000046629e+00
1.000000000000041078e+00
1.000000000000033307e+00
1.000000000000031086e+00
1.000000000000029088e+00
1.000000000000028422e+00
1.000000000000027311e+00
1.000000000000026867e+00
1.000000000000024869e+00
1.000000000000024203e+00
1.000000000000021094e+00
1.000000000000019318e+00
1.000000000000017319e+00
1.000000000000015543e+00
1.000000000000013767e+00
1.000000000000011546e+00
1.000000000000009326e+00
1.000000000000007550e+00
1.000000000000007327e+00
1.000000000000005329e+00
1.000000000000003109e+00
1.000000000000002442e+00
1.000000000000001998e+00
1.000000000000001776e+00
1.000000000000001776e+00
1.000000000000001776e+00
1.000000000000001554e+00
1.000000000000001554e+00
1.000000000000001554e+00
1.000000000000001554e+00
1.000000000000001554e+00
1.000000000000001554e+00
1.000000000000001554e+00
1.000000000000001554e+00
1.000000000000001332e+00
1.000000000000001332e+00
1.000000000000001332e+00
1.000000000000001332e+00
1.000000000000001332e+00
1.000000000000001332e+00
1.000000000000001110e+00
1.000000000000001110e+00
1.000000000000001110e+00
1.000000000000001110e+00
1.000000000000001110e+00
1.000000000000001110e+00
1.000000000000001110e+00
1.000000000000001110e+00
1.000000000000001110e+00
1.000000000000001110e+00
1.000000000000001110e+00
1.000000000000001110e+00
1.000000000000001110e+00
1.000000000000001110e+00
1.000000000000001110e+00
1.000000000000001110e+00
1.000000000000001110e+00
1.000000000000000888e+00
1.000000000000000888e+00
1.000000000000000888e+00
1.000000000000000888e+00
1.000000000000000888e+00
1.000000000000000666e+00
1.000000000000000666e+00
1.000000000000000666e+00
1.000000000000000666e+00
1.000000000000000666e+00
1.000000000000000666e+00
1.000000000000000666e+00
1.000000000000000666e+00
1.000000000000000666e+00
1.000000000000000666e+00
1.000000000000000666e+00
1.000000000000000666e+00
1.000000000000000666e+00
1.000000000000000666e+00
1.000000000000000666e+00
1.000000000000000666e+00
1.000000000000000666e+00
1.000000000000000666e+00
1.000000000000000666e+00
1.000000000000000666e+00
1.000000000000000666e+00
1.000000000000000666e+00
1.000000000000000666e+00
1.000000000000000666e+00
1.000000000000000666e+00
1.000000000000000666e+00
1.000000000000000666e+00
1.000000000000000666e+00
1.000000000000000666e+00
1.000000000000000666e+00
1.000000000000000666e+00
1.000000000000000666e+00
1.000000000000000666e+00
1.000000000000000666e+00
1.000000000000000666e+00
1.000000000000000666e+00
1.000000000000000666e+00
1.000000000000000666e+00
1.000000000000000666e+00
1.000000000000000666e+00
1.000000000000000666e+00
1.000000000000000666e+00
1.000000000000000666e+00
1.000000000000000666e+00
1.000000000000000666e+00
1.000000000000000666e+00
1.000000000000000666e+00
1.000000000000000666e+00
1.000000000000000666e+00
1.000000000000000666e+00
1.000000000000000666e+00
1.000000000000000444e+00
1.000000000000000444e+00
1.000000000000000444e+00
1.000000000000000444e+00
1.000000000000000444e+00
1.000000000000000444e+00
1.000000000000000444e+00
1.000000000000000444e+00
1.000000000000000444e+00
1.000000000000000444e+00
1.000000000000000444e+00
1.000000000000000444e+00
1.000000000000000444e+00
1.000000000000000444e+00
1.000000000000000444e+00
1.000000000000000444e+00
1.000000000000000444e+00
1.000000000000000444e+00
1.000000000000000444e+00
1.000000000000000444e+00
1.000000000000000444e+00
1.000000000000000444e+00
1.000000000000000444e+00
1.000000000000000444e+00
1.000000000000000444e+00
1.000000000000000444e+00
1.000000000000000444e+00
1.000000000000000444e+00
1.000000000000000444e+00
1.000000000000000444e+00
1.000000000000000444e+00
1.000000000000000444e+00
1.000000000000000444e+00
1.000000000000000222e+00
1.000000000000000222e+00
1.000000000000000222e+00
1.000000000000000222e+00
1.000000000000000222e+00
1.000000000000000222e+00
1.000000000000000222e+00
1.000000000000000222e+00
1.000000000000000222e+00
1.000000000000000222e+00
1.000000000000000222e+00
1.000000000000000222e+00
1.000000000000000222e+00
1.000000000000000222e+00
1.000000000000000222e+00
1.000000000000000222e+00
1.000000000000000222e+00
1.000000000000000222e+00
1.000000000000000222e+00
1.000000000000000222e+00
1.000000000000000222e+00
1.000000000000000222e+00
1.000000000000000222e+00
1.000000000000000222e+00
1.000000000000000222e+00
1.000000000000000222e+00
1.000000000000000222e+00
1.000000000000000222e+00
1.000000000000000222e+00
1.000000000000000222e+00
1.000000000000000222e+00
1.000000000000000222e+00
1.000000000000000222e+00
1.000000000000000222e+00
1.000000000000000222e+00
1.000000000000000222e+00
1.000000000000000222e+00
1.000000000000000222e+00
1.000000000000000222e+00
1.000000000000000222e+00
1.000000000000000222e+00
1.000000000000000222e+00
1.000000000000000222e+00
1.000000000000000222e+00
1.000000000000000222e+00
1.000000000000000222e+00
1.000000000000000222e+00
1.000000000000000222e+00
1.000000000000000222e+00
1.000000000000000222e+00
1.000000000000000222e+00
1.000000000000000222e+00
1.000000000000000222e+00
1.000000000000000222e+00
1.000000000000000222e+00
1.000000000000000222e+00
1.000000000000000222e+00
1.000000000000000222e+00
1.000000000000000222e+00
1.000000000000000222e+00
1.000000000000000222e+00
1.000000000000000222e+00
1.000000000000000222e+00
1.000000000000000222e+00
1.000000000000000222e+00
1.000000000000000222e+00
1.000000000000000222e+00
1.000000000000000222e+00
1.000000000000000222e+00
1.000000000000000222e+00
1.000000000000000222e+00
1.000000000000000000e+00
1.000000000000000000e+00
1.000000000000000000e+00
1.000000000000000000e+00
1.000000000000000000e+00
1.000000000000000000e+00
1.000000000000000000e+00
1.000000000000000000e+00
1.000000000000000000e+00
1.000000000000000000e+00
1.000000000000000000e+00
1.000000000000000000e+00
1.000000000000000000e+00
1.000000000000000000e+00
1.000000000000000000e+00
1.000000000000000000e+00
1.000000000000000000e+00
1.000000000000000000e+00
1.000000000000000000e+00
1.000000000000000000e+00
1.000000000000000000e+00
1.000000000000000000e+00
1.000000000000000000e+00
1.000000000000000000e+00
1.000000000000000000e+00
1.000000000000000000e+00
1.000000000000000000e+00
1.000000000000000000e+00
1.000000000000000000e+00
1.000000000000000000e+00
1.000000000000000000e+00
1.000000000000000000e+00
1.000000000000000000e+00
1.000000000000000000e+00
1.000000000000000000e+00
1.000000000000000000e+00
1.000000000000000000e+00
1.000000000000000000e+00
9.999999999999998890e-01
9.999999999999998890e-01
9.999999999999998890e-01
9.999999999999998890e-01
9.999999999999998890e-01
9.999999999999998890e-01
9.999999999999998890e-01
9.999999999999998890e-01
9.999999999999998890e-01
9.999999999999998890e-01
9.999999999999998890e-01
9.999999999999998890e-01
9.999999999999998890e-01
9.999999999999998890e-01
9.999999999999998890e-01
9.999999999999998890e-01
9.999999999999998890e-01
9.999999999999998890e-01
9.999999999999998890e-01
9.999999999999998890e-01
9.999999999999998890e-01
9.999999999999998890e-01
9.999999999999997780e-01
9.999999999999997780e-01
9.999999999999997780e-01
9.999999999999997780e-01
9.999999999999997780e-01
9.999999999999997780e-01
9.999999999999997780e-01
9.999999999999997780e-01
9.999999999999997780e-01
9.999999999999997780e-01
9.999999999999997780e-01
9.999999999999997780e-01
9.999999999999997780e-01
9.999999999999997780e-01
9.999999999999997780e-01
9.999999999999997780e-01
9.999999999999997780e-01
9.999999999999997780e-01
9.999999999999997780e-01
9.999999999999997780e-01
9.999999999999997780e-01
9.999999999999997780e-01
9.999999999999997780e-01
9.999999999999997780e-01
9.999999999999997780e-01
9.999999999999997780e-01
9.999999999999997780e-01
9.999999999999997780e-01
9.999999999999997780e-01
9.999999999999997780e-01
9.999999999999997780e-01
9.999999999999997780e-01
9.999999999999997780e-01
9.999999999999997780e-01
9.999999999999997780e-01
9.999999999999997780e-01
9.999999999999997780e-01
9.999999999999997780e-01
9.999999999999997780e-01
9.999999999999996669e-01
9.999999999999996669e-01
9.999999999999996669e-01
9.999999999999996669e-01
9.999999999999996669e-01
9.999999999999996669e-01
9.999999999999996669e-01
9.999999999999996669e-01
9.999999999999996669e-01
9.999999999999996669e-01
9.999999999999996669e-01
9.999999999999996669e-01
9.999999999999996669e-01
9.999999999999996669e-01
9.999999999999996669e-01
9.999999999999996669e-01
9.999999999999996669e-01
9.999999999999996669e-01
9.999999999999996669e-01
9.999999999999996669e-01
9.999999999999996669e-01
9.999999999999996669e-01
9.999999999999996669e-01
9.999999999999996669e-01
9.999999999999996669e-01
9.999999999999996669e-01
9.999999999999996669e-01
9.999999999999996669e-01
9.999999999999996669e-01
9.999999999999996669e-01
9.999999999999996669e-01
9.999999999999996669e-01
9.999999999999996669e-01
9.999999999999996669e-01
9.999999999999996669e-01
9.999999999999996669e-01
9.999999999999994449e-01
9.999999999999994449e-01
9.999999999999994449e-01
9.999999999999994449e-01
9.999999999999994449e-01
9.999999999999994449e-01
9.999999999999994449e-01
9.999999999999994449e-01
9.999999999999994449e-01
9.999999999999994449e-01
9.999999999999994449e-01
9.999999999999994449e-01
9.999999999999994449e-01
9.999999999999994449e-01
9.999999999999994449e-01
9.999999999999994449e-01
9.999999999999994449e-01
9.999999999999994449e-01
9.999999999999994449e-01
9.999999999999993339e-01
9.999999999999993339e-01
9.999999999999993339e-01
9.999999999999993339e-01
9.999999999999993339e-01
9.999999999999993339e-01
9.999999999999993339e-01
9.999999999999993339e-01
9.999999999999993339e-01
9.999999999999993339e-01
9.999999999999993339e-01
9.999999999999993339e-01
9.999999999999993339e-01
9.999999999999993339e-01
9.999999999999993339e-01
9.999999999999993339e-01
9.999999999999993339e-01
9.999999999999993339e-01
9.999999999999993339e-01
9.999999999999992228e-01
9.999999999999992228e-01
9.999999999999992228e-01
9.999999999999992228e-01
9.999999999999992228e-01
9.999999999999992228e-01
9.999999999999992228e-01
9.999999999999992228e-01
9.999999999999992228e-01
9.999999999999992228e-01
9.999999999999992228e-01
9.999999999999991118e-01
9.999999999999991118e-01
9.999999999999991118e-01
9.999999999999991118e-01
9.999999999999991118e-01
9.999999999999991118e-01
9.999999999999991118e-01
9.999999999999991118e-01
9.999999999999991118e-01
9.999999999999991118e-01
9.999999999999991118e-01
9.999999999999991118e-01
9.999999999999991118e-01
9.999999999999991118e-01
9.999999999999991118e-01
9.999999999999988898e-01
9.999999999999988898e-01
9.999999999999988898e-01
9.999999999999988898e-01
9.999999999999988898e-01
9.999999999999988898e-01
9.999999999999988898e-01
9.999999999999988898e-01
9.999999999999988898e-01
9.999999999999988898e-01
9.999999999999987788e-01
9.999999999999987788e-01
9.999999999999987788e-01
9.999999999999987788e-01
9.999999999999987788e-01
9.999999999999987788e-01
9.999999999999987788e-01
9.999999999999987788e-01
9.999999999999987788e-01
9.999999999999987788e-01
9.999999999999987788e-01
9.999999999999987788e-01
9.999999999999987788e-01
9.999999999999987788e-01
9.999999999999986677e-01
9.999999999999986677e-01
9.999999999999986677e-01
9.999999999999986677e-01
9.999999999999986677e-01
9.999999999999986677e-01
9.999999999999986677e-01
9.999999999999986677e-01
9.999999999999986677e-01
9.999999999999986677e-01
9.999999999999986677e-01
9.999999999999986677e-01
9.999999999999985567e-01
9.999999999999985567e-01
9.999999999999985567e-01
9.999999999999983347e-01
9.999999999999983347e-01
9.999999999999983347e-01
9.999999999999983347e-01
9.999999999999982236e-01
9.999999999999982236e-01
9.999999999999982236e-01
9.999999999999982236e-01
9.999999999999981126e-01
9.999999999999981126e-01
9.999999999999981126e-01
9.999999999999981126e-01
9.999999999999981126e-01
9.999999999999977796e-01
9.999999999999977796e-01
9.999999999999977796e-01
9.999999999999977796e-01
9.999999999999975575e-01
9.999999999999973355e-01
9.999999999999972244e-01
9.999999999999972244e-01
9.999999999999970024e-01
9.999999999999966693e-01
9.999999999999962252e-01
9.999999999999962252e-01
9.999999999999961142e-01
9.999999999999941158e-01
9.999999999999921174e-01
9.999999999999896749e-01
9.999999999999876765e-01
9.999999999999857891e-01
9.999999999999844569e-01
9.999999999999836797e-01
9.999999999999825695e-01
9.999999999999813483e-01
9.999999999999797939e-01
9.999999999999771294e-01
9.999999999999762412e-01
9.999999999999750200e-01
9.999999999999727995e-01
9.999999999999706901e-01
9.999999999999683586e-01
9.999999999999623634e-01
9.999999999999620304e-01
9.999999999999544809e-01
9.999999999999418243e-01
9.999999999999381606e-01
9.999999999999265032e-01
9.999999999999245048e-01
9.999999999999102940e-01
9.999999999998856470e-01
9.999999999998520073e-01
9.999999999998298028e-01
9.997786721748388450e-01
9.995376951617106487e-01
9.991796682112800143e-01
9.987376798515468224e-01
9.982001762656635968e-01
9.966117446255865486e-01
9.963485352783191251e-01
9.956309769414740662e-01
9.949679412521378330e-01
9.940100811051518770e-01
9.936729671575348366e-01
9.925118269615827993e-01
9.919433027365931466e-01
9.916232818969020757e-01
9.899658467927823224e-01
9.894965933134807212e-01
9.883290059964693341e-01
9.877864405235692313e-01
9.868791717990893497e-01
9.852336001958237333e-01
9.847208653974011128e-01
9.840036246354959548e-01
9.825079063062960305e-01
9.811536154426734324e-01
9.809718173237654826e-01
9.788281082565150060e-01
9.779496957660318568e-01
9.766860230931043718e-01
9.763176807162838866e-01
9.745805445701779535e-01
9.729805965166998805e-01
9.710235013305520413e-01
9.698555686756951122e-01
9.696007484495630102e-01
9.677978553539393625e-01
9.664315102636655830e-01
9.654231857117692162e-01
9.647820308212309293e-01
9.627581487984341324e-01
9.622966103053491871e-01
9.615003359331044663e-01
9.604426470397182669e-01
9.590310217363140488e-01
9.570472442872621777e-01
9.549502440079339349e-01
9.545868143202406175e-01
9.516537920023285801e-01
9.504832691546570844e-01
9.488625153332649331e-01
9.481433989652270355e-01
9.457228806391159148e-01
9.451777057239614255e-01
9.435270229736359981e-01
9.412998689841338695e-01
9.393441328681294555e-01
9.377665039655727064e-01
9.370560174119553221e-01
9.353126882937053965e-01
9.346011760240610089e-01
9.343827336877220668e-01
9.333601626900729364e-01
9.290092879550801985e-01
9.276058231082555672e-01
9.265239896267222219e-01
9.233485926834740232e-01
9.220474472947537414e-01
9.204370953058952365e-01
9.178344345392018822e-01
9.167870423770559940e-01
9.165602443215797868e-01
9.140172413572261734e-01
9.112906574781920455e-01
9.097245131540763197e-01
9.073508010602227003e-01
9.061547569761901899e-01
9.052544453634669974e-01
9.017414084442419986e-01
9.011540722860710284e-01
8.971432521951747674e-01
8.961685504283279924e-01
8.927835505855624687e-01
8.924049268857030537e-01
8.905043359116769919e-01
8.884511065514396622e-01
8.874623177601971280e-01
8.848815692276877920e-01
8.798401736675808271e-01
8.790786526821839919e-01
8.772896722448393358e-01
8.757389633118004557e-01
8.735614223917040899e-01
8.695184821768908723e-01
8.665097082572107423e-01
8.648630420699995325e-01
8.641190095603523691e-01
8.629681089397467364e-01
8.608203097302401519e-01
8.574384110211089594e-01
8.568383499269676129e-01
8.557237570220267431e-01
8.530135927514901351e-01
8.503471865926156559e-01
8.502012851250776437e-01
8.493047304305891831e-01
8.465580339196902004e-01
8.447087394110338598e-01
8.421174459528781853e-01
8.413493819859507727e-01
8.394950764553952283e-01
8.359231138594672705e-01
8.331341239913994112e-01
8.308810190420029551e-01
8.287112256851429937e-01
8.242276897765109522e-01
8.240928005342147422e-01
8.227770526594786471e-01
8.211759885419266380e-01
8.187111839057245044e-01
8.160105099127614725e-01
8.145969281712888144e-01
8.121924032349155942e-01
8.097656077791334228e-01
8.071257137087357592e-01
8.056325674399288372e-01
8.044622808628555388e-01
8.000327275575916941e-01
7.991625341546024774e-01
7.977071266060401511e-01
7.956086273714200185e-01
7.936494848516870704e-01
7.915784587868670563e-01
7.876302065976625855e-01
7.869790136096377342e-01
7.844409679493098420e-01
7.829353878071623196e-01
7.818993369269914284e-01
7.793890400181106015e-01
7.777743522327348336e-01
7.730168757768929311e-01
7.719558758448563651e-01
7.694644882345954562e-01
7.677860301732646331e-01
7.661940541252595382e-01
7.641703135327857499e-01
7.612699413298478213e-01
7.589893517591914662e-01
7.576050177894959603e-01
7.536061599529835231e-01
7.523488425889944820e-01
7.490137826359892781e-01
7.469540807768892954e-01
7.454093363323404109e-01
7.420783020611820824e-01
7.390880969538700107e-01
7.370118256177515814e-01
7.360137126772304805e-01
7.320354315002227663e-01
7.317855333581068100e-01
7.307095368370208899e-01
7.303085155168601572e-01
7.286215502269535182e-01
7.280429607399401259e-01
7.238428946140538223e-01
7.203905289884736662e-01
7.192391900571747376e-01
7.181221636575770839e-01
7.172587235149611162e-01
7.148303949403508328e-01
7.123185964853193664e-01
7.112191637166691560e-01
7.092527539325954589e-01
7.072646986203240393e-01
7.050627046617745641e-01
7.006216540880904065e-01
6.997591155209430536e-01
6.975861562533388627e-01
6.928942003304700004e-01
6.912445384285873518e-01
6.880514616850856857e-01
6.860194788107942809e-01
6.839577551046338577e-01
6.829632513935254279e-01
6.824413879676651806e-01
6.782947851267557837e-01
6.737224994524777522e-01
6.711333208357799229e-01
6.694345322813319843e-01
6.680238721006146463e-01
6.662878472568274368e-01
6.633468896300274142e-01
6.621534468619562075e-01
6.603421139796025185e-01
6.582431492134924733e-01
6.558560485876294699e-01
6.544975856693687755e-01
6.523918328222321206e-01
6.514735927891865952e-01
6.507919372748671716e-01
6.477998383979927111e-01
6.405456526948979379e-01
6.391634197435448472e-01
6.378602208966291931e-01
6.341413797544273034e-01
6.312070763576790311e-01
6.294386670541698425e-01
6.272963266321688325e-01
6.211991635679643409e-01
6.203037090665132203e-01
6.180521090321939859e-01
6.180339887498943474e-01
6.136083010699778795e-01
6.115892052382974065e-01
6.104075889588972403e-01
6.084995976491835989e-01
6.067026237547347156e-01
6.057487301256996304e-01
6.030392625574018117e-01
6.013424350514726680e-01
5.980656332957628996e-01
5.958350732773821656e-01
5.925216207429019333e-01
5.908525223531326809e-01
5.887486117738610636e-01
5.873696133794633623e-01
5.839783317595700352e-01
5.822474878429667600e-01
5.806727202691610579e-01
5.762942684632494927e-01
5.748251931655932179e-01
5.716045714024042823e-01
5.685259026435000029e-01
5.666222015823878522e-01
5.649908240614032184e-01
5.631908511496316327e-01
5.605119347589091472e-01
5.560285017181268996e-01
5.516823572807132425e-01
5.512281654758371952e-01
5.484415447984860581e-01
5.471041799896678715e-01
5.430964306664901597e-01
5.383060756326695229e-01
5.379586898064713241e-01
5.375652869094292852e-01
5.349556024936025223e-01
5.296686608378325944e-01
5.287637649188031697e-01
5.245214758123978305e-01
5.187325152955279961e-01
5.149973777009720921e-01
5.144136291342247258e-01
5.132159910739330089e-01
5.106335687815530822e-01
5.082005553036116341e-01
5.069724113079424610e-01
5.047921184674885042e-01
5.021874032543336419e-01
5.004248259486416828e-01
4.991761884179518605e-01
4.944272777000803254e-01
4.909117009429128098e-01
4.892133791202468163e-01
4.850572291201037944e-01
4.818626647271399555e-01
4.803417772577640577e-01
4.782191924411221540e-01
4.763100136461657641e-01
4.724721100125325868e-01
4.680567503087578740e-01
4.665081103732173773e-01
4.614554873531113155e-01
4.592499462415512435e-01
4.576787624483459882e-01
4.553710642905542949e-01
4.529230735018622278e-01
4.507957643588667018e-01
4.448762963941194082e-01
4.429868287475209887e-01
4.386956912981764822e-01
4.381758134413347716e-01
4.360032991485201515e-01
4.336379881150265181e-01
4.325682349669167093e-01
4.294698943517637479e-01
4.272318183489300369e-01
4.246399685523978840e-01
4.193865042661169551e-01
4.181496878734817235e-01
4.121538995295918606e-01
4.106928823257486316e-01
4.078211673646714441e-01
4.064497545547929858e-01
4.025348223442504203e-01
4.007692016427134019e-01
3.962297161463306239e-01
3.953144283037364204e-01
3.895188257050622993e-01
3.870277081210953263e-01
3.832936321172052407e-01
3.808760218431963551e-01
3.761963439840446122e-01
3.752785704778346387e-01
3.694653855263937414e-01
3.679586386219934613e-01
3.645605504043389899e-01
3.635023324600307193e-01
3.616411146321570902e-01
3.595975081313569355e-01
3.579420572349793495e-01
3.536398423182012807e-01
3.504042669448648728e-01
3.489329109767480563e-01
3.453271689115618992e-01
3.419573550126899786e-01
3.373337954198499244e-01
3.361016548603885101e-01
3.344497415522507122e-01
3.323899406738098361e-01
3.286532529807673630e-01
3.263555258442443208e-01
3.234614206593495744e-01
3.228007541277652659e-01
3.175336711864402139e-01
3.169276246314540191e-01
3.153672539350415027e-01
3.107464087656889307e-01
3.081896473895401889e-01
3.043567616116197305e-01
3.027966356489337207e-01
2.988020599007515377e-01
2.969789984722669418e-01
2.958680222100595891e-01
2.937423545537423686e-01
2.904580368767130660e-01
2.878520747756294074e-01
2.859407209939264782e-01
2.806029024579690390e-01
2.786168258533504027e-01
2.752377890081547651e-01
2.742692486692579479e-01
2.734263637983040396e-01
2.715847391533056099e-01
2.628124485058671578e-01
2.614288224871198496e-01
2.593761418060561708e-01
2.551808670400239065e-01
2.545044875905666526e-01
2.520994148077114194e-01
2.491369576722541057e-01
2.477131892737576002e-01
2.453813776360345700e-01
2.432917927425251314e-01
2.419982251757692160e-01
2.396364005587383328e-01
2.334770983901754138e-01
2.325510122281307379e-01
2.277150402916352789e-01
2.252784924875571582e-01
2.212373118246804826e-01
2.202745059449750797e-01
2.181503441786259989e-01
2.163231843668354248e-01
2.121862940089580263e-01
2.109990049043043436e-01
2.083669929395881582e-01
2.030538345497642783e-01
2.004516038098439479e-01
2.000748529223737027e-01
1.968696071250297386e-01
1.942438351832655452e-01
1.885069416951574151e-01
1.824104171787302442e-01
1.792624600241879973e-01
1.775162552955642514e-01
1.712963677010150843e-01
1.699171002847965628e-01
1.676898171032757401e-01
1.618214073990681123e-01
1.575804633223519824e-01
1.559157948873472199e-01
1.512303071551154843e-01
1.460581842159714705e-01
1.385369831457348433e-01
1.351404833367969016e-01
1.341596460038486371e-01
1.280750685015564216e-01
1.270679810387166375e-01
1.215977460247773811e-01
1.166990197361974929e-01
1.133911863456147501e-01
1.087520861822848933e-01
1.075184054643097686e-01
1.015067244246850992e-01
9.673289791722115838e-02
9.511468612534695888e-02
8.837572103317578587e-02
7.717778026122279478e-02
7.292858852053228647e-02
7.132293742738715636e-02
6.919552651653548825e-02
5.753323472476783856e-02
5.418110668224414284e-02
5.045447933486387621e-02
4.726061452630144627e-02
3.553693063311389594e-02
3.320952176722625354e-02
1.982656668911585846e-02
1.454005812563059427e-02
2.279166425786115571e-03
