# Singular values
3.774792769842246116e+02
2.082522135443028048e+02
2.007497961703334965e+02
1.369833749272733314e+02
1.268751683584552836e+02
8.879574158204592038e+01
8.376773886477873532e+01
7.006600961139389483e+01
5.447764026447968888e+01
4.717586265140115387e+01
4.637290460195892905e+01
4.195346066315639177e+01
3.969939780677648145e+01
3.923695061911737980e+01
3.854491109032677087e+01
3.774848261120384052e+01
3.677156394555368735e+01
3.355375488343041468e+01
3.277780358362407043e+01
3.265597889346158667e+01
3.147464968584435852e+01
2.853651892877551788e+01
2.799835457668163841e+01
2.617721632492287043e+01
2.519693548947253348e+01
2.334579967548648582e+01
2.227189687238367455e+01
2.134068045052251250e+01
2.107387948913387987e+01
2.099992728998073588e+01
2.049120212170960542e+01
1.915630959006943002e+01
1.832578073620301495e+01
1.770304500901606204e+01
1.754362111037826111e+01
1.699676552353103887e+01
1.530766822455108489e+01
1.497485350093723078e+01
1.491301479303499455e+01
1.468561658593906571e+01
1.445301303096675127e+01
1.439403121929535523e+01
1.412209991824062705e+01
1.399696068936106563e+01
1.374979367508286110e+01
1.355968829337699866e+01
1.335070811877917230e+01
1.332800247976780916e+01
1.270905056591333704e+01
1.244665569371220037e+01
1.238339903456469138e+01
1.198668090809131748e+01
1.193328856829106144e+01
1.184617998714335663e+01
1.161671514657499316e+01
1.153305317039920475e+01
1.142363881172309803e+01
1.135471131909083375e+01
1.127670974389506320e+01
1.114878961297874049e+01
1.111140644802156352e+01
1.102598292181390249e+01
1.082752817086606889e+01
1.066840079305238120e+01
1.058739042683849085e+01
1.046897672197719587e+01
1.035355815061606677e+01
1.028984243496521955e+01
1.021785871065132234e+01
1.018092889815560831e+01
1.007287164980609262e+01
9.990203809281689828e+00
9.822371136004282022e+00
9.791066650771055535e+00
9.736022762449248802e+00
9.671756015377953375e+00
9.601119256661917234e+00
9.557707998558056417e+00
9.461996435225096036e+00
9.365102216649832556e+00
9.354572041642741809e+00
9.310257636125701453e+00
9.218364361050179312e+00
9.199085655314229726e+00
9.172914601208857377e+00
9.144188012143635191e+00
9.101428743687243639e+00
9.069262604482959844e+00
9.030653160301451265e+00
8.994849402125041138e+00
8.980526054939417691e+00
8.922754781891622855e+00
8.895098816355702098e+00
8.848499600528517917e+00
8.744029763899678898e+00
8.714140116048811890e+00
8.670081463411467126e+00
8.636166805079671605e+00
8.587678163886355520e+00
8.546325171951064448e+00
8.512642112455758081e+00
8.448673293706466580e+00
8.371888843966324600e+00
8.347352152157080596e+00
8.291217856658345653e+00
8.181462020896415055e+00
8.165779825376827006e+00
8.162502733145263534e+00
8.119230085213308357e+00
8.093271900728112200e+00
8.057627866650335591e+00
7.984118382116071722e+00
7.910243986960048268e+00
7.843177142708346317e+00
7.792036469945379906e+00
7.743988469875495717e+00
7.699295298475918869e+00
7.685210696035281508e+00
7.657891043056643809e+00
7.600324263273209091e+00
7.580388568530493920e+00
7.540318364967886211e+00
7.511335323840127920e+00
7.442389188503131692e+00
7.415088662744061310e+00
7.410728209258979682e+00
7.383490729689796694e+00
7.347817838685097414e+00
7.338500728984474364e+00
7.301112021589259982e+00
7.272215212879818758e+00
7.254697381622055019e+00
7.230119392345160989e+00
7.199084042705379716e+00
7.182294346560704312e+00
7.128959545288240385e+00
7.123347571751039276e+00
7.085201716063645350e+00
7.056978373539855021e+00
6.980370484789745866e+00
6.942697885376759359e+00
6.918558685362890870e+00
6.897604258983951908e+00
6.887148731266014678e+00
6.866361514592054682e+00
6.844851437629515090e+00
6.801773916104772333e+00
6.779309353986344711e+00
6.748321276070032404e+00
6.730287463394058811e+00
6.725057232123775819e+00
6.693132970743687515e+00
6.685218480256121865e+00
6.674892517185460505e+00
6.612531916562958578e+00
6.597978943725899548e+00
6.580216170143248000e+00
6.579266212357247845e+00
6.552172297770268550e+00
6.529043583643381332e+00
6.485273774481343345e+00
6.474885105285965281e+00
6.447538163091653729e+00
6.435426064395032064e+00
6.416736509213408546e+00
6.403976216127291288e+00
6.397986797884792409e+00
6.393019861910246959e+00
6.384929180436582641e+00
6.349583365043836913e+00
6.337686759024542482e+00
6.330087377417227046e+00
6.321584065284644893e+00
6.310401847694866007e+00
6.285858447623436263e+00
6.276061594498764329e+00
6.268992621767208284e+00
6.240585916414646661e+00
6.225973159724041750e+00
6.206082990629124829e+00
6.193033152436266953e+00
6.176840294803041864e+00
6.150002784404967393e+00
6.131096504193215502e+00
6.122446395043378509e+00
6.106242356668353466e+00
6.100314639258762384e+00
6.096435741817233023e+00
6.062555997939532482e+00
6.044092435578878764e+00
6.041846286760516271e+00
6.023674120035932056e+00
5.995896690858564249e+00
5.967329413192350884e+00
5.956703829297538277e+00
5.940041090603820351e+00
5.937710925179255916e+00
5.929496039539148278e+00
5.902756112714802939e+00
5.887648615904508276e+00
5.865748988199050551e+00
5.846240677690413001e+00
5.836326643054722929e+00
5.821666539329236834e+00
5.809114334840712601e+00
5.797127680579516884e+00
5.781833532393715558e+00
5.768204348727799413e+00
5.760588467351745123e+00
5.751908275796552061e+00
5.739154794258051417e+00
5.735180097240622388e+00
5.730201234528076171e+00
5.719327588306319043e+00
5.710975122913923840e+00
5.693886332572759557e+00
5.656361250539910124e+00
5.648380317207731593e+00
5.642897340711991561e+00
5.632671431631049330e+00
5.632096937225677280e+00
5.616814965321756503e+00
5.592689311977391498e+00
5.583867712535446337e+00
5.575636638683898028e+00
5.562378786213246329e+00
5.538883738749521335e+00
5.506782577679705248e+00
5.502593942067846022e+00
5.499234787711910322e+00
5.495664842165726149e+00
5.475386150827797671e+00
5.466750984800491153e+00
5.460018382073295484e+00
5.447182517248744027e+00
5.436828938148698498e+00
5.427222333975580071e+00
5.411930371446265653e+00
5.404222956432825242e+00
5.389970493458857703e+00
5.374126089298234987e+00
5.368924904090242478e+00
5.355060318122222718e+00
5.349372238891767495e+00
5.334524866975201896e+00
5.326665369644306480e+00
5.314814789324913136e+00
5.305343957052505388e+00
5.285666514723324383e+00
5.283550110117765541e+00
5.280745065194037302e+00
5.266603937715375494e+00
5.249654417244074445e+00
5.237297129739598489e+00
5.230821267994727464e+00
5.215773864024020767e+00
5.209479057144859482e+00
5.203286245704231483e+00
5.183089754122692128e+00
5.179298415003536604e+00
5.167303582391705064e+00
5.159663214817620691e+00
5.156098820052760878e+00
5.145719421398656124e+00
5.136098907722349338e+00
5.122959432788153578e+00
5.112952470164667140e+00
5.108590399912442237e+00
5.093744588908109883e+00
5.081065088555459575e+00
5.073995588789848021e+00
5.062170012710492273e+00
5.049338841695537816e+00
5.041894573637534904e+00
5.031512498352621598e+00
5.012320804553761278e+00
5.006875181854921308e+00
5.005414977623723338e+00
4.998836308190881539e+00
4.990757249707182375e+00
4.982935864857297226e+00
4.979858116986454419e+00
4.967209663370914186e+00
4.951519842743282496e+00
4.943654330677769160e+00
4.938203402488493765e+00
4.929673085888327755e+00
4.924202070106466600e+00
4.910722340160412536e+00
4.907803042113414449e+00
4.889901879749227298e+00
4.881072313917495187e+00
4.870871277142259537e+00
4.867056250368715808e+00
4.861105053236305373e+00
4.854240930507927487e+00
4.845437604317461400e+00
4.833145572766071041e+00
4.820734415183869359e+00
4.814130290946571300e+00
4.810005961951311804e+00
4.802076934662840024e+00
4.785564271968682171e+00
4.781033257944618420e+00
4.764530636355771342e+00
4.757217694568750765e+00
4.755783613309144009e+00
4.751111532204571830e+00
4.745095109300810243e+00
4.734315380517299054e+00
4.723244066948073083e+00
4.718044187939979928e+00
4.707351480318488157e+00
4.700210560869626519e+00
4.697082481559298195e+00
4.686968183955966261e+00
4.680028322029373022e+00
4.669903278165006277e+00
4.663548406662163082e+00
4.661241638195478210e+00
4.658482195855544461e+00
4.649623269455247510e+00
4.637956174495311501e+00
4.631592919371304795e+00
4.627923841185395126e+00
4.622269481617603759e+00
4.615528148964186173e+00
4.612194073709143360e+00
4.598431590548334391e+00
4.596856539554768695e+00
4.592533622572292806e+00
4.570888490636908053e+00
4.568712868119788162e+00
4.561777009938950300e+00
4.551090516482743098e+00
4.546888343265996113e+00
4.540452152325173074e+00
4.532878850307892726e+00
4.528171475775575772e+00
4.521703130351272470e+00
4.512576336787329723e+00
4.498995184994412533e+00
4.498053284822484343e+00
4.490018889832612103e+00
4.483873626280534985e+00
4.469534405329837590e+00
4.466740058046330120e+00
4.461660466760576149e+00
4.456384542572353169e+00
4.450628806611618415e+00
4.445512227815661355e+00
4.440108410106427428e+00
4.431958594764866533e+00
4.431462751090112562e+00
4.422473908696980871e+00
4.420596982782162954e+00
4.411975935583723363e+00
4.408435445584976797e+00
4.394166343988228363e+00
4.392578375214014841e+00
4.384584655061795289e+00
4.375709123203314732e+00
4.369911478582561237e+00
4.365538640609620380e+00
4.361430610692600851e+00
4.352503178847737964e+00
4.340881184994925590e+00
4.334230098971024070e+00
4.327432956615499648e+00
4.326671955885042387e+00
4.324911432001584011e+00
4.315214110794326707e+00
4.312232412175799112e+00
4.300882450300718141e+00
4.295353777987470423e+00
4.286866064218828321e+00
4.278163785397040009e+00
4.274852571181273930e+00
4.273607493985597472e+00
4.262204627437478521e+00
4.254985886030874909e+00
4.249947258609872769e+00
4.246360265819740576e+00
4.232161900320864589e+00
4.227581073908162068e+00
4.222893344844500518e+00
4.220565101773652295e+00
4.211289350392118713e+00
4.205222541957954085e+00
4.194214930149276377e+00
4.190857952394513752e+00
4.179932970714712148e+00
4.173955580439579371e+00
4.170852582688584498e+00
4.168029725341452441e+00
4.162195617170089790e+00
4.156111485104342584e+00
4.149648510646801292e+00
4.143805797673012492e+00
4.137835838339633199e+00
4.135929400452583948e+00
4.131668470744005894e+00
4.117617488721571739e+00
4.115361055904161347e+00
4.107878909745361184e+00
4.103209860218303362e+00
4.099352689773634317e+00
4.088599406652894785e+00
4.084662133321947053e+00
4.078825929887725188e+00
4.075191273454087160e+00
4.071895965884634983e+00
4.061874224339270256e+00
4.055236259656522790e+00
4.048509258462911653e+00
4.044307261650877727e+00
4.043718050338487302e+00
4.030912918176436044e+00
4.028444244259216767e+00
4.024243616059058226e+00
4.013864978309585219e+00
4.010546781983669540e+00
4.005290219912977179e+00
4.003525031587982674e+00
3.997706239860237876e+00
3.994296705114193990e+00
3.990942995435819096e+00
3.983418844459516883e+00
3.972005858619239493e+00
3.966670495041428879e+00
3.961285079518814367e+00
3.957589752168630959e+00
3.949744930338488835e+00
3.946335229720519422e+00
3.937163826473010442e+00
3.935850819849724402e+00
3.931187930939640474e+00
3.929188163925435795e+00
3.923684028945701563e+00
3.921122440452554869e+00
3.911105409910612174e+00
3.905159250909585378e+00
3.901924045452985546e+00
3.893131759854623564e+00
3.890508740680441946e+00
3.885634368293175989e+00
3.881606875143241986e+00
3.879262067263214320e+00
3.870213877060504792e+00
3.868613760951311153e+00
3.859219483854168242e+00
3.851955288815018807e+00
3.848979212740143652e+00
3.845750100529703452e+00
3.842268534982688610e+00
3.838200658212219007e+00
3.837922421751704505e+00
3.829567397147631169e+00
3.825931411567166762e+00
3.823482045552406117e+00
3.818715482988821019e+00
3.814654965854283208e+00
3.806015527433868950e+00
3.804024904561577269e+00
3.794887992575501912e+00
3.787191748783772738e+00
3.785162256198745911e+00
3.778892373863321108e+00
3.770374197735116173e+00
3.764658669559329596e+00
3.763305318721883452e+00
3.755039871943345986e+00
3.751716838726294245e+00
3.749464301392053667e+00
3.743008432314941292e+00
3.739189580347634045e+00
3.735251405483252629e+00
3.730174157375389044e+00
3.724500318946440736e+00
3.719118281841335527e+00
3.714294727861104928e+00
3.708710656899360636e+00
3.708230621930991955e+00
3.705983767820690833e+00
3.703443954274939109e+00
3.696641001974056540e+00
3.690950455130537655e+00
3.686887705340111232e+00
3.680200244976437496e+00
3.674640218053662810e+00
3.667472315798814719e+00
3.665331411990524035e+00
3.661810226942055380e+00
3.650050444693393903e+00
3.646799857036799430e+00
3.645147462555684559e+00
3.644259807769891335e+00
3.637854214655940055e+00
3.634905461324216880e+00
3.626223181735587442e+00
3.625602088860687022e+00
3.615789883155582807e+00
3.611378734214889530e+00
3.608573337845584206e+00
3.604699215261752521e+00
3.599163686316812161e+00
3.596478967636177693e+00
3.592577022456816316e+00
3.582865008763953529e+00
3.580845074215265544e+00
3.575740315798102920e+00
3.573786782539746909e+00
3.571315545048622919e+00
3.557721723542926817e+00
3.556782538012091432e+00
3.552599736760421401e+00
3.549439933470170061e+00
3.546027370027312386e+00
3.537141057867577487e+00
3.531638928822505630e+00
3.525889850822849336e+00
3.523106386734262685e+00
3.519136462733911674e+00
3.515861738219856480e+00
3.511336038824064865e+00
3.503238782810230489e+00
3.500206469230810136e+00
3.496134751654294881e+00
3.487674552392345362e+00
3.485499993103843064e+00
3.479835615960760631e+00
3.477811525767288803e+00
3.474980776233309587e+00
3.471086699335524273e+00
3.467888661137499717e+00
3.461783735231721781e+00
3.456820307897208622e+00
3.451775445152284849e+00
3.449920037979009368e+00
3.446332370219031827e+00
3.444421278824422838e+00
3.439760854196046491e+00
3.436394484708395591e+00
3.433468807944964230e+00
3.432583228577120504e+00
3.426681482318119087e+00
3.420772750825729958e+00
3.415916819205583543e+00
3.413715556829293174e+00
3.409120927640189702e+00
3.408084275265761409e+00
3.404821339770874644e+00
3.398056565320703104e+00
3.392730057897817897e+00
3.387179132323720587e+00
3.382881483708417569e+00
3.380981142835326025e+00
3.376866545904702921e+00
3.372714292460882390e+00
3.369872936257415574e+00
3.368298269933541977e+00
3.364335036877233787e+00
3.359583718847922285e+00
3.356507782630293590e+00
3.352884388115415781e+00
3.348258505874498692e+00
3.345444095426133302e+00
3.344123535721334139e+00
3.337171900761178200e+00
3.333103639348708569e+00
3.327670638156396521e+00
3.322499516778470330e+00
3.320083887328735273e+00
3.314477774951984035e+00
3.310574390876870776e+00
3.308432601209668089e+00
3.306013984656245963e+00
3.304362577232191178e+00
3.298128570728595221e+00
3.295307706816023252e+00
3.294098220995165693e+00
3.287428739653087906e+00
3.283809680127380837e+00
3.279582345920488251e+00
3.276182746179356009e+00
3.269095386941077042e+00
3.268164423244896533e+00
3.263659334834723147e+00
3.259047988151599018e+00
3.254371903551803058e+00
3.253436561444798869e+00
3.250984876928738387e+00
3.245327715828608461e+00
3.240197020694116414e+00
3.236950135404347506e+00
3.230068612848636889e+00
3.226964949188583009e+00
3.222547913615912307e+00
3.220620423511186825e+00
3.217889197918694766e+00
3.212036528700107585e+00
3.207039071352340454e+00
3.202874070030834464e+00
3.197817649372233006e+00
3.195428742463281235e+00
3.193721107389260183e+00
3.192277043352628851e+00
3.184379218090362063e+00
3.179576525487906480e+00
3.177926378026307841e+00
3.173780095543736302e+00
3.172095265773298145e+00
3.167596392387385773e+00
3.164774262526361515e+00
3.158855868283702240e+00
3.157603904682212193e+00
3.152687266742787653e+00
3.147740997275295438e+00
3.145591348671386012e+00
3.142901754881914922e+00
3.139691425512741496e+00
3.134126929705607800e+00
3.134092894865083245e+00
3.130710551722852397e+00
3.128033611203595132e+00
3.126052722033411335e+00
3.119537160554252342e+00
3.117420825422386077e+00
3.114707645398750557e+00
3.109471631552020554e+00
3.107459613102284912e+00
3.104301700911802797e+00
3.099858437595652383e+00
3.096747963844457274e+00
3.092082021415736293e+00
3.091197324923010470e+00
3.085212439964828857e+00
3.083627753092849755e+00
3.082595007416862209e+00
3.080071755595646277e+00
3.076955361731747107e+00
3.071087920404938831e+00
3.069159802933229653e+00
3.067963512952545990e+00
3.064999607624556699e+00
3.060464914276217474e+00
3.060076906141157238e+00
3.056758345296729740e+00
3.053677970864663305e+00
3.048851377436223142e+00
3.046385370694200123e+00
3.041988666456677759e+00
3.036304779275703414e+00
3.033301103434802748e+00
3.031479477218009588e+00
3.030055395949255548e+00
3.028437437923222397e+00
3.026836618625176722e+00
3.021270162302136519e+00
3.017714982982239391e+00
3.010972976135505075e+00
3.009361580615788956e+00
3.005345079056034763e+00
3.003437894787240214e+00
2.999428834967567514e+00
2.997530243455592380e+00
2.991683575500181380e+00
2.988802152517118227e+00
2.988092057416638081e+00
2.986102143615315452e+00
2.980847628120072645e+00
2.978492506102623061e+00
2.973502045334246002e+00
2.972843283287477156e+00
2.968217667562478734e+00
2.966064748451261668e+00
2.958530805810423381e+00
2.957619586070529216e+00
2.952940967160069263e+00
2.950591411662913277e+00
2.947711282237234443e+00
2.946847249933030266e+00
2.943618377322301694e+00
2.941474234792426756e+00
2.939275400648083902e+00
2.935065173039676623e+00
2.932847863000511701e+00
2.929698050347700811e+00
2.925397735415991907e+00
2.923049160222906728e+00
2.916844138779978834e+00
2.915212262334385240e+00
2.912359596064391987e+00
2.908113732049557587e+00
2.904154538506033667e+00
2.900066909096905121e+00
2.899239297034808427e+00
2.897016180822166831e+00
2.895134236126494454e+00
2.890858403401837862e+00
2.888872078249848929e+00
2.884151510518405459e+00
2.881650490639366069e+00
2.876370201481535549e+00
2.874617033964359525e+00
2.872248635117625515e+00
2.870260580233704673e+00
2.868255521418768605e+00
2.864675210545347905e+00
2.862321696732074372e+00
2.860167346963169877e+00
2.857231709279877130e+00
2.852860978204752040e+00
2.851233974944384464e+00
2.848828693324173322e+00
2.844051303755947391e+00
2.843200637246924511e+00
2.841721969147541493e+00
2.838416554787825952e+00
2.836025552604824362e+00
2.832155962804834282e+00
2.826792406124215784e+00
2.823589693766574094e+00
2.821592262065901746e+00
2.819015794478316739e+00
2.817170962855537031e+00
2.815834446291250792e+00
2.812544091837285265e+00
2.809526070725380187e+00
2.808358350188945973e+00
2.801626734068947577e+00
2.799347625447503152e+00
2.796774232484885658e+00
2.794506979770801536e+00
2.790837213293624774e+00
2.788198912104096205e+00
2.786134009842502923e+00
2.783724121010884733e+00
2.782952811353920808e+00
2.778443876651553790e+00
2.777207181504068423e+00
2.774780844579225025e+00
2.773017965134421559e+00
2.769695935213836169e+00
2.766146776217583980e+00
2.763263386463153726e+00
2.760939828598385049e+00
2.756907773510067106e+00
2.755879551974973918e+00
2.753469265487506590e+00
2.752054027653309642e+00
2.750608716874588300e+00
2.747694301075437551e+00
2.745677282035715372e+00
2.739245120413595025e+00
2.736713730015291279e+00
2.735159422027842790e+00
2.731634486279142848e+00
2.728987423137703594e+00
2.727927649631030960e+00
2.723456263770017483e+00
2.719978451446471102e+00
2.717529943147108717e+00
2.715257536689712037e+00
2.711750094737812145e+00
2.709759876864289208e+00
2.707148739649312130e+00
2.705571092767796504e+00
2.703412600830988666e+00
2.700619739571100464e+00
2.697596235396021669e+00
2.692784500251414137e+00
2.691571072491273142e+00
2.690249735907848105e+00
2.688213785520106036e+00
2.683316670223258260e+00
2.681281984040121635e+00
2.677944528002876634e+00
2.675944570258300015e+00
2.672720473546250197e+00
2.669479029965638350e+00
2.666434387392226046e+00
2.665672069293604451e+00
2.662491583452257338e+00
2.658510402556047314e+00
2.656926181424077882e+00
2.654814770623991738e+00
2.651599086623831258e+00
2.650532633328817500e+00
2.646788662790904301e+00
2.646233708665591156e+00
2.643195173882766369e+00
2.641023975433314686e+00
2.639441266446877599e+00
2.637342253042600948e+00
2.634068439489904989e+00
2.630344719928510155e+00
2.629697580069709328e+00
2.625491940311447614e+00
2.624204466223464038e+00
2.622220721362670481e+00
2.618901369655399769e+00
2.615911885429302863e+00
2.610483831174393199e+00
2.608118120431723863e+00
2.605212975836399103e+00
2.603789491962932079e+00
2.602112712554244478e+00
2.596651722684460761e+00
2.594528825852207010e+00
2.591123760479552285e+00
2.588153513617120094e+00
2.586921928076407973e+00
2.584742881949355198e+00
2.583089312508095592e+00
2.581056463792721356e+00
2.577733547025287564e+00
2.574721316034193297e+00
2.571957286237502860e+00
2.569445786559484191e+00
2.567518390452253829e+00
2.564637970083483598e+00
2.562098076889924414e+00
2.559643969874825675e+00
2.557822368303918736e+00
2.555609501763188796e+00
2.554222476834739464e+00
2.550967887992738437e+00
2.546957441618786788e+00
2.545470846505195617e+00
2.543109743321298133e+00
2.540130001099097257e+00
2.536254230174606938e+00
2.533491438062482448e+00
2.532133535370818311e+00
2.531221996890814729e+00
2.530415506187466690e+00
2.527185224758430326e+00
2.525452762213116653e+00
2.523342846910185067e+00
2.522677208223312650e+00
2.521998378652157591e+00
2.519598227031238480e+00
2.516970450132185455e+00
2.513378017132383846e+00
2.512675013336900687e+00
2.510900010729974596e+00
2.507357290364128133e+00
2.505071461366463748e+00
2.501963687004139736e+00
2.500420178679179095e+00
2.499300556151712094e+00
2.497046288818099313e+00
2.495270169192791876e+00
2.491732820201543852e+00
2.488108784803006124e+00
2.485249505596884845e+00
2.482666808104120104e+00
2.482115693998308004e+00
2.480645223873572114e+00
2.477031836710955837e+00
2.474947761840608607e+00
2.473082959910924306e+00
2.470709357431025932e+00
2.468082806843095334e+00
2.464845309805622886e+00
2.461854867138851155e+00
2.461042013319330035e+00
2.458424137955806721e+00
2.454411238464226486e+00
2.453968643230740376e+00
2.449851510610033145e+00
2.449489742783189428e+00
2.449489742783179214e+00
2.449489742783175661e+00
2.449489742783173885e+00
2.447421691186854265e+00
2.446691205270225655e+00
2.442013566163812488e+00
2.441362320833790012e+00
2.438419258573985005e+00
2.437534966049159646e+00
2.434846308364312151e+00
2.431316772225571743e+00
2.428575032536054223e+00
2.425727682325677037e+00
2.424145870867637775e+00
2.422088983203508405e+00
2.420452443282328225e+00
2.418181211475424419e+00
2.416486895101687793e+00
2.415052970421018408e+00
2.412146212900405651e+00
2.411007621551904734e+00
2.408483957414588872e+00
2.405480122465978088e+00
2.405226407423222135e+00
2.402601955674784850e+00
2.400104610325367371e+00
2.399254230862280401e+00
2.396857280630992459e+00
2.394892278527743557e+00
2.393153292368336071e+00
2.389231759786490272e+00
2.388347762075687886e+00
2.385300734343165363e+00
2.383871804611302991e+00
2.382379170659013834e+00
2.380351714692876097e+00
2.377990919691544747e+00
2.377356558885283633e+00
2.376505335564377042e+00
2.372312451885636886e+00
2.367837700309163296e+00
2.365862123836096842e+00
2.365118442285288669e+00
2.362645296351985724e+00
2.361763813826220026e+00
2.359898575024523826e+00
2.355236241126045460e+00
2.353285576263091095e+00
2.353133511794268440e+00
2.349234948198263062e+00
2.348174914664772128e+00
2.346623177082189038e+00
2.345109304838763453e+00
2.344281437529752488e+00
2.342195525827591496e+00
2.338219794897394621e+00
2.334359366630450516e+00
2.330962600042386867e+00
2.330471374959900199e+00
2.326948969238839648e+00
2.326249703756840148e+00
2.322244832399130487e+00
2.320776400383770088e+00
2.320037364282020675e+00
2.317760825238439182e+00
2.316082205562532970e+00
2.313423685068018099e+00
2.311588218860605171e+00
2.310102744688663279e+00
2.307984071139744575e+00
2.306386732899796232e+00
2.304304691758070955e+00
2.299511181454987341e+00
2.298004027657666093e+00
2.297744346923855208e+00
2.297157312468485646e+00
2.293083654727367193e+00
2.292383306945826149e+00
2.290122812742544145e+00
2.289708550911327745e+00
2.285773539915484154e+00
2.283094986739333088e+00
2.282991217176024712e+00
2.280181802549895664e+00
2.279793312499783564e+00
2.277566181947793478e+00
2.274206183279493754e+00
2.272075931559021988e+00
2.272008902826061050e+00
2.270917789722100455e+00
2.267577027147826829e+00
2.265732482462865516e+00
2.263207567177019541e+00
2.260947100458283732e+00
2.258381626769314643e+00
2.257812814679800439e+00
2.256009395937812911e+00
2.254125169807656537e+00
2.249949959213264350e+00
2.247540453337269373e+00
2.247319106431663549e+00
2.245074684641513052e+00
2.244682671626981652e+00
2.242723178078340762e+00
2.238451496643325989e+00
2.237681473961537382e+00
2.236356211869924504e+00
2.236067977499793358e+00
2.236067977499791137e+00
2.236067977499788029e+00
2.236067977499781811e+00
2.235320139061349742e+00
2.230346943911561297e+00
2.229091107584687759e+00
2.225930035335601964e+00
2.222635623170177599e+00
2.220893568027742404e+00
2.219083193399385756e+00
2.217331267976721421e+00
2.214330799824460350e+00
2.211891423252025035e+00
2.210563680022255895e+00
2.210066484114461716e+00
2.207804361792204517e+00
2.203440944702878213e+00
2.201596372798844126e+00
2.200327824656564069e+00
2.197977756730199683e+00
2.196050223645825472e+00
2.194309653593687237e+00
2.192615132687476098e+00
2.191221690780823295e+00
2.188936861053206506e+00
2.188574946463884174e+00
2.185862900599235825e+00
2.184857416831544441e+00
2.182843690259318681e+00
2.180536550949179198e+00
2.178948866752135949e+00
2.177559539827581769e+00
2.175418629769453549e+00
2.173416732805415030e+00
2.172244786171735331e+00
2.171010207916904911e+00
2.169500459527979430e+00
2.165216024348086687e+00
2.163576283124172051e+00
2.161925409283407262e+00
2.160139382102376437e+00
2.159337616987862862e+00
2.156576668803071861e+00
2.156061701245329143e+00
2.153017909919246353e+00
2.149626554348530227e+00
2.148339904885669949e+00
2.147490600984030884e+00
2.143056141824148941e+00
2.138689035690091611e+00
2.137406527625278940e+00
2.136125634444958621e+00
2.134606045491630244e+00
2.134107110119861428e+00
2.132447867601029223e+00
2.129117219583331444e+00
2.128530088646308105e+00
2.124726426157358183e+00
2.122130507274658129e+00
2.120794214138060241e+00
2.119210752800134046e+00
2.117248476569676630e+00
2.117056721538634889e+00
2.113474268939055989e+00
2.112944514833200671e+00
2.110068883098010772e+00
2.107157458011053475e+00
2.104362948929112687e+00
2.102869549881444478e+00
2.101594538560081826e+00
2.101336919220075927e+00
2.098782704627831119e+00
2.097312965356637360e+00
2.096197399593453525e+00
2.093632421137476829e+00
2.092993331517735811e+00
2.089679563594243117e+00
2.088786209563849638e+00
2.087219789898296707e+00
2.086759901134047634e+00
2.083094656148204216e+00
2.080748416146257718e+00
2.079437384170754299e+00
2.078585123675066537e+00
2.075762494742829922e+00
2.074880571569763354e+00
2.071769492447956384e+00
2.071468036922825107e+00
2.069873287766489600e+00
2.068254423231067118e+00
2.066925328709718901e+00
2.064800811685647997e+00
2.061285187790121487e+00
2.059458588645628474e+00
2.057702582987314788e+00
2.056187243032445711e+00
2.055519962670045331e+00
2.053204417463461606e+00
2.049337237302164993e+00
2.047983386802604944e+00
2.045970837472101067e+00
2.043553534607818634e+00
2.043337268179078237e+00
2.041002343234306959e+00
2.038308083618853406e+00
2.037086548425012911e+00
2.035672506460931785e+00
2.035404529077114333e+00
2.032177111575943496e+00
2.031103900327267731e+00
2.029866100117574845e+00
2.027314737462426741e+00
2.026605709094749130e+00
2.025276870288438502e+00
2.023653963795952748e+00
2.022117701942536705e+00
2.020327058150016342e+00
2.018189475417695888e+00
2.016611067158977200e+00
2.014786507773855373e+00
2.012923354433915790e+00
2.011721301083641222e+00
2.009901596098619070e+00
2.008473909204355756e+00
2.005703897669246505e+00
2.003950764132877094e+00
2.003124610636523695e+00
2.001847088558561971e+00
2.000249839684689945e+00
1.998084936676689738e+00
1.995403913590957146e+00
1.993900944716694434e+00
1.993140296134601419e+00
1.990985449651858419e+00
1.988722087765362412e+00
1.987162514719431616e+00
1.985663478776166224e+00
1.984193074722716776e+00
1.983489699273593754e+00
1.981996036439916287e+00
1.979500516931727461e+00
1.977450868004014373e+00
1.977248218710492722e+00
1.975623594127060567e+00
1.972843496234367722e+00
1.972279466074966292e+00
1.969365869553717285e+00
1.968772128451713233e+00
1.966850909969878769e+00
1.965869610830567327e+00
1.963709603689388405e+00
1.963122245146564415e+00
1.960457838758817184e+00
1.959413316871018829e+00
1.956630253539249464e+00
1.955782611605598964e+00
1.951797817229860232e+00
1.949923537238967608e+00
1.948201435881546262e+00
1.947445600683782807e+00
1.946812675061804665e+00
1.945028016700012685e+00
1.942812792833490620e+00
1.940973275040575707e+00
1.939279794104272314e+00
1.935599410356397598e+00
1.934999595596847088e+00
1.932449693701802529e+00
1.929911820965610092e+00
1.929622598897613228e+00
1.927071115802709178e+00
1.926812520311178112e+00
1.924463679496828394e+00
1.922914259074343990e+00
1.920747013071031351e+00
1.919674211158307608e+00
1.917747045841926790e+00
1.916995472965348890e+00
1.913762333652872405e+00
1.913284581989929567e+00
1.911782448782458621e+00
1.909666664461878494e+00
1.909315304579453532e+00
1.906189404127329734e+00
1.905053550633482251e+00
1.904211112454646360e+00
1.901106419584760232e+00
1.899893742483158565e+00
1.898456340626626160e+00
1.896807667257260244e+00
1.896237107765149199e+00
1.894812506925820816e+00
1.893082645643769713e+00
1.891380683237698701e+00
1.890382302572136464e+00
1.887198752803703528e+00
1.884544833260206831e+00
1.883669605641380196e+00
1.883467921148963553e+00
1.881026633826424765e+00
1.880147116976822907e+00
1.879067433895746486e+00
1.876498957746679741e+00
1.876080769971597340e+00
1.875216587750932362e+00
1.872592964778942770e+00
1.870923298301719218e+00
1.869769691762891206e+00
1.868728958819827701e+00
1.865768780651013259e+00
1.864294911541481525e+00
1.862247471088476214e+00
1.860332734255893739e+00
1.858497435067942183e+00
1.856609736434549518e+00
1.855710487201650993e+00
1.854073860662301509e+00
1.851714689560765015e+00
1.851047422523231623e+00
1.847376666165432280e+00
1.846236087684007376e+00
1.844479570711573091e+00
1.842591921592693582e+00
1.840901359885207311e+00
1.840505628093222823e+00
1.837949814192790798e+00
1.835746439738397795e+00
1.834496264804151178e+00
1.833757813441956319e+00
1.831149508261524783e+00
1.830405909348199023e+00
1.829734249287637393e+00
1.827906991609794751e+00
1.824607614625790797e+00
1.823448055291578385e+00
1.821834924007609713e+00
1.819653784057445822e+00
1.819203789202533228e+00
1.818991310834247255e+00
1.818132983267746416e+00
1.816069852102309534e+00
1.814334724470863858e+00
1.810502754604309983e+00
1.809481626188236492e+00
1.807850746024846300e+00
1.806311862842521210e+00
1.804878998781729305e+00
1.802640469481401553e+00
1.801633945552330029e+00
1.799754151997808416e+00
1.798044192072590475e+00
1.797153424802647947e+00
1.796345655066029945e+00
1.794158887322253815e+00
1.792092386676527260e+00
1.790344203563240866e+00
1.789620007738597751e+00
1.788751870241593878e+00
1.786677516059427040e+00
1.785170740272260970e+00
1.783500717939107361e+00
1.781302374583551673e+00
1.779993396491574842e+00
1.778461845143640252e+00
1.777769266253808045e+00
1.774831758419981087e+00
1.774006616059408348e+00
1.772415773735369404e+00
1.769831898238368284e+00
1.768708669047129201e+00
1.768084784519672104e+00
1.767683463029766866e+00
1.765766768616779503e+00
1.763874267881770042e+00
1.761497482723751951e+00
1.760016063822674282e+00
1.758903147745026763e+00
1.758031378183721793e+00
1.755360860045555027e+00
1.754499572014913911e+00
1.752470838851020174e+00
1.749646312444077090e+00
1.747984285937827620e+00
1.746941262961338115e+00
1.744767528218875263e+00
1.742870313123477066e+00
1.741516020387284369e+00
1.739236014227688143e+00
1.739197536380555187e+00
1.737204702965752690e+00
1.735561743704501225e+00
1.733667764329198668e+00
1.733542392494454853e+00
1.732050807568877193e+00
1.731532661984271027e+00
1.730474545277677745e+00
1.729391061149492037e+00
1.727325641395984102e+00
1.725349573212362042e+00
1.724823292870811375e+00
1.723524325530926715e+00
1.721982796291800843e+00
1.721250955457603427e+00
1.720380849826165237e+00
1.719028820848480743e+00
1.716539039429921587e+00
1.715951807026080633e+00
1.715572311946214512e+00
1.712368275833136888e+00
1.710608762320636078e+00
1.709956402150200949e+00
1.708684282523713405e+00
1.707093488415104110e+00
1.706469096343137926e+00
1.703845977501533326e+00
1.703563171484768546e+00
1.701984149304217819e+00
1.700127520607208176e+00
1.697927314013401912e+00
1.697286654294883235e+00
1.695890009821545030e+00
1.695688680966231265e+00
1.693686027728982468e+00
1.691450488478873249e+00
1.690388068991486525e+00
1.689438631317163209e+00
1.688407458762640534e+00
1.687096865890589381e+00
1.685185273035287645e+00
1.684410743855119463e+00
1.682336079653174332e+00
1.680182645029757005e+00
1.678804794004720602e+00
1.676093193334531772e+00
1.675199942075301651e+00
1.673869183765654522e+00
1.672308737217221175e+00
1.671649277602842876e+00
1.669794797577152323e+00
1.668070786817672735e+00
1.666337250818557214e+00
1.664433665394031703e+00
1.661923307075642731e+00
1.660638247402037582e+00
1.659628055548736381e+00
1.658365862681163927e+00
1.657312222477117514e+00
1.655960378411987621e+00
1.654476800686856430e+00
1.652549190874557317e+00
1.652016215281977507e+00
1.651433351246634373e+00
1.649883190421043810e+00
1.648468078239735624e+00
1.647689630215267265e+00
1.646305982724192818e+00
1.644913406817682722e+00
1.643915729635393896e+00
1.640933750542830083e+00
1.640137935227290011e+00
1.639205364008324839e+00
1.637854410708606157e+00
1.637271159151030053e+00
1.635355188833868434e+00
1.633888369613487823e+00
1.633265850927055451e+00
1.631753032038595341e+00
1.629313445575310215e+00
1.628318489356525678e+00
1.625712366870812442e+00
1.625048875340090015e+00
1.623215496162969895e+00
1.621116055242819654e+00
1.620636968029632641e+00
1.619301793687680791e+00
1.618287181466375513e+00
1.616117937456458709e+00
1.614419710188896628e+00
1.613135953617370388e+00
1.612343804433260974e+00
1.610665033758075237e+00
1.608649883996289054e+00
1.608491593905492012e+00
1.605889180968564256e+00
1.604932722065742778e+00
1.603241869855456025e+00
1.601937529853101339e+00
1.601482226695738031e+00
1.599498637333629958e+00
1.599040302559456617e+00
1.597880972493012530e+00
1.596787150793358645e+00
1.596002860120559141e+00
1.593915545698996183e+00
1.593557842265213909e+00
1.590175570284738882e+00
1.589568059816973022e+00
1.587720179264560549e+00
1.586722387835401760e+00
1.586634631396464545e+00
1.584224152309906763e+00
1.583537626793661834e+00
1.582175834737481468e+00
1.580341917025792853e+00
1.578535273322506649e+00
1.577783214870428052e+00
1.575230033628228110e+00
1.574561313323127099e+00
1.573129850740571545e+00
1.572499708674593544e+00
1.570471722613935750e+00
1.568890412831760006e+00
1.567711838433162752e+00
1.566897539281500773e+00
1.565342968206486773e+00
1.564587622178718718e+00
1.563074469216570339e+00
1.560712990000898692e+00
1.559376210515437400e+00
1.559044729843706900e+00
1.557184236058806404e+00
1.556925120158588971e+00
1.555768957731990421e+00
1.554782258152409335e+00
1.554288930816593695e+00
1.553028172039316201e+00
1.551574883484406975e+00
1.550436410315425340e+00
1.549573646519007974e+00
1.548008822678224927e+00
1.547127257080238572e+00
1.544852113689018536e+00
1.542830771621467534e+00
1.542266059905526454e+00
1.539627770770131132e+00
1.538377993651516951e+00
1.538139024238633024e+00
1.537677044971777818e+00
1.535550301953680252e+00
1.534494131330005784e+00
1.532230651275168443e+00
1.531332133258053618e+00
1.530245127526917548e+00
1.529167805346779430e+00
1.528478606505099924e+00
1.527131428396925727e+00
1.524404170233456535e+00
1.523781328649478573e+00
1.521300461536357451e+00
1.521145257360561276e+00
1.519026311364397142e+00
1.517625651588687896e+00
1.516467778050060389e+00
1.515880540292261491e+00
1.514972954586034870e+00
1.513808859401849949e+00
1.511922615207197174e+00
1.511054656242015515e+00
1.509188848248874004e+00
1.507760459389883678e+00
1.506971086070305388e+00
1.505054015741926987e+00
1.504488778436016361e+00
1.502690407050146781e+00
1.501383498368697111e+00
1.500321182234991779e+00
1.499373309574179469e+00
1.497775788091896709e+00
1.497203778988150269e+00
1.495219062425139578e+00
1.493945064657244304e+00
1.493774883404326070e+00
1.492028123900958514e+00
1.491392557447019707e+00
1.489637907876715461e+00
1.488007108901061804e+00
1.486310567740462441e+00
1.486098652095687811e+00
1.485272872902172914e+00
1.482710025023634248e+00
1.481853624369378508e+00
1.480918328511135362e+00
1.479456333745446939e+00
1.478637384169511737e+00
1.477809037858995200e+00
1.475906042129220053e+00
1.475381489760833720e+00
1.474837580192497999e+00
1.472621059310686764e+00
1.470914316526061194e+00
1.470321954891800287e+00
1.469465170769364226e+00
1.468854164451146360e+00
1.467686424840754178e+00
1.466932539730066098e+00
1.465311976265975868e+00
1.464264820649464394e+00
1.462062744019774208e+00
1.461732092057120402e+00
1.461049415551165298e+00
1.458864981455026744e+00
1.458588502343494575e+00
1.458160961395111643e+00
1.455993194363595977e+00
1.454870451093409178e+00
1.454788767370267966e+00
1.453537462017077786e+00
1.453121975933903798e+00
1.450476676913090568e+00
1.448526132412070844e+00
1.446949882729794856e+00
1.446297799500966708e+00
1.445948939939009970e+00
1.444601102388723524e+00
1.443306960015014351e+00
1.441695632717681086e+00
1.441539240439579039e+00
1.440071291006608911e+00
1.439654464049761939e+00
1.438842430769988745e+00
1.435506231984450265e+00
1.435134750690300942e+00
1.433571488902053215e+00
1.432294640179810674e+00
1.431962892299364354e+00
1.429816032020360117e+00
1.428299086195237155e+00
1.427503475684192891e+00
1.426043618189897666e+00
1.425370303808563888e+00
1.424340788639742561e+00
1.424201660880963116e+00
1.423012343656470557e+00
1.421955717146068165e+00
1.420598564386958307e+00
1.419930323141789463e+00
1.418558231200854225e+00
1.417129483591322403e+00
1.416087981519611461e+00
1.415430572008434362e+00
1.414632530529827070e+00
1.414213562373098698e+00
1.414213562373098032e+00
1.414213562373097366e+00
1.414213562373097366e+00
1.414213562373096478e+00
1.414213562373096478e+00
1.414213562373095590e+00
1.414213562373095145e+00
1.414213562373095145e+00
1.414213562373095145e+00
1.414213562373095145e+00
1.414213562373094923e+00
1.414213562373094479e+00
1.414213562373094479e+00
1.414213562373094479e+00
1.414213562373094479e+00
1.414213562373094479e+00
1.414213562373094479e+00
1.414213562373094257e+00
1.414213562373094257e+00
1.414213562373094035e+00
1.414213562373093591e+00
1.414213562373093591e+00
1.414213562373093591e+00
1.414213562373093591e+00
1.414213562373092703e+00
1.414213562373092481e+00
1.414213562373092037e+00
1.414213562373092037e+00
1.414213562373091815e+00
1.414213562373088928e+00
1.413737017228928083e+00
1.413398406674455154e+00
1.412827207777533678e+00
1.412484052571026494e+00
1.412329041499078786e+00
1.411446100266048997e+00
1.411124551136087035e+00
1.410319623640588604e+00
1.409995893786208265e+00
1.409778808798811234e+00
1.409361902626766527e+00
1.407942017712292104e+00
1.407105009439042931e+00
1.406589865535963435e+00
1.405328812060521626e+00
1.404691647745644367e+00
1.403051541672164282e+00
1.401338267598997156e+00
1.401234748846827527e+00
1.400725234284519338e+00
1.399332287223699955e+00
1.398835451999150825e+00
1.398453185482675387e+00
1.396978371052691292e+00
1.396276149407814637e+00
1.395580031233939478e+00
1.395184388811535836e+00
1.394242362046389960e+00
1.393258317220277043e+00
1.392972597877426111e+00
1.391934450205796869e+00
1.390758733329965802e+00
1.390132873576409356e+00
1.389533968485545001e+00
1.388650741038771619e+00
1.387526750253242236e+00
1.386904923846469462e+00
1.385882301692316521e+00
1.385343479936970823e+00
1.384764129643508035e+00
1.382912448141720985e+00
1.382656060751470850e+00
1.382501759854293688e+00
1.379557592124259546e+00
1.378919271060391916e+00
1.378498654745859531e+00
1.377460581813957585e+00
1.376466120777376068e+00
1.375730449366163066e+00
1.374184732144451582e+00
1.373943652299701945e+00
1.373088082912586660e+00
1.371737754138560472e+00
1.370325596571696281e+00
1.370124580372319656e+00
1.367890205055439345e+00
1.366833503486396539e+00
1.366377045819151537e+00
1.365421210690300091e+00
1.364063480952112828e+00
1.363267533855186953e+00
1.362266194123573637e+00
1.361544639510435362e+00
1.360333357114096975e+00
1.359362103967079127e+00
1.357295684713649475e+00
1.357084650218418176e+00
1.355756116328379113e+00
1.355526610808912569e+00
1.355192444209872393e+00
1.353537359062030987e+00
1.351402117979004114e+00
1.350925198806564698e+00
1.350579860623583706e+00
1.349721958245175157e+00
1.348065840305286534e+00
1.347433611090439465e+00
1.346005009291382892e+00
1.345129602946874892e+00
1.343283093679583651e+00
1.342619198876930264e+00
1.341353515443974409e+00
1.340615011964789050e+00
1.339567010010117576e+00
1.337592247978562465e+00
1.336165189385215335e+00
1.335512675016866657e+00
1.334951159691144973e+00
1.333739280451897713e+00
1.332346935747725558e+00
1.331465588208397222e+00
1.331169322579495606e+00
1.330058435569439590e+00
1.328108724331543034e+00
1.327722653777719586e+00
1.326705538881129742e+00
1.325340525806257830e+00
1.324815435946581577e+00
1.323103317483026453e+00
1.322173755694791675e+00
1.320519775375515570e+00
1.319579543495045471e+00
1.319083594837311191e+00
1.317819272577820389e+00
1.317114458376063446e+00
1.316563126022130437e+00
1.314717872434054469e+00
1.313891399687545647e+00
1.313373923358248874e+00
1.312248578005001720e+00
1.311414442562926608e+00
1.309969432744563456e+00
1.307974348052912683e+00
1.307635702521027454e+00
1.306035737596830559e+00
1.305246049368186778e+00
1.304902314941090324e+00
1.303814715557947590e+00
1.302609513949735343e+00
1.301269141136674357e+00
1.299405133944931290e+00
1.298173200895410995e+00
1.296897978288059194e+00
1.294613564968346786e+00
1.294045005537433068e+00
1.293145851581268380e+00
1.292777492983854248e+00
1.290988641838208384e+00
1.290745118821694071e+00
1.290279426501289795e+00
1.289585488988894246e+00
1.287122060737004636e+00
1.286361339938830506e+00
1.285828904925008676e+00
1.283977443240461147e+00
1.283010872791676693e+00
1.281779103788104779e+00
1.281308695564159272e+00
1.280891068436802005e+00
1.278847876494626057e+00
1.277975152256508151e+00
1.277218014668572321e+00
1.276240664763748756e+00
1.275899575292398058e+00
1.275386793925084472e+00
1.274318682959594273e+00
1.272660602755898651e+00
1.271984853798399318e+00
1.271220883089045017e+00
1.269445782291733105e+00
1.268703475572717343e+00
1.268491456337138779e+00
1.267978142834826683e+00
1.266240526730819882e+00
1.265301212573482603e+00
1.263353715838945845e+00
1.261327361766498845e+00
1.260350274318910113e+00
1.259592012429868735e+00
1.258730135335442757e+00
1.257778999277284093e+00
1.255661637076650905e+00
1.254575648436683455e+00
1.253342999307415218e+00
1.252696737392069215e+00
1.251510813251454968e+00
1.250173145666354513e+00
1.249667038102562300e+00
1.248947582685054458e+00
1.248264046509091285e+00
1.246823964854187672e+00
1.245470205078627934e+00
1.244812230504203754e+00
1.243212823850052162e+00
1.242770839988567300e+00
1.241458181623519508e+00
1.239476946612878994e+00
1.238807546155831441e+00
1.237394840652861205e+00
1.236110914649941162e+00
1.235032911298437508e+00
1.234767896187433545e+00
1.233090278155985597e+00
1.232247229231698604e+00
1.231382627113304151e+00
1.230763032673904522e+00
1.229624478540268351e+00
1.228469313498713689e+00
1.227300990355691734e+00
1.225908464613609361e+00
1.225580986933611616e+00
1.223752077948437433e+00
1.222746308572375762e+00
1.221771408463372399e+00
1.221120039870175811e+00
1.219677481033566213e+00
1.218807810827061244e+00
1.217552252561083126e+00
1.216963283049324440e+00
1.215862845957665694e+00
1.215613580505212843e+00
1.213476625846753088e+00
1.211579390871557971e+00
1.210996556761318788e+00
1.209918729389623415e+00
1.208869058794178608e+00
1.207303435821441617e+00
1.206899720821439592e+00
1.206017809096672000e+00
1.204749615762605641e+00
1.203050773147156471e+00
1.201797528270241333e+00
1.201546418303184538e+00
1.199981387339773997e+00
1.199011819926913747e+00
1.198671386539261530e+00
1.196935363711997491e+00
1.196028823982539402e+00
1.195762056257179351e+00
1.194974552482524155e+00
1.193469324132062637e+00
1.191595520600856828e+00
1.190727907000085573e+00
1.189951770607529546e+00
1.188678664731635415e+00
1.188057447719709225e+00
1.186952530025456198e+00
1.185804247472938888e+00
1.185168335372461135e+00
1.184448538149008634e+00
1.183282733080980087e+00
1.182841248981650439e+00
1.181493167460268445e+00
1.180445717013244300e+00
1.179845792991283115e+00
1.178144176423766121e+00
1.177689444699465016e+00
1.176841491818071184e+00
1.176790778313466346e+00
1.175019491250199444e+00
1.172990214147393351e+00
1.172089930862395324e+00
1.170180131306257199e+00
1.168668336299141686e+00
1.168077607369952586e+00
1.167322234278769022e+00
1.166408934424304267e+00
1.165279764783657912e+00
1.163580056921228456e+00
1.162151541824781864e+00
1.161207309614255445e+00
1.159901893991172273e+00
1.159052120487535253e+00
1.157928076841989506e+00
1.157230313396188093e+00
1.155819339515929522e+00
1.154582300441579390e+00
1.154179452026065089e+00
1.152718884941146937e+00
1.152053316846024966e+00
1.150558528857211105e+00
1.150337226683198155e+00
1.148749824673315434e+00
1.146969103453082894e+00
1.146195552090883085e+00
1.145370465228717327e+00
1.144343784473227377e+00
1.144075003099430665e+00
1.143241109474887107e+00
1.142261929088669747e+00
1.140722915491784839e+00
1.139919738459173715e+00
1.138509380008966954e+00
1.137599995043383050e+00
1.137020213761040122e+00
1.136168600731888523e+00
1.134680438229340282e+00
1.134283438674867694e+00
1.132933939542869251e+00
1.131359223014688276e+00
1.130972621306501891e+00
1.129434671408281465e+00
1.128324523714951289e+00
1.127598066893859219e+00
1.126645302571806173e+00
1.125952810724868636e+00
1.125153328392769936e+00
1.124087199455871877e+00
1.123064438284579802e+00
1.122517205396676543e+00
1.120712531080396923e+00
1.120329457032351872e+00
1.119441597731820393e+00
1.118457863951626052e+00
1.117587321125852240e+00
1.117226881434776331e+00
1.116068251749116058e+00
1.115218045691441118e+00
1.114164479810477726e+00
1.113569997100854136e+00
1.113101777967753669e+00
1.111714857776873844e+00
1.110002396547462133e+00
1.108913321294736631e+00
1.108837645537215977e+00
1.108327394725787229e+00
1.107318309601669659e+00
1.106680002147500508e+00
1.104897363315370917e+00
1.104704923735974287e+00
1.104223298480580873e+00
1.102586989511150195e+00
1.101218617215514062e+00
1.100914153266534967e+00
1.099899583837465888e+00
1.099479961332798350e+00
1.099185371129675737e+00
1.096501991839725632e+00
1.095069653692619882e+00
1.093947592958087300e+00
1.093167995184349817e+00
1.092532386374789999e+00
1.091778259355111969e+00
1.090586671171325461e+00
1.089677615176200876e+00
1.089418898641234534e+00
1.087835114125233815e+00
1.087549540368251133e+00
1.086837088050896627e+00
1.085624204742863474e+00
1.084822295394628267e+00
1.083461507116805667e+00
1.082888910425095608e+00
1.082306457943746025e+00
1.081530018455707731e+00
1.080558364952316941e+00
1.079912625702431406e+00
1.078886964528949388e+00
1.077955221964185029e+00
1.077286120602980013e+00
1.076538915288766329e+00
1.075007323712594109e+00
1.074579942099746610e+00
1.073694684594351800e+00
1.072785885540334050e+00
1.072292926442986793e+00
1.072035778792204797e+00
1.070985487110754031e+00
1.069599317566374053e+00
1.069102819248245240e+00
1.068068966292838873e+00
1.067077010857368391e+00
1.066039243953927462e+00
1.064106438770332064e+00
1.063744240541982577e+00
1.063481228604999496e+00
1.062625335668412996e+00
1.061522140456054419e+00
1.059934730911351597e+00
1.059170672298361149e+00
1.058332977105210793e+00
1.057689443418982078e+00
1.056131786362108915e+00
1.055572993213080624e+00
1.055237256275842084e+00
1.054486362673697775e+00
1.053352740291197298e+00
1.052303096511613800e+00
1.051389966675176035e+00
1.050383548036463388e+00
1.049066193733445562e+00
1.048062910323136920e+00
1.047581354301553302e+00
1.045757188122771630e+00
1.045707232412653509e+00
1.044863512754176327e+00
1.044056080403133802e+00
1.043182081905221548e+00
1.042727676311628215e+00
1.041848224619499552e+00
1.041123596404444518e+00
1.040957879991131874e+00
1.040311942511347842e+00
1.038865502186784973e+00
1.038156020522478684e+00
1.037130946051867397e+00
1.035966934870632628e+00
1.035721814077930292e+00
1.035000858810168234e+00
1.034823875982659791e+00
1.033767753963315439e+00
1.032304373319093083e+00
1.031424787344009220e+00
1.030609409991610548e+00
1.030296748107213389e+00
1.029462872120138872e+00
1.029189602626704447e+00
1.027902585080767262e+00
1.027205639325297737e+00
1.026750731743832690e+00
1.026625708372021606e+00
1.026106572903136893e+00
1.025155037441710659e+00
1.024686552590020172e+00
1.023828646393891706e+00
1.023242637861378368e+00
1.022509343471367016e+00
1.021775298868294657e+00
1.020680002246153739e+00
1.019919723821314239e+00
1.019680414027349880e+00
1.019499734291261950e+00
1.018640008451745294e+00
1.018434393463764964e+00
1.017202868374465830e+00
1.016476772538659423e+00
1.015991283075585505e+00
1.015193480379333213e+00
1.014452187510642256e+00
1.014235597067167260e+00
1.013773356551908034e+00
1.012595126622517272e+00
1.012492370355853488e+00
1.011942400633029093e+00
1.011496429433395017e+00
1.011150424380397261e+00
1.010139822908537433e+00
1.010022278610091195e+00
1.009687035746666961e+00
1.008874062556719187e+00
1.008532020402735041e+00
1.007845055378488119e+00
1.007259969637546382e+00
1.006945969595447243e+00
1.006201103167158717e+00
1.005588839198356954e+00
1.005399467968104421e+00
1.004772082903151453e+00
1.004248002260147210e+00
1.003858502170263733e+00
1.003725217846443973e+00
1.003349685287741044e+00
1.002855917969177391e+00
1.002492362137267223e+00
1.002075478943169173e+00
1.001665276129077409e+00
1.001603824863559034e+00
1.000943699273336263e+00
1.000523295307422345e+00
1.000299357827936886e+00
1.000176088559808329e+00
1.000119705030452666e+00
1.000008562829147296e+00
1.000000000000011102e+00
1.000000000000002665e+00
1.000000000000002220e+00
1.000000000000002220e+00
1.000000000000001998e+00
1.000000000000001776e+00
1.000000000000001776e+00
1.000000000000001776e+00
1.000000000000001776e+00
1.000000000000001776e+00
1.000000000000001776e+00
1.000000000000001776e+00
1.000000000000001554e+00
1.000000000000001554e+00
1.000000000000001554e+00
1.000000000000001332e+00
1.000000000000001332e+00
1.000000000000001332e+00
1.000000000000001332e+00
1.000000000000001332e+00
1.000000000000001332e+00
1.000000000000001110e+00
1.000000000000001110e+00
1.000000000000001110e+00
1.000000000000001110e+00
1.000000000000001110e+00
1.000000000000001110e+00
1.000000000000001110e+00
1.000000000000001110e+00
1.000000000000001110e+00
1.000000000000001110e+00
1.000000000000001110e+00
1.000000000000001110e+00
1.000000000000001110e+00
1.000000000000001110e+00
1.000000000000001110e+00
1.000000000000001110e+00
1.000000000000001110e+00
1.000000000000001110e+00
1.000000000000001110e+00
1.000000000000001110e+00
1.000000000000001110e+00
1.000000000000001110e+00
1.000000000000001110e+00
1.000000000000001110e+00
1.000000000000001110e+00
1.000000000000001110e+00
1.000000000000001110e+00
1.000000000000001110e+00
1.000000000000001110e+00
1.000000000000000888e+00
1.000000000000000888e+00
1.000000000000000888e+00
1.000000000000000888e+00
1.000000000000000888e+00
1.000000000000000888e+00
1.000000000000000888e+00
1.000000000000000888e+00
1.000000000000000888e+00
1.000000000000000888e+00
1.000000000000000888e+00
1.000000000000000888e+00
1.000000000000000888e+00
1.000000000000000888e+00
1.000000000000000888e+00
1.000000000000000888e+00
1.000000000000000888e+00
1.000000000000000888e+00
1.000000000000000888e+00
1.000000000000000666e+00
1.000000000000000666e+00
1.000000000000000666e+00
1.000000000000000666e+00
1.000000000000000666e+00
1.000000000000000666e+00
1.000000000000000666e+00
1.000000000000000666e+00
1.000000000000000666e+00
1.000000000000000666e+00
1.000000000000000666e+00
1.000000000000000666e+00
1.000000000000000666e+00
1.000000000000000666e+00
1.000000000000000666e+00
1.000000000000000666e+00
1.000000000000000666e+00
1.000000000000000666e+00
1.000000000000000666e+00
1.000000000000000666e+00
1.000000000000000666e+00
1.000000000000000666e+00
1.000000000000000666e+00
1.000000000000000666e+00
1.000000000000000666e+00
1.000000000000000666e+00
1.000000000000000666e+00
1.000000000000000666e+00
1.000000000000000666e+00
1.000000000000000666e+00
1.000000000000000666e+00
1.000000000000000666e+00
1.000000000000000666e+00
1.000000000000000666e+00
1.000000000000000666e+00
1.000000000000000666e+00
1.000000000000000666e+00
1.000000000000000666e+00
1.000000000000000666e+00
1.000000000000000666e+00
1.000000000000000666e+00
1.000000000000000666e+00
1.000000000000000666e+00
1.000000000000000666e+00
1.000000000000000666e+00
1.000000000000000666e+00
1.000000000000000666e+00
1.000000000000000666e+00
1.000000000000000666e+00
1.000000000000000666e+00
1.000000000000000666e+00
1.000000000000000666e+00
1.000000000000000666e+00
1.000000000000000666e+00
1.000000000000000666e+00
1.000000000000000666e+00
1.000000000000000666e+00
1.000000000000000666e+00
1.000000000000000666e+00
1.000000000000000666e+00
1.000000000000000666e+00
1.000000000000000666e+00
1.000000000000000666e+00
1.000000000000000666e+00
1.000000000000000666e+00
1.000000000000000666e+00
1.000000000000000666e+00
1.000000000000000666e+00
1.000000000000000444e+00
1.000000000000000444e+00
1.000000000000000444e+00
1.000000000000000444e+00
1.000000000000000444e+00
1.000000000000000444e+00
1.000000000000000444e+00
1.000000000000000444e+00
1.000000000000000444e+00
1.000000000000000444e+00
1.000000000000000444e+00
1.000000000000000444e+00
1.000000000000000444e+00
1.000000000000000444e+00
1.000000000000000444e+00
1.000000000000000444e+00
1.000000000000000444e+00
1.000000000000000444e+00
1.000000000000000444e+00
1.000000000000000444e+00
1.000000000000000444e+00
1.000000000000000444e+00
1.000000000000000444e+00
1.000000000000000444e+00
1.000000000000000444e+00
1.000000000000000444e+00
1.000000000000000444e+00
1.000000000000000444e+00
1.000000000000000444e+00
1.000000000000000444e+00
1.000000000000000444e+00
1.000000000000000444e+00
1.000000000000000444e+00
1.000000000000000444e+00
1.000000000000000444e+00
1.000000000000000444e+00
1.000000000000000444e+00
1.000000000000000222e+00
1.000000000000000222e+00
1.000000000000000222e+00
1.000000000000000222e+00
1.000000000000000222e+00
1.000000000000000222e+00
1.000000000000000222e+00
1.000000000000000222e+00
1.000000000000000222e+00
1.000000000000000222e+00
1.000000000000000222e+00
1.000000000000000222e+00
1.000000000000000222e+00
1.000000000000000222e+00
1.000000000000000222e+00
1.000000000000000222e+00
1.000000000000000222e+00
1.000000000000000222e+00
1.000000000000000222e+00
1.000000000000000222e+00
1.000000000000000222e+00
1.000000000000000222e+00
1.000000000000000222e+00
1.000000000000000222e+00
1.000000000000000222e+00
1.000000000000000222e+00
1.000000000000000222e+00
1.000000000000000222e+00
1.000000000000000222e+00
1.000000000000000222e+00
1.000000000000000222e+00
1.000000000000000222e+00
1.000000000000000222e+00
1.000000000000000222e+00
1.000000000000000222e+00
1.000000000000000222e+00
1.000000000000000222e+00
1.000000000000000222e+00
1.000000000000000222e+00
1.000000000000000222e+00
1.000000000000000222e+00
1.000000000000000222e+00
1.000000000000000222e+00
1.000000000000000222e+00
1.000000000000000222e+00
1.000000000000000222e+00
1.000000000000000222e+00
1.000000000000000222e+00
1.000000000000000222e+00
1.000000000000000222e+00
1.000000000000000222e+00
1.000000000000000222e+00
1.000000000000000222e+00
1.000000000000000222e+00
1.000000000000000222e+00
1.000000000000000222e+00
1.000000000000000222e+00
1.000000000000000222e+00
1.000000000000000222e+00
1.000000000000000222e+00
1.000000000000000222e+00
1.000000000000000222e+00
1.000000000000000222e+00
1.000000000000000222e+00
1.000000000000000222e+00
1.000000000000000222e+00
1.000000000000000222e+00
1.000000000000000222e+00
1.000000000000000222e+00
1.000000000000000222e+00
1.000000000000000222e+00
1.000000000000000222e+00
1.000000000000000222e+00
1.000000000000000222e+00
1.000000000000000222e+00
1.000000000000000222e+00
1.000000000000000222e+00
1.000000000000000222e+00
1.000000000000000222e+00
1.000000000000000222e+00
1.000000000000000222e+00
1.000000000000000222e+00
1.000000000000000222e+00
1.000000000000000222e+00
1.000000000000000222e+00
1.000000000000000222e+00
1.000000000000000222e+00
1.000000000000000222e+00
1.000000000000000222e+00
1.000000000000000222e+00
1.000000000000000222e+00
1.000000000000000222e+00
1.000000000000000222e+00
1.000000000000000222e+00
1.000000000000000222e+00
1.000000000000000222e+00
1.000000000000000222e+00
1.000000000000000222e+00
1.000000000000000222e+00
1.000000000000000222e+00
1.000000000000000222e+00
1.000000000000000222e+00
1.000000000000000222e+00
1.000000000000000222e+00
1.000000000000000222e+00
1.000000000000000222e+00
1.000000000000000000e+00
1.000000000000000000e+00
1.000000000000000000e+00
1.000000000000000000e+00
1.000000000000000000e+00
1.000000000000000000e+00
1.000000000000000000e+00
1.000000000000000000e+00
1.000000000000000000e+00
1.000000000000000000e+00
1.000000000000000000e+00
1.000000000000000000e+00
1.000000000000000000e+00
1.000000000000000000e+00
1.000000000000000000e+00
1.000000000000000000e+00
1.000000000000000000e+00
1.000000000000000000e+00
1.000000000000000000e+00
1.000000000000000000e+00
1.000000000000000000e+00
1.000000000000000000e+00
1.000000000000000000e+00
1.000000000000000000e+00
1.000000000000000000e+00
1.000000000000000000e+00
1.000000000000000000e+00
1.000000000000000000e+00
1.000000000000000000e+00
1.000000000000000000e+00
1.000000000000000000e+00
1.000000000000000000e+00
1.000000000000000000e+00
1.000000000000000000e+00
1.000000000000000000e+00
1.000000000000000000e+00
1.000000000000000000e+00
1.000000000000000000e+00
1.000000000000000000e+00
1.000000000000000000e+00
1.000000000000000000e+00
1.000000000000000000e+00
1.000000000000000000e+00
1.000000000000000000e+00
1.000000000000000000e+00
1.000000000000000000e+00
1.000000000000000000e+00
1.000000000000000000e+00
1.000000000000000000e+00
1.000000000000000000e+00
1.000000000000000000e+00
1.000000000000000000e+00
1.000000000000000000e+00
1.000000000000000000e+00
1.000000000000000000e+00
1.000000000000000000e+00
1.000000000000000000e+00
1.000000000000000000e+00
1.000000000000000000e+00
1.000000000000000000e+00
1.000000000000000000e+00
1.000000000000000000e+00
1.000000000000000000e+00
1.000000000000000000e+00
1.000000000000000000e+00
1.000000000000000000e+00
1.000000000000000000e+00
1.000000000000000000e+00
1.000000000000000000e+00
1.000000000000000000e+00
1.000000000000000000e+00
9.999999999999997780e-01
9.999999999999997780e-01
9.999999999999997780e-01
9.999999999999997780e-01
9.999999999999997780e-01
9.999999999999997780e-01
9.999999999999997780e-01
9.999999999999997780e-01
9.999999999999997780e-01
9.999999999999997780e-01
9.999999999999997780e-01
9.999999999999997780e-01
9.999999999999997780e-01
9.999999999999997780e-01
9.999999999999997780e-01
9.999999999999997780e-01
9.999999999999997780e-01
9.999999999999997780e-01
9.999999999999997780e-01
9.999999999999997780e-01
9.999999999999997780e-01
9.999999999999997780e-01
9.999999999999997780e-01
9.999999999999997780e-01
9.999999999999997780e-01
9.999999999999997780e-01
9.999999999999997780e-01
9.999999999999997780e-01
9.999999999999997780e-01
9.999999999999997780e-01
9.999999999999997780e-01
9.999999999999997780e-01
9.999999999999997780e-01
9.999999999999996669e-01
9.999999999999996669e-01
9.999999999999996669e-01
9.999999999999996669e-01
9.999999999999996669e-01
9.999999999999996669e-01
9.999999999999996669e-01
9.999999999999996669e-01
9.999999999999996669e-01
9.999999999999996669e-01
9.999999999999996669e-01
9.999999999999996669e-01
9.999999999999996669e-01
9.999999999999996669e-01
9.999999999999996669e-01
9.999999999999996669e-01
9.999999999999996669e-01
9.999999999999996669e-01
9.999999999999996669e-01
9.999999999999996669e-01
9.999999999999996669e-01
9.999999999999996669e-01
9.999999999999996669e-01
9.999999999999996669e-01
9.999999999999996669e-01
9.999999999999996669e-01
9.999999999999996669e-01
9.999999999999996669e-01
9.999999999999996669e-01
9.999999999999996669e-01
9.999999999999996669e-01
9.999999999999996669e-01
9.999999999999996669e-01
9.999999999999996669e-01
9.999999999999996669e-01
9.999999999999996669e-01
9.999999999999996669e-01
9.999999999999996669e-01
9.999999999999996669e-01
9.999999999999996669e-01
9.999999999999996669e-01
9.999999999999996669e-01
9.999999999999996669e-01
9.999999999999996669e-01
9.999999999999996669e-01
9.999999999999996669e-01
9.999999999999994449e-01
9.999999999999994449e-01
9.999999999999994449e-01
9.999999999999994449e-01
9.999999999999994449e-01
9.999999999999994449e-01
9.999999999999994449e-01
9.999999999999994449e-01
9.999999999999994449e-01
9.999999999999994449e-01
9.999999999999994449e-01
9.999999999999994449e-01
9.999999999999994449e-01
9.999999999999994449e-01
9.999999999999994449e-01
9.999999999999994449e-01
9.999999999999994449e-01
9.999999999999994449e-01
9.999999999999994449e-01
9.999999999999994449e-01
9.999999999999994449e-01
9.999999999999994449e-01
9.999999999999994449e-01
9.999999999999994449e-01
9.999999999999994449e-01
9.999999999999994449e-01
9.999999999999994449e-01
9.999999999999994449e-01
9.999999999999994449e-01
9.999999999999994449e-01
9.999999999999994449e-01
9.999999999999994449e-01
9.999999999999994449e-01
9.999999999999994449e-01
9.999999999999994449e-01
9.999999999999994449e-01
9.999999999999994449e-01
9.999999999999994449e-01
9.999999999999994449e-01
9.999999999999994449e-01
9.999999999999994449e-01
9.999999999999994449e-01
9.999999999999994449e-01
9.999999999999994449e-01
9.999999999999994449e-01
9.999999999999994449e-01
9.999999999999994449e-01
9.999999999999994449e-01
9.999999999999994449e-01
9.999999999999994449e-01
9.999999999999994449e-01
9.999999999999994449e-01
9.999999999999994449e-01
9.999999999999994449e-01
9.999999999999993339e-01
9.999999999999993339e-01
9.999999999999993339e-01
9.999999999999993339e-01
9.999999999999993339e-01
9.999999999999993339e-01
9.999999999999993339e-01
9.999999999999993339e-01
9.999999999999993339e-01
9.999999999999993339e-01
9.999999999999993339e-01
9.999999999999993339e-01
9.999999999999993339e-01
9.999999999999993339e-01
9.999999999999993339e-01
9.999999999999993339e-01
9.999999999999993339e-01
9.999999999999993339e-01
9.999999999999993339e-01
9.999999999999993339e-01
9.999999999999993339e-01
9.999999999999993339e-01
9.999999999999993339e-01
9.999999999999993339e-01
9.999999999999993339e-01
9.999999999999993339e-01
9.999999999999993339e-01
9.999999999999993339e-01
9.999999999999992228e-01
9.999999999999992228e-01
9.999999999999992228e-01
9.999999999999992228e-01
9.999999999999992228e-01
9.999999999999992228e-01
9.999999999999992228e-01
9.999999999999992228e-01
9.999999999999992228e-01
9.999999999999992228e-01
9.999999999999992228e-01
9.999999999999992228e-01
9.999999999999992228e-01
9.999999999999992228e-01
9.999999999999992228e-01
9.999999999999992228e-01
9.999999999999992228e-01
9.999999999999992228e-01
9.999999999999992228e-01
9.999999999999992228e-01
9.999999999999992228e-01
9.999999999999992228e-01
9.999999999999992228e-01
9.999999999999992228e-01
9.999999999999992228e-01
9.999999999999992228e-01
9.999999999999992228e-01
9.999999999999992228e-01
9.999999999999992228e-01
9.999999999999992228e-01
9.999999999999992228e-01
9.999999999999992228e-01
9.999999999999992228e-01
9.999999999999992228e-01
9.999999999999992228e-01
9.999999999999992228e-01
9.999999999999992228e-01
9.999999999999992228e-01
9.999999999999992228e-01
9.999999999999992228e-01
9.999999999999992228e-01
9.999999999999992228e-01
9.999999999999992228e-01
9.999999999999992228e-01
9.999999999999992228e-01
9.999999999999992228e-01
9.999999999999992228e-01
9.999999999999990008e-01
9.999999999999990008e-01
9.999999999999990008e-01
9.999999999999990008e-01
9.999999999999990008e-01
9.999999999999990008e-01
9.999999999999990008e-01
9.999999999999990008e-01
9.999999999999990008e-01
9.999999999999990008e-01
9.999999999999990008e-01
9.999999999999990008e-01
9.999999999999990008e-01
9.999999999999990008e-01
9.999999999999990008e-01
9.999999999999990008e-01
9.999999999999990008e-01
9.999999999999990008e-01
9.999999999999990008e-01
9.999999999999990008e-01
9.999999999999990008e-01
9.999999999999988898e-01
9.999999999999988898e-01
9.999999999999988898e-01
9.999999999999988898e-01
9.999999999999988898e-01
9.999999999999988898e-01
9.999999999999988898e-01
9.999999999999988898e-01
9.999999999999988898e-01
9.999999999999988898e-01
9.999999999999988898e-01
9.999999999999988898e-01
9.999999999999988898e-01
9.999999999999988898e-01
9.999999999999988898e-01
9.999999999999988898e-01
9.999999999999988898e-01
9.999999999999988898e-01
9.999999999999986677e-01
9.999999999999986677e-01
9.999999999999986677e-01
9.999999999999986677e-01
9.999999999999986677e-01
9.999999999999986677e-01
9.999999999999986677e-01
9.999999999999986677e-01
9.999999999999986677e-01
9.999999999999986677e-01
9.999999999999986677e-01
9.999999999999986677e-01
9.999999999999986677e-01
9.999999999999985567e-01
9.999999999999985567e-01
9.999999999999985567e-01
9.999999999999985567e-01
9.999999999999984457e-01
9.999999999999984457e-01
9.999999999999984457e-01
9.999999999999984457e-01
9.999999999999984457e-01
9.999999999999984457e-01
9.999999999999984457e-01
9.999999999999984457e-01
9.999999999999984457e-01
9.999999999999984457e-01
9.999999999999982236e-01
9.999999999999982236e-01
9.999999999999981126e-01
9.999999999999981126e-01
9.999999999999981126e-01
9.999999999999978906e-01
9.999999999999978906e-01
9.999999999999978906e-01
9.999999999999978906e-01
9.999999999999977796e-01
9.999999999999976685e-01
9.999999999999976685e-01
9.999999999999976685e-01
9.999999999999976685e-01
9.999999999999974465e-01
9.999999999999973355e-01
9.999999999999970024e-01
9.999999999999970024e-01
9.999999999999970024e-01
9.999999999999966693e-01
9.999999999999965583e-01
9.999999999999962252e-01
9.999999999999876765e-01
9.998651592159890633e-01
9.998322102472668726e-01
9.995492314669142120e-01
9.994877229792722417e-01
9.992409432736786279e-01
9.990146172007561276e-01
9.989427832514639061e-01
9.986314696225951915e-01
9.984624588056981720e-01
9.983935814361886152e-01
9.981199983201407555e-01
9.979355295649912083e-01
9.977664420626897179e-01
9.976349881797841324e-01
9.973701309103695234e-01
9.970120635036586743e-01
9.967337019674711307e-01
9.965574874429872221e-01
9.962636606295657282e-01
9.956324614421705466e-01
9.953424873822495078e-01
9.948270288970207931e-01
9.945571175955829624e-01
9.943337777960481461e-01
9.939474123908622616e-01
9.936663691860776471e-01
9.933442393964594386e-01
9.927299946202376990e-01
9.925156429031390948e-01
9.919450497130064548e-01
9.913755516457531947e-01
9.910076381886095964e-01
9.906737327831610651e-01
9.901323487601111362e-01
9.899281940161653859e-01
9.895142739491300521e-01
9.893347880034696340e-01
9.885275210062688389e-01
9.879981368183671231e-01
9.875623701934537202e-01
9.874422803893360134e-01
9.871210293972454419e-01
9.868369115353706755e-01
9.862825218391660931e-01
9.861199844624514155e-01
9.851005338505135489e-01
9.847787926520922275e-01
9.846401259683956741e-01
9.838125346186569198e-01
9.835872126836110452e-01
9.830954793068000797e-01
9.821777456342181134e-01
9.815706714018933576e-01
9.810719370679343854e-01
9.806926883992834743e-01
9.803853742078834088e-01
9.797331502041568552e-01
9.791677147375309476e-01
9.787758209770840434e-01
9.781906313160334543e-01
9.777612528036027095e-01
9.768130577443057128e-01
9.759479692057753120e-01
9.754109826744106204e-01
9.750487378902772395e-01
9.747195501181797894e-01
9.744755859691839328e-01
9.736681497276289399e-01
9.728632587058997361e-01
9.726803797170691102e-01
9.722897678781778907e-01
9.714369251304780795e-01
9.713399812701961622e-01
9.710002084307908232e-01
9.702338805653649700e-01
9.700683741550986117e-01
9.695822331019396945e-01
9.686978415820833854e-01
9.680445205492386185e-01
9.672841280534433261e-01
9.667376819237332164e-01
9.660730939474569956e-01
9.657672143665063658e-01
9.652214378212433665e-01
9.648872836427412336e-01
9.643397882860181847e-01
9.641826907832868887e-01
9.630971855262023817e-01
9.618536476489999432e-01
9.609243057151413137e-01
9.608346822005279231e-01
9.600811296965777730e-01
9.597556365494045449e-01
9.593229762346189293e-01
9.582426894662694483e-01
9.581079418895078748e-01
9.579063794750750649e-01
9.569049316267991268e-01
9.565051799883622641e-01
9.557982123511681305e-01
9.555224699577007375e-01
9.547492460716532348e-01
9.544051512479145849e-01
9.538154710360706723e-01
9.526803668389191015e-01
9.523343725561155271e-01
9.513514917657778236e-01
9.511937050632939261e-01
9.499441820449974205e-01
9.493085876446681892e-01
9.485607098708825902e-01
9.483862061162633417e-01
9.478930715053925926e-01
9.477146437277138569e-01
9.469411358068718920e-01
9.460339255283335413e-01
9.452006730247403121e-01
9.448335194115190516e-01
9.444257931629573832e-01
9.441523993704340478e-01
9.432197111303826098e-01
9.428850316205542592e-01
9.421792283411408730e-01
9.412587893065682554e-01
9.402907958401576227e-01
9.395380490821807484e-01
9.393331607333338384e-01
9.386607722830343503e-01
9.378902428323216967e-01
9.368615462582549069e-01
9.363639629699064271e-01
9.360002117938498456e-01
9.358725445042357372e-01
9.355445220097324821e-01
9.345288255367754093e-01
9.338020733348392222e-01
9.329802632204673429e-01
9.326059666413062388e-01
9.322899985182825366e-01
9.315435638979443489e-01
9.307035585478957707e-01
9.302548786101371148e-01
9.299113759966358694e-01
9.293943554228775161e-01
9.286087554979347569e-01
9.278751152923373491e-01
9.271151643308856993e-01
9.266383306009813303e-01
9.262460116512613029e-01
9.256245493391157542e-01
9.251777087580750347e-01
9.250725286785971280e-01
9.235722593909407863e-01
9.232096796466953137e-01
9.223861368910207803e-01
9.219582512703858868e-01
9.214755685070694646e-01
9.206611696958618696e-01
9.204463992341981315e-01
9.198421436206566382e-01
9.186749059281270613e-01
9.184841566932764323e-01
9.176676470920546169e-01
9.170269371550776594e-01
9.167558570548235419e-01
9.155318346543837027e-01
9.147860016391808902e-01
9.141859836300760822e-01
9.132684108934485678e-01
9.121662035347252173e-01
9.116360291170625407e-01
9.112168784501615271e-01
9.111284091194198353e-01
9.103792753008099758e-01
9.099252505525186052e-01
9.090834509407843544e-01
9.082837077557409655e-01
9.081237718696686390e-01
9.078188089229081159e-01
9.062952062434744827e-01
9.061438281855993537e-01
9.058354223452902421e-01
9.045664776837452070e-01
9.034924876233901836e-01
9.027503851870687379e-01
9.022891234239124314e-01
9.010417167165125640e-01
9.004558433565887920e-01
9.000168115590467810e-01
8.995584438022870000e-01
8.987011220399270250e-01
8.979044224146095488e-01
8.975738460699606014e-01
8.968533455459736237e-01
8.964986682651755467e-01
8.958438497455701865e-01
8.954407659349445936e-01
8.948624139980357883e-01
8.939280560621870597e-01
8.933217715716901264e-01
8.926332608293757742e-01
8.920864605643852308e-01
8.914477796249571373e-01
8.905055338005581911e-01
8.893237927882514660e-01
8.886659086348246417e-01
8.879446187727457751e-01
8.866319213518222275e-01
8.863617846894283892e-01
8.861978489698248973e-01
8.849945453403224027e-01
8.846810327020568909e-01
8.837733590013098217e-01
8.822843975409198070e-01
8.811672638302416871e-01
8.808051058477622819e-01
8.802426819378520451e-01
8.797484467651588425e-01
8.786261851907156695e-01
8.779483699814176756e-01
8.768498191878939529e-01
8.762981381971418626e-01
8.756943451091669939e-01
8.747590659086903475e-01
8.739072341262625887e-01
8.728889936000056027e-01
8.724843841035654357e-01
8.720163079741019008e-01
8.711441945321996005e-01
8.704889112401135165e-01
8.702667741181275840e-01
8.684801392973483525e-01
8.680832655786997476e-01
8.671245689266485757e-01
8.659325601526419725e-01
8.656039019584774730e-01
8.648980511256866288e-01
8.645806913675867511e-01
8.631162491327505348e-01
8.620583454837965620e-01
8.616535611602202938e-01
8.601500905171952649e-01
8.592386295639199423e-01
8.588123474584263839e-01
8.579511952373549688e-01
8.575601454279748737e-01
8.559398880196498194e-01
8.555160324038094677e-01
8.550488816040272555e-01
8.541289591223817368e-01
8.533892085161646213e-01
8.529368182823303668e-01
8.518860442602290695e-01
8.509003544264652774e-01
8.502508885084024692e-01
8.502082195386864161e-01
8.487509470294953839e-01
8.464483306280861097e-01
8.458369527833758950e-01
8.452845535633470853e-01
8.442022227931659240e-01
8.435487476790721750e-01
8.425087775611477259e-01
8.419502829291581891e-01
8.406599297488579481e-01
8.396320543356123878e-01
8.388700728739094670e-01
8.381086962265907880e-01
8.375784529467463768e-01
8.367538569067662912e-01
8.359923651337223260e-01
8.350675819624618912e-01
8.339586720873444214e-01
8.334222003161716463e-01
8.325575746160758239e-01
8.320126639602108964e-01
8.309944805528023393e-01
8.295891915431145014e-01
8.293768594828109242e-01
8.290341496210947847e-01
8.286399763007260555e-01
8.278278737765418782e-01
8.267515187484486550e-01
8.258267633021857401e-01
8.252256831578168583e-01
8.244123202765143432e-01
8.239703479445186218e-01
8.231295409834988863e-01
8.213351326209638037e-01
8.206795658631675927e-01
8.202043389999064127e-01
8.191565775472592348e-01
8.177604824246977877e-01
8.171881058191460268e-01
8.157048184324229290e-01
8.152126693709730310e-01
8.143243970888858208e-01
8.136966877962172884e-01
8.132127188063013046e-01
8.119073165141524884e-01
8.110619178817496389e-01
8.099592091606120370e-01
8.090315833151826563e-01
8.078179015888488079e-01
8.069065850528667205e-01
8.065972546759515582e-01
8.057041886666229669e-01
8.051097802586378860e-01
8.047891588683245834e-01
8.036311003695268962e-01
8.018168283440971766e-01
8.008726821580527400e-01
8.003748681582761870e-01
8.001121367725275713e-01
7.999084117552003326e-01
7.986447332839612390e-01
7.978197946749214786e-01
7.968880139491230086e-01
7.961662170690666507e-01
7.955728074806127648e-01
7.938306160183770110e-01
7.927474693376571624e-01
7.917141882903859784e-01
7.915198928756712604e-01
7.902885530562244742e-01
7.890810098178209220e-01
7.886642118942354118e-01
7.878876448640338426e-01
7.865060890764202783e-01
7.856611893677242220e-01
7.839232944704540573e-01
7.837875455816106784e-01
7.829795658897467092e-01
7.819508823866643255e-01
7.809071946127338348e-01
7.801716344960677452e-01
7.788980908922301660e-01
7.775576592624600103e-01
7.769273924852776458e-01
7.758949179131517937e-01
7.754286999602084673e-01
7.737889618690414473e-01
7.732030002300044336e-01
7.727320088219167271e-01
7.724140161858974452e-01
7.716149380934825830e-01
7.709889758125677561e-01
7.693702458692635027e-01
7.685377548459221275e-01
7.683410115833235743e-01
7.656744874124304934e-01
7.651967192216601044e-01
7.649698211665334480e-01
7.642820656270755686e-01
7.630436752386239307e-01
7.625332614064095349e-01
7.612371237198133356e-01
7.600188336407338596e-01
7.589934247264734646e-01
7.583660988172964412e-01
7.573546509249485803e-01
7.560176737031021332e-01
7.558705391872948542e-01
7.546385086949443100e-01
7.531872726225423698e-01
7.522238723715831687e-01
7.519181397465658501e-01
7.499624031940977931e-01
7.494989234330695638e-01
7.487388979755192908e-01
7.470611702165139700e-01
7.464663747554363127e-01
7.456483629883176034e-01
7.450861676775428766e-01
7.448893328345864706e-01
7.434621807259346182e-01
7.428064308940808269e-01
7.412647314671745313e-01
7.401561954200962523e-01
7.392443688355281317e-01
7.385222910218940395e-01
7.370718053391500657e-01
7.362944745003444647e-01
7.349383356349589169e-01
7.326513784199202295e-01
7.322009211706219656e-01
7.315666417704611568e-01
7.309920859773560986e-01
7.298850555236633397e-01
7.287084412417992318e-01
7.280608883384528385e-01
7.277679766187858945e-01
7.260717350956140681e-01
7.258158185086927006e-01
7.249778733758182048e-01
7.244773626273967038e-01
7.226315701268529734e-01
7.225713364417318818e-01
7.212392888034986349e-01
7.207237590948442074e-01
7.203641585735359731e-01
7.183573674754200056e-01
7.179651067040063728e-01
7.173185253178466780e-01
7.160992657494492653e-01
7.155550542383996016e-01
7.140042893005342783e-01
7.130936401351453124e-01
7.113338289333551723e-01
7.109513069088432280e-01
7.104125044545331891e-01
7.098022203130655017e-01
7.087261688468615706e-01
7.078891914413668607e-01
7.074181691650834880e-01
7.060439408707880338e-01
7.052887007769299554e-01
7.033914411601333017e-01
7.030072576185893984e-01
7.027796254681020205e-01
7.005993067378332162e-01
6.997591189073107953e-01
6.994403096644512541e-01
6.978793539597356599e-01
6.978149364847010538e-01
6.968186289514578524e-01
6.947391996792050550e-01
6.943801863179014378e-01
6.940052906006711764e-01
6.931638212583753900e-01
6.924955112777230193e-01
6.915059633346266610e-01
6.903485606525147089e-01
6.893886657296646181e-01
6.880574435829978075e-01
6.875663450354353445e-01
6.866796242524134675e-01
6.862996157949831089e-01
6.847728903250668298e-01
6.835929639946678460e-01
6.825956543959207368e-01
6.821505781676879820e-01
6.805588371466623210e-01
6.798782522201212153e-01
6.787391267379270232e-01
6.773729909845315200e-01
6.769480793481658099e-01
6.757427720067672450e-01
6.756741385764563068e-01
6.745295877175027099e-01
6.735704167006244525e-01
6.730184136406183182e-01
6.714586282897471170e-01
6.713227750570162078e-01
6.692342717319093026e-01
6.685582695781943086e-01
6.673055301495283143e-01
6.661491881126242465e-01
6.646113829042736842e-01
6.634048441408795238e-01
6.628317239250922643e-01
6.623576275685024717e-01
6.618825419314731118e-01
6.608778159694556065e-01
6.597463696569605407e-01
6.594445935935864256e-01
6.574293367469684624e-01
6.572157310641650874e-01
6.561513461218759780e-01
6.556725937712674090e-01
6.549160292058375799e-01
6.532807906984900992e-01
6.523655749507243362e-01
6.516240440008842505e-01
6.505691112730611625e-01
6.486626520974279053e-01
6.479905801871784776e-01
6.475226547173588143e-01
6.460828801719236125e-01
6.452496984860045526e-01
6.441997222617477092e-01
6.429583036294367338e-01
6.428491334778898558e-01
6.415075058218101534e-01
6.410862699237988016e-01
6.399689748916644882e-01
6.395233957976892425e-01
6.371918392244676488e-01
6.354180889166157753e-01
6.353449141119883459e-01
6.348020544478066851e-01
6.340641893545241325e-01
6.327131684120834709e-01
6.320346814399626645e-01
6.317212471397838369e-01
6.298795827999096320e-01
6.294171690811555253e-01
6.285519584775672852e-01
6.274933933667123931e-01
6.265666389287148919e-01
6.256425705933724712e-01
6.252305211860481604e-01
6.239004373436577433e-01
6.222738649655612519e-01
6.213869785955581371e-01
6.200388803690919381e-01
6.198176636972276832e-01
6.179922933677084451e-01
6.175686788944163563e-01
6.162073636807101629e-01
6.160727035443412936e-01
6.142601614848992586e-01
6.140958670714385947e-01
6.124861074480644207e-01
6.122218227508102739e-01
6.111650249336408880e-01
6.106700482621355563e-01
6.097238140731994216e-01
6.080232815145638625e-01
6.076323693474727783e-01
6.070294182438639163e-01
6.052903142150709570e-01
6.038349808649922101e-01
6.028856253250514108e-01
6.027228293923823088e-01
6.012472315301805592e-01
6.003758910441683305e-01
5.995929872356646761e-01
5.984801329022233496e-01
5.982279364374772923e-01
5.965572510867191980e-01
5.962925805025026671e-01
5.951381562935078584e-01
5.948132226051607852e-01
5.942542395362998553e-01
5.912541229660417397e-01
5.908380666029736661e-01
5.901645812416833614e-01
5.896174585960299863e-01
5.877320985677085829e-01
5.872674684945665691e-01
5.865175984331664205e-01
5.851194201972605979e-01
5.847077645127630730e-01
5.834698063371638321e-01
5.827737068203366899e-01
5.813444120378961077e-01
5.810811973165375122e-01
5.806245740483064743e-01
5.802146995678824082e-01
5.786188841903651126e-01
5.784167737486484162e-01
5.770722249474047327e-01
5.756821716963860247e-01
5.752434774255282823e-01
5.733850288855965038e-01
5.724815278934836105e-01
5.712479183167378238e-01
5.708430382984496232e-01
5.705196272200739882e-01
5.684994941963729120e-01
5.675071301332150764e-01
5.670064108813226422e-01
5.659709918716511190e-01
5.656696056033720943e-01
5.639894100740295846e-01
5.632691654148315186e-01
5.629574515210514773e-01
5.611467504316021149e-01
5.603745063985703379e-01
5.591213967477408620e-01
5.579283184711315569e-01
5.564433423646811816e-01
5.560110146146920451e-01
5.557485490823904639e-01
5.541018221790298126e-01
5.534924366296940512e-01
5.518019284211894693e-01
5.506190070002974224e-01
5.499469067947160283e-01
5.487210632857547621e-01
5.483253241253082111e-01
5.474288139246753504e-01
5.463409120745569281e-01
5.458405874243785760e-01
5.453729874140126332e-01
5.440432507923688155e-01
5.434410889584688764e-01
5.428571941028702552e-01
5.425462731980861264e-01
5.409300402833527865e-01
5.395716498410269013e-01
5.387464030529758308e-01
5.378312869173816901e-01
5.362496496244089084e-01
5.352988263607409980e-01
5.344200565731611619e-01
5.339926509713780467e-01
5.318247526622761345e-01
5.314366702057340408e-01
5.307917898800170731e-01
5.298986406185648423e-01
5.284591614537430537e-01
5.275348791513273516e-01
5.273240988417468023e-01
5.252368452517452990e-01
5.246437204579689206e-01
5.234672264643296380e-01
5.221203092704552740e-01
5.212468338058227069e-01
5.209772747748040445e-01
5.203235077200418779e-01
5.190142006453499768e-01
5.185884175161078469e-01
5.176772737408050773e-01
5.159598861044587537e-01
5.153726143827770390e-01
5.139971613789134919e-01
5.126833960403459622e-01
5.123729478795485681e-01
5.114713498806033876e-01
5.103590137290477946e-01
5.097437700619530387e-01
5.094591366338112604e-01
5.091824562887392602e-01
5.079491318786634180e-01
5.069674591924322460e-01
5.066168524056278155e-01
5.045583101245972868e-01
5.023614036329849819e-01
5.016692995132050470e-01
5.000080838006440986e-01
4.999171598073687828e-01
4.985287411718216655e-01
4.981315961444823803e-01
4.966037184429362705e-01
4.963614423596635628e-01
4.956759563801625967e-01
4.944772357412230424e-01
4.937001352113730146e-01
4.928509992459636502e-01
4.917897946855959712e-01
4.908988491804366361e-01
4.892875369611179859e-01
4.887486576904017666e-01
4.879396815508434959e-01
4.864473430593011516e-01
4.852074422189304737e-01
4.843559735604260896e-01
4.830884651035022848e-01
4.825520078549343506e-01
4.822421832674477216e-01
4.817003480328480025e-01
4.804053503046256668e-01
4.793790159785077942e-01
4.787570928525820557e-01
4.782294109460537013e-01
4.775363168147843673e-01
4.765606223605019509e-01
4.749737998010953866e-01
4.745179505836749079e-01
4.738156546930017976e-01
4.730832414894548532e-01
4.706807182184967187e-01
4.700003677768382904e-01
4.694298988570394515e-01
4.690857013804716202e-01
4.681454581846394292e-01
4.675542579653271247e-01
4.669610338760685209e-01
4.660798003308313509e-01
4.649094965273515290e-01
4.641602458849313217e-01
4.633974855297641193e-01
4.627635226894839526e-01
4.604729282547866398e-01
4.603494907757380572e-01
4.592309149887690567e-01
4.584442993619140538e-01
4.567405191406423426e-01
4.552402726573602787e-01
4.539011487466950157e-01
4.525797343073413859e-01
4.512026917286546257e-01
4.509243448685216205e-01
4.502051112491529117e-01
4.497755071560610163e-01
4.488616852777594368e-01
4.481162099435739843e-01
4.460801809710291943e-01
4.444220696128870496e-01
4.425755891266843212e-01
4.421119333468239709e-01
4.416997484527840356e-01
4.404055527104284717e-01
4.390979020185402648e-01
4.387085093298677130e-01
4.377377530040417186e-01
4.366469571314989806e-01
4.354907454593829330e-01
4.349271210485280426e-01
4.340926654190462308e-01
4.329820878469223255e-01
4.319033470014269627e-01
4.306249972841517115e-01
4.303494940280671588e-01
4.288461253930200279e-01
4.286795297662246984e-01
4.271966001817615322e-01
4.256454667634790856e-01
4.243696356659929503e-01
4.235370910666322319e-01
4.226513787372284114e-01
4.218088581663130276e-01
4.215385830990137639e-01
4.194105884326159717e-01
4.183355998639556872e-01
4.169114760917340123e-01
4.159578724893539525e-01
4.156671646222008798e-01
4.148656449243612876e-01
4.142085318031903385e-01
4.123920580196338004e-01
4.122397030634963322e-01
4.110837573378768317e-01
4.105934293302402338e-01
4.096568056858411744e-01
4.092559800646397017e-01
4.079754859827569580e-01
4.059761970594205072e-01
4.043695112183869900e-01
4.030968103627138865e-01
4.025452955169825930e-01
4.020632875588678323e-01
4.001692839487870357e-01
3.988758398156013740e-01
3.979233951655942181e-01
3.971020460611673908e-01
3.963481605356234394e-01
3.951887133641315830e-01
3.934668843238370295e-01
3.929011284099252488e-01
3.916107948789662729e-01
3.901580045187849621e-01
3.886617570268096067e-01
3.881729224582222693e-01
3.869662404853418947e-01
3.860980432331100887e-01
3.849665897411522208e-01
3.843102306005772295e-01
3.834061160816295000e-01
3.828564222220151025e-01
3.820061850969951323e-01
3.810104527338215030e-01
3.794015058171104071e-01
3.788068029778314805e-01
3.781247086246709577e-01
3.768417368937247991e-01
3.759079145922675780e-01
3.747059958248142308e-01
3.723274938176766580e-01
3.719431902826710878e-01
3.714388568054396988e-01
3.696076330008408184e-01
3.689654758727665684e-01
3.666270921149042961e-01
3.658187859996465674e-01
3.640973567312992265e-01
3.628715944106515878e-01
3.614718985803317963e-01
3.608498514688424641e-01
3.595336865742504995e-01
3.583513595840538413e-01
3.580081490783654230e-01
3.576154090193968682e-01
3.550290647394027665e-01
3.546656041906022794e-01
3.538979347685897170e-01
3.538157408389651093e-01
3.520470276975388169e-01
3.507388062322664979e-01
3.491896252853112226e-01
3.489882300983986330e-01
3.489002863449980896e-01
3.478887767425286048e-01
3.460771698845875877e-01
3.444321364928078499e-01
3.440191440519284605e-01
3.423411158720480185e-01
3.418096775147697608e-01
3.415500642135950726e-01
3.402196541967470456e-01
3.388516926815546837e-01
3.358094194925998477e-01
3.349144740441558632e-01
3.341443137445389011e-01
3.324719818358340961e-01
3.315853746861036067e-01
3.313652630470483862e-01
3.305206069052605833e-01
3.286440779730789852e-01
3.278316293141871340e-01
3.273719350009939300e-01
3.258178895520426610e-01
3.251673570019248394e-01
3.244017521761656808e-01
3.236168253306474507e-01
3.216355318789536066e-01
3.206401391574527082e-01
3.192988957228706792e-01
3.182539410748558284e-01
3.173826382066041174e-01
3.160564633843075955e-01
3.149516000908351709e-01
3.139755328313614258e-01
3.131256984547193811e-01
3.122406786385458766e-01
3.114737726831710574e-01
3.101788402951773382e-01
3.089664959775506592e-01
3.066677161983151212e-01
3.055310421569390478e-01
3.047446473201528838e-01
3.041463212531391180e-01
3.027252840953713053e-01
3.024100852049669830e-01
3.016804989915417567e-01
3.001687160271753751e-01
2.987735210863106672e-01
2.979448539603698487e-01
2.964801147834862927e-01
2.942014050523216184e-01
2.938887038137168450e-01
2.934269092416245117e-01
2.926433281187793001e-01
2.915769986476386966e-01
2.905183680299186499e-01
2.901044437211532934e-01
2.891873817791607015e-01
2.884714135895276588e-01
2.878442194337503257e-01
2.860946324516697725e-01
2.848747752709724357e-01
2.826294408345916276e-01
2.816999799089821566e-01
2.810037533891658335e-01
2.791334051087032142e-01
2.787746388978850076e-01
2.782946799896801049e-01
2.770363093813091315e-01
2.758221040955659009e-01
2.745875578882739365e-01
2.741481280279343680e-01
2.716460977869122329e-01
2.704552312957915761e-01
2.696472588101938572e-01
2.686255488757237631e-01
2.675956053497983156e-01
2.668102659477769589e-01
2.652829193728902801e-01
2.652089213857591332e-01
2.641481164588520558e-01
2.636301172201682697e-01
2.625173129539094541e-01
2.607114990157075041e-01
2.592314944022595102e-01
2.582565397731359513e-01
2.573073714755115260e-01
2.560884130298797801e-01
2.544343726490935209e-01
2.537434333227115424e-01
2.535705324786510784e-01
2.516545692654590383e-01
2.506503921094614951e-01
2.496575621022715796e-01
2.486331452112831575e-01
2.481488329084567956e-01
2.460436433015932289e-01
2.452083865989296563e-01
2.445172612432219006e-01
2.426447869516510092e-01
2.407609776212255304e-01
2.393104293591302167e-01
2.392032885835749800e-01
2.378621468959722929e-01
2.366831192355584312e-01
2.357459496428953860e-01
2.347591987742508601e-01
2.337059817644229487e-01
2.310897898351333968e-01
2.302090752988956990e-01
2.291390423749032068e-01
2.280530426256095755e-01
2.275798063272176375e-01
2.261332783527635337e-01
2.250411425175365132e-01
2.242052146404337198e-01
2.220183482604964620e-01
2.206193195805363771e-01
2.192528882502159937e-01
2.179931534786054281e-01
2.178113305240778341e-01
2.163374941645655192e-01
2.157962466415827563e-01
2.138672333712010876e-01
2.128569521414943599e-01
2.110782117008325465e-01
2.105633801395313809e-01
2.101395936906619855e-01
2.084045773937121815e-01
2.068719826527978256e-01
2.056856509168301372e-01
2.042252266215070222e-01
2.027420171857111375e-01
2.025355250910769456e-01
2.010908444867423317e-01
2.001688769445498506e-01
1.992856018704484145e-01
1.970623813379094036e-01
1.956638965816587528e-01
1.943385578092088062e-01
1.926964050108654902e-01
1.917863033568574793e-01
1.912689687944648664e-01
1.892143658158040309e-01
1.881378786505050749e-01
1.863757682050492803e-01
1.841810959641843881e-01
1.830430481341313032e-01
1.827522745297276985e-01
1.819126099045133560e-01
1.806587554549922425e-01
1.799105622072079136e-01
1.784220873303726529e-01
1.769264640230343855e-01
1.742714210980424450e-01
1.734825058693477140e-01
1.729159100477542788e-01
1.716755739511806322e-01
1.704075692155168631e-01
1.674096744586013596e-01
1.667185740044209719e-01
1.663043953470059455e-01
1.639067062116030260e-01
1.627052504488335494e-01
1.613582604710981916e-01
1.605034676698676721e-01
1.584164333382391820e-01
1.562342004309837107e-01
1.557179910317518789e-01
1.548722580137893989e-01
1.526041107971058408e-01
1.510735301284136245e-01
1.495263659828319491e-01
1.467620698288606973e-01
1.458429140491538933e-01
1.455440880729214626e-01
1.419903533901334947e-01
1.407055924395731183e-01
1.398748073001187531e-01
1.386624895570760796e-01
1.365263673791266841e-01
1.358651555240018016e-01
1.327846217074515611e-01
1.313678001842286946e-01
1.298212902872075414e-01
1.280322309800641101e-01
1.268118277082892487e-01
1.235502271906272487e-01
1.221749930842932902e-01
1.201656299878751111e-01
1.178602141201159637e-01
1.159225806767784223e-01
1.141748650134414844e-01
1.133399171709367770e-01
1.114149520151927891e-01
1.106046975238233337e-01
1.093773639305479911e-01
1.061934828280113180e-01
1.001531400025231222e-01
9.971218680793768330e-02
9.800031416087644220e-02
9.693174502270970883e-02
9.461750446110456236e-02
9.352119764620933640e-02
8.833967266224571069e-02
8.637949295552933837e-02
8.577038442728693313e-02
8.231341376876448457e-02
7.937511727998412814e-02
7.703324556857625571e-02
7.617059505181406065e-02
7.423230057190388642e-02
7.104736543780168501e-02
6.815448091837753020e-02
6.571871697603433315e-02
6.408646610003006228e-02
5.895129449902575952e-02
5.680132185166240910e-02
5.499801647515658448e-02
5.428716814422970827e-02
5.107666439202487169e-02
4.959418944810903285e-02
4.586540942723835168e-02
4.155267948222130664e-02
3.832082269391795526e-02
3.714667073228768157e-02
3.547160023522001604e-02
3.177749024700937674e-02
3.126630036409092789e-02
2.484017678026515311e-02
1.634168305676550817e-02
1.490404383448517243e-02
