# Singular values
1.228529879307074424e+01
3.495441939216731075e+00
3.089617344533567067e+00
2.999999999999999556e+00
2.805595435040794339e+00
2.414214393072484643e+00
2.062194712010366526e+00
2.000000000000000888e+00
1.496239820349992478e+00
1.325913752409338953e+00
1.304722844881367472e+00
1.000000000000000444e+00
1.000000000000000222e+00
1.000000000000000000e+00
9.999999999999998890e-01
9.999999999999998890e-01
9.999999999999998890e-01
9.999999999999997780e-01
9.999999999999997780e-01
9.999999999999996669e-01
9.999999999999996669e-01
9.999999999999996669e-01
9.905984612899728647e-01
6.078524973696191047e-01
4.436759390929557734e-01
3.293008928471978236e-01
