# Singular values
7.307851632500182859e+01
6.720145380692491699e+01
6.500833719373909503e+01
6.306108524432414697e+01
5.699172275690031597e+01
4.722132675276132119e+01
4.330326444308074940e+01
4.101929396423894048e+01
3.938973467436102283e+01
3.806980974720561761e+01
3.633400288310467374e+01
3.575370303241717096e+01
3.197477284345823989e+01
2.939766649450810121e+01
2.790591521928895347e+01
2.778661367540920324e+01
2.703328556913226421e+01
2.569571486359444279e+01
2.309456212064028335e+01
2.257387424992309022e+01
2.038282964833054223e+01
2.016604161435780540e+01
1.969573807860323456e+01
1.895091356939235538e+01
1.767591438304892293e+01
1.705738013640239004e+01
1.702226132700707595e+01
1.660559049411432753e+01
1.639176166940153223e+01
1.599102283855190620e+01
1.531435464657498535e+01
1.510621172338466778e+01
1.440841531660909425e+01
1.433227655071232931e+01
1.416257127901782731e+01
1.406581847907138716e+01
1.371460303324909091e+01
1.361476475049270540e+01
1.350015729098753603e+01
1.318155212433038592e+01
1.302010513370302824e+01
1.272163174975315414e+01
1.233405635070137762e+01
1.230362638639436490e+01
1.220156225125636240e+01
1.186323760834527796e+01
1.168890529354579400e+01
1.162061888878010762e+01
1.135715601433072486e+01
1.127839126277252646e+01
1.120060836374605273e+01
1.110002936824625230e+01
1.085006716864973697e+01
1.065787259285100674e+01
1.046894917908233502e+01
1.037063187464989511e+01
1.021152312400988649e+01
1.020262484068667241e+01
1.017728864415953005e+01
9.971767136748885818e+00
9.915310431618244991e+00
9.817872549588226860e+00
9.679645542590913365e+00
9.638151035060637639e+00
9.609494051684214000e+00
9.484365401372800264e+00
9.289972234613562918e+00
9.214610189964114184e+00
9.095785355678254192e+00
8.986479205943672000e+00
8.943338327434826596e+00
8.856968467276123747e+00
8.697556013825895604e+00
8.566349549286337961e+00
8.537026966041793230e+00
8.523077224512361383e+00
8.413941921545378122e+00
8.259043184205649979e+00
8.174619660055254755e+00
8.151051886683356784e+00
8.044019419735079168e+00
7.910568031985444115e+00
7.883401840985331255e+00
7.813089860675568765e+00
7.697791588136545293e+00
7.554433161304635824e+00
7.496281076598845239e+00
7.365782673927227187e+00
7.252575942724075908e+00
6.943325161813666213e+00
6.870303502935737328e+00
6.678922963524295930e+00
6.471008626379314066e+00
6.306656636218315626e+00
6.282858393747829950e+00
6.134209165084967275e+00
5.879220419686568277e+00
5.826715289402457643e+00
5.609114385217789156e+00
5.438405730633099289e+00
5.315101886731460112e+00
5.298788993373809930e+00
5.290988585435563607e+00
5.262046581282667113e+00
5.184289670585540577e+00
5.084180398770594245e+00
4.905334952154672301e+00
4.824406784733875853e+00
4.778118906887993234e+00
4.701786484667670685e+00
4.570064413768911926e+00
4.503756433535269110e+00
4.368796948906659594e+00
4.279767349583231351e+00
4.222645348963276035e+00
4.187544231873518541e+00
4.040438599700168609e+00
4.036964949332250363e+00
3.999449092320968013e+00
3.859224606090520648e+00
3.817385881574860473e+00
3.790439980009677523e+00
3.689547190506398788e+00
3.601528346203862974e+00
3.553039504651540614e+00
3.522646512549150621e+00
3.425864322648950022e+00
3.388413634927711637e+00
3.332223706488989468e+00
3.110525481003172832e+00
3.100875234049755402e+00
3.052700418681463024e+00
3.040151001595807756e+00
3.018643621514025099e+00
2.965891628027816029e+00
2.950791838823132451e+00
2.920179962211650881e+00
2.904846676682566020e+00
2.755217861424813286e+00
2.675686727342590832e+00
2.642110030374684282e+00
2.576141378146147964e+00
2.564002651846120528e+00
2.503939357373506702e+00
2.475351631487345383e+00
2.427522849959233842e+00
2.357293921116678792e+00
2.348936916430456545e+00
2.318171966564931186e+00
2.252312489918120608e+00
2.178657174291111165e+00
2.172972144757162827e+00
2.156340693657464502e+00
2.082122972282241857e+00
1.960301049800539097e+00
1.941699334025832391e+00
1.925947860297327008e+00
1.906269807442495523e+00
1.868746546781840046e+00
1.849399681044699983e+00
1.825558629946195000e+00
1.823687211730913749e+00
1.788204092022330549e+00
1.767368410799043943e+00
1.688402335976065149e+00
1.684760380148036418e+00
1.632530668442123911e+00
1.618904089014117309e+00
1.593638382776509710e+00
1.571893651000990211e+00
1.552757095085062433e+00
1.533790807654672239e+00
1.522685661699272996e+00
1.520140217014026351e+00
1.514167470928614811e+00
1.513265246106922701e+00
1.506310161350549848e+00
1.464761270087457934e+00
1.456655742239815643e+00
1.429856324294863645e+00
1.426051613222010239e+00
1.416815977259960668e+00
1.389018749953398135e+00
1.365202524425686681e+00
1.362244819013772368e+00
1.351971707247074717e+00
1.336600760786621933e+00
1.323278700664323848e+00
1.320339426177253417e+00
1.312315456587420215e+00
1.301064475063149262e+00
1.294567152483494299e+00
1.278589412353112742e+00
1.264064758638145269e+00
1.259637695761231635e+00
1.254885918587578919e+00
1.253940711729765844e+00
1.244223079747094118e+00
1.229735643057672023e+00
1.221038659133253601e+00
1.203958599832026355e+00
1.197311858575852650e+00
1.180222534822022773e+00
1.179910036135163320e+00
1.170807139390503071e+00
1.169564632576217456e+00
1.149440255710771019e+00
1.146529539166414313e+00
1.138937328692927187e+00
1.125666670099514821e+00
1.122102451298838233e+00
1.104804979127506748e+00
1.086062247697204386e+00
1.082398624979478363e+00
1.066837382635609677e+00
1.063918001602541130e+00
1.051835902278000390e+00
1.044025977004554573e+00
1.040168927508752672e+00
1.030845498162196838e+00
1.026765876116790821e+00
1.012367509167700019e+00
1.000168947648438555e+00
9.920581655022189249e-01
9.783775062067207040e-01
9.754698675405139019e-01
9.675974461667458115e-01
9.474228216290256910e-01
9.368520330535125007e-01
9.277447782531526022e-01
9.194764071123224802e-01
9.109388134734022202e-01
9.096366008550971216e-01
9.033230510100586086e-01
8.914898781157178931e-01
8.854067190842891399e-01
8.763392331883598230e-01
8.663273842134020519e-01
8.585432138890168874e-01
8.510897857146777490e-01
8.292118254628916274e-01
7.370670455197496640e-01
7.203337113720368334e-01
6.113066414889668510e-01
5.478721775734504140e-01
5.377531832323734218e-01
5.310978181892213046e-01
3.633901716164186224e-01
3.023770692151369066e-01
1.188899202297932500e-01
6.319597611041202767e-02
5.625909071404361518e-05
2.232017968483631181e-05
2.359783514760718133e-06
5.005694152095996102e-07
2.455969892664951589e-07
2.157521948014960319e-14
2.060830028484471349e-14
1.894453364019742067e-14
1.732649739019804343e-14
1.563645722479787784e-14
1.508806801528411635e-14
1.505803602394595597e-14
1.433151520015630400e-14
1.406622142153263108e-14
1.363288589382797169e-14
1.160120134965391470e-14
1.108695148044706933e-14
1.025386794960204954e-14
9.616310510826990661e-15
9.105924573514170454e-15
8.941694152618195026e-15
7.838142385916450049e-15
7.016295623081928135e-15
6.473797080053815434e-15
6.427629734290572586e-15
6.085022748255826093e-15
6.074471562991924581e-15
5.925558876013650957e-15
5.896745526065806538e-15
5.823320193343988570e-15
5.710805835705977816e-15
5.522639221376366134e-15
5.521833380073255416e-15
5.273583255897076253e-15
5.167998650097246640e-15
5.104743482283905715e-15
5.094008628898719773e-15
4.886377722031529774e-15
4.836827198412890605e-15
4.828179544545693011e-15
4.754838837247055283e-15
4.708562574941985261e-15
4.640317265262023438e-15
4.563834607414817426e-15
4.381122036033010310e-15
4.286232078493670747e-15
4.228569678137884424e-15
4.204761295701031377e-15
4.189016761618384602e-15
4.099995084880208770e-15
4.029412723258840051e-15
4.000338221467447104e-15
3.973806944943311997e-15
3.944033091758164030e-15
3.876758369814002184e-15
3.860190084411199843e-15
3.803592589279677176e-15
3.722390799609692904e-15
3.655316139557424881e-15
3.594534324380182980e-15
3.587588460585117723e-15
3.521607696441988102e-15
3.493845019431008310e-15
3.468123220349463656e-15
3.434525391955207393e-15
3.415736188646373909e-15
3.378919498261659976e-15
3.351717853717734950e-15
3.331381478247643553e-15
3.247819777887550431e-15
3.241902528368427804e-15
3.224304498501637134e-15
3.141569765512556782e-15
3.106867810692312944e-15
3.012202066868033609e-15
2.996567567577774331e-15
2.984547823928864102e-15
2.891604092248138350e-15
2.860520916627259533e-15
2.845795435850116594e-15
2.801495784957080676e-15
2.799811271051297376e-15
2.772142420163079317e-15
2.751518785724369171e-15
2.748507171262438051e-15
2.700284971754136413e-15
2.640478539420864600e-15
2.605215881310712225e-15
2.601494791611738204e-15
2.589754837159065995e-15
2.551595943114351293e-15
2.515120722859876769e-15
2.494897509088149396e-15
2.450864044960768974e-15
2.434690207325885864e-15
2.417624266458868919e-15
2.413042276729634179e-15
2.373090112735184730e-15
2.370215110657946065e-15
2.299449438435996505e-15
2.289040207523829692e-15
2.261161238324909107e-15
2.256613960207771247e-15
2.235181344963989998e-15
2.216021398776594483e-15
2.169541992222839818e-15
2.116420540174286674e-15
2.111176591593334102e-15
2.037851624629847801e-15
2.013963820377814078e-15
1.968878283253808729e-15
1.950707942936608947e-15
1.896364011840588784e-15
1.867473178762330656e-15
1.845395147406969294e-15
1.840172454409614165e-15
1.818577650016507002e-15
1.758243951953306601e-15
1.754124716556907649e-15
1.722054667454319230e-15
1.718826833772020011e-15
1.706484270391733626e-15
1.684243302575788162e-15
1.646282366704744754e-15
1.597992285172834634e-15
1.541110817190272068e-15
1.492143719566753593e-15
1.444541376560883722e-15
1.410366488452652017e-15
1.397668851635047839e-15
1.349649049049788960e-15
1.313734664716050009e-15
1.301722190925702811e-15
1.296340050210078855e-15
1.258484763704709149e-15
1.231534199083761872e-15
1.195815698583361771e-15
1.193359567252383275e-15
1.130410061589462773e-15
1.105896224389955495e-15
1.065481148976012890e-15
1.050992332351129837e-15
9.953800434522961283e-16
9.607567268204525894e-16
9.499830046307101085e-16
9.000197028880742390e-16
8.857277281131611824e-16
8.426247601307451204e-16
8.154061093950261032e-16
8.006613438316682378e-16
7.846753374663369523e-16
7.417761305887058924e-16
7.409393763795476053e-16
7.103741294660140283e-16
6.965926499117972266e-16
6.768940204055588211e-16
6.746778344096472101e-16
6.472737111150755842e-16
6.459702244953369661e-16
6.200532541169027506e-16
6.144341549753617523e-16
6.043491378941119564e-16
6.022247537123732911e-16
5.788645237739499916e-16
5.708766063991804396e-16
5.604676686314012114e-16
5.560922359395974544e-16
5.502831773318893627e-16
5.501127844893923952e-16
5.446682900101720120e-16
5.359960802206622909e-16
5.249374420152329173e-16
5.084160887751482943e-16
5.048174393299656609e-16
5.022661138333082321e-16
4.888633267619705426e-16
4.847560387106897156e-16
4.836391379733252830e-16
4.832625392463096928e-16
4.725322385408641979e-16
4.634920920285312469e-16
4.616545396484750890e-16
4.561596089085368559e-16
4.527394052929970857e-16
4.482443470024323626e-16
4.452365058475260760e-16
4.401916573049386176e-16
4.372892882946802159e-16
4.237631630440109833e-16
4.237442057564485739e-16
4.153292660496184538e-16
4.100915245011533989e-16
4.048016878667801211e-16
4.009090727141757948e-16
3.974160415908877314e-16
3.915699096029569259e-16
3.841805885179203810e-16
3.821460075650846104e-16
3.814441310737104307e-16
3.706380054338227228e-16
3.662023819394535151e-16
3.572913607458155122e-16
3.531987590529625996e-16
3.513843364107410202e-16
3.484949180208418340e-16
3.467595864141510718e-16
3.436618902331927583e-16
3.399867444009430941e-16
3.349730733208632536e-16
3.334248005499019957e-16
3.248531771902099966e-16
3.184112654958846211e-16
3.174344523187089664e-16
3.156520703874387622e-16
3.124708828533174539e-16
3.069692356054038333e-16
2.992280420475901842e-16
2.984277212526057218e-16
2.892170673058959715e-16
2.862736770530462456e-16
2.850345889153134262e-16
2.735869152839925762e-16
2.703050948823657461e-16
2.643974660245425964e-16
2.608175459013211764e-16
2.582857916244994586e-16
2.534789625240275381e-16
2.326774169832963909e-16
2.318731751404601643e-16
2.070264291981542080e-16
1.992803108518118815e-16
1.882511932016965916e-16
1.872799583404536321e-16
1.780220632338081071e-16
1.524177126622781174e-16
1.500057427198941868e-16
1.257329178731581440e-16
1.233191669764970650e-16
1.134405080867263992e-16
9.926547202311738452e-17
9.186456161917155284e-17
7.739111922940029467e-17
7.735939063817154897e-17
5.755855025240320284e-17
4.480132262054384235e-17
3.842309347773716447e-17
2.807774117912927702e-17
2.383548212167152590e-17
1.872182959773468797e-17
1.666205838802765595e-17
1.441487443446586984e-17
1.267568227061762017e-17
1.221182761030865720e-17
1.051862240982558053e-17
9.346004688206267901e-18
8.806304511974522594e-18
8.698138073651291114e-18
7.615881390181263827e-18
6.546082936452201976e-18
5.598974313674182811e-18
4.005933604669612677e-18
3.114749210921056804e-30
2.850076182527222162e-30
2.507125661708736794e-30
2.456756468304998664e-30
2.212324929590570573e-30
2.056775133661496067e-30
1.959788400711757125e-30
1.787348953785044443e-30
1.777312958190909343e-30
1.635509287112734079e-30
1.586615520492873634e-30
1.510972522193684352e-30
1.460022195602765357e-30
1.443712967295033338e-30
1.404099882552021190e-30
1.366242147068586296e-30
1.324318677459673302e-30
1.300257151509300788e-30
1.286019415137567192e-30
1.252240407755963469e-30
1.237569320121400280e-30
1.179865034798181948e-30
1.160610154577429538e-30
1.146352895684040697e-30
1.117255629590619509e-30
1.100394752514832724e-30
1.085360757320270096e-30
1.061360133621249237e-30
1.053266758704153276e-30
1.027835762089245465e-30
1.018869405422039439e-30
9.963904547563712670e-31
9.829995632839268205e-31
9.597754852024188893e-31
9.425283157159693430e-31
9.366374440892397964e-31
9.213186126044071906e-31
9.120539654981272452e-31
8.999236376189880122e-31
8.950193041965164575e-31
8.791788247211961660e-31
8.574161377179628365e-31
8.392489717188725682e-31
8.085048127906330070e-31
7.953257207779956240e-31
7.775692619066379589e-31
7.729461084640064930e-31
7.624589551419656047e-31
7.400808216258199815e-31
7.256785257795256251e-31
7.173029494991261791e-31
6.947591886075039881e-31
6.942364206051638261e-31
6.831509591360612305e-31
6.737800057953452254e-31
6.589741634754307964e-31
6.444975939825294040e-31
6.266769293304852859e-31
6.033694977601306159e-31
6.024663762042687428e-31
5.960656217327921134e-31
5.818749467426797785e-31
5.577153455784156146e-31
5.319522345372145739e-31
5.273393335056710057e-31
5.165428004120114605e-31
5.070563267650068310e-31
4.895834075872489698e-31
4.837767813565232943e-31
4.767397064909276403e-31
4.574043953450173787e-31
4.544059388545554484e-31
4.510250438895540100e-31
4.347839040763813208e-31
4.026774005636705456e-31
3.792288961178052486e-31
3.738863647395058996e-31
2.170225029893306842e-31
2.094328482961497575e-31
1.945108727899663875e-31
1.639849104080658506e-31
1.598637494538325028e-31
1.577764905171584716e-31
1.535406663374320240e-31
1.491298932809207405e-31
1.416569602344308742e-31
1.395815571046130271e-31
1.351802755657705147e-31
1.341383596825571269e-31
1.272726857504851039e-31
1.246563028184601025e-31
1.180143297149590383e-31
1.170624107323649359e-31
1.162763182416651504e-31
1.152688412292221963e-31
1.130050934948354607e-31
1.111543255808201365e-31
1.077581737951623203e-31
1.066486079212678709e-31
1.034543748870970012e-31
1.023757553382492474e-31
1.014685795043282972e-31
9.660292363110004964e-32
9.547474161208985179e-32
9.091751048692315523e-32
8.992939722355166957e-32
8.907833399127819884e-32
8.657511531876300847e-32
8.480291542702972683e-32
8.106403706487998793e-32
7.997374621907234306e-32
7.763509068418199927e-32
7.582250376254402529e-32
7.304480307719749855e-32
7.263312843893680144e-32
7.074138026926941501e-32
6.663207299360532198e-32
6.334273952828039606e-32
5.907588831646273152e-32
5.738449343733489890e-32
3.428998344847010829e-32
2.567701584245267084e-32
1.260328880959975206e-32
9.410714842039944288e-33
8.765271976345921756e-33
8.110353886205242910e-33
6.370970115791156926e-33
5.684958836749280036e-33
3.467173566096347278e-42
6.292979041421601407e-43
5.381196758419740624e-43
4.844640522366101288e-43
4.205300786026796183e-43
3.917282624493678397e-43
3.694235343717664034e-43
3.236307649043310764e-43
3.195535444791473164e-43
3.079161165496521558e-43
2.896890859086693698e-43
2.804861132615329383e-43
2.631386482368564951e-43
2.434307962373842653e-43
2.209123101531798670e-43
1.897886357614646237e-43
4.405893593936001744e-46
4.057907913664241004e-46
4.008029495094228310e-46
3.857275316098087975e-46
3.830668183857335567e-46
3.793944862750725270e-46
3.664295150074925315e-46
3.560167520316094391e-46
3.474793979761152991e-46
3.410766455292781596e-46
3.380479839720141675e-46
3.320131798770956941e-46
3.215275670925718103e-46
3.185732158225425943e-46
3.146326361181444338e-46
3.054591119676728404e-46
3.004462103883147459e-46
2.935500015636965834e-46
2.902217861907039816e-46
2.846323519510788938e-46
2.795091677282405426e-46
2.727169288080664748e-46
2.685040226208442385e-46
2.637725433257753302e-46
2.602032507653216348e-46
2.592467504686563231e-46
2.540850470098450828e-46
2.481827194700245871e-46
2.462973877782853924e-46
2.424817515574415928e-46
2.406026755717028032e-46
2.352205299907688025e-46
2.296840341065113079e-46
2.240527977983113854e-46
2.212537536129065934e-46
2.200690813447371142e-46
2.165091822059120888e-46
2.132029648561369833e-46
2.060550068890375384e-46
2.034493803630363558e-46
2.002014514333775450e-46
1.945952097748063027e-46
1.936027568706514136e-46
1.905333942292600789e-46
1.876596103955844926e-46
1.844918363860973370e-46
1.819036660695339754e-46
1.790352461239811183e-46
1.769441468996959034e-46
1.739025437334720649e-46
1.683948710558567611e-46
1.653053215499403056e-46
1.641332752933254868e-46
1.612807172423490500e-46
1.568717349041430451e-46
1.560503186059594965e-46
1.539041309520406799e-46
1.493352898220023797e-46
1.465816840610855564e-46
1.440542896195202088e-46
1.380538810065627909e-46
1.345836283939828806e-46
1.329819318186707252e-46
1.283455110562484905e-46
1.238804055597951220e-46
1.224167334139554070e-46
1.166485044978818442e-46
1.160788615668420785e-46
1.112616332093560402e-46
1.108238131402500210e-46
1.068419020939425520e-46
1.018106207358651256e-46
1.012314597826107360e-46
9.605339893131952712e-47
8.480611817304244538e-47
7.171567528585526475e-47
6.882729847621193058e-47
5.882201851824898972e-47
5.183112138290224537e-47
4.854079101982851612e-47
4.087685469045493946e-47
3.827424543757483931e-47
3.732003977820507593e-47
3.678680710882714091e-47
3.563360891098458472e-47
3.448072212553660872e-47
3.339007106097542301e-47
3.261382476078829749e-47
3.202654235152546046e-47
3.113136975304965742e-47
3.026204754768924987e-47
2.925765354249145899e-47
2.849529056847375020e-47
2.797538526747370243e-47
2.731176865380699088e-47
2.648306946196963104e-47
2.595226137265529362e-47
2.544142857708999916e-47
2.467095378220749138e-47
2.420514482859020197e-47
2.364714045943696260e-47
2.291276430627307565e-47
2.158717642555772788e-47
2.145287551531914157e-47
2.041730721247847238e-47
2.021307908422043031e-47
1.961106199497230587e-47
1.795160290205562079e-47
1.743896841686594368e-47
1.528913711599207001e-47
1.415601503394824475e-47
1.208090156198028288e-47
3.617114620006004168e-53
5.500129022552940570e-54
4.376482957317452689e-54
4.120440470930308075e-54
3.841757640178019595e-54
3.607772203467474396e-54
3.504256119874246971e-54
3.153470713655648487e-54
3.092429122470970845e-54
2.858048577868479418e-54
2.806129021226706788e-54
2.361064670623686780e-54
2.272542253089265937e-54
2.013335414776489951e-54
1.939541217661003699e-54
1.689405923918367494e-54
6.448623759567938936e-59
1.297691154195442326e-59
9.700560245624584293e-60
9.014272923730434445e-60
7.248381397836713143e-60
6.678398921909454318e-60
6.362539426597362779e-60
6.036199117012758261e-60
5.380282403150954965e-60
5.052717561185406957e-60
4.757771699944361704e-60
4.561738383300188343e-60
4.385691964703573459e-60
4.021851604985928102e-60
3.903346382911938094e-60
3.434170778772408678e-60
1.126190856553605235e-61
1.071705540581436945e-61
1.056620525117461323e-61
1.017110603651188305e-61
9.871433063514296404e-62
9.731934659742092505e-62
9.516748676814700279e-62
9.354607075131481903e-62
9.187589411698022269e-62
9.067745458694125008e-62
8.937383345063203649e-62
8.791422053606553086e-62
8.661333307758345495e-62
8.320017895892286796e-62
8.246990246871171405e-62
8.105428469097485178e-62
7.973359925504986422e-62
7.863624669661991426e-62
7.571439421812929746e-62
7.528977349930526255e-62
7.408613784727491731e-62
7.352154338794318705e-62
7.273376815188152330e-62
7.037055847077999253e-62
6.965629247005924285e-62
6.731075748059130468e-62
6.693505481464218554e-62
6.552724732048552099e-62
6.498095637166808225e-62
6.264922500890877161e-62
6.134667551563241393e-62
6.075677092115398556e-62
5.947760498791244773e-62
5.893612251362977511e-62
5.744072882521228003e-62
5.699561887382846658e-62
5.597487268310372374e-62
5.474196122993574311e-62
5.403936991621204216e-62
5.306794511860121261e-62
5.186564961219103976e-62
5.095469799653927940e-62
5.005435660575571381e-62
4.912088008476729893e-62
4.842137653889654018e-62
4.732269050311394013e-62
4.641850520048467170e-62
4.596765930690124246e-62
4.564956852070716227e-62
4.490381091762377163e-62
4.427116959741446986e-62
4.299698413582564617e-62
4.270635866931143664e-62
4.106913687415301479e-62
3.988743707942091957e-62
3.895728610956519729e-62
3.879370791485164700e-62
3.790361355686649403e-62
3.686734494497490206e-62
3.566126665888810740e-62
3.469681319394094617e-62
3.357538043564128941e-62
3.323741301800734070e-62
3.258810056605331611e-62
3.181272172779597588e-62
3.040979621966018644e-62
2.952580644562679448e-62
2.890872542645124718e-62
2.761290572011255683e-62
2.692919844089058260e-62
2.534635529663475018e-62
2.463769931406736202e-62
2.319644967791899251e-62
2.170338983412860007e-62
2.026631838564848697e-62
1.529246506622849357e-62
1.335712352423737915e-62
1.218511477754173405e-62
1.160897432835013564e-62
1.036557178538856778e-62
8.996786174661357340e-63
8.793762397399154483e-63
8.502676460543969428e-63
8.356204822784648641e-63
7.881906197889303849e-63
7.821914950469704826e-63
7.149418142971325198e-63
6.884962255013049311e-63
6.534851629474579206e-63
6.130714850749536753e-63
5.941437866498218373e-63
5.762227400167107843e-63
5.435696532866463177e-63
5.273833992242055558e-63
4.905240070518730246e-63
4.267507720373087114e-63
3.854383267602061115e-63
1.071627970687726821e-63
6.410172992945909842e-64
5.281261940120485260e-64
4.520432096647438901e-64
4.296477821503304068e-64
3.768883373328694107e-64
3.536846739074502188e-64
3.457932793377983640e-64
3.133782882193186712e-64
2.721931426132215861e-64
2.599016820375356376e-64
2.535979858766457661e-64
2.255448785634395206e-64
2.141941917027819507e-64
1.813805654538892001e-64
4.887783996560621206e-70
8.743514410115941153e-71
7.097951334110262157e-71
6.688365127937047592e-71
5.512704313961823835e-71
5.049986052341200427e-71
4.758311661306323202e-71
4.582133911701971493e-71
4.482638440242511905e-71
3.698213411948674652e-71
3.532245779428951642e-71
2.973102935370661690e-71
2.943269963153784523e-71
2.513406316333535369e-71
2.370072384955787981e-71
2.135766339286739225e-71
8.177977559739750169e-76
7.350550607501940405e-76
1.850986447997479200e-76
1.464923236808363963e-76
1.385628158231288602e-76
1.194776551554515902e-76
1.124044589054574446e-76
1.028333280365895407e-76
1.007708113016303802e-76
8.675558240856855197e-77
8.411608070645549628e-77
8.110193446457743432e-77
7.587644583228437829e-77
7.214972827543244431e-77
6.654040802999208264e-77
5.993393628383599377e-77
2.480780901131720270e-77
2.249886357838777318e-77
2.130249192520617133e-77
2.002593458139823117e-77
1.926265082467661494e-77
1.917469882769567310e-77
1.848218517508786178e-77
1.835542790550562885e-77
1.718130052865392475e-77
1.668693158230931707e-77
1.594936907769776899e-77
1.571135859233647851e-77
1.469116946899399598e-77
1.436700735784024253e-77
1.385291542297810368e-77
1.373421490028625111e-77
1.298882907561138634e-77
1.271521208738564481e-77
1.257889783279911258e-77
1.228060254096813757e-77
1.188040582717685426e-77
1.161666128825388294e-77
1.119359628997817141e-77
1.092194968800729611e-77
1.052710769335923095e-77
1.007786936743663875e-77
1.003320954611329354e-77
9.679182767067482673e-78
9.190665182032908687e-78
9.177686410687013805e-78
8.674308734119877396e-78
8.242277072392433059e-78
7.895837824692814697e-78
7.833412852782393719e-78
7.543727138073439186e-78
7.391067602519805383e-78
6.869980153866364565e-78
6.737256509658100021e-78
6.618388273332675133e-78
6.226902207833710840e-78
6.139871465695742685e-78
5.841767051806865807e-78
5.460201401643947026e-78
5.217288759589083361e-78
5.020664495557782472e-78
4.815319735760955288e-78
4.420640097595087208e-78
4.316982316769657435e-78
4.056430920960680843e-78
3.997192779766748711e-78
3.614706759502190078e-78
3.172164830006415218e-78
3.024622530866068868e-78
2.811758170408823007e-78
2.748905912624158465e-78
2.412651736788081972e-78
2.286313179497778398e-78
2.203863358495597466e-78
2.061332466681418053e-78
1.720870344857412293e-78
1.514516630515652378e-78
1.435289634929757772e-78
1.206877548755759489e-78
9.041675539898739991e-81
0.000000000000000000e+00
0.000000000000000000e+00
0.000000000000000000e+00
0.000000000000000000e+00
0.000000000000000000e+00
0.000000000000000000e+00
0.000000000000000000e+00
0.000000000000000000e+00
0.000000000000000000e+00
0.000000000000000000e+00
0.000000000000000000e+00
0.000000000000000000e+00
0.000000000000000000e+00
0.000000000000000000e+00
0.000000000000000000e+00
0.000000000000000000e+00
0.000000000000000000e+00
0.000000000000000000e+00
0.000000000000000000e+00
0.000000000000000000e+00
