# Singular values
3.135346917482766926e+01
9.050966934057720792e+00
3.577708817311677336e+00
3.405927752971146550e-13
2.247678949538937858e-13
2.223598706277778907e-13
1.654270218537433216e-13
1.520529810324072447e-13
1.419432282519250636e-13
1.310897366934115093e-13
8.102739684938327147e-14
6.842944497983232030e-14
6.627480516364290040e-14
5.403958175098953813e-14
4.595170237007823328e-14
2.152183348791381854e-14
1.743125007148598220e-14
9.583540006992362406e-15
5.711630397306657696e-15
3.121443130110381680e-15
1.989950374481508009e-15
1.980444373299370793e-15
1.427598560587164188e-15
1.013488013127767610e-15
9.587714784939836019e-16
9.477009553147089807e-16
8.002266193719477059e-16
7.944515726806225572e-16
5.789674563993769095e-16
5.214238638591887967e-16
3.714701982610190095e-16
2.953322389071117565e-16
2.844151007081100851e-16
1.089279140406006251e-16
2.229427696210024452e-17
5.569068948529966659e-28
3.984791288443378121e-28
3.506583479924605507e-28
2.297916178624627075e-28
1.831272576019480486e-28
1.775632211323090355e-28
1.734148752041865984e-28
1.194626422103401119e-28
9.027807581739603775e-29
5.041960645317503910e-29
4.137493925221213586e-29
3.942604465518754695e-29
2.951651476840472953e-29
1.815292088699589372e-29
1.612492629366983131e-29
8.222328715557716802e-31
7.906843951256563240e-31
6.945621652314224597e-31
6.839106357152492624e-31
6.143612334423414970e-31
5.459283177761167889e-31
4.966653071057923588e-31
4.711578267283656968e-31
4.193631865445606653e-31
3.741422849160170911e-31
2.967761693730812096e-31
2.876667850921055146e-31
2.344224100648652482e-31
2.100174433518973056e-31
1.377576213176461663e-31
8.453939619224607348e-32
2.076428188968799255e-32
8.733788595926013489e-44
7.634132937969976027e-44
7.550164209948914304e-44
5.414214398028965902e-44
4.961797300039114856e-44
3.611761787216544622e-44
3.043678043147841103e-44
2.802331286610975431e-44
2.601347954239939431e-44
2.472857012275958339e-44
1.757683011723016742e-44
1.476552781657804841e-44
1.454730474099939197e-44
8.967246671465209466e-45
6.153437049268850121e-45
2.918886368178835534e-45
1.347004370871633713e-46
1.211312826857698967e-46
1.194658553204914968e-46
7.606459735964764984e-47
6.123066089831613742e-47
4.470853623285085805e-47
4.455984321720440007e-47
4.214384959792517479e-47
2.502961410776320367e-47
1.702960997160683912e-47
1.402365798926838725e-47
1.304386284378810410e-47
8.500134507195854236e-48
7.208282766208090192e-48
3.345418541526878525e-48
2.045812670461035441e-48
3.455431886208187665e-58
3.432094829156614637e-58
3.373431007565200005e-58
2.283149968460861416e-58
1.881957798861561393e-58
1.789690415777910547e-58
1.774314445126351533e-58
1.568793064378972085e-58
1.171803538570570390e-58
8.757867144222425583e-59
8.244197792834454546e-59
7.405291625726465985e-59
5.683795003816234324e-59
2.993302749456576825e-59
1.532380835326855815e-59
6.136635942727620584e-61
3.628507304201038738e-62
3.487758939388136593e-62
2.791419817815348068e-62
1.282625406902965049e-62
1.261172494506729573e-62
1.016497311722500967e-62
8.822702451525571802e-63
8.565334719434715457e-63
7.356752943101872926e-63
6.659875173249640240e-63
4.770380979665367814e-63
2.853263854827592884e-63
1.945706928107552025e-63
1.795089965432069998e-63
7.886844435493929423e-64
3.838835655582109408e-73
3.518498095561162570e-73
3.479597516718725249e-73
2.309359905203475092e-73
2.250154167307729561e-73
2.176887025161928264e-73
1.623936407503336125e-73
1.370399714992690361e-73
1.229153698345990248e-73
6.614212735113631134e-74
4.740965562596483561e-74
3.057544063298014356e-74
2.986600419357982176e-74
2.357991375655043165e-74
9.954151893460070482e-75
5.522502905111967260e-75
1.020727177293180318e-87
7.472604622285951965e-88
7.160608036360584407e-88
6.917557581153755259e-88
6.115175428254136766e-88
5.277308834769406401e-88
3.076658016635527947e-88
2.381379059130420497e-88
1.979792663571134428e-88
1.843034667952985444e-88
1.534767641012559234e-88
7.547514165078874679e-89
5.232534292995507592e-89
4.111980474187931644e-89
2.530302754775700498e-89
1.662776105084812161e-89
3.367402269971963100e-103
2.677139200127445516e-103
2.365275602125186102e-103
2.275613547736189099e-103
2.102155944563503452e-103
1.966814374071098652e-103
1.489453302861784205e-103
1.385113282892795923e-103
9.417288059086972053e-104
7.787551540209220790e-104
5.447835169037475284e-104
4.725645707505315873e-104
2.800512260967048143e-104
1.434274454131908775e-104
7.219853704164665933e-105
6.634682739802976991e-105
1.480504527247992984e-117
1.298707314118016355e-117
1.115834355297075707e-117
1.048322566628280176e-117
9.570570780483266011e-118
9.157095500784841442e-118
8.803749433855664692e-118
7.828348123684046026e-118
6.974602080412090821e-118
5.764970085398085420e-118
4.924161713626790236e-118
4.023014468717111779e-118
3.229875337368297117e-118
1.905975695599582241e-118
9.806934762591654251e-119
2.741678919916871710e-119
1.482915226437562055e-132
1.243341622959836576e-132
9.722970192745962660e-133
9.479862700043462559e-133
8.513536476816227725e-133
6.980858594371807558e-133
6.243841902695849607e-133
5.334685769537238755e-133
4.463462127692813894e-133
4.205834463408237219e-133
3.892441904465151975e-133
3.576917259549530649e-133
2.362548548126592326e-133
1.629466941180559711e-133
9.593551280710930999e-134
4.607855330431817026e-134
4.822474062392124830e-147
4.488912537461652782e-147
4.196719433628959236e-147
3.886132582533013265e-147
3.755537561014883959e-147
3.127547844572757627e-147
2.854948100174345665e-147
2.359521285155053267e-147
2.311662878046083669e-147
2.182854599325756447e-147
1.596662697853661040e-147
1.079346098273247160e-147
8.854036516479673880e-148
4.886369428536600101e-148
3.976910079274761234e-148
2.544118777922907397e-148
2.511203814994100470e-162
2.484599066443913792e-162
2.416589785697280898e-162
1.962866548397017280e-162
1.549799404445458257e-162
1.412045320965180340e-162
1.352004762482129612e-162
1.319308914548345375e-162
1.142090514731061976e-162
9.258574241407675106e-163
7.355434325408121740e-163
5.165894227791414837e-163
4.634761583680045497e-163
2.672646849517638186e-163
1.725922306647696713e-163
4.413445422577006912e-164
7.045952394167224316e-177
5.930584340500970685e-177
4.720898685685160209e-177
3.604886914117404851e-177
3.498387250006739141e-177
3.352575381501236891e-177
3.082816048467650356e-177
3.035465838695219048e-177
2.129451217990203517e-177
2.064100437626158494e-177
1.325473037968682237e-177
1.047275800503653329e-177
5.770377099662782079e-178
5.729586465786606357e-178
2.766102890453210680e-179
2.437373613882138006e-190
2.111115245558765328e-191
1.002863797736205648e-191
9.084921396301562556e-192
6.979679225571975744e-192
6.830089907591215755e-192
6.462598864174085661e-192
5.956755853631437413e-192
4.899538942212921656e-192
4.748789920592421787e-192
3.787623699943551490e-192
3.317561134676950497e-192
2.983968865017506018e-192
1.753906448236793406e-192
4.693757533270259992e-193
3.152005312079674489e-193
1.909409841304154911e-193
4.001727537172268569e-206
3.523686677621254211e-206
3.487322577310803680e-206
3.166788965192688248e-206
2.267242262643215700e-206
2.199566388149642847e-206
2.179603316665715505e-206
1.467535846921812768e-206
1.221264587773501550e-206
1.015590728183148163e-206
6.395871920637647196e-207
4.462267829172150085e-207
2.631393454229140359e-207
2.048018166582293120e-207
9.647189705614124754e-208
3.059211411840245534e-208
3.490333388373160784e-221
2.884345429394008363e-221
2.601909376049930305e-221
2.179344131350965158e-221
1.714374522926310857e-221
1.082372231664925757e-221
1.016394497516522016e-221
1.000549462111945414e-221
8.553793486983462829e-222
5.954777448871422238e-222
4.972492846639715554e-222
4.483969171462779901e-222
3.471903846402097064e-222
1.609546546976823982e-222
1.112790218734990047e-222
2.369454635331300652e-223
3.164182164872877948e-236
1.857594543177177527e-236
1.810689730983783914e-236
1.538365381411104844e-236
1.249901128747116833e-236
1.211988414003588745e-236
8.482857758049017049e-237
7.833471841318276208e-237
7.255708109173653829e-237
6.483481154658485584e-237
3.440476381621715468e-237
2.638767359982147301e-237
2.530102898925760745e-237
1.277269723374841560e-237
1.196475512195633322e-237
4.259955545810816923e-238
4.289265168386146814e-251
3.462587971984695438e-251
2.451940772176034932e-251
1.984034754901276083e-251
1.889399734916752176e-251
1.756325176127414801e-251
1.694862263058739807e-251
1.384342974543118019e-251
1.251578116267141107e-251
1.002152480171649494e-251
8.071868533238679465e-252
4.844502836132830187e-252
4.476798732766838923e-252
4.316229312883319610e-252
8.022066340636578109e-253
6.901488010329538105e-253
2.346198141625928505e-266
2.100846658827915773e-266
1.835315744853210779e-266
1.817438469825538576e-266
1.430077042639117313e-266
9.501707821352136808e-267
9.376659369879923980e-267
8.529899020026377159e-267
7.956130121979588481e-267
5.897856118654812605e-267
4.222622683800193616e-267
3.203250642053536285e-267
2.448788269396480514e-267
1.647500774638508599e-267
1.355797517047875309e-267
1.769543202769091734e-268
3.259317061247390852e-281
2.755564533982159722e-281
2.063336539026152425e-281
2.024181290609399698e-281
1.755648977430481679e-281
1.525728458163491833e-281
1.486644692016126938e-281
1.226048970777429682e-281
1.142181004671117073e-281
5.964222354721282387e-282
4.854552200134079208e-282
4.141235113833801633e-282
1.897446508170446605e-282
1.411964502847214496e-282
1.359069469250219661e-282
3.319538508897361015e-283
7.085341194181243529e-297
6.695125970492071447e-297
6.136731757954925897e-297
4.312560751816586307e-297
3.452308804126145517e-297
3.150546400970154316e-297
2.284126732862927112e-297
1.867453842210395115e-297
1.618530032199156695e-297
1.380015890464578091e-297
6.745834753154429506e-298
3.799989561171410218e-298
1.560169033874029538e-298
4.223469012981229171e-300
4.223469012981229171e-300
0.000000000000000000e+00
0.000000000000000000e+00
0.000000000000000000e+00
0.000000000000000000e+00
0.000000000000000000e+00
0.000000000000000000e+00
0.000000000000000000e+00
0.000000000000000000e+00
0.000000000000000000e+00
0.000000000000000000e+00
0.000000000000000000e+00
0.000000000000000000e+00
0.000000000000000000e+00
0.000000000000000000e+00
0.000000000000000000e+00
0.000000000000000000e+00
0.000000000000000000e+00
0.000000000000000000e+00
0.000000000000000000e+00
0.000000000000000000e+00
0.000000000000000000e+00
0.000000000000000000e+00
0.000000000000000000e+00
0.000000000000000000e+00
0.000000000000000000e+00
0.000000000000000000e+00
0.000000000000000000e+00
0.000000000000000000e+00
0.000000000000000000e+00
0.000000000000000000e+00
0.000000000000000000e+00
0.000000000000000000e+00
0.000000000000000000e+00
0.000000000000000000e+00
0.000000000000000000e+00
0.000000000000000000e+00
0.000000000000000000e+00
0.000000000000000000e+00
0.000000000000000000e+00
0.000000000000000000e+00
0.000000000000000000e+00
0.000000000000000000e+00
0.000000000000000000e+00
0.000000000000000000e+00
0.000000000000000000e+00
0.000000000000000000e+00
0.000000000000000000e+00
0.000000000000000000e+00
0.000000000000000000e+00
0.000000000000000000e+00
0.000000000000000000e+00
0.000000000000000000e+00
0.000000000000000000e+00
0.000000000000000000e+00
0.000000000000000000e+00
0.000000000000000000e+00
0.000000000000000000e+00
0.000000000000000000e+00
0.000000000000000000e+00
0.000000000000000000e+00
0.000000000000000000e+00
0.000000000000000000e+00
0.000000000000000000e+00
0.000000000000000000e+00
0.000000000000000000e+00
0.000000000000000000e+00
0.000000000000000000e+00
0.000000000000000000e+00
0.000000000000000000e+00
0.000000000000000000e+00
0.000000000000000000e+00
0.000000000000000000e+00
0.000000000000000000e+00
0.000000000000000000e+00
0.000000000000000000e+00
0.000000000000000000e+00
0.000000000000000000e+00
0.000000000000000000e+00
0.000000000000000000e+00
0.000000000000000000e+00
0.000000000000000000e+00
0.000000000000000000e+00
0.000000000000000000e+00
0.000000000000000000e+00
0.000000000000000000e+00
0.000000000000000000e+00
0.000000000000000000e+00
0.000000000000000000e+00
0.000000000000000000e+00
0.000000000000000000e+00
0.000000000000000000e+00
0.000000000000000000e+00
0.000000000000000000e+00
0.000000000000000000e+00
0.000000000000000000e+00
0.000000000000000000e+00
0.000000000000000000e+00
0.000000000000000000e+00
0.000000000000000000e+00
0.000000000000000000e+00
0.000000000000000000e+00
0.000000000000000000e+00
0.000000000000000000e+00
0.000000000000000000e+00
0.000000000000000000e+00
0.000000000000000000e+00
0.000000000000000000e+00
0.000000000000000000e+00
0.000000000000000000e+00
0.000000000000000000e+00
0.000000000000000000e+00
0.000000000000000000e+00
0.000000000000000000e+00
0.000000000000000000e+00
0.000000000000000000e+00
0.000000000000000000e+00
0.000000000000000000e+00
0.000000000000000000e+00
0.000000000000000000e+00
0.000000000000000000e+00
0.000000000000000000e+00
0.000000000000000000e+00
0.000000000000000000e+00
0.000000000000000000e+00
0.000000000000000000e+00
0.000000000000000000e+00
0.000000000000000000e+00
0.000000000000000000e+00
0.000000000000000000e+00
0.000000000000000000e+00
0.000000000000000000e+00
0.000000000000000000e+00
0.000000000000000000e+00
0.000000000000000000e+00
0.000000000000000000e+00
0.000000000000000000e+00
0.000000000000000000e+00
0.000000000000000000e+00
0.000000000000000000e+00
0.000000000000000000e+00
0.000000000000000000e+00
0.000000000000000000e+00
0.000000000000000000e+00
0.000000000000000000e+00
0.000000000000000000e+00
0.000000000000000000e+00
0.000000000000000000e+00
0.000000000000000000e+00
0.000000000000000000e+00
0.000000000000000000e+00
0.000000000000000000e+00
0.000000000000000000e+00
0.000000000000000000e+00
0.000000000000000000e+00
0.000000000000000000e+00
0.000000000000000000e+00
0.000000000000000000e+00
0.000000000000000000e+00
0.000000000000000000e+00
0.000000000000000000e+00
0.000000000000000000e+00
0.000000000000000000e+00
0.000000000000000000e+00
0.000000000000000000e+00
0.000000000000000000e+00
0.000000000000000000e+00
0.000000000000000000e+00
0.000000000000000000e+00
0.000000000000000000e+00
0.000000000000000000e+00
0.000000000000000000e+00
0.000000000000000000e+00
0.000000000000000000e+00
0.000000000000000000e+00
0.000000000000000000e+00
0.000000000000000000e+00
0.000000000000000000e+00
0.000000000000000000e+00
0.000000000000000000e+00
0.000000000000000000e+00
0.000000000000000000e+00
0.000000000000000000e+00
0.000000000000000000e+00
0.000000000000000000e+00
0.000000000000000000e+00
0.000000000000000000e+00
0.000000000000000000e+00
0.000000000000000000e+00
0.000000000000000000e+00
0.000000000000000000e+00
0.000000000000000000e+00
0.000000000000000000e+00
0.000000000000000000e+00
0.000000000000000000e+00
0.000000000000000000e+00
0.000000000000000000e+00
0.000000000000000000e+00
0.000000000000000000e+00
0.000000000000000000e+00
0.000000000000000000e+00
0.000000000000000000e+00
0.000000000000000000e+00
0.000000000000000000e+00
0.000000000000000000e+00
0.000000000000000000e+00
0.000000000000000000e+00
0.000000000000000000e+00
0.000000000000000000e+00
0.000000000000000000e+00
0.000000000000000000e+00
0.000000000000000000e+00
0.000000000000000000e+00
0.000000000000000000e+00
0.000000000000000000e+00
0.000000000000000000e+00
0.000000000000000000e+00
0.000000000000000000e+00
0.000000000000000000e+00
0.000000000000000000e+00
0.000000000000000000e+00
0.000000000000000000e+00
0.000000000000000000e+00
0.000000000000000000e+00
0.000000000000000000e+00
0.000000000000000000e+00
0.000000000000000000e+00
0.000000000000000000e+00
0.000000000000000000e+00
0.000000000000000000e+00
0.000000000000000000e+00
0.000000000000000000e+00
0.000000000000000000e+00
0.000000000000000000e+00
0.000000000000000000e+00
0.000000000000000000e+00
0.000000000000000000e+00
0.000000000000000000e+00
0.000000000000000000e+00
0.000000000000000000e+00
0.000000000000000000e+00
0.000000000000000000e+00
0.000000000000000000e+00
0.000000000000000000e+00
0.000000000000000000e+00
0.000000000000000000e+00
0.000000000000000000e+00
0.000000000000000000e+00
0.000000000000000000e+00
0.000000000000000000e+00
0.000000000000000000e+00
0.000000000000000000e+00
0.000000000000000000e+00
0.000000000000000000e+00
0.000000000000000000e+00
0.000000000000000000e+00
0.000000000000000000e+00
0.000000000000000000e+00
0.000000000000000000e+00
0.000000000000000000e+00
0.000000000000000000e+00
0.000000000000000000e+00
0.000000000000000000e+00
0.000000000000000000e+00
0.000000000000000000e+00
0.000000000000000000e+00
0.000000000000000000e+00
0.000000000000000000e+00
0.000000000000000000e+00
0.000000000000000000e+00
0.000000000000000000e+00
0.000000000000000000e+00
0.000000000000000000e+00
0.000000000000000000e+00
0.000000000000000000e+00
0.000000000000000000e+00
0.000000000000000000e+00
0.000000000000000000e+00
0.000000000000000000e+00
0.000000000000000000e+00
0.000000000000000000e+00
0.000000000000000000e+00
0.000000000000000000e+00
0.000000000000000000e+00
0.000000000000000000e+00
0.000000000000000000e+00
0.000000000000000000e+00
0.000000000000000000e+00
0.000000000000000000e+00
0.000000000000000000e+00
0.000000000000000000e+00
0.000000000000000000e+00
0.000000000000000000e+00
0.000000000000000000e+00
0.000000000000000000e+00
0.000000000000000000e+00
0.000000000000000000e+00
0.000000000000000000e+00
0.000000000000000000e+00
0.000000000000000000e+00
0.000000000000000000e+00
0.000000000000000000e+00
0.000000000000000000e+00
0.000000000000000000e+00
0.000000000000000000e+00
0.000000000000000000e+00
0.000000000000000000e+00
0.000000000000000000e+00
0.000000000000000000e+00
0.000000000000000000e+00
0.000000000000000000e+00
0.000000000000000000e+00
0.000000000000000000e+00
0.000000000000000000e+00
0.000000000000000000e+00
0.000000000000000000e+00
0.000000000000000000e+00
0.000000000000000000e+00
0.000000000000000000e+00
0.000000000000000000e+00
0.000000000000000000e+00
0.000000000000000000e+00
0.000000000000000000e+00
0.000000000000000000e+00
0.000000000000000000e+00
0.000000000000000000e+00
0.000000000000000000e+00
0.000000000000000000e+00
0.000000000000000000e+00
0.000000000000000000e+00
0.000000000000000000e+00
0.000000000000000000e+00
0.000000000000000000e+00
0.000000000000000000e+00
0.000000000000000000e+00
0.000000000000000000e+00
0.000000000000000000e+00
0.000000000000000000e+00
0.000000000000000000e+00
0.000000000000000000e+00
0.000000000000000000e+00
0.000000000000000000e+00
0.000000000000000000e+00
0.000000000000000000e+00
0.000000000000000000e+00
0.000000000000000000e+00
0.000000000000000000e+00
0.000000000000000000e+00
0.000000000000000000e+00
0.000000000000000000e+00
0.000000000000000000e+00
0.000000000000000000e+00
0.000000000000000000e+00
0.000000000000000000e+00
0.000000000000000000e+00
0.000000000000000000e+00
0.000000000000000000e+00
0.000000000000000000e+00
0.000000000000000000e+00
0.000000000000000000e+00
0.000000000000000000e+00
0.000000000000000000e+00
0.000000000000000000e+00
0.000000000000000000e+00
0.000000000000000000e+00
0.000000000000000000e+00
0.000000000000000000e+00
0.000000000000000000e+00
0.000000000000000000e+00
0.000000000000000000e+00
0.000000000000000000e+00
0.000000000000000000e+00
0.000000000000000000e+00
0.000000000000000000e+00
0.000000000000000000e+00
0.000000000000000000e+00
0.000000000000000000e+00
0.000000000000000000e+00
0.000000000000000000e+00
0.000000000000000000e+00
0.000000000000000000e+00
0.000000000000000000e+00
0.000000000000000000e+00
0.000000000000000000e+00
0.000000000000000000e+00
0.000000000000000000e+00
0.000000000000000000e+00
0.000000000000000000e+00
0.000000000000000000e+00
0.000000000000000000e+00
0.000000000000000000e+00
0.000000000000000000e+00
0.000000000000000000e+00
0.000000000000000000e+00
0.000000000000000000e+00
0.000000000000000000e+00
0.000000000000000000e+00
0.000000000000000000e+00
0.000000000000000000e+00
0.000000000000000000e+00
0.000000000000000000e+00
0.000000000000000000e+00
0.000000000000000000e+00
0.000000000000000000e+00
0.000000000000000000e+00
0.000000000000000000e+00
0.000000000000000000e+00
0.000000000000000000e+00
0.000000000000000000e+00
0.000000000000000000e+00
0.000000000000000000e+00
0.000000000000000000e+00
0.000000000000000000e+00
0.000000000000000000e+00
0.000000000000000000e+00
0.000000000000000000e+00
0.000000000000000000e+00
0.000000000000000000e+00
0.000000000000000000e+00
0.000000000000000000e+00
0.000000000000000000e+00
0.000000000000000000e+00
0.000000000000000000e+00
0.000000000000000000e+00
0.000000000000000000e+00
0.000000000000000000e+00
0.000000000000000000e+00
0.000000000000000000e+00
0.000000000000000000e+00
0.000000000000000000e+00
0.000000000000000000e+00
0.000000000000000000e+00
0.000000000000000000e+00
0.000000000000000000e+00
0.000000000000000000e+00
0.000000000000000000e+00
0.000000000000000000e+00
0.000000000000000000e+00
0.000000000000000000e+00
0.000000000000000000e+00
0.000000000000000000e+00
0.000000000000000000e+00
0.000000000000000000e+00
0.000000000000000000e+00
0.000000000000000000e+00
0.000000000000000000e+00
0.000000000000000000e+00
0.000000000000000000e+00
0.000000000000000000e+00
0.000000000000000000e+00
0.000000000000000000e+00
0.000000000000000000e+00
0.000000000000000000e+00
0.000000000000000000e+00
0.000000000000000000e+00
0.000000000000000000e+00
0.000000000000000000e+00
0.000000000000000000e+00
0.000000000000000000e+00
0.000000000000000000e+00
0.000000000000000000e+00
0.000000000000000000e+00
0.000000000000000000e+00
0.000000000000000000e+00
0.000000000000000000e+00
0.000000000000000000e+00
0.000000000000000000e+00
0.000000000000000000e+00
0.000000000000000000e+00
0.000000000000000000e+00
0.000000000000000000e+00
0.000000000000000000e+00
0.000000000000000000e+00
0.000000000000000000e+00
0.000000000000000000e+00
0.000000000000000000e+00
0.000000000000000000e+00
0.000000000000000000e+00
0.000000000000000000e+00
0.000000000000000000e+00
0.000000000000000000e+00
0.000000000000000000e+00
0.000000000000000000e+00
0.000000000000000000e+00
0.000000000000000000e+00
0.000000000000000000e+00
0.000000000000000000e+00
0.000000000000000000e+00
0.000000000000000000e+00
0.000000000000000000e+00
0.000000000000000000e+00
0.000000000000000000e+00
0.000000000000000000e+00
0.000000000000000000e+00
0.000000000000000000e+00
0.000000000000000000e+00
0.000000000000000000e+00
0.000000000000000000e+00
0.000000000000000000e+00
0.000000000000000000e+00
0.000000000000000000e+00
0.000000000000000000e+00
0.000000000000000000e+00
0.000000000000000000e+00
0.000000000000000000e+00
0.000000000000000000e+00
0.000000000000000000e+00
0.000000000000000000e+00
0.000000000000000000e+00
0.000000000000000000e+00
0.000000000000000000e+00
0.000000000000000000e+00
0.000000000000000000e+00
0.000000000000000000e+00
0.000000000000000000e+00
0.000000000000000000e+00
0.000000000000000000e+00
0.000000000000000000e+00
0.000000000000000000e+00
0.000000000000000000e+00
0.000000000000000000e+00
0.000000000000000000e+00
0.000000000000000000e+00
0.000000000000000000e+00
0.000000000000000000e+00
0.000000000000000000e+00
0.000000000000000000e+00
0.000000000000000000e+00
0.000000000000000000e+00
0.000000000000000000e+00
0.000000000000000000e+00
0.000000000000000000e+00
0.000000000000000000e+00
0.000000000000000000e+00
0.000000000000000000e+00
0.000000000000000000e+00
0.000000000000000000e+00
0.000000000000000000e+00
0.000000000000000000e+00
0.000000000000000000e+00
0.000000000000000000e+00
0.000000000000000000e+00
0.000000000000000000e+00
0.000000000000000000e+00
0.000000000000000000e+00
0.000000000000000000e+00
0.000000000000000000e+00
0.000000000000000000e+00
0.000000000000000000e+00
0.000000000000000000e+00
0.000000000000000000e+00
0.000000000000000000e+00
0.000000000000000000e+00
0.000000000000000000e+00
0.000000000000000000e+00
0.000000000000000000e+00
0.000000000000000000e+00
0.000000000000000000e+00
0.000000000000000000e+00
0.000000000000000000e+00
0.000000000000000000e+00
0.000000000000000000e+00
0.000000000000000000e+00
0.000000000000000000e+00
0.000000000000000000e+00
0.000000000000000000e+00
0.000000000000000000e+00
0.000000000000000000e+00
0.000000000000000000e+00
0.000000000000000000e+00
0.000000000000000000e+00
0.000000000000000000e+00
0.000000000000000000e+00
0.000000000000000000e+00
0.000000000000000000e+00
0.000000000000000000e+00
0.000000000000000000e+00
0.000000000000000000e+00
0.000000000000000000e+00
0.000000000000000000e+00
0.000000000000000000e+00
0.000000000000000000e+00
0.000000000000000000e+00
0.000000000000000000e+00
0.000000000000000000e+00
0.000000000000000000e+00
0.000000000000000000e+00
0.000000000000000000e+00
0.000000000000000000e+00
0.000000000000000000e+00
0.000000000000000000e+00
0.000000000000000000e+00
0.000000000000000000e+00
0.000000000000000000e+00
0.000000000000000000e+00
0.000000000000000000e+00
