# Singular values
1.710141031015021724e+02
1.682220939795345771e+02
5.074270581869471641e+01
4.588662332927990661e+01
4.425729863618520454e+01
3.744528371763205854e+01
3.460397926064223384e+01
3.152110073088252307e+01
2.582247705909424695e+01
2.544546686512757816e+01
2.344323214341535788e+01
2.320733016724906150e+01
1.943579138048497867e+01
1.907768932009765450e+01
1.880062820968960580e+01
1.787285805169019071e+01
1.682648183508448980e+01
1.307592406651116690e+01
1.209077955781622649e+01
1.131511244014502005e+01
1.103729213989059232e+01
1.043321835375623330e+01
1.012909620423218193e+01
9.503615670512306934e+00
9.176716908075764678e+00
8.690821426408048112e+00
8.393828411741147022e+00
8.307733760809872692e+00
7.113889071126356711e+00
6.767618894468304447e+00
6.122934305223449947e+00
5.981121122751077657e+00
5.816736479450912434e+00
5.615307933943011420e+00
5.316455372990509076e+00
4.900596947393081493e+00
4.805673915473708924e+00
4.592333158802942350e+00
4.438470014112999351e+00
4.327053141246973489e+00
4.181519601148210974e+00
4.022025689110693136e+00
3.751692266421976729e+00
3.723051987069871949e+00
3.608827934775197033e+00
3.527041147553954481e+00
3.276752279168230420e+00
3.063447843897410205e+00
2.999532112061039424e+00
2.906256137672622586e+00
2.687215653295915718e+00
2.564773651752983774e+00
2.519655375211850679e+00
2.378825272668628088e+00
2.211136147955532483e+00
2.151162009162804978e+00
1.998448753909438658e+00
1.908905670136361588e+00
1.813437963869988678e+00
1.777611447645304432e+00
1.653689957717438430e+00
1.599809250751376144e+00
1.543432022586370911e+00
1.511936439878414307e+00
1.493530889029103026e+00
1.453507673027851999e+00
1.381973160311545490e+00
1.374088508741027725e+00
1.363175403419998988e+00
1.303631878930773702e+00
1.188660828238511158e+00
1.160364025710474145e+00
1.128507836785228369e+00
1.086777529776925544e+00
1.069082636205342496e+00
1.039679631861834652e+00
1.018881314260603244e+00
1.003779731761252680e+00
1.000490450095179895e+00
1.000000000000009104e+00
1.000000000000002887e+00
1.000000000000002665e+00
1.000000000000002442e+00
1.000000000000002220e+00
1.000000000000001998e+00
1.000000000000001998e+00
1.000000000000001998e+00
1.000000000000001554e+00
1.000000000000001332e+00
1.000000000000001332e+00
1.000000000000001332e+00
1.000000000000001332e+00
1.000000000000001110e+00
1.000000000000001110e+00
1.000000000000000888e+00
1.000000000000000666e+00
1.000000000000000666e+00
1.000000000000000444e+00
1.000000000000000444e+00
1.000000000000000444e+00
1.000000000000000444e+00
1.000000000000000444e+00
1.000000000000000444e+00
1.000000000000000444e+00
1.000000000000000444e+00
1.000000000000000444e+00
1.000000000000000444e+00
1.000000000000000222e+00
1.000000000000000222e+00
1.000000000000000222e+00
1.000000000000000222e+00
1.000000000000000222e+00
1.000000000000000222e+00
1.000000000000000222e+00
1.000000000000000222e+00
1.000000000000000222e+00
1.000000000000000222e+00
1.000000000000000222e+00
1.000000000000000222e+00
1.000000000000000222e+00
1.000000000000000000e+00
1.000000000000000000e+00
1.000000000000000000e+00
1.000000000000000000e+00
1.000000000000000000e+00
1.000000000000000000e+00
1.000000000000000000e+00
1.000000000000000000e+00
1.000000000000000000e+00
1.000000000000000000e+00
1.000000000000000000e+00
1.000000000000000000e+00
1.000000000000000000e+00
1.000000000000000000e+00
1.000000000000000000e+00
1.000000000000000000e+00
9.999999999999998890e-01
9.999999999999998890e-01
9.999999999999998890e-01
9.999999999999998890e-01
9.999999999999998890e-01
9.999999999999998890e-01
9.999999999999998890e-01
9.999999999999998890e-01
9.999999999999997780e-01
9.999999999999997780e-01
9.999999999999997780e-01
9.999999999999996669e-01
9.999999999999996669e-01
9.999999999999996669e-01
9.999999999999994449e-01
9.999999999999994449e-01
9.999999999999994449e-01
9.999999999999993339e-01
9.999999999999993339e-01
9.999999999999993339e-01
9.999999999999992228e-01
9.999999999999991118e-01
9.999999999999990008e-01
9.999999999999990008e-01
9.999999999999987788e-01
9.999999999999987788e-01
9.999999999999985567e-01
9.999999999999984457e-01
9.999999999999980016e-01
9.999999999999978906e-01
9.999999999999974465e-01
9.999999999999921174e-01
9.994732988483433500e-01
9.988444029498065868e-01
9.977230808963775122e-01
9.925445699881857431e-01
9.827879111324762107e-01
9.721238561301478454e-01
9.530668875158698761e-01
9.425530406156579222e-01
9.346556941950179276e-01
9.269991786554623303e-01
9.154310951823828590e-01
9.028554174465142079e-01
8.651802838268726203e-01
8.333329871754672213e-01
8.221229919096566530e-01
8.031893883467137174e-01
7.934438897975273353e-01
7.915083493236904078e-01
7.841511621430017343e-01
7.613802696473563891e-01
7.583728193325284250e-01
7.378828811891742223e-01
7.346395856583103345e-01
7.226195643685120462e-01
7.050188153030726435e-01
7.029068586885979242e-01
6.967911274346882955e-01
6.809277405351190637e-01
6.748689408951096258e-01
6.538017602990978672e-01
6.357582962401863158e-01
6.258804416635963541e-01
6.075061750265997595e-01
5.971596981748888977e-01
5.885295552472906699e-01
5.776863974401516000e-01
5.387526712266459405e-01
5.318368512590539998e-01
5.297495706869101983e-01
5.160820937915997497e-01
5.099145618361821120e-01
5.073911578136428568e-01
5.042644075574317375e-01
5.000000000000018874e-01
5.000000000000015543e-01
5.000000000000009992e-01
5.000000000000008882e-01
5.000000000000006661e-01
5.000000000000005551e-01
5.000000000000005551e-01
5.000000000000005551e-01
5.000000000000005551e-01
5.000000000000004441e-01
5.000000000000004441e-01
5.000000000000002220e-01
5.000000000000002220e-01
5.000000000000002220e-01
5.000000000000002220e-01
4.999999999999999445e-01
4.999999999999998890e-01
4.999999999999997224e-01
4.999999999999996669e-01
4.999999999999996669e-01
4.999999999999994449e-01
4.999999999999994449e-01
4.999999999999993894e-01
4.999999999999992784e-01
4.999999999999986677e-01
4.999999999999985012e-01
4.999234924051139672e-01
4.997844948820088784e-01
4.993581345653957393e-01
4.988446733061622229e-01
4.979102763821078859e-01
4.944679052713287781e-01
4.923542488785780380e-01
4.901506243219402315e-01
4.872403172575512920e-01
4.847590754770407795e-01
4.817696078149290018e-01
4.716521137448420053e-01
4.697472193997745404e-01
4.666200464712459972e-01
4.636583167420247342e-01
4.541388483785412378e-01
4.522593156901152933e-01
4.501171498630001100e-01
4.456405391657646264e-01
4.449516172620202603e-01
4.386408383159426383e-01
4.325343501081370667e-01
4.272683677597441942e-01
4.268994605969607670e-01
4.189824591600962433e-01
4.136554540585068440e-01
4.075999911941936560e-01
4.069229674930761598e-01
4.058994759320369017e-01
3.992089907605762544e-01
3.967459606158327823e-01
3.856052518675152641e-01
3.849534307900702723e-01
3.779503513871764753e-01
3.716411081436405417e-01
3.704563168250551430e-01
3.663518260045923736e-01
3.633724637869786278e-01
3.599427298056090962e-01
3.578389921792686779e-01
3.546465481829069732e-01
3.487547655508898559e-01
3.460244587407792505e-01
3.440967295753571964e-01
3.419126155614770624e-01
3.391045381225478161e-01
3.368831565074070777e-01
3.354099246656181976e-01
3.335142356031586264e-01
3.333333333333341475e-01
3.333333333333338699e-01
3.333333333333337034e-01
3.333333333333337034e-01
3.333333333333337034e-01
3.333333333333335924e-01
3.333333333333335369e-01
3.333333333333335369e-01
3.333333333333335369e-01
3.333333333333334814e-01
3.333333333333334259e-01
3.333333333333334259e-01
3.333333333333334259e-01
3.333333333333334259e-01
3.333333333333334259e-01
3.333333333333333148e-01
3.333333333333333148e-01
3.333333333333333148e-01
3.333333333333332593e-01
3.333333333333332593e-01
3.333333333333332593e-01
3.333333333333332593e-01
3.333333333333332593e-01
3.333333333333332593e-01
3.333333333333332593e-01
3.333333333333332038e-01
3.333333333333332038e-01
3.333333333333332038e-01
3.333333333333332038e-01
3.333333333333332038e-01
3.333333333333332038e-01
3.333333333333332038e-01
3.333333333333332038e-01
3.333333333333332038e-01
3.333333333333332038e-01
3.333333333333332038e-01
3.333333333333332038e-01
3.333333333333332038e-01
3.333333333333332038e-01
3.333333333333331483e-01
3.333333333333331483e-01
3.333333333333331483e-01
3.333333333333331483e-01
3.333333333333331483e-01
3.333333333333330928e-01
3.333333333333330928e-01
3.333333333333330928e-01
3.333333333333330928e-01
3.333333333333330928e-01
3.333333333333330373e-01
3.333333333333330373e-01
3.333333333333330373e-01
3.333333333333330373e-01
3.333333333333330373e-01
3.333333333333329263e-01
3.333333333333328707e-01
3.333333333333328707e-01
3.333333333333328707e-01
3.333333333333328707e-01
3.333333333333328707e-01
3.333333333333328152e-01
3.333333333333328152e-01
3.333333333333328152e-01
3.333333333333327597e-01
3.333333333333327042e-01
3.333333333333326487e-01
3.333333333333325932e-01
3.333333333333322046e-01
3.330149616152133230e-01
3.320003218501045295e-01
3.313407361349823832e-01
3.273863760073497109e-01
3.264908845602171317e-01
3.226796499384761430e-01
3.212308580563131843e-01
3.202194069184713388e-01
3.191512689618795640e-01
3.163848309202909048e-01
3.133012181486086734e-01
3.104763320049931941e-01
3.062882693035017811e-01
3.049281584589799698e-01
3.038450287965123731e-01
3.004739238523386757e-01
2.999891120907037800e-01
2.978690898229842121e-01
2.924617438278386827e-01
2.913385705755095478e-01
2.907908222226946449e-01
2.888195595993077180e-01
2.871999853404402225e-01
2.839693521399208054e-01
2.827208498086909993e-01
2.815512757095532392e-01
2.800986067554841474e-01
2.757264930684493187e-01
2.734124634719925506e-01
2.698395759946246031e-01
2.683820655578560976e-01
2.676313912839985432e-01
2.632403745511556759e-01
2.618233650562745152e-01
2.583659343085074056e-01
2.573876525560276352e-01
2.571781429834982813e-01
2.520815901044532459e-01
2.506855009484061925e-01
2.500000000000002776e-01
2.500000000000001665e-01
2.500000000000001110e-01
2.500000000000001110e-01
2.500000000000000555e-01
2.500000000000000000e-01
2.500000000000000000e-01
2.500000000000000000e-01
2.499999999999998612e-01
2.499999999999998612e-01
2.499999999999997780e-01
2.499999999999997502e-01
2.499999999999996947e-01
2.499999999999992506e-01
2.499790600821880093e-01
2.493721190692976819e-01
2.483199140164399910e-01
2.471654104021321074e-01
2.456610872165367609e-01
2.449807771697955494e-01
2.440501412675297743e-01
2.424771880287875103e-01
2.417894791709263858e-01
2.390323565591334631e-01
2.365532609863866820e-01
2.352682113280496756e-01
2.330845882496039301e-01
2.311811972577506313e-01
2.294981028455159999e-01
2.274571238263933537e-01
2.252996877584950985e-01
2.240582622977646821e-01
2.234751538599473730e-01
2.213853368765389129e-01
2.180600035870770559e-01
2.165645037676896256e-01
2.156995683841443356e-01
2.141962540398380521e-01
2.122826068699050495e-01
2.116327092808624466e-01
2.092291459592536818e-01
2.067806390282308227e-01
2.063131298068836827e-01
2.039543588669143204e-01
2.013114510049050232e-01
2.000000000000004274e-01
2.000000000000000944e-01
1.999999999999999833e-01
1.995779338295315120e-01
1.975734982127959616e-01
1.971260108766689778e-01
1.948681587339075594e-01
1.947187647244234543e-01
1.921746402873726334e-01
1.910131697399129469e-01
1.890188416856381504e-01
1.876927437588634673e-01
1.867086623386803035e-01
1.833065486273774969e-01
1.818525995800041595e-01
1.811022180849081176e-01
1.792932249279970414e-01
1.780068776334909064e-01
1.759348875307333304e-01
1.747061851184778802e-01
1.740568218031380843e-01
1.722135690077702397e-01
1.712551515939679248e-01
1.691553536301320104e-01
1.681089418164004035e-01
1.666666666666667407e-01
1.666666666666666019e-01
1.660132949523593915e-01
1.646338113703944284e-01
1.643177837067704983e-01
1.611972776067950031e-01
1.609772485478407067e-01
1.597304921352923068e-01
1.588487715367126463e-01
1.578229707631687850e-01
1.572298222750144747e-01
1.556228582516244185e-01
1.541855865193337283e-01
1.538358471071765432e-01
1.528984187864522171e-01
1.526066352049648134e-01
1.510315951907866827e-01
1.471355821678357600e-01
1.466329876988985148e-01
1.463009024479737796e-01
1.450274845403808632e-01
1.438908539252470586e-01
1.431999367413167301e-01
1.425139617485007282e-01
1.414845021181986018e-01
1.404439430264883271e-01
1.403614001044754533e-01
1.391517307789128244e-01
1.386949721208618758e-01
1.369132522206166491e-01
1.359990544332290441e-01
1.350317357733600843e-01
1.331771026909520372e-01
1.322145059172924186e-01
1.310184082237018655e-01
1.304058548238213044e-01
1.294718419514395424e-01
1.258179772605294011e-01
1.253994041884065047e-01
1.247292780004814056e-01
1.240619876359373291e-01
1.229837082084351829e-01
1.226944697703662990e-01
1.213945058826936541e-01
1.202428007037010249e-01
1.192828231321042542e-01
1.181272640024990522e-01
1.177792064638850805e-01
1.174315443744928800e-01
1.163055295266947758e-01
1.151907379689630362e-01
1.147705754551479052e-01
1.136971253688878608e-01
1.135545586226555104e-01
1.129408921063773941e-01
1.119664994344616027e-01
1.115641561478051824e-01
1.112095911167961942e-01
1.111111111111111882e-01
1.111111111111111466e-01
1.102892464197039735e-01
1.099591440135658099e-01
1.096598655410766926e-01
1.086042234644602061e-01
1.083603115300161568e-01
1.076583467598185295e-01
1.070898375264722896e-01
1.067269649335398085e-01
1.066095596022871295e-01
1.059113441392431493e-01
1.053783203530162388e-01
1.040014190503730784e-01
1.035630326290289255e-01
1.030842536502018097e-01
1.025495973350984691e-01
1.019166106367461050e-01
1.013430124150563882e-01
1.010353967996252267e-01
9.976497236655960943e-02
9.914277999702787725e-02
9.862883073587803973e-02
9.774925982026266835e-02
9.736198564391071453e-02
9.688366943960165234e-02
9.671585585015891884e-02
9.633681736811378071e-02
9.602154411758795360e-02
9.578602063156446689e-02
9.516441334495910620e-02
9.489891944223531606e-02
9.444940520744156409e-02
9.337919163810007306e-02
9.291444316721456098e-02
9.224896792320014249e-02
9.184000769995467883e-02
9.139500181600024309e-02
9.108825681794030515e-02
9.090909090909100876e-02
9.076031363755368564e-02
9.044604372873614462e-02
8.979548273563130178e-02
8.865371099064270344e-02
8.808986906854578136e-02
8.763625981426609313e-02
8.754926244203742325e-02
8.703666288571311471e-02
8.630079257803011106e-02
8.597436180422375618e-02
8.558068304222854472e-02
8.528635483747293300e-02
8.451997066603032793e-02
8.416322267632693477e-02
8.369568270778464381e-02
8.332499845140263484e-02
8.292755209058146060e-02
8.256408923133810862e-02
8.217149966239191416e-02
8.162684824464228051e-02
8.081153689093753534e-02
8.044134132876951115e-02
8.036681663989850288e-02
7.978284911782594635e-02
7.916295891971422694e-02
7.853929505175656633e-02
7.819060299536613468e-02
7.797437571495179076e-02
7.726571919064248450e-02
7.692307692307694122e-02
7.692307692307689959e-02
7.692307692307684408e-02
7.680333556180710119e-02
7.655231450768479329e-02
7.628044048036888847e-02
7.544384188849845296e-02
7.509401695361817008e-02
7.491889464780790431e-02
7.414165572911209090e-02
7.397015228960995836e-02
7.339868915466854493e-02
7.271670947621716730e-02
7.259035582418112142e-02
7.243333958458154920e-02
7.190939314579769537e-02
7.147443923349190709e-02
7.084698554053724118e-02
7.059647054770969155e-02
7.005634285353325164e-02
6.986569622903412990e-02
6.924841520284588658e-02
6.887558725089663880e-02
6.837477750181125691e-02
6.789148323382444838e-02
6.754429648323685698e-02
6.733825928778743031e-02
6.700127075960121692e-02
6.679506125797246563e-02
6.616459287399645284e-02
6.579198782272950574e-02
6.545779448611205309e-02
6.498319277218449208e-02
6.488948004879722953e-02
6.467541599147677567e-02
6.409094783796610850e-02
6.370780570939524323e-02
6.338183027643962131e-02
6.313230561038046806e-02
6.268356529001725685e-02
6.225381226486592645e-02
6.134520819220152382e-02
6.114825939983010300e-02
6.063000425841754554e-02
6.037504862086770507e-02
5.985483306970316997e-02
5.954974243127188899e-02
5.926798476608938909e-02
5.877478179444394629e-02
5.812895419552325388e-02
5.793914637326674777e-02
5.745749993451956111e-02
5.731065938557938777e-02
5.659583390918427465e-02
5.598398224600949213e-02
5.563874118510125227e-02
5.513328772188649807e-02
5.442194432505268603e-02
5.408746108135670944e-02
5.352338207893198030e-02
5.345324677554210563e-02
5.287928078467136334e-02
5.230743497943603215e-02
5.213011708196379351e-02
5.180242110826291380e-02
5.128084790908497143e-02
5.075772162871780568e-02
5.058768157126340703e-02
5.020920358886302171e-02
4.978440763472578856e-02
4.949632857994243351e-02
4.892457424518140141e-02
4.842914328700868160e-02
4.813586113838463215e-02
4.786068110088417121e-02
4.750909134511383664e-02
4.725833074139569601e-02
4.693089030210975676e-02
4.673615784330939493e-02
4.650985766244684211e-02
4.626154883045328903e-02
4.596434300689229008e-02
4.519425856689789772e-02
4.479104840039978275e-02
4.414966190478973596e-02
4.353525159430389480e-02
4.317940736769118604e-02
4.279777930470603925e-02
4.205261347627336360e-02
4.121210344087793132e-02
4.092989803983154706e-02
4.041215546645156309e-02
4.022324135257926425e-02
3.944150269680529730e-02
3.908924794120992308e-02
3.878535486878229716e-02
3.785011358009264526e-02
3.704658508168173076e-02
3.644960266699778795e-02
3.569763124489080258e-02
3.541721174639087671e-02
3.478625178140538898e-02
3.425564055236312438e-02
3.316316939238075218e-02
3.221431222073611184e-02
3.146927033764716775e-02
3.083979133294567285e-02
2.999699124441303905e-02
2.935612219538943912e-02
2.875036747502923706e-02
2.846390155459697230e-02
2.703388087559645270e-02
2.597196959078437034e-02
2.556420273555956579e-02
2.461450686769338023e-02
2.369149307539180488e-02
2.303972016139801959e-02
2.083438013851844975e-02
2.042406017985646735e-02
1.936019906284137254e-02
1.915095603973560046e-02
1.896427992077302782e-02
1.806233439514222383e-02
1.666617863555220486e-02
1.606085146182842718e-02
1.418723815798517141e-02
1.377651989347948927e-02
1.310146884303690570e-02
1.274645841831164791e-02
1.139870837099907046e-02
1.122496023079764399e-02
9.900512310444592110e-03
9.377086284471855548e-03
8.469316589411133786e-03
8.200926465042820968e-03
7.512666523073407814e-03
7.293955044530149937e-03
6.293974829317367306e-03
5.722817008357140335e-03
5.244475560061652615e-03
4.568121534631673641e-03
4.167080380741618878e-03
2.842267758650414509e-03
2.504564355298592119e-03
1.926744357990516987e-03
8.856914972331315582e-15
7.610377019455129203e-15
5.038605195859418322e-15
3.875430246311788812e-15
2.987487928361531891e-15
2.268510323916956491e-15
2.058214181770827868e-15
1.491051332494357078e-15
1.182388163733873125e-15
1.027053235425794186e-15
8.916583933317686976e-16
7.528319171510009321e-16
7.212496582658154165e-16
6.562045695147460774e-16
6.298689301413844959e-16
6.196613584872985182e-16
6.043135735761805144e-16
5.928397552682470528e-16
5.680634269819883523e-16
5.536085586433296367e-16
5.427991248252222699e-16
5.173185281344420355e-16
5.057951469622189674e-16
4.808446334305217795e-16
4.764853649851706222e-16
4.542900750830887652e-16
4.355266143044713654e-16
4.284633224935263687e-16
4.201328478049898620e-16
4.122456043617031538e-16
4.071003067843562754e-16
3.949373331671362174e-16
3.869570919427847583e-16
3.762114968432435959e-16
3.709043193101185900e-16
3.554859649819153349e-16
3.437766093588941288e-16
3.306394320293970774e-16
3.272244343402535471e-16
3.256228399721206550e-16
3.145957494911275732e-16
3.117923220329358795e-16
2.985352883885349361e-16
2.897652969345614949e-16
2.844761853967810475e-16
2.694763770473811003e-16
2.574641403795263958e-16
2.504617456771877465e-16
2.431761420921670408e-16
2.340483592192479206e-16
2.251547332516746984e-16
2.242494048173777183e-16
2.156772779375506578e-16
2.109005245363488415e-16
1.992783756540912944e-16
1.960201467808203384e-16
1.890729337051855742e-16
1.858620233812468044e-16
1.796677127805153500e-16
1.716146047622658219e-16
1.665635278815760082e-16
1.614638232096588678e-16
1.537059395421442956e-16
1.521461893257553708e-16
1.442901171455742885e-16
1.420410690116683093e-16
1.288873996069973459e-16
1.232017507766065335e-16
1.209527159929477040e-16
1.119882429666742775e-16
1.118030526308310083e-16
1.038460149629912354e-16
9.980147005269004988e-17
9.522575104849105016e-17
9.175998924122340282e-17
8.607355049832794578e-17
8.062834879177706742e-17
7.842409227187597384e-17
7.384994330655874567e-17
6.844387470793939972e-17
6.394784062469500970e-17
6.013886061997646973e-17
5.616641462233548005e-17
4.888093021836810395e-17
4.537545876708500302e-17
3.930215204782380091e-17
3.753605458978878302e-17
3.438187429259947134e-17
2.860858925284655211e-17
2.583724825326034966e-17
2.163934615334723911e-17
1.757611018647797712e-17
1.367590962671749799e-17
1.247386967989571868e-17
9.246009865189380986e-18
6.339357152349492389e-18
4.171029290699171788e-18
5.282318368187188994e-32
4.088432284393111922e-32
9.330219869765289231e-33
9.274335324579546042e-34
7.791386966270668897e-35
5.604023303815621159e-49
