# Singular values
1.429488945007324219e+01
1.301247119903564453e+01
1.006555461883544922e+01
9.412531852722167969e+00
8.599702835083007812e+00
8.239203453063964844e+00
7.955825328826904297e+00
7.519943714141845703e+00
7.354868888854980469e+00
7.012452125549316406e+00
6.834614753723144531e+00
6.825477123260498047e+00
6.688954353332519531e+00
6.308541774749755859e+00
6.199674129486083984e+00
5.932515144348144531e+00
5.643846511840820312e+00
5.547894001007080078e+00
5.399540901184082031e+00
5.264249324798583984e+00
5.177597522735595703e+00
5.127401828765869141e+00
5.033985137939453125e+00
4.984767436981201172e+00
4.974191188812255859e+00
4.925288200378417969e+00
4.905433654785156250e+00
4.890933990478515625e+00
4.868754863739013672e+00
4.780772686004638672e+00
4.756307601928710938e+00
4.716679096221923828e+00
4.697320461273193359e+00
4.643121242523193359e+00
4.630100250244140625e+00
4.598104953765869141e+00
4.568519115447998047e+00
4.527361392974853516e+00
4.521731853485107422e+00
4.501873493194580078e+00
4.471054077148437500e+00
4.455587863922119141e+00
4.412449836730957031e+00
4.391539096832275391e+00
4.370605468750000000e+00
4.348211765289306641e+00
4.338197708129882812e+00
4.291911602020263672e+00
4.267492771148681641e+00
4.260772228240966797e+00
4.251286029815673828e+00
4.217590332031250000e+00
4.184113025665283203e+00
4.164453506469726562e+00
4.136838436126708984e+00
4.120962619781494141e+00
4.098812103271484375e+00
4.087039470672607422e+00
4.063355922698974609e+00
4.029497623443603516e+00
4.004551410675048828e+00
3.994939804077148438e+00
3.979704856872558594e+00
3.970520734786987305e+00
3.949114799499511719e+00
3.932829141616821289e+00
3.904588699340820312e+00
3.885738849639892578e+00
3.872529029846191406e+00
3.855268478393554688e+00
3.845902919769287109e+00
3.824059963226318359e+00
3.803501605987548828e+00
3.796046733856201172e+00
3.788970708847045898e+00
3.749190330505371094e+00
3.731343984603881836e+00
3.716562986373901367e+00
3.706039428710937500e+00
3.697418212890625000e+00
3.692628383636474609e+00
3.670350551605224609e+00
3.648913145065307617e+00
3.644468307495117188e+00
3.619236946105957031e+00
3.594814062118530273e+00
3.582017421722412109e+00
3.571908712387084961e+00
3.549716949462890625e+00
3.537154436111450195e+00
3.531463384628295898e+00
3.529666900634765625e+00
3.483772277832031250e+00
3.475288867950439453e+00
3.464638710021972656e+00
3.454163312911987305e+00
3.446715593338012695e+00
3.430694341659545898e+00
3.425574779510498047e+00
3.415334939956665039e+00
3.408198833465576172e+00
3.396080970764160156e+00
3.379018783569335938e+00
3.359359979629516602e+00
3.341047286987304688e+00
3.335731744766235352e+00
3.319638490676879883e+00
3.311328411102294922e+00
3.307168245315551758e+00
3.294264316558837891e+00
3.284343957901000977e+00
3.264001131057739258e+00
3.261233806610107422e+00
3.232858419418334961e+00
3.218680858612060547e+00
3.207628965377807617e+00
3.195343494415283203e+00
3.185435295104980469e+00
3.171774387359619141e+00
3.169432878494262695e+00
3.166698217391967773e+00
3.145235061645507812e+00
3.129409790039062500e+00
3.125477075576782227e+00
3.116415023803710938e+00
3.105263948440551758e+00
3.083094120025634766e+00
3.058222532272338867e+00
3.053189277648925781e+00
3.046283960342407227e+00
3.042123079299926758e+00
3.035805463790893555e+00
3.014476299285888672e+00
3.003229141235351562e+00
2.994065046310424805e+00
2.972717285156250000e+00
2.956037759780883789e+00
2.946995973587036133e+00
2.937184095382690430e+00
2.933966159820556641e+00
2.928380012512207031e+00
2.913003921508789062e+00
2.901722192764282227e+00
2.895064592361450195e+00
2.880970478057861328e+00
2.866468191146850586e+00
2.857980489730834961e+00
2.848057985305786133e+00
2.833563566207885742e+00
2.822221279144287109e+00
2.818372964859008789e+00
2.813620567321777344e+00
2.797333717346191406e+00
2.790224075317382812e+00
2.781475067138671875e+00
2.773363351821899414e+00
2.759577751159667969e+00
2.753563404083251953e+00
2.732762813568115234e+00
2.717081069946289062e+00
2.704636573791503906e+00
2.696472167968750000e+00
2.691340684890747070e+00
2.690078735351562500e+00
2.671854496002197266e+00
2.665910720825195312e+00
2.649606466293334961e+00
2.631756305694580078e+00
2.628295898437500000e+00
2.614261388778686523e+00
2.602468490600585938e+00
2.601071596145629883e+00
2.593549013137817383e+00
2.584133625030517578e+00
2.574509859085083008e+00
2.567181110382080078e+00
2.558239936828613281e+00
2.551361322402954102e+00
2.532782316207885742e+00
2.524075031280517578e+00
2.518046140670776367e+00
2.509204387664794922e+00
2.489848613739013672e+00
2.486984729766845703e+00
2.479777097702026367e+00
2.470815896987915039e+00
2.463251829147338867e+00
2.453835248947143555e+00
2.442555427551269531e+00
2.436505556106567383e+00
2.429748058319091797e+00
2.426237344741821289e+00
2.416281938552856445e+00
2.394952058792114258e+00
2.393087863922119141e+00
2.384508609771728516e+00
2.377267360687255859e+00
2.367607116699218750e+00
2.349604368209838867e+00
2.348541021347045898e+00
2.334496021270751953e+00
2.332425117492675781e+00
2.323999404907226562e+00
2.308254480361938477e+00
2.302303552627563477e+00
2.295114517211914062e+00
2.288925170898437500e+00
2.282810449600219727e+00
2.267976045608520508e+00
2.257987976074218750e+00
2.253795623779296875e+00
2.243078470230102539e+00
2.236746311187744141e+00
2.224119186401367188e+00
2.219748973846435547e+00
2.210155010223388672e+00
2.198506593704223633e+00
2.190171241760253906e+00
2.183991193771362305e+00
2.177268743515014648e+00
2.168238639831542969e+00
2.153647661209106445e+00
2.150576114654541016e+00
2.147286653518676758e+00
2.141841888427734375e+00
2.120733499526977539e+00
2.118245124816894531e+00
2.112545251846313477e+00
2.107210159301757812e+00
2.099103689193725586e+00
2.082200527191162109e+00
2.077232837677001953e+00
2.069338321685791016e+00
2.066477298736572266e+00
2.053128957748413086e+00
2.052901029586791992e+00
2.036408662796020508e+00
2.031983137130737305e+00
2.028553247451782227e+00
2.013233900070190430e+00
2.004847288131713867e+00
1.996909618377685547e+00
1.995072007179260254e+00
1.981933116912841797e+00
1.976810336112976074e+00
1.967346191406250000e+00
1.964781999588012695e+00
1.962428689002990723e+00
1.953101277351379395e+00
1.938485026359558105e+00
1.934884548187255859e+00
1.924772620201110840e+00
1.916377782821655273e+00
1.903826832771301270e+00
1.899495124816894531e+00
1.885931491851806641e+00
1.884070396423339844e+00
1.872550010681152344e+00
1.868852257728576660e+00
1.863652825355529785e+00
1.859205842018127441e+00
1.852375507354736328e+00
1.842850565910339355e+00
1.837205290794372559e+00
1.834847450256347656e+00
1.826815128326416016e+00
1.814590573310852051e+00
1.810212731361389160e+00
1.805416584014892578e+00
1.794554471969604492e+00
1.788689970970153809e+00
1.782087206840515137e+00
1.777313947677612305e+00
1.774129033088684082e+00
1.763998985290527344e+00
1.756462454795837402e+00
1.742753148078918457e+00
1.739039421081542969e+00
1.734121322631835938e+00
1.730586409568786621e+00
1.725356101989746094e+00
1.711340546607971191e+00
1.705003380775451660e+00
1.695640921592712402e+00
1.690178751945495605e+00
1.685350179672241211e+00
1.678986191749572754e+00
1.674850702285766602e+00
1.665234923362731934e+00
1.657925248146057129e+00
1.650301456451416016e+00
1.645139932632446289e+00
1.635122179985046387e+00
1.627149105072021484e+00
1.618584990501403809e+00
1.612425088882446289e+00
1.610991597175598145e+00
1.603960037231445312e+00
1.597766995429992676e+00
1.593771100044250488e+00
1.583467960357666016e+00
1.582658052444458008e+00
1.574898123741149902e+00
1.568883180618286133e+00
1.564442634582519531e+00
1.546460628509521484e+00
1.537940144538879395e+00
1.533716559410095215e+00
1.527543783187866211e+00
1.519154071807861328e+00
1.511250615119934082e+00
1.505325317382812500e+00
1.497786760330200195e+00
1.497048854827880859e+00
1.489714026451110840e+00
1.482996582984924316e+00
1.481869697570800781e+00
1.475735425949096680e+00
1.471493005752563477e+00
1.461154818534851074e+00
1.458149552345275879e+00
1.455247521400451660e+00
1.450991749763488770e+00
1.444018840789794922e+00
1.437321543693542480e+00
1.427345752716064453e+00
1.420282721519470215e+00
1.410136938095092773e+00
1.407891392707824707e+00
1.400609135627746582e+00
1.394977927207946777e+00
1.393191576004028320e+00
1.387040615081787109e+00
1.379854083061218262e+00
1.369390845298767090e+00
1.363459706306457520e+00
1.355268239974975586e+00
1.352592110633850098e+00
1.345618128776550293e+00
1.341088652610778809e+00
1.336688160896301270e+00
1.326970458030700684e+00
1.323527097702026367e+00
1.317581415176391602e+00
1.313627958297729492e+00
1.311727285385131836e+00
1.307434558868408203e+00
1.303684592247009277e+00
1.296976089477539062e+00
1.283417940139770508e+00
1.279897809028625488e+00
1.275448918342590332e+00
1.270429372787475586e+00
1.263150334358215332e+00
1.259374737739562988e+00
1.254240393638610840e+00
1.246489405632019043e+00
1.243318080902099609e+00
1.238039374351501465e+00
1.236234545707702637e+00
1.220710277557373047e+00
1.218968391418457031e+00
1.214055418968200684e+00
1.211858749389648438e+00
1.209142804145812988e+00
1.188302159309387207e+00
1.185770869255065918e+00
1.182120203971862793e+00
1.179561257362365723e+00
1.172928571701049805e+00
1.167505621910095215e+00
1.163754224777221680e+00
1.158725738525390625e+00
1.155056118965148926e+00
1.147884130477905273e+00
1.147148251533508301e+00
1.138408064842224121e+00
1.129517674446105957e+00
1.125929355621337891e+00
1.121459007263183594e+00
1.116319179534912109e+00
1.111157178878784180e+00
1.107356190681457520e+00
1.104539394378662109e+00
1.103418707847595215e+00
1.097813367843627930e+00
1.077574968338012695e+00
1.075896978378295898e+00
1.074653387069702148e+00
1.067722916603088379e+00
1.064387798309326172e+00
1.059606909751892090e+00
1.058711767196655273e+00
1.056947588920593262e+00
1.050917148590087891e+00
1.039714932441711426e+00
1.036605358123779297e+00
1.033169150352478027e+00
1.026743292808532715e+00
1.024871826171875000e+00
1.014336705207824707e+00
1.010691165924072266e+00
9.998797178268432617e-01
9.934972524642944336e-01
9.883660674095153809e-01
9.848576188087463379e-01
9.767788648605346680e-01
9.739118814468383789e-01
9.685445427894592285e-01
9.659023880958557129e-01
9.617016315460205078e-01
9.594681859016418457e-01
9.503499865531921387e-01
9.463242888450622559e-01
9.397452473640441895e-01
9.380483031272888184e-01
9.324215650558471680e-01
9.281921982765197754e-01
9.226976037025451660e-01
9.193946719169616699e-01
9.080390334129333496e-01
9.015300273895263672e-01
8.974006175994873047e-01
8.952409625053405762e-01
8.885911107063293457e-01
8.838266134262084961e-01
8.780395388603210449e-01
8.752816319465637207e-01
8.715585470199584961e-01
8.670329451560974121e-01
8.600444793701171875e-01
8.576469421386718750e-01
8.532227277755737305e-01
8.504908680915832520e-01
8.436566591262817383e-01
8.419370651245117188e-01
8.369919657707214355e-01
8.348376154899597168e-01
8.278340101242065430e-01
8.233916163444519043e-01
8.204838037490844727e-01
8.153492808341979980e-01
8.140454888343811035e-01
8.069517612457275391e-01
8.036113977432250977e-01
7.952185869216918945e-01
7.914595603942871094e-01
7.848063707351684570e-01
7.796981930732727051e-01
7.767212390899658203e-01
7.701862454414367676e-01
7.680085301399230957e-01
7.643725872039794922e-01
7.629073858261108398e-01
7.565351724624633789e-01
7.530980706214904785e-01
7.458974719047546387e-01
7.449868917465209961e-01
7.409696578979492188e-01
7.361280322074890137e-01
7.334399223327636719e-01
7.294076085090637207e-01
7.223190069198608398e-01
7.200923562049865723e-01
7.150162458419799805e-01
7.061684131622314453e-01
7.039636373519897461e-01
7.000486850738525391e-01
6.951991915702819824e-01
6.914490461349487305e-01
6.881729364395141602e-01
6.826788783073425293e-01
6.796165108680725098e-01
6.717824935913085938e-01
6.686272621154785156e-01
6.647282242774963379e-01
6.606186628341674805e-01
6.550716757774353027e-01
6.546928286552429199e-01
6.510763764381408691e-01
6.430900096893310547e-01
6.349038481712341309e-01
6.325044631958007812e-01
6.283122897148132324e-01
6.245542764663696289e-01
6.236152052879333496e-01
6.216722130775451660e-01
6.174758076667785645e-01
6.153739690780639648e-01
6.107040643692016602e-01
6.070280075073242188e-01
6.019660830497741699e-01
6.003218293190002441e-01
5.982818603515625000e-01
5.920646786689758301e-01
5.825024247169494629e-01
5.808157324790954590e-01
5.768130421638488770e-01
5.738475322723388672e-01
5.710324645042419434e-01
5.674940943717956543e-01
5.596973299980163574e-01
5.559849739074707031e-01
5.533840060234069824e-01
5.497676134109497070e-01
5.432354211807250977e-01
5.417296886444091797e-01
5.372561812400817871e-01
5.306604504585266113e-01
5.270023941993713379e-01
5.231698751449584961e-01
5.221065282821655273e-01
5.199479460716247559e-01
5.100834965705871582e-01
5.073967576026916504e-01
4.999302029609680176e-01
4.973061084747314453e-01
4.940606355667114258e-01
4.929336309432983398e-01
4.900579452514648438e-01
4.841087758541107178e-01
4.825062453746795654e-01
4.779869019985198975e-01
4.747896194458007812e-01
4.727045297622680664e-01
4.716008901596069336e-01
4.644029736518859863e-01
4.612734019756317139e-01
4.581280946731567383e-01
4.508832693099975586e-01
4.504632651805877686e-01
4.440538585186004639e-01
4.403069615364074707e-01
4.352985322475433350e-01
4.326783120632171631e-01
4.283782839775085449e-01
4.244929850101470947e-01
4.182356595993041992e-01
4.143769145011901855e-01
4.115709662437438965e-01
4.090677797794342041e-01
4.056048989295959473e-01
4.027940928936004639e-01
4.007333815097808838e-01
3.967361748218536377e-01
3.915115296840667725e-01
3.876608312129974365e-01
3.811391592025756836e-01
3.794740736484527588e-01
3.769928812980651855e-01
3.758256435394287109e-01
3.682035803794860840e-01
3.609381914138793945e-01
3.590960502624511719e-01
3.569831550121307373e-01
3.553209304809570312e-01
3.533296883106231689e-01
3.504475355148315430e-01
3.479577600955963135e-01
3.398593068122863770e-01
3.370832800865173340e-01
3.336957693099975586e-01
3.307760059833526611e-01
3.281325995922088623e-01
3.218697011470794678e-01
3.192272484302520752e-01
3.161584436893463135e-01
3.132263422012329102e-01
3.076450526714324951e-01
3.036642372608184814e-01
3.020723760128021240e-01
2.950862944126129150e-01
2.933828532695770264e-01
2.906280755996704102e-01
2.878527343273162842e-01
2.847265601158142090e-01
2.796841263771057129e-01
2.751705348491668701e-01
2.715933918952941895e-01
2.691438496112823486e-01
2.680270969867706299e-01
2.665160596370697021e-01
2.608532309532165527e-01
2.594574093818664551e-01
2.567836344242095947e-01
2.502445280551910400e-01
2.489655762910842896e-01
2.454090863466262817e-01
2.450026273727416992e-01
2.415310889482498169e-01
2.357683330774307251e-01
2.289375662803649902e-01
2.256495505571365356e-01
2.246407419443130493e-01
2.215775847434997559e-01
2.184350788593292236e-01
2.152904272079467773e-01
2.100753337144851685e-01
2.071282863616943359e-01
2.036204785108566284e-01
1.992996484041213989e-01
1.977074742317199707e-01
1.924125701189041138e-01
1.901495605707168579e-01
1.882637292146682739e-01
1.857793331146240234e-01
1.838513463735580444e-01
1.790779232978820801e-01
1.760886609554290771e-01
1.741822212934494019e-01
1.728788316249847412e-01
1.681169420480728149e-01
1.654338985681533813e-01
1.605594307184219360e-01
1.569664180278778076e-01
1.556671112775802612e-01
1.501160413026809692e-01
1.443241089582443237e-01
1.439808309078216553e-01
1.400464773178100586e-01
1.390318125486373901e-01
1.342885196208953857e-01
1.329766064882278442e-01
1.307064741849899292e-01
1.278488337993621826e-01
1.254905611276626587e-01
1.220570281147956848e-01
1.174298152327537537e-01
1.139182522892951965e-01
1.090700626373291016e-01
1.070932969450950623e-01
1.038392782211303711e-01
1.033682525157928467e-01
1.001623049378395081e-01
9.854823350906372070e-02
9.459023177623748779e-02
9.074634313583374023e-02
8.802614361047744751e-02
8.391334116458892822e-02
8.061566203832626343e-02
7.556206732988357544e-02
7.384083420038223267e-02
7.134888321161270142e-02
6.895603239536285400e-02
6.669978052377700806e-02
6.389953941106796265e-02
6.031928583979606628e-02
5.762501433491706848e-02
5.260702967643737793e-02
4.845865815877914429e-02
4.702155292034149170e-02
4.394487291574478149e-02
4.070150852203369141e-02
3.917392343282699585e-02
3.728309273719787598e-02
3.369472920894622803e-02
2.922900579869747162e-02
2.769370004534721375e-02
2.613482996821403503e-02
2.299936302006244659e-02
2.206778526306152344e-02
1.747579500079154968e-02
1.675318926572799683e-02
1.273201964795589447e-02
9.865285828709602356e-03
6.221682298928499222e-03
3.700024448335170746e-03
1.877759234048426151e-03
1.520641380921006203e-03
