# Singular values
2.703687596315434405e+01
1.847294680478912454e+01
1.518792036099204346e+01
1.098424895274771096e+01
1.054884420678193813e+01
9.920841298229161609e+00
9.743714828000245021e+00
9.263372908335686162e+00
9.024478306986088327e+00
8.706390114510062617e+00
8.203599933530369981e+00
7.838068721467853273e+00
7.299585303641349832e+00
7.156382115304054103e+00
6.391404971928316137e+00
6.097382561913351928e+00
5.641042487444080322e+00
5.365356322279591694e+00
5.279330836538692395e+00
4.726217507156182940e+00
4.551032461383010208e+00
4.317657751033384450e+00
3.877253196706411220e+00
3.805807040281186548e+00
3.710289952875161834e+00
3.391901939726753135e+00
3.225759858816135583e+00
3.069969195779457927e+00
2.993759685359792311e+00
2.951811773667436078e+00
2.865010814895307067e+00
2.753683390704563472e+00
2.669723523385632014e+00
2.563325372595960161e+00
2.502621329013064333e+00
2.323746478241078162e+00
2.193832158726116699e+00
2.124486286356880083e+00
2.096826749504050014e+00
1.953486481773063055e+00
1.920463501634920966e+00
1.866624394165746326e+00
1.826457248300880520e+00
1.752256203229703768e+00
1.697450637418788988e+00
1.652008744390292883e+00
1.588079267164005381e+00
1.547792810632462546e+00
1.407491744742135342e+00
1.350390258397333065e+00
1.328865953789275967e+00
1.296642616852522911e+00
1.274680324626323635e+00
1.246490572031895061e+00
1.235492792467999701e+00
1.201594070016786198e+00
1.179530649748990134e+00
1.150864125772169455e+00
1.063479132742340738e+00
1.046848532427822942e+00
1.007499726956578856e+00
9.891234123063353811e-01
9.571449909607798734e-01
9.171500692880656391e-01
8.767459297286296360e-01
8.745850957371046341e-01
8.290955195006576295e-01
8.128446576243295585e-01
7.995462119205221097e-01
7.763824200645395024e-01
7.544254076428053013e-01
7.481051820028306043e-01
7.285181498961135205e-01
7.112850867035185320e-01
6.971407694499516250e-01
6.897941334055578411e-01
6.767197494734484842e-01
6.697553002029806857e-01
6.505402185009141469e-01
6.367133368268675930e-01
6.117125998683430321e-01
6.000347357785053015e-01
5.779760844667637398e-01
5.554550432154805595e-01
5.531718853830613902e-01
5.310313572227958190e-01
5.225856855466765039e-01
5.069813951517745387e-01
4.860718012944380551e-01
4.778799723951391853e-01
4.696569947843720061e-01
4.630163696144337093e-01
4.469192145716034958e-01
4.189733405311139580e-01
4.101303161655814322e-01
4.038707753210594720e-01
3.987703817231350589e-01
3.965539769359328615e-01
3.821767636494601827e-01
3.722951605802466979e-01
3.632813804287063908e-01
3.571728235453846545e-01
3.466647893897644717e-01
3.388985478136569141e-01
3.291835532876897785e-01
3.163999309507166680e-01
3.105194756021001923e-01
3.014726766769325605e-01
2.977549403475914236e-01
2.928543417943210714e-01
2.847284694959723028e-01
2.817291615010440453e-01
2.746103210298455055e-01
2.701500264460275913e-01
2.606508294093648481e-01
2.553064857929454035e-01
2.467730095996922002e-01
2.450076345165329017e-01
2.336430147542525038e-01
2.287487302112151122e-01
2.130695841307589655e-01
2.101582549834109526e-01
2.039116036097662066e-01
1.965519045985819613e-01
1.917484598758103786e-01
1.824492178800870557e-01
1.811354957593213633e-01
1.698609016588466247e-01
1.694676099235949696e-01
1.652777456401514355e-01
1.609652481510143729e-01
1.574455686615036099e-01
1.473310443042445406e-01
1.461546504690226511e-01
1.400103211184343666e-01
1.333219699910704881e-01
1.308582223371392295e-01
1.267269616266326615e-01
1.257077725147907887e-01
1.198668989085324571e-01
1.156294629122207318e-01
1.108182717118905425e-01
1.049183862273513068e-01
1.033511079053210102e-01
9.971074441707149238e-02
9.272356555049579563e-02
9.098939082052859284e-02
8.805643293917235492e-02
8.652203308426771600e-02
8.487849074126634086e-02
8.021016594257913968e-02
7.601780343563921405e-02
6.941132806527124111e-02
6.666837408955698929e-02
6.219703489173081246e-02
6.114764815132542330e-02
5.663692527690663420e-02
5.313096815740456919e-02
5.199162386245940320e-02
4.942155164601926692e-02
4.742960346704556268e-02
4.485107747422013152e-02
4.349640313241192463e-02
4.128081052597212808e-02
3.796437247749543525e-02
3.608740236576882254e-02
3.374459095209470655e-02
3.203872023099758187e-02
2.919257998611156715e-02
2.813327231072787482e-02
2.687485352244819645e-02
2.372973259613169600e-02
2.146087814715680331e-02
2.124092214451915248e-02
1.932758931263450081e-02
1.871018018323790041e-02
1.758152369077365176e-02
1.566377457364496670e-02
1.453541148572179767e-02
1.361298517293085819e-02
1.119973703126870765e-02
9.583993034152941612e-03
8.927208110987197576e-03
4.967522567988777796e-03
7.276355760252885795e-04
1.081082810359543763e-15
3.441244138117580495e-16
2.948100107491865268e-16
2.368813363865383347e-16
2.004717610267500317e-16
1.427897495828341517e-16
1.165566520063217253e-16
1.078599921362362245e-16
7.935457837621171910e-17
6.503996604212858070e-17
5.532321047586363918e-17
4.685116917049433546e-17
4.214651861144235321e-17
3.548507729816060379e-17
3.394525348508934051e-17
2.351597099350333659e-17
1.820205113813859835e-17
1.464145533557020232e-17
1.193062998533161323e-17
1.026602366659946139e-17
7.748889189063051058e-18
6.599186999232686104e-18
4.652208701094510928e-18
1.713776810447169123e-18
1.214880195069040197e-18
2.521539279129848347e-33
6.907743046937253562e-35
1.082036836912236331e-35
