# Singular values
1.571346251651380399e+01
7.389012821882440463e+00
6.225264500271068258e+00
5.434755531195244238e+00
5.186795681429213545e+00
4.793500748328644256e+00
4.612291499714835652e+00
4.090550206521241350e+00
3.697738404613154284e+00
3.574527234580692880e+00
3.483137036678473297e+00
2.994924757443522267e+00
2.643845726358829751e+00
2.463376928682976974e+00
2.339849754438418028e+00
2.158990028681355255e+00
1.918044802366402068e+00
1.817851200099150244e+00
1.716078208749672873e+00
1.608935962290884980e+00
1.374265954717376781e+00
1.302795191026033583e+00
1.164444035997658888e+00
1.070598652299604936e+00
1.011804483962012169e+00
1.000020411322053215e+00
1.000018455276076690e+00
1.000015937358505802e+00
1.000014518453579360e+00
1.000013639612345129e+00
1.000012478888945733e+00
1.000010735474010870e+00
1.000010122986803252e+00
1.000009677199197977e+00
1.000008716417930321e+00
1.000008087480931618e+00
1.000004714365445802e+00
1.000004087959632360e+00
1.000002414803663697e+00
1.000001610642517580e+00
1.000000484795532163e+00
9.999984457890648271e-01
9.999975791077553300e-01
9.999962079170636731e-01
9.999949327247072972e-01
9.999939135977355953e-01
9.999934840797297664e-01
9.999910280153606612e-01
9.999900975838570405e-01
9.999884147517833499e-01
9.999865832381087394e-01
9.999845382737518884e-01
9.999843424088813437e-01
9.999806911325028747e-01
9.999795700444695790e-01
9.999231950375504496e-01
9.998500935510025167e-01
9.996628416390771488e-01
9.994917205217969114e-01
9.993161838289915666e-01
9.989787182209204364e-01
9.985130114451874483e-01
9.982429318854564304e-01
9.971475877623809936e-01
9.969483951330010418e-01
9.966329378293852237e-01
9.954444343875618051e-01
9.948897041927170504e-01
9.942340933142139736e-01
9.933123930335405749e-01
9.918050489054369701e-01
9.896730228432875087e-01
9.895641092642303294e-01
9.865751767753899726e-01
9.853522655965712973e-01
9.832775241215835349e-01
9.820567415306096226e-01
9.796707389720619163e-01
9.771785535893388053e-01
9.761529069971441874e-01
9.751774098116531286e-01
9.670966136625781528e-01
9.642425672987197105e-01
9.634202470292648757e-01
9.607754160324100123e-01
9.586941537315011308e-01
9.532077879887190797e-01
9.512099326731687787e-01
9.469547655960639521e-01
9.398441572029894164e-01
9.348528945967605752e-01
9.314512204668409234e-01
9.246956885593724529e-01
9.213987947967383629e-01
9.162877857508795465e-01
9.095234504704625689e-01
8.991890250639892335e-01
8.920408439944864654e-01
8.777846680889532793e-01
8.744697676098122097e-01
8.712307969154478027e-01
8.668111980968534747e-01
8.519993456502444884e-01
8.501986906947696099e-01
8.430151574887485566e-01
8.394379298815647372e-01
8.206734492688131377e-01
8.099667674039250365e-01
8.049737045545138914e-01
8.022463080429604876e-01
7.802259447018417005e-01
7.644591380040386408e-01
7.635035180986657899e-01
7.580055832584038367e-01
7.412359912112888027e-01
7.345682793985269798e-01
7.201220668904348976e-01
7.056149183987756590e-01
6.906539482197961988e-01
6.858031784025624411e-01
6.799834499852175362e-01
6.682660886073903406e-01
6.403835590380546616e-01
6.380996580789519701e-01
6.227290666667749663e-01
6.196742255914147179e-01
5.935387016535784710e-01
5.835726528463323071e-01
5.656390093247043449e-01
5.340595829386062254e-01
5.195653540553235583e-01
4.966918327123477361e-01
4.821265162599598919e-01
4.792415709721871142e-01
4.680094352512110811e-01
4.372789090691717728e-01
4.155796568565139903e-01
4.008085671636301139e-01
3.863250493204524183e-01
3.226708396951280533e-01
3.223674218084025545e-01
3.043756228330563585e-01
2.882624195472709983e-01
2.772146424952730559e-01
2.327414230860402333e-01
2.231717126500939452e-01
1.992605615545659237e-01
1.886436944745765731e-01
1.681671846976256213e-01
1.483497436275688364e-01
1.285500184986871630e-01
1.025666756070183760e-01
8.919553152133946616e-02
6.514224732358085690e-02
6.489804124683108688e-02
