# Singular values
1.128833098721895034e+01
1.128833098721895034e+01
8.991691812222278202e+00
8.991691812222278202e+00
8.381525907125590535e+00
8.381525907125585206e+00
5.727425428392813878e+00
5.727425428392811213e+00
4.897518096047225100e+00
4.897518096047218883e+00
4.386778201710450631e+00
4.386778201710448855e+00
4.186899641163828178e+00
4.186899641163825514e+00
4.089817495845425199e+00
4.089817495845412765e+00
4.020523347810370574e+00
4.020523347810367909e+00
3.884969029434335308e+00
3.884969029434327759e+00
3.878489685211638616e+00
3.878489685211635951e+00
3.858840257819652120e+00
3.858840257819641018e+00
3.810447522918982699e+00
3.810447522918957386e+00
3.767389533555152603e+00
3.767389533555149939e+00
3.753857791223459195e+00
3.753857791223454754e+00
3.650231586358053448e+00
3.650231586358050340e+00
3.623065911325106025e+00
3.623065911325101141e+00
3.531101486441380999e+00
3.531101486441377446e+00
3.470410691628589284e+00
3.470410691628586619e+00
3.464101615137753942e+00
3.464101615137753054e+00
3.397784977637565262e+00
3.397784977637564818e+00
3.392103434212371482e+00
3.392103434212370150e+00
3.293899255967465578e+00
3.293899255967456696e+00
3.266270542697469192e+00
3.266270542697466972e+00
3.179891929494112812e+00
3.179891929494111480e+00
3.167210206317962573e+00
3.167210206317954135e+00
3.054135968686540803e+00
3.054135968686539471e+00
3.043702193086818220e+00
3.043702193086816443e+00
2.912715196092763748e+00
2.912715196092760639e+00
2.871065701290773209e+00
2.871065701290770988e+00
2.780203928686890702e+00
2.780203928686890702e+00
2.759121432548351738e+00
2.759121432548350406e+00
2.743511340063919057e+00
2.743511340063917725e+00
2.683858467967229267e+00
2.683858467967228822e+00
2.676243198995264194e+00
2.676243198995261974e+00
2.658022792274948642e+00
2.658022792274946866e+00
2.645751311064589828e+00
2.645751311064589828e+00
2.644267754117767932e+00
2.644267754117766156e+00
2.633635380988244457e+00
2.633635380988237351e+00
2.613962483854033625e+00
2.613962483854032293e+00
2.563579000996486279e+00
2.563579000996484059e+00
2.509814522236618384e+00
2.509814522236616607e+00
2.469031115797884368e+00
2.469031115797884368e+00
2.449489742783182322e+00
2.449489742783180990e+00
2.449489742783180102e+00
2.449489742783174329e+00
2.422828412815098087e+00
2.422828412815098087e+00
2.393473372660777976e+00
2.393473372660775311e+00
2.338800523405205833e+00
2.338800523405205833e+00
2.333738491199164766e+00
2.333738491199162546e+00
2.326846269604653905e+00
2.326846269604653461e+00
2.300239053492853181e+00
2.300239053492852292e+00
2.275752604918367172e+00
2.275752604918365396e+00
2.271251391248889639e+00
2.271251391248889639e+00
2.236067977499791581e+00
2.236067977499790693e+00
2.236067977499788917e+00
2.236067977499786252e+00
2.227570645047767250e+00
2.227570645047767250e+00
2.215735814412640448e+00
2.215735814412636895e+00
2.212540019869131847e+00
2.212540019869131402e+00
2.208623138091524662e+00
2.208623138091522442e+00
2.191842037809075272e+00
2.191842037809073052e+00
2.175741725822158301e+00
2.175741725822158301e+00
2.097311252746692833e+00
2.097311252746692389e+00
2.087519560720353162e+00
2.087519560720353162e+00
2.074313293051944562e+00
2.074313293051941010e+00
2.013395195664993587e+00
2.013395195664989590e+00
2.000000000000002220e+00
2.000000000000001776e+00
2.000000000000001776e+00
2.000000000000001332e+00
2.000000000000001332e+00
1.999999999999999778e+00
1.999999999999999778e+00
1.999999999999999778e+00
1.999999999999999778e+00
1.999999999999999778e+00
1.999999999999999334e+00
1.999999999999999334e+00
1.999999999999999112e+00
1.999999999999998446e+00
1.997077231209970716e+00
1.997077231209968939e+00
1.935208046209604626e+00
1.935208046209600852e+00
1.931851652578137957e+00
1.931851652578137069e+00
1.920869703283712759e+00
1.920869703283710539e+00
1.898582594712209248e+00
1.898582594712208138e+00
1.878572957095413276e+00
1.878572957095413054e+00
1.871548298522107245e+00
1.871548298522106135e+00
1.847759065022578140e+00
1.847759065022571923e+00
1.813310181970157142e+00
1.813310181970155366e+00
1.732050807568880746e+00
1.732050807568879192e+00
1.732050807568879192e+00
1.732050807568878970e+00
1.732050807568877637e+00
1.732050807568877193e+00
1.732050807568877193e+00
1.732050807568877193e+00
1.732050807568877193e+00
1.732050807568877193e+00
1.732050807568877193e+00
1.732050807568877193e+00
1.732050807568877193e+00
1.732050807568877193e+00
1.732050807568877193e+00
1.732050807568876971e+00
1.732050807568876971e+00
1.732050807568876971e+00
1.732050807568876527e+00
1.732050807568876305e+00
1.732050807568876305e+00
1.732050807568875861e+00
1.732050807568875861e+00
1.732050807568875417e+00
1.732050807568874529e+00
1.732050807568874529e+00
1.732050807568874529e+00
1.732050807568874307e+00
1.732050807568874085e+00
1.732050807568872974e+00
1.730361966613884972e+00
1.730361966613881197e+00
1.727849218489647232e+00
1.727849218489643901e+00
1.700443750487186545e+00
1.700443750487186545e+00
1.662449666379275826e+00
1.662449666379274271e+00
1.653013968443079795e+00
1.653013968443078241e+00
1.636097013482014972e+00
1.636097013482014750e+00
1.618033988749899788e+00
1.618033988749894680e+00
1.618033988749893792e+00
1.618033988749893792e+00
1.608038070950717380e+00
1.608038070950714271e+00
1.598772227077442709e+00
1.598772227077441377e+00
1.588423121995447884e+00
1.588423121995444998e+00
1.549226534467562866e+00
1.549226534467561978e+00
1.488792435179167928e+00
1.488792435179166818e+00
1.478128605678981966e+00
1.478128605678980634e+00
1.468817977503218186e+00
1.468817977503217964e+00
1.441686599640851218e+00
1.441686599640845223e+00
1.414213562373099142e+00
1.414213562373097810e+00
1.414213562373097810e+00
1.414213562373097144e+00
1.414213562373097144e+00
1.414213562373096922e+00
1.414213562373096922e+00
1.414213562373096256e+00
1.414213562373096256e+00
1.414213562373096034e+00
1.414213562373096034e+00
1.414213562373095812e+00
1.414213562373095812e+00
1.414213562373095812e+00
1.414213562373095590e+00
1.414213562373095590e+00
1.414213562373095590e+00
1.414213562373095590e+00
1.414213562373095368e+00
1.414213562373095368e+00
1.414213562373095368e+00
1.414213562373095368e+00
1.414213562373095368e+00
1.414213562373095368e+00
1.414213562373095368e+00
1.414213562373094923e+00
1.414213562373094923e+00
1.414213562373094923e+00
1.414213562373094923e+00
1.414213562373094923e+00
1.414213562373094923e+00
1.414213562373094923e+00
1.414213562373094701e+00
1.414213562373094701e+00
1.414213562373094701e+00
1.414213562373094701e+00
1.414213562373094701e+00
1.414213562373094701e+00
1.414213562373094479e+00
1.414213562373094479e+00
1.414213562373094479e+00
1.414213562373094479e+00
1.414213562373094257e+00
1.414213562373094257e+00
1.414213562373094257e+00
1.414213562373094257e+00
1.414213562373094257e+00
1.414213562373094035e+00
1.414213562373094035e+00
1.414213562373094035e+00
1.414213562373093591e+00
1.414213562373093591e+00
1.414213562373093591e+00
1.414213562373093369e+00
1.414213562373093369e+00
1.414213562373093369e+00
1.414213562373093369e+00
1.414213562373093147e+00
1.414213562373093147e+00
1.414213562373093147e+00
1.414213562373092925e+00
1.414213562373092481e+00
1.414213562373092259e+00
1.414213562373091815e+00
1.408803705935517181e+00
1.408803705935515627e+00
1.401176905155586461e+00
1.401176905155584462e+00
1.378126403470390837e+00
1.378126403470388839e+00
1.377355978023293570e+00
1.377355978023290906e+00
1.373528207371667031e+00
1.373528207371666587e+00
1.366898552011654999e+00
1.366898552011652557e+00
1.351415130034989032e+00
1.351415130034988588e+00
1.301888960810042573e+00
1.301888960810041462e+00
1.296957130625773891e+00
1.296957130625772781e+00
1.296678918308346695e+00
1.296678918308346251e+00
1.288119123711003899e+00
1.288119123711002123e+00
1.275184240744509312e+00
1.275184240744507980e+00
1.250878712581446672e+00
1.250878712581446450e+00
1.241478699422146725e+00
1.241478699422145393e+00
1.187147648515182841e+00
1.187147648515182841e+00
1.173626335045850677e+00
1.173626335045849345e+00
1.173246632153008839e+00
1.173246632153007729e+00
1.169127447155559052e+00
1.169127447155557942e+00
1.131946063547620840e+00
1.131946063547619064e+00
1.105172407740240947e+00
1.105172407740240281e+00
1.036394708362834649e+00
1.036394708362833095e+00
1.000000000000008216e+00
1.000000000000005773e+00
1.000000000000003109e+00
1.000000000000002442e+00
1.000000000000002220e+00
1.000000000000001998e+00
1.000000000000001998e+00
1.000000000000001998e+00
1.000000000000001998e+00
1.000000000000001776e+00
1.000000000000001776e+00
1.000000000000001776e+00
1.000000000000001776e+00
1.000000000000001554e+00
1.000000000000001554e+00
1.000000000000001554e+00
1.000000000000001554e+00
1.000000000000001332e+00
1.000000000000001332e+00
1.000000000000001332e+00
1.000000000000001332e+00
1.000000000000001332e+00
1.000000000000001332e+00
1.000000000000001332e+00
1.000000000000001110e+00
1.000000000000001110e+00
1.000000000000001110e+00
1.000000000000001110e+00
1.000000000000001110e+00
1.000000000000001110e+00
1.000000000000000888e+00
1.000000000000000888e+00
1.000000000000000888e+00
1.000000000000000888e+00
1.000000000000000888e+00
1.000000000000000888e+00
1.000000000000000666e+00
1.000000000000000666e+00
1.000000000000000666e+00
1.000000000000000666e+00
1.000000000000000666e+00
1.000000000000000666e+00
1.000000000000000666e+00
1.000000000000000666e+00
1.000000000000000666e+00
1.000000000000000666e+00
1.000000000000000666e+00
1.000000000000000666e+00
1.000000000000000444e+00
1.000000000000000444e+00
1.000000000000000444e+00
1.000000000000000444e+00
1.000000000000000444e+00
1.000000000000000444e+00
1.000000000000000444e+00
1.000000000000000444e+00
1.000000000000000444e+00
1.000000000000000444e+00
1.000000000000000444e+00
1.000000000000000444e+00
1.000000000000000444e+00
1.000000000000000444e+00
1.000000000000000444e+00
1.000000000000000444e+00
1.000000000000000444e+00
1.000000000000000444e+00
1.000000000000000222e+00
1.000000000000000222e+00
1.000000000000000222e+00
1.000000000000000222e+00
1.000000000000000222e+00
1.000000000000000000e+00
1.000000000000000000e+00
1.000000000000000000e+00
1.000000000000000000e+00
1.000000000000000000e+00
1.000000000000000000e+00
1.000000000000000000e+00
1.000000000000000000e+00
1.000000000000000000e+00
1.000000000000000000e+00
1.000000000000000000e+00
1.000000000000000000e+00
1.000000000000000000e+00
1.000000000000000000e+00
1.000000000000000000e+00
1.000000000000000000e+00
1.000000000000000000e+00
1.000000000000000000e+00
9.999999999999998890e-01
9.999999999999998890e-01
9.999999999999998890e-01
9.999999999999998890e-01
9.999999999999998890e-01
9.999999999999998890e-01
9.999999999999998890e-01
9.999999999999998890e-01
9.999999999999998890e-01
9.999999999999998890e-01
9.999999999999998890e-01
9.999999999999998890e-01
9.999999999999998890e-01
9.999999999999998890e-01
9.999999999999998890e-01
9.999999999999998890e-01
9.999999999999998890e-01
9.999999999999998890e-01
9.999999999999998890e-01
9.999999999999997780e-01
9.999999999999997780e-01
9.999999999999997780e-01
9.999999999999997780e-01
9.999999999999997780e-01
9.999999999999996669e-01
9.999999999999996669e-01
9.999999999999996669e-01
9.999999999999996669e-01
9.999999999999996669e-01
9.999999999999996669e-01
9.999999999999996669e-01
9.999999999999996669e-01
9.999999999999996669e-01
9.999999999999996669e-01
9.999999999999995559e-01
9.999999999999995559e-01
9.999999999999995559e-01
9.999999999999995559e-01
9.999999999999995559e-01
9.999999999999995559e-01
9.999999999999995559e-01
9.999999999999995559e-01
9.999999999999994449e-01
9.999999999999994449e-01
9.999999999999994449e-01
9.999999999999994449e-01
9.999999999999994449e-01
9.999999999999994449e-01
9.999999999999992228e-01
9.999999999999992228e-01
9.999999999999992228e-01
9.999999999999992228e-01
9.999999999999992228e-01
9.999999999999992228e-01
9.999999999999992228e-01
9.999999999999992228e-01
9.999999999999992228e-01
9.999999999999992228e-01
9.999999999999991118e-01
9.999999999999991118e-01
9.999999999999991118e-01
9.999999999999991118e-01
9.999999999999990008e-01
9.999999999999990008e-01
9.999999999999990008e-01
9.999999999999990008e-01
9.999999999999988898e-01
9.999999999999988898e-01
9.999999999999988898e-01
9.999999999999988898e-01
9.999999999999988898e-01
9.999999999999988898e-01
9.999999999999987788e-01
9.999999999999985567e-01
9.999999999999985567e-01
9.999999999999985567e-01
9.999999999999984457e-01
9.999999999999984457e-01
9.999999999999984457e-01
9.999999999999983347e-01
9.999999999999983347e-01
9.999999999999983347e-01
9.999999999999982236e-01
9.999999999999982236e-01
9.999999999999980016e-01
9.999999999999980016e-01
9.999999999999978906e-01
9.999999999999977796e-01
9.999999999999977796e-01
9.999999999999977796e-01
9.999999999999975575e-01
9.999999999999973355e-01
9.999999999999896749e-01
9.974625246746142704e-01
9.974625246746137153e-01
9.861536485617738990e-01
9.861536485617721226e-01
9.612337347313714142e-01
9.612337347313713032e-01
9.601433633943756707e-01
9.601433633943753376e-01
9.356116008369368409e-01
9.356116008369367298e-01
9.346195749482112403e-01
9.346195749482110182e-01
9.152717300515843535e-01
9.152717300515839094e-01
9.007037111755944458e-01
9.007037111755933356e-01
8.447333147667855924e-01
8.447333147667787090e-01
8.423660689875647201e-01
8.423660689875643870e-01
8.349996181244682125e-01
8.349996181244662141e-01
8.244188095996201060e-01
8.244188095996196619e-01
7.821546623407511500e-01
7.821546623407504839e-01
7.653668647301848926e-01
7.653668647301786754e-01
7.553368036724150691e-01
7.553368036724146251e-01
7.289972378210549664e-01
7.289972378210546333e-01
6.715277660088735390e-01
6.715277660088726508e-01
6.180339887498957907e-01
6.180339887498947915e-01
6.180339887498940143e-01
6.180339887498939033e-01
5.931884741433679498e-01
5.931884741433675057e-01
5.632860073936875045e-01
5.632860073936871714e-01
5.176380902050422561e-01
5.176380902050419230e-01
5.171895163216264635e-01
5.171895163216260194e-01
4.724291807396550635e-01
4.724291807396548970e-01
2.307131399305069064e-14
1.476471603324413975e-14
1.464036030188766789e-14
9.054721793346966636e-15
8.355030086904565409e-15
8.319307961034865067e-15
8.174435416990974877e-15
7.064643708463505318e-15
6.280825620880231452e-15
6.199815445285928813e-15
6.198625518587110208e-15
5.867131123401911517e-15
5.690443586574390819e-15
5.596527159956947092e-15
5.430753886949837195e-15
5.344178858720567211e-15
5.287945430180457753e-15
5.283180245770432274e-15
5.064779477188697273e-15
4.982722731438072268e-15
4.865364505220809875e-15
4.802664177053878907e-15
4.786516062998593069e-15
4.753781580316116503e-15
4.748325191879766068e-15
4.674702635158540070e-15
4.571837634491652694e-15
4.514928563668540492e-15
4.455457868762467763e-15
4.373440101400772723e-15
4.309823734139418629e-15
4.274507837969054434e-15
4.145494103938950024e-15
4.100455253027116109e-15
4.063592458849768008e-15
4.005374245398712258e-15
4.005137983780413747e-15
3.967672827027749133e-15
3.952654045655126210e-15
3.917942887353258256e-15
3.879301845922356887e-15
3.812203259611979146e-15
3.738036865200623960e-15
3.728683694267222965e-15
3.678799690794510529e-15
3.617935970666107553e-15
3.552515949139683609e-15
3.525535877484086748e-15
3.514049195753718458e-15
3.505211864413315147e-15
3.481194168400994437e-15
3.480630829748568895e-15
3.469684153207406333e-15
3.349684388767218693e-15
3.344543368928662495e-15
3.291826343400087488e-15
3.276565905916900386e-15
3.248739512555429410e-15
3.241325362928054270e-15
3.162767939583378784e-15
3.133781690893384486e-15
3.079710252777818330e-15
3.035710685774161324e-15
3.034012289257146797e-15
2.986661841052341596e-15
2.937062461337720341e-15
2.921572717494108950e-15
2.902061510807716447e-15
2.901457409995509498e-15
2.893468508212610331e-15
2.856026362466835351e-15
2.851181487998734080e-15
2.802461629588134427e-15
2.769329964713448232e-15
2.748082577527744047e-15
2.718825733892847548e-15
2.715178873926802741e-15
2.680501152026377636e-15
2.667052912450583079e-15
2.661245885742202894e-15
2.621267864033440369e-15
2.598917537243143817e-15
2.593622708730928334e-15
2.545211787873592169e-15
2.515149464334606431e-15
2.514600722643542063e-15
2.502564325728521914e-15
2.447375104466579391e-15
2.422018602140363160e-15
2.413978607809120752e-15
2.400595204649451981e-15
2.393215994412628958e-15
2.380847963719452737e-15
2.348736640153012780e-15
2.344413282760719286e-15
2.328631040786584987e-15
2.313103202152400544e-15
2.304511394823645604e-15
2.247581599707090658e-15
2.240892060681962006e-15
2.225915299488610413e-15
2.180329254959917787e-15
2.176114823079076456e-15
2.151648023534521389e-15
2.131592720806515115e-15
2.114369691392482811e-15
2.113489639638139267e-15
2.107508923365008465e-15
2.101590144542472775e-15
2.097861960278124130e-15
2.085677579371253447e-15
2.057037536187953174e-15
2.054718189159949830e-15
2.044313788080980664e-15
2.042088072236541332e-15
2.019447455557322511e-15
2.018078014942782153e-15
1.999831767335439744e-15
1.962323470688661835e-15
1.961124332416873204e-15
1.926892093428220734e-15
1.925738899981424506e-15
1.925309899726645240e-15
1.909885338664549216e-15
1.895561489876950428e-15
1.885445705041208402e-15
1.870766566532569831e-15
1.855418383644846989e-15
1.813789050635830970e-15
1.777152120260211793e-15
1.770330922604271187e-15
1.763523505766587288e-15
1.763317088000509325e-15
1.721274708185350524e-15
1.717613418291391269e-15
1.687711261299473742e-15
1.680898102787998627e-15
1.676827233856340993e-15
1.662189767323007163e-15
1.660996889039288448e-15
1.654125436693388298e-15
1.631796024736604408e-15
1.627988578893821484e-15
1.615925181864366145e-15
1.613457255900629966e-15
1.604694192852086454e-15
1.586726196998369014e-15
1.586101640608299694e-15
1.576511739054701603e-15
1.568523363165739717e-15
1.552933322781841429e-15
1.544304386593732204e-15
1.514967356867347285e-15
1.501287999884968846e-15
1.478791578936231745e-15
1.469603445492778558e-15
1.454686517002472343e-15
1.439049882969245040e-15
1.425641048337367802e-15
1.405471426327070407e-15
1.405095307763400805e-15
1.386216653313915998e-15
1.384379140748940581e-15
1.374550675149803402e-15
1.366253595369480565e-15
1.363566022174015768e-15
1.357490602970846803e-15
1.335605560222162000e-15
1.316354567806245021e-15
1.302086102019204596e-15
1.295600188390613071e-15
1.291277561123909849e-15
1.290591454951948774e-15
1.289691257496962125e-15
1.287364281861186253e-15
1.274381188518841662e-15
1.269580988646358500e-15
1.260596625729039837e-15
1.256785856942745514e-15
1.245071232552198443e-15
1.243012720615591118e-15
1.242048261958589432e-15
1.239088085689472847e-15
1.235340340984975484e-15
1.219925445526099341e-15
1.213420340087928647e-15
1.211987568393741976e-15
1.210424323441169697e-15
1.204807445019855051e-15
1.199323809764061994e-15
1.197452802866043343e-15
1.193526629692081266e-15
1.191445356578576060e-15
1.178744325487908804e-15
1.151815090625021541e-15
1.135954240406704413e-15
1.126396277048141067e-15
1.119067213959063885e-15
1.114196744963850089e-15
1.113491973690205442e-15
1.103956512526989823e-15
1.101445215076774758e-15
1.100355989563749594e-15
1.085981499619583734e-15
1.067931835060214981e-15
1.061215561567014726e-15
1.059909443754070129e-15
1.059851244475168698e-15
1.055402553949836301e-15
1.050573445641992361e-15
1.050517863294089228e-15
1.043211427188402096e-15
1.037131100438953517e-15
1.032247264084311028e-15
1.026095229044712636e-15
1.023950500952123274e-15
1.012532565789736382e-15
1.004996403770348487e-15
1.001220362359626798e-15
9.708529863864773179e-16
9.698699962824968499e-16
9.571680961522158379e-16
9.531783676750381151e-16
9.512137063910984739e-16
9.427458940347158112e-16
9.357044616576769898e-16
9.297482377928100741e-16
9.275619734757423189e-16
9.261411915258438328e-16
9.211045335707872608e-16
9.178264286107084819e-16
9.062769492915575114e-16
9.053441470912421350e-16
9.031019392803275878e-16
9.000118924825885180e-16
8.959046221847522293e-16
8.929492726237444466e-16
8.905330106998775404e-16
8.808564910001090997e-16
8.736111405946096284e-16
8.502911263595760852e-16
8.497831819603315716e-16
8.422359787991198928e-16
8.318163843697833965e-16
8.271314805552198510e-16
8.230941802075006574e-16
8.069644693607321545e-16
8.058750048670309902e-16
8.048836317113130507e-16
7.963713539678790571e-16
7.926471870317118391e-16
7.876878079111368369e-16
7.849865486675132444e-16
7.808130000540391543e-16
7.787807608125178248e-16
7.677878144225936521e-16
7.660217818726282362e-16
7.651030962900579452e-16
7.592922447638907246e-16
7.541105758072767998e-16
7.460744373740507658e-16
7.425704872531744608e-16
7.355500624038673192e-16
7.322289279289251352e-16
7.304027771972122968e-16
7.193710091474572214e-16
7.182831557512173822e-16
7.178898035563643797e-16
7.161869778737573269e-16
7.129215343265260513e-16
7.122336679543236017e-16
7.034131010013431138e-16
6.973983039664734529e-16
6.956282722676736009e-16
6.869703214520835234e-16
6.864603900934769060e-16
6.816837418931213006e-16
6.789634641250416913e-16
6.785949903913124180e-16
6.760978222754464824e-16
6.711797474123209092e-16
6.696251343072586258e-16
6.646936209417851399e-16
6.622954785866126670e-16
6.596325867791592766e-16
6.588536848690549808e-16
6.577513080180240025e-16
6.570936892213725143e-16
6.530573741158090852e-16
6.468586438962827879e-16
6.441948725116819767e-16
6.341021371926630443e-16
6.304019337521027040e-16
6.248895290427184445e-16
6.231359594387434542e-16
6.112507835582032419e-16
6.074512107660251758e-16
6.030108922768555546e-16
5.948633762552824593e-16
5.883833721139431008e-16
5.878633812240557787e-16
5.834007268056935809e-16
5.827162357422310590e-16
5.819011193675718339e-16
5.813984222362528650e-16
5.799157264128427272e-16
5.744659388118037869e-16
5.720370635315796587e-16
5.665793728615614222e-16
5.655493679744261796e-16
5.620468154212300430e-16
5.615326954587543515e-16
5.499176626847334715e-16
5.436187294038548341e-16
5.422626785586840439e-16
5.405044302851963880e-16
5.403056136153683619e-16
5.385696503694289428e-16
5.353590964527452902e-16
5.351185152250805321e-16
5.260166176056017858e-16
5.241050285621302692e-16
5.221920315098923356e-16
5.190910101474953307e-16
5.158718441960424684e-16
5.149125302591409623e-16
5.043759437985706237e-16
5.009322984545009061e-16
4.989586881679061109e-16
4.951726852856337420e-16
4.947777799901295068e-16
4.894018519280851981e-16
4.891647467990977542e-16
4.885983226954211572e-16
4.839794677850938624e-16
4.839593915615784529e-16
4.808526625957318480e-16
4.662723572601819965e-16
4.647307972840213370e-16
4.613501980437380146e-16
4.586362763689156280e-16
4.569089007728446269e-16
4.541408674661721271e-16
4.534624835761615060e-16
4.481356131848272325e-16
4.466709981604299485e-16
4.419618459494933481e-16
4.374838121524148345e-16
4.281673093295702943e-16
4.269335741068501690e-16
4.265277671859355985e-16
4.261431642578524107e-16
4.246162568934096653e-16
4.242459886957677095e-16
4.232830258661829260e-16
4.202903803885461937e-16
4.201730723938789511e-16
4.123750619036300886e-16
4.070270567244650426e-16
4.027754983970989140e-16
3.935736787853163481e-16
3.916564074952971505e-16
3.913564973191716360e-16
3.901490660974102009e-16
3.847475170092216692e-16
3.839786029772279962e-16
3.819706578201557987e-16
3.816049016647591846e-16
3.762507269304704974e-16
3.751220150806191702e-16
3.750242137202520144e-16
3.742078567827640280e-16
3.709698760133019538e-16
3.683928071804683839e-16
3.587843252268568174e-16
3.584393748266451801e-16
3.566945434131634481e-16
3.564028846106440493e-16
3.497063576134793983e-16
3.452095818658092961e-16
3.388628263684628299e-16
3.351014062191861615e-16
3.350854516757272453e-16
3.348534607508121974e-16
3.325438089671702818e-16
3.323474048474062377e-16
3.293597007261398035e-16
3.292283873860021264e-16
3.291480201221524936e-16
3.270630568875387226e-16
3.184228368710092387e-16
3.173287843519119574e-16
3.155261027686050509e-16
3.142131001436000639e-16
3.097978467351021432e-16
3.092852151171488188e-16
3.068714117185965785e-16
3.054198797682647755e-16
3.013724146255486955e-16
2.950221010670882773e-16
2.941313707471279533e-16
2.905980423637825914e-16
2.896054366049442366e-16
2.880021025249361516e-16
2.846641981394865020e-16
2.795709992339028027e-16
2.781283992632464513e-16
2.765677855272766801e-16
2.729781071544367647e-16
2.724255926410222245e-16
2.694158765859975538e-16
2.690300519764949879e-16
2.674660125034505897e-16
2.672995777537768509e-16
2.663935653666391540e-16
2.658796882515704646e-16
2.647432509275493036e-16
2.637962547820877761e-16
2.628079790988831956e-16
2.625239985873538358e-16
2.617007262558945757e-16
2.598247635743906185e-16
2.598098413031849079e-16
2.546196218593844519e-16
2.541647501443065768e-16
2.488800092892835194e-16
2.483368077199589157e-16
2.443288792227978898e-16
2.431428316257618874e-16
2.421601418043581455e-16
2.375906585752550436e-16
2.350434989949670776e-16
2.342576952882041246e-16
2.323643860123612159e-16
2.281616420601292304e-16
2.275404125717716205e-16
2.239619448302742979e-16
2.227227167218591248e-16
2.204608240275527336e-16
2.189937595650453911e-16
2.133067324178480309e-16
2.120452374657371912e-16
2.111598153698731115e-16
2.103867794060678234e-16
2.097500198390055961e-16
2.091429763304170121e-16
2.083212771955312870e-16
2.052319841571955994e-16
2.029592090359177718e-16
2.018943377992886219e-16
2.008167708621863567e-16
1.995333447399264625e-16
1.983417704782367043e-16
1.983049753040360198e-16
1.953376688781727005e-16
1.933038128908492551e-16
1.931909129617180671e-16
1.925119022991316071e-16
1.880155747243346810e-16
1.873714586785136804e-16
1.866515798190788409e-16
1.823918073924850986e-16
1.810717672185912310e-16
1.810536767847282871e-16
1.804230724938697078e-16
1.770189880349345670e-16
1.741567278272223399e-16
1.735078049791321974e-16
1.727597695624025490e-16
1.717700577874019397e-16
1.712337212799032707e-16
1.703202549321038050e-16
1.671992495483223525e-16
1.645260161151636398e-16
1.641776209259610080e-16
1.637083912498589867e-16
1.631443460115663041e-16
1.620588000652706803e-16
1.606005923290955068e-16
1.605867189141852124e-16
1.599927598401771095e-16
1.576919694120674103e-16
1.559860423221950602e-16
1.558609741571165731e-16
1.542822830629554464e-16
1.538812053939847489e-16
1.531395010047364399e-16
1.519818815175884604e-16
1.518933894634948306e-16
1.480218604068294455e-16
1.472421840231280790e-16
1.453983253047544083e-16
1.419988977425215456e-16
1.411640286186657029e-16
1.395644847066145434e-16
1.380872355002533292e-16
1.363819942217926565e-16
1.356047198842125127e-16
1.346953533152807180e-16
1.319619964482704895e-16
1.317639954340839175e-16
1.316131581993304742e-16
1.314076283775362248e-16
1.298382418668717267e-16
1.284230331726102409e-16
1.282610819032777447e-16
1.280554622194741919e-16
1.267514905855579078e-16
1.238136474969232386e-16
1.229728623570399464e-16
1.212164734717937502e-16
1.189967838864643560e-16
1.186805568895791958e-16
1.182535725417555381e-16
1.180144133552875176e-16
1.170204601418390568e-16
1.145002573071175329e-16
1.141764882826307824e-16
1.134183979650934764e-16
1.133819298787784840e-16
1.109619868409940501e-16
1.107248878703296896e-16
1.098682315764829381e-16
1.089003756282586596e-16
1.067836446486591304e-16
1.046494697439579307e-16
1.038226758961161994e-16
1.033104505902155005e-16
1.006954095478005508e-16
9.925944159983051189e-17
9.884601530157490160e-17
9.830120920563875614e-17
9.611567954334747612e-17
9.605828925119689853e-17
9.588651343626589145e-17
9.404685884328491557e-17
9.210575737748099614e-17
9.081403822261451433e-17
8.985315944998935803e-17
8.861157836455014793e-17
8.846316473452424152e-17
8.799086623270296031e-17
8.693648071098317010e-17
8.607138999024368391e-17
8.439631870674406748e-17
8.362201052267257375e-17
8.111857058105343238e-17
8.110901446446432631e-17
8.085570549639619060e-17
7.938583461527543777e-17
7.796200996185065871e-17
7.771018421366220553e-17
7.735548545861873392e-17
7.694488553027201153e-17
7.583425443353317330e-17
7.488703397323942629e-17
7.463679974020202244e-17
7.457174629553030571e-17
7.231213795114470297e-17
6.971285968628481461e-17
6.932140270009839383e-17
6.782762223457317310e-17
6.686478424778440008e-17
6.568931907658773721e-17
6.542595876456399744e-17
6.398054163749075201e-17
6.394501255960777899e-17
6.294803554390868678e-17
6.292689134836161094e-17
6.035056763507600532e-17
6.006030378507203183e-17
5.962198001778691172e-17
5.940631718576367813e-17
5.917873445336639221e-17
5.742691629008784431e-17
5.577369425647304994e-17
5.515806360515311655e-17
5.375185679395342575e-17
5.304278755638937848e-17
5.269676219986018905e-17
5.152811391263382904e-17
5.022083012199092730e-17
4.938917562774922996e-17
4.883815988959847926e-17
4.855506678039797099e-17
4.838746845129863971e-17
4.788842171043604167e-17
4.742063828989665916e-17
4.705393664434594750e-17
4.607018578731807784e-17
4.598662405153772410e-17
4.593753783151789577e-17
4.575058150510763054e-17
4.461397727368244790e-17
4.393345174793537665e-17
4.348314455909273532e-17
4.281346547718083799e-17
4.195950473495257647e-17
4.169562284549494318e-17
4.163336342344335794e-17
4.035940594737597159e-17
4.025484410156268249e-17
3.904773411953680884e-17
3.776054988146049308e-17
3.639354396590710168e-17
3.531070695439080427e-17
3.444806601900679819e-17
3.391425570099466587e-17
3.271776388857166455e-17
3.271309106006367078e-17
3.223450239930353102e-17
3.191333875963556641e-17
3.126936573378678251e-17
3.086970768018870531e-17
3.046371646036759841e-17
3.044360298892810031e-17
2.960565750557260692e-17
2.897824080545949482e-17
2.852101490449759744e-17
2.716617598718442044e-17
2.634381978209797136e-17
2.572352909886766916e-17
2.550587306467779204e-17
2.517863129279323581e-17
2.492462020892212563e-17
2.444947988409406284e-17
2.439108523405597580e-17
2.270416253617856350e-17
2.251438663912138207e-17
2.178224302212970864e-17
2.152157502466470631e-17
2.095555280679878712e-17
2.083441153554782308e-17
2.004291389047920725e-17
1.997771489993699550e-17
1.971799824271122323e-17
1.970645136714362131e-17
1.966144281885987443e-17
1.929701907873540251e-17
1.846800466411396559e-17
1.843244821005844451e-17
1.810142272481983945e-17
1.798353532800286367e-17
1.677611732438192519e-17
1.675386622252014264e-17
1.625978573303534206e-17
1.551571840596840488e-17
1.485650361789017330e-17
1.435027324289233337e-17
1.365660619174506946e-17
1.344953064390025818e-17
1.279714452127820723e-17
1.275181330053803521e-17
1.184628258767014911e-17
1.179163771626816534e-17
1.103146906582856430e-17
1.039504245788780440e-17
1.028629597406778715e-17
9.642925857782235615e-18
8.403169141813233548e-18
8.210510516237188558e-18
8.082320244979569277e-18
7.946670727403462520e-18
7.370632085634732081e-18
6.542050039611600900e-18
6.359342854405479707e-18
5.718069731082986227e-18
5.054673653973954830e-18
4.903170217552286395e-18
3.760030287353328348e-18
3.425560114269855910e-18
3.293801741275994244e-18
2.767647298617728948e-18
2.094293242670922825e-18
1.530867887759971284e-18
3.867531827727863345e-19
9.253945387720173151e-20
7.663683050666588412e-20
9.102803688271647406e-21
1.850094779310200224e-31
1.099110855392120434e-31
8.494317866444063538e-32
3.671810606352137774e-32
6.257469598874608068e-33
3.251385714311143107e-33
1.435899139703918296e-33
3.477193278429421696e-34
1.749109455479329295e-48
3.666886653829179490e-49
3.195728488591894675e-49
5.942790329157593747e-65
1.963312693045241048e-80
3.057234128079481188e-81
1.206714467556272804e-97
0.000000000000000000e+00
0.000000000000000000e+00
0.000000000000000000e+00
