# Singular values
2.523190152662846586e+01
2.523190152662846586e+01
1.423854738795360397e+01
1.423854738795359332e+01
1.162243881091478315e+01
1.162243881091477782e+01
1.019548329308320866e+01
1.019548329308317314e+01
8.896812967070223621e+00
8.896812967070207634e+00
8.422161871006702327e+00
8.422161871006698775e+00
8.277317082475919463e+00
8.277317082475912358e+00
7.899822261483848251e+00
7.899822261483818053e+00
7.607033518469625832e+00
7.607033518469614286e+00
7.307262408124645781e+00
7.307262408124623576e+00
7.267882035822814224e+00
7.267882035822806230e+00
7.019996401056552315e+00
7.019996401056539881e+00
6.931357581783657018e+00
6.931357581783647248e+00
6.858394926006973868e+00
6.858394926006963210e+00
6.675706813045572119e+00
6.675706813045555243e+00
6.525962165549427318e+00
6.525962165549422878e+00
6.452345349125320872e+00
6.452345349125301333e+00
6.277116737869120833e+00
6.277116737869104846e+00
6.012971818461424256e+00
6.012971818461416262e+00
5.936250278080541065e+00
5.936250278080536624e+00
5.861914800616920829e+00
5.861914800616916388e+00
5.763071366757253067e+00
5.763071366757246849e+00
5.666517509980868894e+00
5.666517509980847578e+00
5.547123924140154649e+00
5.547123924140140439e+00
5.297318317057205128e+00
5.297318317057203352e+00
5.242349404316404282e+00
5.242349404316401618e+00
5.102785727536959470e+00
5.102785727536953253e+00
5.087412372335611721e+00
5.087412372335610833e+00
4.977393718917547893e+00
4.977393718917543453e+00
4.876228653224899290e+00
4.876228653224886855e+00
4.855401001540830208e+00
4.855401001540829320e+00
4.661565680795432876e+00
4.661565680795431987e+00
4.623925340812251150e+00
4.623925340812248486e+00
4.441576839064728333e+00
4.441576839064712345e+00
4.408560179258544487e+00
4.408560179258524059e+00
4.334031281082301845e+00
4.334031281082294740e+00
4.314251107121595652e+00
4.314251107121594764e+00
4.239981822741072826e+00
4.239981822741070161e+00
4.165162105996281561e+00
4.165162105996274455e+00
4.122853360538982770e+00
4.122853360538968559e+00
4.069322384985319729e+00
4.069322384985319729e+00
4.008358328468689002e+00
4.008358328468672127e+00
4.000000000000011546e+00
4.000000000000000000e+00
3.975097139239515798e+00
3.975097139239510025e+00
3.965320435849980729e+00
3.965320435849973180e+00
3.948180459063488357e+00
3.948180459063486580e+00
3.919211217975705264e+00
3.919211217975703931e+00
3.821036669781014083e+00
3.821036669781014083e+00
3.761515365093903718e+00
3.761515365093900609e+00
3.715640817030720466e+00
3.715640817030717802e+00
3.692824973059032345e+00
3.692824973059022131e+00
3.658830749754534484e+00
3.658830749754518941e+00
3.573125718096023640e+00
3.573125718096022307e+00
3.568849981882022959e+00
3.568849981882012301e+00
3.504281863045061840e+00
3.504281863045060508e+00
3.447527886712228096e+00
3.447527886712228096e+00
3.427456795792851896e+00
3.427456795792849675e+00
3.401322787704938122e+00
3.401322787704935457e+00
3.389123801096634470e+00
3.389123801096622923e+00
3.364316815655056914e+00
3.364316815655052473e+00
3.339707744990387805e+00
3.339707744990386029e+00
3.301621069201127412e+00
3.301621069201124303e+00
3.273096875661344551e+00
3.273096875661337002e+00
3.247472347710134155e+00
3.247472347710128382e+00
3.217935443807089513e+00
3.217935443807089513e+00
3.214047022846621804e+00
3.214047022846616475e+00
3.146778461918544156e+00
3.146778461918542380e+00
3.133299146070904762e+00
3.133299146070899432e+00
3.074977186957609909e+00
3.074977186957606801e+00
3.064433982307636306e+00
3.064433982307630533e+00
3.027851308771684735e+00
3.027851308771682071e+00
3.014286315754548973e+00
3.014286315754543200e+00
3.000000000000006661e+00
2.999999999999999556e+00
2.999999999999998668e+00
2.999999999999998668e+00
2.995971110268545790e+00
2.995971110268539572e+00
2.963425998367300807e+00
2.963425998367296366e+00
2.940029153118850491e+00
2.940029153118845162e+00
2.921809602791806793e+00
2.921809602791801463e+00
2.889937854577224297e+00
2.889937854577218523e+00
2.870696279072639800e+00
2.870696279072639356e+00
2.841933473811362187e+00
2.841933473811362187e+00
2.824915616471728619e+00
2.824915616471728175e+00
2.800386287360012716e+00
2.800386287360011384e+00
2.796794056982155219e+00
2.796794056982151666e+00
2.783554305816478891e+00
2.783554305816478003e+00
2.731489179938707768e+00
2.731489179938703327e+00
2.722898127851088645e+00
2.722898127851085981e+00
2.682011585236592666e+00
2.682011585236585116e+00
2.674570514293735268e+00
2.674570514293733048e+00
2.671791368351099649e+00
2.671791368351098317e+00
2.620955678381414522e+00
2.620955678381412302e+00
2.620699109070091293e+00
2.620699109070089072e+00
2.602974872009747642e+00
2.602974872009742313e+00
2.595679127291497412e+00
2.595679127291496524e+00
2.590503325384454048e+00
2.590503325384442945e+00
2.565785090207073793e+00
2.565785090207073349e+00
2.560200510703444454e+00
2.560200510703443122e+00
2.532629772069558971e+00
2.532629772069547869e+00
2.526077875689351604e+00
2.526077875689348495e+00
2.510047512318831053e+00
2.510047512318827945e+00
2.497126504308573747e+00
2.497126504308571970e+00
2.479724824886782919e+00
2.479724824886762491e+00
2.458306509214535307e+00
2.458306509214530422e+00
2.438394033279701389e+00
2.438394033279699613e+00
2.423183230948568134e+00
2.423183230948566802e+00
2.403678243860734920e+00
2.403678243860732699e+00
2.392363628592566460e+00
2.392363628592560687e+00
2.384008937704790387e+00
2.384008937704786391e+00
2.356676261637531855e+00
2.356676261637529191e+00
2.350212013606596262e+00
2.350212013606595374e+00
2.317703224761686442e+00
2.317703224761684666e+00
2.307291785691357511e+00
2.307291785691353514e+00
2.305804563356939063e+00
2.305804563356935954e+00
2.296142476731755533e+00
2.296142476731751536e+00
2.276133632940589013e+00
2.276133632940589013e+00
2.263454661611594698e+00
2.263454661611591590e+00
2.236067977499791581e+00
2.236067977499791137e+00
2.236067977499790249e+00
2.236067977499790249e+00
2.236067977499789805e+00
2.236067977499789805e+00
2.236067977499789805e+00
2.236067977499788473e+00
2.232051247548333173e+00
2.232051247548328732e+00
2.220338513409754189e+00
2.220338513409752412e+00
2.199162472080038899e+00
2.199162472080038899e+00
2.192756948694216224e+00
2.192756948694214891e+00
2.188752557087919826e+00
2.188752557087918493e+00
2.166743838413577095e+00
2.166743838413574430e+00
2.152025318777862406e+00
2.152025318777859297e+00
2.131035288371533110e+00
2.131035288371531777e+00
2.128138018191675584e+00
2.128138018191674252e+00
2.076829620906338825e+00
2.076829620906337492e+00
2.072077232849232065e+00
2.072077232849228512e+00
2.061510256254774909e+00
2.061510256254773577e+00
2.049579613556482105e+00
2.049579613556481661e+00
2.032718566313228337e+00
2.032718566313226116e+00
2.020219492894406610e+00
2.020219492894406166e+00
2.015541744894366438e+00
2.015541744894361997e+00
1.996413571430280642e+00
1.996413571430276201e+00
1.994707055963268694e+00
1.994707055963266695e+00
1.985506507665550258e+00
1.985506507665547371e+00
1.974186095418761333e+00
1.974186095418757780e+00
1.967558328773123977e+00
1.967558328773121534e+00
1.956488419718124039e+00
1.956488419718122929e+00
1.943042384146435486e+00
1.943042384146434820e+00
1.938378317734669842e+00
1.938378317734667400e+00
1.928068710133557184e+00
1.928068710133554742e+00
1.912031993447647960e+00
1.912031993447645961e+00
1.908619054615476207e+00
1.908619054615473543e+00
1.903756261633138047e+00
1.903756261633137825e+00
1.893617289112799362e+00
1.893617289112798030e+00
1.892018877093486484e+00
1.892018877093486040e+00
1.874857447300540159e+00
1.874857447300537938e+00
1.869911119164346269e+00
1.869911119164344049e+00
1.863918795119739791e+00
1.863918795119737348e+00
1.847759065022573921e+00
1.847759065022573921e+00
1.847759065022570368e+00
1.847759065022567260e+00
1.841972960301225148e+00
1.841972960301223372e+00
1.829934043997795801e+00
1.829934043997793802e+00
1.825648191954602151e+00
1.825648191954600819e+00
1.810257333271911850e+00
1.810257333271909186e+00
1.798417303271705014e+00
1.798417303271703460e+00
1.789208607310644794e+00
1.789208607310642574e+00
1.762445258613921428e+00
1.762445258613920984e+00
1.751608256204941316e+00
1.751608256204940206e+00
1.740683704396577713e+00
1.740683704396572162e+00
1.735724811072302920e+00
1.735724811072298035e+00
1.732938654396045219e+00
1.732938654396041889e+00
1.732050807568880746e+00
1.732050807568879414e+00
1.732050807568878525e+00
1.732050807568877637e+00
1.732050807568877415e+00
1.732050807568876749e+00
1.732050807568876749e+00
1.732050807568876083e+00
1.732050807568875639e+00
1.732050807568875639e+00
1.732050807568875639e+00
1.732050807568873196e+00
1.720173954550388684e+00
1.720173954550386242e+00
1.713109839076326191e+00
1.713109839076326191e+00
1.693913460590812159e+00
1.693913460590809272e+00
1.688831306839658764e+00
1.688831306839656321e+00
1.671238052063504176e+00
1.671238052063503732e+00
1.666685811590957522e+00
1.666685811590956190e+00
1.654119656090258017e+00
1.654119656090254686e+00
1.647508216572999729e+00
1.647508216572997286e+00
1.626869111886436237e+00
1.626869111886435126e+00
1.610182235416965923e+00
1.610182235416964813e+00
1.599996116178898697e+00
1.599996116178897809e+00
1.594491332159690522e+00
1.594491332159690300e+00
1.574305465803070847e+00
1.574305465803069515e+00
1.562931299445107891e+00
1.562931299445107891e+00
1.557473965515682623e+00
1.557473965515681735e+00
1.532718180690482157e+00
1.532718180690481713e+00
1.521531691440281220e+00
1.521531691440266787e+00
1.514150038108653673e+00
1.514150038108652563e+00
1.506131391082428106e+00
1.506131391082427218e+00
1.487262786359130340e+00
1.487262786359129674e+00
1.480802302301072793e+00
1.480802302301070572e+00
1.478636293613464714e+00
1.478636293613463604e+00
1.466893281578748320e+00
1.466893281578747876e+00
1.452441276312244289e+00
1.452441276312243179e+00
1.446679456214169157e+00
1.446679456214168491e+00
1.438357993962088299e+00
1.438357993962087411e+00
1.414213562373097366e+00
1.414213562373096922e+00
1.414213562373096256e+00
1.414213562373096256e+00
1.414213562373095812e+00
1.414213562373095812e+00
1.414213562373095812e+00
1.414213562373095145e+00
1.414213562373095145e+00
1.414213562373095145e+00
1.414213562373095145e+00
1.414213562373094923e+00
1.414213562373094923e+00
1.414213562373094923e+00
1.414213562373094701e+00
1.414213562373094701e+00
1.414213562373094701e+00
1.414213562373094479e+00
1.414213562373094479e+00
1.414213562373094479e+00
1.414213562373094479e+00
1.414213562373094035e+00
1.414213562373094035e+00
1.414213562373092259e+00
1.412649821451729126e+00
1.412649821451727572e+00
1.405783080124570317e+00
1.405783080124568762e+00
1.405193556327051452e+00
1.405193556327050564e+00
1.385703505316466355e+00
1.385703505316465467e+00
1.369573413002639350e+00
1.369573413002638018e+00
1.363819059238923437e+00
1.363819059238922549e+00
1.362338781225930440e+00
1.362338781225929774e+00
1.350578148089578656e+00
1.350578148089578212e+00
1.339108110436225463e+00
1.339108110436223686e+00
1.338114665035010864e+00
1.338114665035009532e+00
1.330835245236295039e+00
1.330835245236294595e+00
1.320868043174083128e+00
1.320868043174082684e+00
1.302586928238454345e+00
1.302586928238441466e+00
1.302040439380684145e+00
1.302040439380683257e+00
1.293934454753921104e+00
1.293934454753920660e+00
1.292233108507549355e+00
1.292233108507548245e+00
1.275803361624354704e+00
1.275803361624354260e+00
1.273908889208778872e+00
1.273908889208777984e+00
1.269361852061707152e+00
1.269361852061706042e+00
1.258485696649010777e+00
1.258485696649010110e+00
1.252188268991222264e+00
1.252188268991222042e+00
1.246293392192241001e+00
1.246293392192240779e+00
1.239075361068266101e+00
1.239075361068265657e+00
1.231828554606100967e+00
1.231828554606100523e+00
1.220430522452941702e+00
1.220430522452940592e+00
1.199362676386130255e+00
1.199362676386127591e+00
1.183985416585177530e+00
1.183985416585177086e+00
1.173860602036112422e+00
1.173860602036111977e+00
1.140850781744726872e+00
1.140850781744725762e+00
1.131876958975466252e+00
1.131876958975465808e+00
1.127244418873245335e+00
1.127244418873237564e+00
1.112699107895361639e+00
1.112699107895360973e+00
1.110993232991863477e+00
1.110993232991862589e+00
1.087156892832979782e+00
1.087156892832979338e+00
1.082285386580817521e+00
1.082285386580817077e+00
1.070815561464743215e+00
1.070815561464734333e+00
1.063713620114402403e+00
1.063713620114400848e+00
1.044978497483097346e+00
1.044978497483096458e+00
1.038648816365398853e+00
1.038648816365397964e+00
1.032052708722846157e+00
1.032052708722845491e+00
1.019072356037735050e+00
1.019072356037733940e+00
1.004593614842588911e+00
1.004593614842587801e+00
1.000000000000005107e+00
1.000000000000005107e+00
1.000000000000004441e+00
1.000000000000004219e+00
1.000000000000003775e+00
1.000000000000002442e+00
1.000000000000002442e+00
1.000000000000002442e+00
1.000000000000001776e+00
1.000000000000001554e+00
1.000000000000001554e+00
1.000000000000001332e+00
1.000000000000001110e+00
1.000000000000001110e+00
1.000000000000001110e+00
1.000000000000001110e+00
1.000000000000001110e+00
1.000000000000001110e+00
1.000000000000000888e+00
1.000000000000000888e+00
1.000000000000000666e+00
1.000000000000000666e+00
1.000000000000000666e+00
1.000000000000000666e+00
1.000000000000000444e+00
1.000000000000000444e+00
1.000000000000000444e+00
1.000000000000000444e+00
1.000000000000000444e+00
1.000000000000000444e+00
1.000000000000000444e+00
1.000000000000000222e+00
1.000000000000000222e+00
1.000000000000000222e+00
1.000000000000000222e+00
1.000000000000000000e+00
1.000000000000000000e+00
1.000000000000000000e+00
1.000000000000000000e+00
1.000000000000000000e+00
1.000000000000000000e+00
1.000000000000000000e+00
1.000000000000000000e+00
1.000000000000000000e+00
1.000000000000000000e+00
1.000000000000000000e+00
1.000000000000000000e+00
1.000000000000000000e+00
1.000000000000000000e+00
1.000000000000000000e+00
1.000000000000000000e+00
1.000000000000000000e+00
1.000000000000000000e+00
1.000000000000000000e+00
1.000000000000000000e+00
1.000000000000000000e+00
1.000000000000000000e+00
1.000000000000000000e+00
1.000000000000000000e+00
9.999999999999997780e-01
9.999999999999997780e-01
9.999999999999997780e-01
9.999999999999997780e-01
9.999999999999997780e-01
9.999999999999997780e-01
9.999999999999997780e-01
9.999999999999997780e-01
9.999999999999997780e-01
9.999999999999997780e-01
9.999999999999997780e-01
9.999999999999996669e-01
9.999999999999996669e-01
9.999999999999996669e-01
9.999999999999996669e-01
9.999999999999996669e-01
9.999999999999996669e-01
9.999999999999996669e-01
9.999999999999996669e-01
9.999999999999995559e-01
9.999999999999995559e-01
9.999999999999994449e-01
9.999999999999994449e-01
9.999999999999992228e-01
9.999999999999992228e-01
9.999999999999992228e-01
9.999999999999992228e-01
9.999999999999992228e-01
9.999999999999992228e-01
9.999999999999991118e-01
9.999999999999990008e-01
9.999999999999990008e-01
9.999999999999990008e-01
9.999999999999988898e-01
9.999999999999988898e-01
9.999999999999988898e-01
9.999999999999984457e-01
9.999999999999983347e-01
9.999999999999983347e-01
9.999999999999977796e-01
9.999999999999975575e-01
9.999999999999975575e-01
9.999999999999973355e-01
9.999999999999971134e-01
9.999999999999950040e-01
9.985420796413455591e-01
9.985420796413447819e-01
9.974752028995490516e-01
9.974752028995478303e-01
9.915529281219316315e-01
9.915529281219305213e-01
9.909237503740111475e-01
9.909237503740087050e-01
9.817262077044637270e-01
9.817262077044621726e-01
9.793612928426783659e-01
9.793612928426770337e-01
9.718290424052475895e-01
9.718290424052460352e-01
9.686635530626123147e-01
9.686635530626092061e-01
9.668639049847334022e-01
9.668639049847325140e-01
9.583140259393574389e-01
9.583140259393475580e-01
9.567271067176359445e-01
9.567271067176340571e-01
9.409707911337302777e-01
9.409707911337299446e-01
9.338636528471794263e-01
9.338636528471792042e-01
9.311300225730445579e-01
9.311300225730427815e-01
9.288515591170958263e-01
9.288515591170951602e-01
9.144427484133272888e-01
9.144427484133268447e-01
9.073431474941326957e-01
9.073431474941234809e-01
9.037471347846381953e-01
9.037471347846374181e-01
9.027452650201149842e-01
9.027452650201054363e-01
8.976454209731200562e-01
8.976454209731196121e-01
8.904883384723520923e-01
8.904883384723467632e-01
8.876523040789516816e-01
8.876523040789513486e-01
8.822146781935568116e-01
8.822146781935560345e-01
8.760804055361605114e-01
8.760804055361598452e-01
8.491014338233225933e-01
8.491014338233204839e-01
8.453842972565832614e-01
8.453842972565827063e-01
8.317819174793296133e-01
8.317819174793280590e-01
8.252644812384143380e-01
8.252644812384125617e-01
8.134450074080985527e-01
8.134450074080984416e-01
8.070865560016488027e-01
8.070865560016473594e-01
7.988478982133695450e-01
7.988478982133684347e-01
7.872135197262197792e-01
7.872135197262175588e-01
7.790909814419711976e-01
7.790909814419707535e-01
7.690930088088193672e-01
7.690930088088173688e-01
7.653668647301803407e-01
7.653668647301800076e-01
7.653668647301796746e-01
7.653668647301788974e-01
7.541477474767691591e-01
7.541477474767687150e-01
7.520426128416826117e-01
7.520426128416819456e-01
7.469644178464519557e-01
7.469644178464512896e-01
7.406072953013715932e-01
7.406072953013712601e-01
7.369840450883674565e-01
7.369840450883669014e-01
7.313729003116193894e-01
7.313729003116182792e-01
7.252886572937842224e-01
7.252886572937833343e-01
7.215863098209294169e-01
7.215863098209293058e-01
7.167152103858390744e-01
7.167152103858384082e-01
6.962827499397882258e-01
6.962827499397875597e-01
6.941261860640098869e-01
6.941261860640092207e-01
6.832474180704830591e-01
6.832474180704820599e-01
6.629748455186075251e-01
6.629748455186063039e-01
6.541302790656502442e-01
6.541302790656499111e-01
6.493872392015972439e-01
6.493872392015965778e-01
6.407107374297753566e-01
6.407107374297739133e-01
6.258702428819932218e-01
6.258702428819927777e-01
6.151137843780185577e-01
6.151137843780181136e-01
6.067340221493487951e-01
6.067340221493484620e-01
5.883133150884005680e-01
5.883133150883994578e-01
5.695634309240954485e-01
5.695634309240944493e-01
5.585552840273468878e-01
5.585552840273465547e-01
5.560726604668257966e-01
5.560726604668256856e-01
5.454815101191700100e-01
5.454815101191693438e-01
5.443899352863899033e-01
5.443899352863892371e-01
5.390310997377470992e-01
5.390310997377466551e-01
5.355038070271959105e-01
5.355038070271953554e-01
5.304278482696448416e-01
5.304278482696447305e-01
5.160921270934927252e-01
5.160921270934925031e-01
5.005967897513599052e-01
5.005967897513596832e-01
4.802361540069998713e-01
4.802361540069995938e-01
4.613501817745052636e-01
4.613501817745052080e-01
4.497739569615828437e-01
4.497739569615825661e-01
4.469677333217580428e-01
4.469677333217576543e-01
4.071877491304778385e-01
4.071877491304769503e-01
3.942108772945159267e-01
3.942108772945152606e-01
3.883378264377982947e-01
3.883378264377945754e-01
3.724517792581391595e-01
3.724517792581389375e-01
3.686961505618119861e-01
3.686961505618115420e-01
3.568880972108443017e-01
3.568880972108441352e-01
3.476373588435823780e-01
3.476373588435819340e-01
3.465794547957391503e-01
3.465794547957384286e-01
3.295878240584708685e-01
3.295878240584705354e-01
3.194847067121999173e-01
3.194847067121993622e-01
3.002265016451295954e-01
3.002265016451290958e-01
2.826659477864482684e-01
2.826659477864479908e-01
2.769511322599104153e-01
2.769511322599094161e-01
2.628703917780863542e-01
2.628703917780847998e-01
2.111266511425308467e-01
2.111266511425297365e-01
1.938452106613885451e-01
1.938452106613875459e-01
1.810029211511186564e-01
1.810029211511181013e-01
1.577390349611767217e-01
1.577390349611760556e-01
1.427263439731238370e-01
1.427263439731235872e-01
1.369951002384926508e-01
1.369951002384924010e-01
9.282100928106482018e-02
9.282100928106434834e-02
2.203565772468808915e-14
1.330939957215304888e-14
1.276305078266318381e-14
1.256041756198894507e-14
1.168131983546998784e-14
1.137501115102460411e-14
1.072773024330565579e-14
1.058070899894443242e-14
1.036401780530218060e-14
1.008539753167268312e-14
9.724833506309409761e-15
9.673661669806284150e-15
9.612683926252821480e-15
9.505983497069078085e-15
9.352180295088764592e-15
9.081831970752023408e-15
8.890288913737573021e-15
8.802080164391390271e-15
8.746744642986671331e-15
8.608418570854099530e-15
8.317649435620199957e-15
8.180547721292455894e-15
8.151000070037133365e-15
8.110069740844150302e-15
8.020150763880763194e-15
7.981266614927783963e-15
7.859388324271991436e-15
7.785138179981771454e-15
7.655817745845414579e-15
7.589415991694082053e-15
7.444244949611413769e-15
7.356642332522499436e-15
7.235800254582405939e-15
7.194691584831552043e-15
7.141130670438046589e-15
7.023668935456312838e-15
7.002291066340591249e-15
6.851615554148605209e-15
6.781201985476869833e-15
6.653284417375249047e-15
6.588669892198753989e-15
6.459860996429283267e-15
6.414772605955321827e-15
6.396688293006773838e-15
6.369408134479557532e-15
6.255734635922252100e-15
6.129800821749531162e-15
6.075467694464042098e-15
5.988080201909987689e-15
5.884117220410454938e-15
5.859084117470523612e-15
5.853820494161204240e-15
5.779120938981026544e-15
5.772832376057553968e-15
5.757126619094565519e-15
5.729506671822474680e-15
5.714420845624936517e-15
5.647449108143267609e-15
5.622452181982327073e-15
5.567578741435041987e-15
5.502550884431869558e-15
5.491297580630338864e-15
5.448271546008606982e-15
5.365639140363676229e-15
5.325046522655169192e-15
5.306416617464488015e-15
5.263760295041512336e-15
5.228365431406936018e-15
5.226569885703138612e-15
5.203295608469188558e-15
5.185288557066950227e-15
5.141975845420701044e-15
5.103947057867757265e-15
5.056163817511079755e-15
5.026170497504764417e-15
4.997642241845086574e-15
4.965834693144400768e-15
4.933350896337218061e-15
4.912886761083934954e-15
4.873194750972801716e-15
4.841160039529345027e-15
4.822419472849902087e-15
4.816903055575818052e-15
4.784810735943687093e-15
4.764621888840320983e-15
4.729848663564809949e-15
4.724627064456400046e-15
4.658401076565409988e-15
4.623402242232887890e-15
4.592088058767656080e-15
4.568434348741117594e-15
4.561840260252074134e-15
4.524797746665760359e-15
4.501437485278469175e-15
4.469716228083090357e-15
4.457442854923290759e-15
4.454694822289424757e-15
4.421958525146589330e-15
4.410721635201690940e-15
4.376681983806896388e-15
4.363881163024607896e-15
4.330566755984460025e-15
4.313804852560132816e-15
4.265891497808822192e-15
4.247996393913614939e-15
4.240500110488347655e-15
4.227645082074016368e-15
4.220023707088716335e-15
4.203579483272630148e-15
4.195340113478333885e-15
4.153236072890471094e-15
4.119309258587363516e-15
4.108424398499607667e-15
4.092645802017854051e-15
4.065209398868655678e-15
4.041144096315462716e-15
4.021317499958204661e-15
4.006370921960750354e-15
4.001383232211612332e-15
3.981939831756402163e-15
3.971525738163560257e-15
3.961905409905830281e-15
3.953638678448051388e-15
3.946412856230471989e-15
3.909319530477947428e-15
3.882324665801902642e-15
3.862739595697615931e-15
3.857246732501932226e-15
3.837955102887584957e-15
3.825429085493657013e-15
3.814905355532107533e-15
3.751918765373013530e-15
3.740417714107134650e-15
3.738768044144029283e-15
3.721961911539936052e-15
3.690107411221279739e-15
3.678261640603844267e-15
3.656712931707335283e-15
3.629199810859421278e-15
3.594310154198799531e-15
3.588201695012093139e-15
3.571480342145416236e-15
3.524950704505260843e-15
3.522328618839819543e-15
3.500798662837231187e-15
3.478207838329996615e-15
3.472778457940168885e-15
3.459834647454046493e-15
3.407066758016638175e-15
3.393523154839274909e-15
3.391909894619907437e-15
3.370032101669375292e-15
3.363257238252684780e-15
3.361809074518824294e-15
3.329527523006831635e-15
3.322631551409854411e-15
3.290120210512712914e-15
3.287072596602640656e-15
3.259343035664589351e-15
3.258492254986567484e-15
3.252744587578543764e-15
3.226044529539101932e-15
3.206926411925386699e-15
3.180880736228360160e-15
3.180106636122596136e-15
3.150188452735214952e-15
3.140112475691819977e-15
3.115878002967759435e-15
3.105016115030321076e-15
3.100097686931007693e-15
3.095462827133302246e-15
3.076802103238225736e-15
3.076366174613614579e-15
3.051140175415612633e-15
3.049558671981755501e-15
3.020158531736626816e-15
3.009919120395121858e-15
2.997891069044999163e-15
2.996978067549254494e-15
2.984866812782696300e-15
2.963935507357324465e-15
2.959351388426840569e-15
2.953196092219687604e-15
2.943320594469245471e-15
2.921014504820329520e-15
2.914364875526378679e-15
2.901355202622533716e-15
2.896574257677388068e-15
2.869306400547680029e-15
2.842710926718902106e-15
2.835842883519130410e-15
2.832235097848058194e-15
2.805305546679106446e-15
2.798445018282067289e-15
2.773524978251920170e-15
2.772370523528958243e-15
2.763083802682168523e-15
2.732997653914620544e-15
2.728521941201988995e-15
2.710425460851178723e-15
2.695356202205341888e-15
2.687478767361832456e-15
2.682263497126838505e-15
2.675408575021867305e-15
2.664253670045123222e-15
2.639714839365370049e-15
2.636884836929135167e-15
2.627419894797520334e-15
2.608443421885401639e-15
2.590832511405112218e-15
2.584485271610514343e-15
2.583507158789851642e-15
2.580174039415491479e-15
2.572790800897517025e-15
2.533247930492613928e-15
2.510889138614758100e-15
2.506203470177796770e-15
2.499959812032377193e-15
2.485434740494838023e-15
2.482094383053843531e-15
2.478862278491192483e-15
2.468279164742540747e-15
2.435640158453090547e-15
2.426422321562485424e-15
2.421368626263286972e-15
2.414243347995579922e-15
2.409895252656246168e-15
2.399850511396548508e-15
2.391270777800676071e-15
2.383364285372608742e-15
2.364111645112766652e-15
2.356091451712691698e-15
2.346204429083653388e-15
2.335071972847273074e-15
2.311751040787181770e-15
2.301276390944963909e-15
2.293847885332427540e-15
2.291607111392208847e-15
2.279237373530145072e-15
2.274483658863624137e-15
2.259881186011721739e-15
2.254716854172648458e-15
2.250865709003143900e-15
2.246781678670548779e-15
2.238416722743045671e-15
2.215276140296271190e-15
2.196491639244537515e-15
2.184030426082463924e-15
2.175871780523432944e-15
2.163222148396135421e-15
2.160869445971807263e-15
2.156144781929963088e-15
2.149909984400373676e-15
2.132193803784751243e-15
2.123317923826776811e-15
2.120752797175217965e-15
2.109559103979336726e-15
2.097417748587386069e-15
2.088626015338339393e-15
2.080478984228691271e-15
2.075366272632845279e-15
2.074368321373735128e-15
2.064136661602968772e-15
2.061279290467112122e-15
2.036055162789404548e-15
2.023515255379398964e-15
1.997406863003614740e-15
1.989473821583490420e-15
1.983347073706926328e-15
1.973155964598773743e-15
1.965930513965246698e-15
1.939206835642252672e-15
1.924821017074288650e-15
1.923765695650329915e-15
1.917841146309326689e-15
1.906812403962263218e-15
1.897770331812646176e-15
1.888225180952531792e-15
1.879390872026153931e-15
1.860738745037121593e-15
1.855042462284630141e-15
1.843290729181674635e-15
1.831973368771124168e-15
1.819520899325047718e-15
1.818498632403217926e-15
1.807334578432787087e-15
1.788600352879024640e-15
1.777727398165364999e-15
1.771633518590904617e-15
1.769622866616785637e-15
1.756881271972643360e-15
1.749143550086674328e-15
1.746651408367053228e-15
1.735359760608922822e-15
1.716976523051377269e-15
1.714976118000135666e-15
1.699839574040898676e-15
1.689007795562093578e-15
1.681573077724345007e-15
1.668107738831132584e-15
1.644769439386242357e-15
1.635403826641009568e-15
1.629976141688845705e-15
1.624364394482319526e-15
1.618641138354088857e-15
1.615688963086871907e-15
1.592105618837542804e-15
1.579034945431677348e-15
1.577069934821141585e-15
1.570211272686346396e-15
1.555744712299775518e-15
1.546898300255677966e-15
1.538518557652020660e-15
1.531819578916855902e-15
1.529143717255701567e-15
1.527008602055402522e-15
1.523423351155795809e-15
1.517123193941347191e-15
1.512983148476659114e-15
1.508736899824783249e-15
1.490461508767896976e-15
1.475948505561611304e-15
1.464597563700964031e-15
1.460877119812202502e-15
1.451853876412401027e-15
1.447471211516555320e-15
1.439518125235012818e-15
1.421816701296880327e-15
1.413237983035007668e-15
1.410329173742530802e-15
1.407444329910084903e-15
1.406162718414623931e-15
1.395523688182943087e-15
1.390354722848863617e-15
1.377076402768670189e-15
1.376758887383179279e-15
1.365909680629905828e-15
1.346916467914187916e-15
1.346407534701441165e-15
1.339467179861176421e-15
1.335751559951553859e-15
1.322548030420449771e-15
1.313509719691076518e-15
1.309117200938217688e-15
1.294721803588989874e-15
1.286322971369922065e-15
1.279103587182063381e-15
1.272047348233660083e-15
1.268701566732284906e-15
1.265820609768512924e-15
1.265687791881061179e-15
1.254281047898411390e-15
1.251956806537555496e-15
1.236795127356902200e-15
1.229597626764829693e-15
1.225506004029782338e-15
1.222513326847971369e-15
1.212520103614855712e-15
1.207905743665976370e-15
1.197443260764672057e-15
1.193233023021569699e-15
1.190098787203629270e-15
1.179054627508922268e-15
1.172318519007319679e-15
1.155411472109826936e-15
1.147620321031529548e-15
1.131887367095723793e-15
1.131451207036016327e-15
1.123688334739343818e-15
1.116910003596396593e-15
1.112689007603794889e-15
1.107439687039033234e-15
1.098763154398343237e-15
1.096033849111435044e-15
1.087400836905000801e-15
1.073647966845845351e-15
1.069308860887735571e-15
1.067699920780396417e-15
1.066922508332639660e-15
1.050525779343598607e-15
1.042708183603246498e-15
1.038920064005219692e-15
1.033260079921133765e-15
1.013829803921020887e-15
1.011490454761808292e-15
9.980788101436816032e-16
9.970889154781207011e-16
9.942630470602784315e-16
9.930764794373043325e-16
9.869677649492643617e-16
9.846678493335640721e-16
9.788740852814217130e-16
9.758700139597571450e-16
9.723797984500948768e-16
9.631799394871530601e-16
9.606420156573650876e-16
9.482269004076413028e-16
9.311429152111079029e-16
9.310127966801636876e-16
9.291172353833186601e-16
9.152407613770885675e-16
9.133246779374255062e-16
9.101397870402042102e-16
9.025149097321525839e-16
8.952357115152494618e-16
8.902875824791314325e-16
8.891285151873650998e-16
8.828703943681977655e-16
8.790068173157990460e-16
8.768958620542608170e-16
8.763027039301438491e-16
8.662073056018986226e-16
8.656691052056527707e-16
8.616483731984789480e-16
8.573285394730957770e-16
8.566161235457221137e-16
8.421784563381935566e-16
8.369693272387571673e-16
8.321823784881294489e-16
8.295918601989516049e-16
8.265777266611282992e-16
8.250627057154970837e-16
8.104575416957622316e-16
8.089318485622191307e-16
8.071828852883655466e-16
7.985737516997930980e-16
7.900705416554606397e-16
7.873914245711730436e-16
7.832704940845111570e-16
7.789512363047012328e-16
7.775645330471452757e-16
7.770718509264913822e-16
7.686197776947569331e-16
7.684551418677292212e-16
7.646788155412823822e-16
7.571380692087223850e-16
7.538998941693968183e-16
7.355084743024706225e-16
7.295984183000981814e-16
7.280996689927848599e-16
7.209485358559667168e-16
7.081144977560251634e-16
7.012648674522358440e-16
6.983549111099860652e-16
6.979487230486590356e-16
6.945459910787627002e-16
6.893273084928985881e-16
6.867586873720081865e-16
6.866757215605528732e-16
6.809883432697339377e-16
6.803114554095231752e-16
6.763703702261199933e-16
6.738756420195133151e-16
6.613719784017088141e-16
6.589304458892837456e-16
6.536216240040430525e-16
6.472431932994436309e-16
6.450378849914526050e-16
6.440705431700684443e-16
6.402749396083868132e-16
6.324939550016923300e-16
6.298462225035472697e-16
6.275880936002531534e-16
6.262024599268327072e-16
6.251259879787496215e-16
6.064568099109661805e-16
6.039405444142981008e-16
6.030892856691788086e-16
5.991382861124834221e-16
5.963865235790957979e-16
5.918217745108198549e-16
5.870651888022428762e-16
5.868544788408569984e-16
5.835261020661218178e-16
5.832423135210587254e-16
5.819270692366765008e-16
5.762739431010180115e-16
5.654688832263962366e-16
5.647307938946374134e-16
5.629716525443443893e-16
5.619093008913578210e-16
5.594658606874737932e-16
5.491435653912467424e-16
5.483287025496388898e-16
5.414945075202383509e-16
5.341626170269597637e-16
5.301696211773041638e-16
5.287006283481829276e-16
5.263520902519831588e-16
5.185195165961913922e-16
5.174083819933490109e-16
5.104863306174915314e-16
5.056774408439687879e-16
5.050470982817232154e-16
5.000881071356170151e-16
4.976442699136885165e-16
4.920054167223246675e-16
4.869289553753757115e-16
4.864592569695692921e-16
4.862755689169242439e-16
4.814230261250721302e-16
4.803410313018874672e-16
4.788977626492141843e-16
4.739290828587234125e-16
4.719849142225473372e-16
4.664427991662935663e-16
4.652637311012249843e-16
4.627457830499205040e-16
4.622458124185924457e-16
4.610286708755283809e-16
4.545312503950975172e-16
4.513924018786894885e-16
4.460282292982542817e-16
4.395169937498651932e-16
4.344054312424663061e-16
4.341241367070957747e-16
4.317844070173953420e-16
4.295607118175079579e-16
4.279203294123180014e-16
4.250607022092436396e-16
4.223642032958842884e-16
4.183930410424167504e-16
4.181690651107695011e-16
4.112604536356338236e-16
4.105381208750403643e-16
4.089621058783696082e-16
4.085697518847949861e-16
4.008749861884317073e-16
3.994567663969151644e-16
3.986883364219697838e-16
3.941769285029473899e-16
3.915372284922799845e-16
3.896177350255185873e-16
3.842341678942136369e-16
3.839580897255036995e-16
3.761892259028858647e-16
3.747921463711926321e-16
3.714883444800939233e-16
3.686897631656569295e-16
3.643945453529216379e-16
3.639490110725375135e-16
3.606055533477961300e-16
3.588543160764082640e-16
3.577691485376811926e-16
3.571898770954416230e-16
3.490395066292606455e-16
3.473538054933807954e-16
3.414171907523450242e-16
3.386322734914577675e-16
3.383124331813201077e-16
3.377660722703163742e-16
3.320963378961520738e-16
3.257631266737954757e-16
3.254910511614069738e-16
3.237569834089919079e-16
3.219470179102049392e-16
3.205225571984915568e-16
3.180846655318134703e-16
3.157524287897537181e-16
3.155811106091711999e-16
3.131842733627318744e-16
3.129414837158398497e-16
3.127384353807919994e-16
3.117470497831847612e-16
3.097549811728545753e-16
3.001651019368033064e-16
2.959266804329157367e-16
2.922880083140277635e-16
2.895174941359722629e-16
2.841778977505890117e-16
2.833410732793927395e-16
2.769702173843307084e-16
2.741634671174988191e-16
2.711817422295941924e-16
2.704122228799316667e-16
2.683478928337778928e-16
2.645239842058066212e-16
2.624225539235742641e-16
2.588019661821019291e-16
2.575072851921179652e-16
2.530759882747626248e-16
2.507580363877981389e-16
2.507374486993972587e-16
2.501288996215048677e-16
2.475290927773925014e-16
2.448540914267135970e-16
2.417531891195166490e-16
2.386455131561029730e-16
2.383836673244768419e-16
2.367024227013909513e-16
2.359404122111372001e-16
2.350049180063102311e-16
2.317422991454156167e-16
2.254677302093188749e-16
2.202818303450338492e-16
2.188061737492015232e-16
2.179198697313180164e-16
2.176025999657587293e-16
2.172704075832200716e-16
2.159782742873454258e-16
2.141764323779969544e-16
2.121743447275282677e-16
2.116669343038050132e-16
2.110106178678408490e-16
2.070311279022864992e-16
2.021771788784919360e-16
2.015590033170846697e-16
1.986845685130652296e-16
1.946949261469430534e-16
1.943625383008823847e-16
1.943535281328760104e-16
1.940311662122511631e-16
1.905383623871748058e-16
1.893112466706087387e-16
1.887150687279785665e-16
1.873728813691438561e-16
1.837423223385935908e-16
1.828686622853850124e-16
1.782934357061650423e-16
1.778968615348042420e-16
1.768068364178446877e-16
1.736050767791975504e-16
1.699072977992661210e-16
1.677490579533517914e-16
1.676454627636122447e-16
1.669334111791041189e-16
1.648167890946576636e-16
1.622430618514015864e-16
1.592762870967879967e-16
1.585130843198633292e-16
1.556113785245235621e-16
1.551936494972805864e-16
1.542821945274745498e-16
1.526991632962826311e-16
1.510895918901894233e-16
1.476384966093290695e-16
1.468991626754854449e-16
1.453360503135978056e-16
1.441678803050421048e-16
1.438382165120701802e-16
1.434544856014437258e-16
1.405480070381661901e-16
1.395954523199405467e-16
1.394298889661081738e-16
1.379657611631957186e-16
1.338983205821738983e-16
1.334131054242776859e-16
1.315409130138267910e-16
1.311060200195676467e-16
1.291758325753492293e-16
1.288469568729106712e-16
1.272663602606240975e-16
1.254824891839010985e-16
1.231974540872263521e-16
1.218935990710534092e-16
1.215275858371163557e-16
1.182018970461910565e-16
1.174754899778026733e-16
1.174326971894542053e-16
1.171846832059265364e-16
1.168519172619624450e-16
1.166235935338614339e-16
1.156891753678874407e-16
1.151114500637535652e-16
1.139521043044471881e-16
1.128357750360777369e-16
1.103088039814051903e-16
1.095135994592044763e-16
1.089290503357015090e-16
1.086742506429092357e-16
1.080767901830070369e-16
1.070540966283390323e-16
1.060732159729350069e-16
1.057599619911670271e-16
1.019942018151435537e-16
9.770868923058641757e-17
9.686933377939616794e-17
9.639538996185633464e-17
9.552646330955015519e-17
9.204476339113374428e-17
9.135165306451884151e-17
9.121184330546753229e-17
9.020716728472881522e-17
9.010744424503977875e-17
8.910496348546050171e-17
8.737113483517448593e-17
8.719729906680377621e-17
8.648125340433383293e-17
8.572438248228689543e-17
8.518466187971450097e-17
8.450044383359801729e-17
8.400298883403792024e-17
8.355301984211291190e-17
8.351466339335868277e-17
8.246697487064300964e-17
8.226468340563844982e-17
8.211696629224787241e-17
8.140277171546887635e-17
8.099964101885706206e-17
8.073832008550579288e-17
7.945632209625396031e-17
7.814899564508700554e-17
7.755106656948202613e-17
7.566920846887493286e-17
7.448873623181643245e-17
7.373729382155307153e-17
7.327744644254074063e-17
7.225939001568415829e-17
7.185758346793769453e-17
7.123243472151202759e-17
7.052999980371731501e-17
7.045420686605552313e-17
6.990848607577075058e-17
6.962113165059102853e-17
6.954069155126475029e-17
6.809774215724275872e-17
6.800868673591992443e-17
6.763129095885302578e-17
6.688668894991547780e-17
6.655934639757734719e-17
6.530604262047465779e-17
6.434721612391714661e-17
6.432262586960028751e-17
6.248514831373634383e-17
6.221609498042391502e-17
6.160163391725138690e-17
6.092218406341186218e-17
6.046370762871660807e-17
5.950286393144457312e-17
5.913046931028553748e-17
5.848687083068598879e-17
5.820239226451183323e-17
5.816512261403982257e-17
5.753981223267661301e-17
5.712385668954590100e-17
5.704404859974034766e-17
5.520287371756928963e-17
5.510048644301989436e-17
5.495128519926203157e-17
5.433008307997173657e-17
5.342058387611047254e-17
5.314675486258141351e-17
5.306856358284929055e-17
5.210598240046979552e-17
5.149683967630324178e-17
5.088001072985804629e-17
5.075810287036359511e-17
4.911959569512492368e-17
4.837266471636737732e-17
4.801030726902986817e-17
4.734709681042254008e-17
4.723110163748032103e-17
4.704403582653919166e-17
4.672081648970258328e-17
4.615399611409190959e-17
4.588578487605283035e-17
4.572560419699436444e-17
4.560973019712559435e-17
4.543919303939067810e-17
4.395516473817026035e-17
4.306835818621666876e-17
4.285145821203111500e-17
4.281877051231624063e-17
4.242592513525843616e-17
4.239218004333529631e-17
4.214071964488780369e-17
4.167431055252211762e-17
4.103873973848456955e-17
4.085438090473021339e-17
4.052308998100720147e-17
4.047187605914216288e-17
4.001861672542489483e-17
3.970854579544100262e-17
3.847100117983793246e-17
3.835341132701960778e-17
3.778645993399626945e-17
3.770526659391232628e-17
3.757327574583900304e-17
3.738429657646667731e-17
3.685821841354826297e-17
3.683363508822756958e-17
3.644880895649876765e-17
3.579256510866823849e-17
3.575118255528757362e-17
3.510743705549788746e-17
3.457968368359767726e-17
3.362212678035519010e-17
3.341081400303922561e-17
3.318775275640918004e-17
3.278168148800988509e-17
3.274091775596610247e-17
3.233723084490765291e-17
3.208239118754811588e-17
3.200669259811774816e-17
3.159063185338636608e-17
3.117674590546810198e-17
3.108074264202656652e-17
3.091652635950095816e-17
3.064538083961043732e-17
3.062010300080666207e-17
2.999570022555830662e-17
2.976019777815193940e-17
2.927090135630899423e-17
2.914253113140246443e-17
2.888901463553285551e-17
2.856229770772319391e-17
2.834193037875969313e-17
2.819602893653268249e-17
2.802451206390403895e-17
2.801082990798515902e-17
2.772651725955643280e-17
2.743328700977023224e-17
2.669247268008948808e-17
2.614236381791935625e-17
2.611766468859915238e-17
2.608601396295933876e-17
2.553167321653827901e-17
2.522465353779713155e-17
2.510511459993545444e-17
2.509211887663844384e-17
2.502542488631774901e-17
2.497774438875572553e-17
2.460008208832745988e-17
2.438120272573661603e-17
2.436506126750468551e-17
2.356076350200188279e-17
2.339412774284234851e-17
2.317438176200304847e-17
2.309723186769147594e-17
2.242090061840275676e-17
2.236673675850576632e-17
2.220270732616210725e-17
2.205406106630226088e-17
2.179772207134146874e-17
2.179338163702490398e-17
2.144644576285225799e-17
2.142192494986912219e-17
2.134774467590701463e-17
2.110402848619730411e-17
2.096909716330635183e-17
2.070595837664827009e-17
2.037678800515804769e-17
2.016534278319426426e-17
2.009780555799617617e-17
1.992906980510881238e-17
1.974301716631800657e-17
1.967108596383398843e-17
1.937075716824658023e-17
1.931265230464254707e-17
1.880839512365468659e-17
1.873716401366227721e-17
1.865778671228114827e-17
1.855489697498169517e-17
1.826913726057356342e-17
1.822979007710969298e-17
1.799348291330394581e-17
1.733402090731447441e-17
1.686788572467729207e-17
1.678679249926819796e-17
1.670330678664661859e-17
1.650097414421725098e-17
1.642586691785928865e-17
1.619894986136230388e-17
1.596754083294132140e-17
1.565633155850926606e-17
1.532583759889783533e-17
1.532383967306898907e-17
1.531775185653041471e-17
1.501388951952630538e-17
1.489410542351975764e-17
1.482007986678839383e-17
1.474886144764500547e-17
1.459304192444703207e-17
1.457631938212700813e-17
1.451746514695147782e-17
1.384781337546594621e-17
1.378968228037049590e-17
1.375918454959866548e-17
1.371977756023939645e-17
1.357086749541054787e-17
1.321241506758370544e-17
1.309706759840480569e-17
1.299564480154297875e-17
1.269796976511158926e-17
1.242149449296056746e-17
1.239643412769207668e-17
1.219390987041528358e-17
1.187733215036940298e-17
1.184812098045925431e-17
1.173946402218654546e-17
1.153541917419438176e-17
1.143683346690544739e-17
1.122414061533033470e-17
1.109102132565799753e-17
1.098326534915931462e-17
1.077893664899625022e-17
1.076446469490913435e-17
1.071407480213158197e-17
1.028197792903536836e-17
1.025879230877822095e-17
1.007548323911133688e-17
1.000565958949527859e-17
9.798139323852708034e-18
9.669428971827872757e-18
9.537411804213203686e-18
9.406303401421680628e-18
9.080672046120664564e-18
8.967314970892220932e-18
8.841960795910015952e-18
8.759256942481165699e-18
8.368062747326661585e-18
8.343427078544697623e-18
8.057288220952637151e-18
7.904626840679521712e-18
7.900265560623817419e-18
7.670940949602953700e-18
7.550487955567848319e-18
7.542797404743090587e-18
7.508552829450825382e-18
7.440146251838362094e-18
7.196259169134515185e-18
7.064798416056603406e-18
7.040588327485721511e-18
6.925537229403772150e-18
6.661270889991324199e-18
6.625326002356793716e-18
6.619251907315231782e-18
6.553170439133239441e-18
6.490259682483646201e-18
6.074273278188136066e-18
5.951384452748608074e-18
5.926739758413605679e-18
5.904739782412639171e-18
5.863200615335854189e-18
5.688497657803696071e-18
5.628788727193868058e-18
5.529355586912633312e-18
5.240452193166862529e-18
5.220028659182136549e-18
5.216182318303510523e-18
5.089591429087628234e-18
4.853791055371637698e-18
4.835780110110567024e-18
4.621890273717597482e-18
4.466642246803024435e-18
4.416585887291541266e-18
4.372160280058363313e-18
4.167259899542702585e-18
4.095353213807656286e-18
3.918602980896706438e-18
3.911299083479405558e-18
3.883342210833448709e-18
3.824597529787658295e-18
3.657821275636795288e-18
3.582921412280223412e-18
3.542164940315774281e-18
3.448072113073318769e-18
3.249495090212446063e-18
3.245391257742993455e-18
3.126423447405696533e-18
3.124566089522655665e-18
3.091455891156737090e-18
3.016887964570352954e-18
2.925330304006600104e-18
2.909522729852564385e-18
2.902594995900655417e-18
2.741960227326164931e-18
2.604625156212890497e-18
2.523071935445928508e-18
2.519368009973255728e-18
2.461423077294509137e-18
2.379875213917851263e-18
2.315673165367681297e-18
2.265933489981963232e-18
2.130994824446860063e-18
2.103023461331014474e-18
2.019700099990961762e-18
1.976738415082945491e-18
1.859652434912127379e-18
1.787042166637166968e-18
1.648531997678401527e-18
1.646961673785014430e-18
1.536219437747943841e-18
1.442245100516634689e-18
1.359264312368154450e-18
1.355674926453171333e-18
1.280450834082374324e-18
1.080750843439451048e-18
1.038933335655436392e-18
1.015017740998547019e-18
9.705594116704505672e-19
8.508582064419330863e-19
6.841035802035551690e-19
6.204251426100694438e-19
6.081387345148770195e-19
5.900601884801145375e-19
4.302676111986198563e-19
3.254491011994661899e-19
2.364777151446015097e-19
2.103697860772607093e-19
1.007609894755315411e-19
2.439117857471476248e-82
