20
17
23
20
23
18
19
21
22
13
13
23
26
28
23
24
21
21
26
10
30
17
17
25
16
22
17
21
25
18
21
19
23
29
26
22
20
30
19
20
23
15
24
18
22
26
26
18
27
23
19
37
24
18
17
17
35
26
26
37
24
33
22
34
14
23
29
25
28
23
24
30
21
27
34
22
23
47
28
25
16
20
19
20
24
21
14
38
31
25
14
20
23
27
28
22
35
26
20
22
20
14
32
32
24
27
17
19
29
25
20
33
23
26
20
22
22
28
31
13
22
22
18
22
20
14
20
26
26
26
21
23
24
20
15
29
26
34
14
49
22
21
14
22
38
21
25
14
37
20
23
32
19
24
24
23
28
27
21
30
17
21
14
25
22
13
18
22
30
16
27
21
25
26
15
31
21
20
22
29
22
17
24
15
25
22
25
29
23
23
20
16
36
23
29
24
21
23
33
29
19
20
24
32
21
27
24
20
26
34
28
21
27
38
23
15
23
32
23
23
22
20
18
20
17
43
25
25
15
26
29
19
23
20
12
21
23
22
17
20
24
27
23
21
21
19
27
21
28
17
21
23
27
20
25
20
23
20
24
18
33
23
30
12
21
27
26
20
31
31
30
22
25
22
16
27
24
20
18
27
27
26
25
24
26
22
33
18
23
18
23
22
17
38
20
31
26
23
18
20
20
20
26
21
27
21
22
19
21
32
19
29
27
21
22
15
17
30
23
20
38
20
21
12
22
18
27
26
18
46
20
20
27
35
29
13
23
20
20
27
16
21
27
22
22
25
23
19
22
25
17
21
22
27
24
20
26
20
18
18
23
15
32
20
20
25
20
29
22
24
30
22
34
18
22
18
31
24
25
24
13
24
17
20
23
33
21
25
31
22
19
24
23
24
29
23
27
24
23
30
25
22
18
28
26
20
21
19
53
18
26
25
30
29
21
17
30
21
19
30
22
31
20
18
22
24
20
19
24
20
20
19
20
16
15
16
28
19
24
24
20
19
30
22
21
25
26
27
19
19
28
33
29
16
33
20
30
22
24
20
29
20
26
18
22
22
21
27
25
15
24
25
24
31
27
27
24
17
18
16
27
21
18
25
27
22
21
15
19
37
21
17
16
17
19
22
16
26
29
23
25
