2.084
1.92268
2.33987
1.95384
2.21834
1.98828
4.1897
2.6484
2.31084
1.74205
2.86026
2.00846
2.25761
8.70855
4.51883
2.13293
11.2197
3.14756
2.25713
3.50316
1.77142
4.35098
2.34668
10.7528
3.30148
2.59874
5.58951
20.362
2.41819
2.00135
3.29783
6.79257
1.97638
2.3169
1.77117
1.73339
3.17453
3.49486
4.14566
1.88168
7.04065
5.72751
2.28042
2.25515
2.53872
2.92848
2.41778
10.8443
5.3618
1.73812
7.77787
2.10459
2.97821
6.20415
40.5789
2.02807
1.94225
3.50698
2.8062
1.74112
2.1067
2.00278
6.37358
2.13192
2.32718
6.50102
2.16422
2.00268
1.83008
1.85493
2.05592
2.95013
4.45816
2.80098
5.92939
2.45849
4.22694
10.1348
2.61273
2.7539
1.97021
2.1851
4.71866
4.44092
14.8248
2.15996
2.33683
1.81589
9.17419
1.74068
9.5736
1.90505
2.46539
2.13532
3.9758
1.75363
8.13986
3.75804
3.61767
2.12143
2.0497
3.84052
1.93706
3.37743
16.2955
19.2324
1.74999
2.26818
4.18249
4.45849
21.8301
4.1071
1.92089
4.10323
2.90705
1.77275
2.18802
3.40597
2.24342
5.2699
3.41267
1.72388
2.68078
14.091
3.11468
8.11498
2.06181
5.91602
1.94703
2.32221
15.5226
2.1142
6.81208
2.12933
4.63312
2.88554
2.18793
2.09773
4.61175
11.5066
2.71088
1.89711
8.59716
4.96716
1.81007
11.873
2.42824
2.20755
3.13902
7.21259
3.04707
3.03474
13.6577
7.91757
3.25535
3.11392
3.14461
4.14247
3.5389
2.70319
2.11429
23.2484
5.08705
2.17961
9.83934
2.25003
3.77003
2.86127
4.95922
2.02874
3.64532
4.26737
2.07912
2.79728
12.8522
1.90126
3.77917
4.89319
1.80428
1.89989
3.90733
2.03993
4.5764
2.39739
2.05946
1.96643
3.96871
2.38971
2.61949
